/*--------------------------------*- C++ -*----------------------------------*\
| =========                 |                                                 |
| \\      /  F ield         | OpenFOAM: The Open Source CFD Toolbox           |
|  \\    /   O peration     | Version:  2212                                  |
|   \\  /    A nd           | Website:  www.openfoam.com                      |
|    \\/     M anipulation  |                                                 |
\*---------------------------------------------------------------------------*/
FoamFile
{
    version     2.0;
    format      ascii;
    arch        "LSB;label=32;scalar=64";
    class       surfaceScalarField;
    location    "3.01";
    object      phi;
}
// * * * * * * * * * * * * * * * * * * * * * * * * * * * * * * * * * * * * * //

dimensions      [0 3 -1 0 0 0 0];

oriented        oriented;

internalField   nonuniform List<scalar> 
760
(
1.44726e-07
-1.44725e-07
2.69619e-07
-1.24893e-07
2.80654e-07
-1.1035e-08
1.55758e-07
1.24896e-07
-1.39663e-07
2.95421e-07
-6.65631e-07
5.25968e-07
-1.45292e-06
7.87293e-07
-2.4223e-06
9.69372e-07
-3.38366e-06
9.61367e-07
-4.11202e-06
7.28358e-07
-4.4404e-06
3.28376e-07
-4.27246e-06
-1.67932e-07
-3.54659e-06
-7.25874e-07
-2.37147e-06
-1.17512e-06
-9.70158e-07
-1.40131e-06
2.91587e-07
-1.26175e-06
1.03211e-06
-7.4052e-07
9.95372e-07
3.67359e-08
4.47111e-07
5.48261e-07
4.47111e-07
1.06926e-07
-2.51651e-07
4.3287e-08
-6.12546e-08
-3.22178e-07
3.5443e-07
-1.07692e-06
8.79639e-07
-2.26603e-06
1.48453e-06
-3.81796e-06
2.0779e-06
-5.49985e-06
2.46918e-06
-7.01146e-06
2.48099e-06
-8.12872e-06
2.07862e-06
-8.73768e-06
1.33732e-06
-8.78885e-06
3.79552e-07
-8.25636e-06
-7.00422e-07
-7.1707e-06
-1.81154e-06
-5.56264e-06
-2.78318e-06
-3.57218e-06
-3.39177e-06
-1.4972e-06
-3.33672e-06
1.42744e-07
-2.38047e-06
8.24139e-07
-6.44659e-07
5.10408e-07
8.61993e-07
9.57519e-07
-1.38295e-07
-1.13356e-07
-6.37936e-07
4.38386e-07
-1.59601e-06
1.31251e-06
-3.05446e-06
2.33808e-06
-4.90202e-06
3.3321e-06
-6.85989e-06
4.03576e-06
-8.62334e-06
4.23264e-06
-1.00094e-05
3.86708e-06
-1.09604e-05
3.02962e-06
-1.14658e-05
1.84266e-06
-1.14781e-05
3.91898e-07
-1.10398e-05
-1.13876e-06
-1.01356e-05
-2.71572e-06
-8.71182e-06
-4.20695e-06
-6.74771e-06
-5.35589e-06
-4.33159e-06
-5.75283e-06
-1.85499e-06
-4.85708e-06
-9.41603e-08
-2.40548e-06
2.8894e-07
4.78893e-07
1.24646e-06
-4.89212e-07
3.75857e-07
-1.51584e-06
1.46501e-06
-3.01766e-06
2.81433e-06
-4.91039e-06
4.23081e-06
-6.95325e-06
5.37495e-06
-8.85109e-06
5.9336e-06
-1.0401e-05
5.78258e-06
-1.15523e-05
5.01834e-06
-1.23285e-05
3.80585e-06
-1.27628e-05
2.27694e-06
-1.28425e-05
4.71642e-07
-1.26187e-05
-1.36261e-06
-1.20577e-05
-3.27675e-06
-1.1058e-05
-5.20666e-06
-9.48935e-06
-6.92449e-06
-7.22889e-06
-8.0133e-06
-4.31758e-06
-7.76839e-06
-1.35779e-06
-5.36527e-06
1.16396e-07
-9.95291e-07
1.36285e-06
-8.29518e-07
1.20537e-06
-2.27322e-06
2.90871e-06
-4.077e-06
4.61812e-06
-6.06204e-06
6.21585e-06
-7.9614e-06
7.27431e-06
-9.55436e-06
7.52656e-06
-1.07569e-05
6.98513e-06
-1.15888e-05
5.85024e-06
-1.21089e-05
4.32598e-06
-1.23889e-05
2.55688e-06
-1.25155e-05
5.98285e-07
-1.24833e-05
-1.39485e-06
-1.22804e-05
-3.47964e-06
-1.18264e-05
-5.6607e-06
-1.09353e-05
-7.81552e-06
-9.32204e-06
-9.6266e-06
-6.69543e-06
-1.0395e-05
-3.16105e-06
-8.89965e-06
-2.59793e-07
-3.89655e-06
1.10306e-06
-1.03902e-06
2.24439e-06
-2.67188e-06
4.54158e-06
-4.50244e-06
6.44867e-06
-6.31216e-06
8.02557e-06
-7.8827e-06
8.84485e-06
-9.07885e-06
8.72271e-06
-9.88782e-06
7.7941e-06
-1.03692e-05
6.33161e-06
-1.06111e-05
4.56792e-06
-1.07138e-05
2.65956e-06
-1.07978e-05
6.82269e-07
-1.08604e-05
-1.33222e-06
-1.0912e-05
-3.42809e-06
-1.09217e-05
-5.65094e-06
-1.07334e-05
-8.00386e-06
-1.00185e-05
-1.03415e-05
-8.28851e-06
-1.2125e-05
-5.14155e-06
-1.20466e-05
-1.13598e-06
-7.90212e-06
-3.29182e-08
-1.05849e-06
3.30288e-06
-2.64439e-06
6.12747e-06
-4.29015e-06
8.09443e-06
-5.79e-06
9.52542e-06
-6.98538e-06
1.00402e-05
-7.80714e-06
9.54447e-06
-8.28462e-06
8.27158e-06
-8.50039e-06
6.54738e-06
-8.55739e-06
4.62492e-06
-8.55565e-06
2.65783e-06
-8.58224e-06
7.08861e-07
-8.66161e-06
-1.25285e-06
-8.8122e-06
-3.27751e-06
-9.04398e-06
-5.41915e-06
-9.29526e-06
-7.75258e-06
-9.32788e-06
-1.03088e-05
-8.62048e-06
-1.28324e-05
-6.42816e-06
-1.42389e-05
-2.37255e-06
-1.19577e-05
-2.40547e-06
-8.90345e-07
4.19323e-06
-2.24991e-06
7.48704e-06
-3.59698e-06
9.44151e-06
-4.74983e-06
1.06783e-05
-5.60571e-06
1.08961e-05
-6.14113e-06
1.00799e-05
-6.4066e-06
8.53705e-06
-6.49027e-06
6.63105e-06
-6.48993e-06
4.62458e-06
-6.4831e-06
2.651e-06
-6.51097e-06
7.36728e-07
-6.59281e-06
-1.17101e-06
-6.75119e-06
-3.11913e-06
-7.01712e-06
-5.15321e-06
-7.40478e-06
-7.36493e-06
-7.81485e-06
-9.89877e-06
-7.82753e-06
-1.28197e-05
-6.62592e-06
-1.54405e-05
-3.51462e-06
-1.5069e-05
-5.92009e-06
-5.93342e-07
4.78657e-06
-1.61713e-06
8.51083e-06
-2.6213e-06
1.04457e-05
-3.44075e-06
1.14977e-05
-4.01727e-06
1.14726e-05
-4.356e-06
1.04186e-05
-4.51161e-06
8.69265e-06
-4.56167e-06
6.68112e-06
-4.58103e-06
4.64393e-06
-4.61749e-06
2.68746e-06
-4.68382e-06
8.03057e-07
-4.78706e-06
-1.06777e-06
-4.9389e-06
-2.96729e-06
-5.17007e-06
-4.92205e-06
-5.53717e-06
-6.99784e-06
-6.04919e-06
-9.38675e-06
-6.47361e-06
-1.23953e-05
-6.06026e-06
-1.58539e-05
-3.8718e-06
-1.72575e-05
-9.7919e-06
-2.19531e-07
5.0061e-06
-8.55816e-07
9.14711e-06
-1.5086e-06
1.10985e-05
-2.02441e-06
1.20135e-05
-2.37288e-06
1.18211e-05
-2.5755e-06
1.06212e-05
-2.67907e-06
8.79622e-06
-2.73734e-06
6.7394e-06
-2.79726e-06
4.70385e-06
-2.88307e-06
2.77327e-06
-2.99782e-06
9.17801e-07
-3.14072e-06
-9.2486e-07
-3.31297e-06
-2.79504e-06
-3.52926e-06
-4.70576e-06
-3.84589e-06
-6.68121e-06
-4.3459e-06
-8.88674e-06
-4.96479e-06
-1.17764e-05
-5.08369e-06
-1.5735e-05
-3.53003e-06
-1.88111e-05
-1.33219e-05
1.56547e-07
4.84955e-06
-6.71905e-08
9.37085e-06
-3.90184e-07
1.14215e-05
-6.33318e-07
1.22567e-05
-7.80263e-07
1.1968e-05
-8.60909e-07
1.07019e-05
-9.1522e-07
8.85053e-06
-9.7656e-07
6.80074e-06
-1.06268e-06
4.78997e-06
-1.18131e-06
2.8919e-06
-1.33375e-06
1.07025e-06
-1.52135e-06
-7.37258e-07
-1.74337e-06
-2.57302e-06
-1.99969e-06
-4.44943e-06
-2.32271e-06
-6.35819e-06
-2.81229e-06
-8.39716e-06
-3.52589e-06
-1.10628e-05
-4.00787e-06
-1.5253e-05
-3.0136e-06
-1.98054e-05
-1.63355e-05
4.7503e-07
4.37452e-06
6.64548e-07
9.18133e-06
7.05796e-07
1.13802e-05
7.42865e-07
1.22196e-05
7.9274e-07
1.19182e-05
8.28318e-07
1.06663e-05
8.27324e-07
8.85152e-06
7.80158e-07
6.8479e-06
6.88651e-07
4.88148e-06
5.55983e-07
3.02456e-06
3.78959e-07
1.24727e-06
1.5162e-07
-5.09919e-07
-1.28388e-07
-2.29301e-06
-4.68013e-07
-4.10981e-06
-8.75264e-07
-5.95094e-06
-1.40309e-06
-7.86933e-06
-2.19985e-06
-1.02661e-05
-2.96084e-06
-1.4492e-05
-2.46503e-06
-2.03012e-05
-1.88006e-05
7.13542e-07
3.66098e-06
1.2859e-06
8.60897e-06
1.66543e-06
1.10007e-05
1.98899e-06
1.1896e-05
2.26291e-06
1.16443e-05
2.45303e-06
1.04762e-05
2.54705e-06
8.7575e-06
2.55437e-06
6.84058e-06
2.49043e-06
4.94541e-06
2.36522e-06
3.14978e-06
2.17421e-06
1.43828e-06
1.90301e-06
-2.38715e-07
1.54979e-06
-1.9398e-06
1.10985e-06
-3.66987e-06
5.77234e-07
-5.41832e-06
-1.05464e-07
-7.18663e-06
-9.84654e-07
-9.38687e-06
-1.95138e-06
-1.35253e-05
-1.94072e-06
-2.03119e-05
-2.07413e-05
8.1836e-07
2.84262e-06
1.71504e-06
7.7123e-06
2.43027e-06
1.02854e-05
3.05576e-06
1.12705e-05
3.59652e-06
1.11035e-05
4.00551e-06
1.00672e-05
4.26236e-06
8.50064e-06
4.37923e-06
6.72371e-06
4.38051e-06
4.94414e-06
4.28372e-06
3.24657e-06
4.08831e-06
1.63368e-06
3.77382e-06
7.57767e-08
3.34104e-06
-1.50702e-06
2.77506e-06
-3.1039e-06
2.07397e-06
-4.71723e-06
1.25149e-06
-6.36415e-06
2.10547e-07
-8.34593e-06
-1.00878e-06
-1.2306e-05
-1.45142e-06
-1.98692e-05
-2.21927e-05
7.55166e-07
2.08745e-06
1.84425e-06
6.62321e-06
2.84635e-06
9.28334e-06
3.79279e-06
1.03241e-05
4.65301e-06
1.02433e-05
5.35793e-06
9.36229e-06
5.86431e-06
7.99426e-06
6.17274e-06
6.41528e-06
6.3051e-06
4.81178e-06
6.28231e-06
3.26937e-06
6.10663e-06
1.80936e-06
5.76795e-06
4.14448e-07
5.24597e-06
-9.85039e-07
4.53967e-06
-2.39759e-06
3.64178e-06
-3.81934e-06
2.58068e-06
-5.30305e-06
1.30758e-06
-7.07283e-06
-2.01649e-07
-1.07967e-05
-9.483e-07
-1.91226e-05
-2.3141e-05
5.38491e-07
1.54896e-06
1.65341e-06
5.5083e-06
2.93595e-06
8.0008e-06
4.24223e-06
9.01782e-06
5.47622e-06
9.00928e-06
6.53764e-06
8.30087e-06
7.35749e-06
7.17441e-06
7.92022e-06
5.85256e-06
8.23807e-06
4.49393e-06
8.3298e-06
3.17763e-06
8.20309e-06
1.93608e-06
7.85678e-06
7.60752e-07
7.24845e-06
-3.76707e-07
6.39362e-06
-1.54277e-06
5.27937e-06
-2.70508e-06
3.94868e-06
-3.97236e-06
2.46038e-06
-5.58454e-06
8.71637e-07
-9.20799e-06
-1.84705e-07
-1.80662e-05
-2.33257e-05
1.29563e-07
1.4194e-06
9.5363e-07
4.68423e-06
2.36616e-06
6.58827e-06
4.02822e-06
7.35576e-06
5.70166e-06
7.33584e-06
7.20074e-06
6.80179e-06
8.41991e-06
5.95524e-06
9.32696e-06
4.9455e-06
9.91565e-06
3.90524e-06
1.01993e-05
2.89402e-06
1.01833e-05
1.95204e-06
9.8745e-06
1.06956e-06
9.23908e-06
2.58707e-07
8.2795e-06
-5.83175e-07
7e-06
-1.42559e-06
5.44856e-06
-2.42092e-06
3.78065e-06
-3.91662e-06
2.16105e-06
-7.5884e-06
6.21969e-07
-1.65271e-05
-2.27037e-05
-5.00981e-07
1.92038e-06
1.65566e-07
4.01768e-06
1.64278e-06
5.11105e-06
3.62507e-06
5.37347e-06
5.70976e-06
5.25114e-06
7.6166e-06
4.89496e-06
9.20682e-06
4.36502e-06
1.04378e-05
3.71457e-06
1.12894e-05
3.05359e-06
1.17796e-05
2.40383e-06
1.19128e-05
1.81881e-06
1.17101e-05
1.27233e-06
1.11867e-05
7.82075e-07
1.03274e-05
2.76152e-07
9.1357e-06
-2.33917e-07
7.67345e-06
-9.58673e-07
6.12885e-06
-2.37202e-06
4.38084e-06
-5.84039e-06
2.0238e-06
-1.41701e-05
-2.06799e-05
-4.16231e-06
6.08269e-06
-3.63714e-06
3.49251e-06
-1.2961e-06
2.77001e-06
1.43117e-06
2.64621e-06
4.10013e-06
2.58218e-06
6.57285e-06
2.42223e-06
8.7414e-06
2.19647e-06
1.05465e-05
1.90947e-06
1.19701e-05
1.63e-06
1.30374e-05
1.33647e-06
1.3765e-05
1.09125e-06
1.41956e-05
8.4168e-07
1.43201e-05
6.57633e-07
1.41522e-05
4.44067e-07
1.36723e-05
2.45975e-07
1.28952e-05
-1.81627e-07
1.18213e-05
-1.29807e-06
1.00691e-05
-4.08821e-06
5.61999e-06
-9.72099e-06
-1.506e-05
6.08269e-06
9.5752e-06
1.23452e-05
1.49914e-05
1.75736e-05
1.99958e-05
2.21923e-05
2.41018e-05
2.57318e-05
2.70682e-05
2.81595e-05
2.90012e-05
2.96588e-05
3.01029e-05
3.03489e-05
3.01672e-05
2.88692e-05
2.4781e-05
1.506e-05
)
;

boundaryField
{
    movingWall
    {
        type            calculated;
        value           uniform 0;
    }
    fixedWalls
    {
        type            calculated;
        value           uniform 0;
    }
    frontAndBack
    {
        type            empty;
        value           nonuniform List<scalar> 0();
    }
}


// ************************************************************************* //
