/*--------------------------------*- C++ -*----------------------------------*\
| =========                 |                                                 |
| \\      /  F ield         | OpenFOAM: The Open Source CFD Toolbox           |
|  \\    /   O peration     | Version:  2212                                  |
|   \\  /    A nd           | Website:  www.openfoam.com                      |
|    \\/     M anipulation  |                                                 |
\*---------------------------------------------------------------------------*/
FoamFile
{
    version     2.0;
    format      ascii;
    arch        "LSB;label=32;scalar=64";
    class       surfaceScalarField;
    location    "2.005";
    object      phi;
}
// * * * * * * * * * * * * * * * * * * * * * * * * * * * * * * * * * * * * * //

dimensions      [0 3 -1 0 0 0 0];

oriented        oriented;

internalField   nonuniform List<scalar> 
760
(
9.744e-08
-9.74408e-08
1.6731e-07
-6.98701e-08
1.5481e-07
1.25e-08
3.81607e-08
1.1665e-07
-2.17226e-07
2.55387e-07
-6.59885e-07
4.42659e-07
-1.3175e-06
6.57619e-07
-2.14068e-06
8.23172e-07
-2.9836e-06
8.42928e-07
-3.65186e-06
6.6826e-07
-3.98071e-06
3.28848e-07
-3.87482e-06
-1.0589e-07
-3.25599e-06
-6.18832e-07
-2.21808e-06
-1.03791e-06
-9.62698e-07
-1.25538e-06
1.78333e-07
-1.14103e-06
8.68556e-07
-6.90224e-07
8.69382e-07
-8.25871e-10
3.9707e-07
4.72313e-07
3.9707e-07
3.47519e-08
-1.32193e-07
-7.81515e-08
4.30337e-08
-4.14105e-07
3.48455e-07
-1.05011e-06
7.52651e-07
-2.03877e-06
1.24405e-06
-3.35e-06
1.75388e-06
-4.82266e-06
2.13028e-06
-6.20864e-06
2.20915e-06
-7.28363e-06
1.91791e-06
-7.90997e-06
1.2946e-06
-8.02381e-06
4.42696e-07
-7.58392e-06
-5.45786e-07
-6.61702e-06
-1.58573e-06
-5.15219e-06
-2.50275e-06
-3.32336e-06
-3.0842e-06
-1.41216e-06
-3.05223e-06
9.39257e-08
-2.19631e-06
7.33582e-07
-6.40482e-07
4.62461e-07
7.43434e-07
8.59531e-07
-1.70835e-07
3.86427e-08
-6.35876e-07
5.08074e-07
-1.45046e-06
1.16304e-06
-2.66895e-06
1.97114e-06
-4.24658e-06
2.82168e-06
-5.99196e-06
3.49927e-06
-7.64315e-06
3.78146e-06
-9.00073e-06
3.56674e-06
-9.97125e-06
2.88843e-06
-1.05219e-05
1.8453e-06
-1.06109e-05
5.31598e-07
-1.02423e-05
-9.14308e-07
-9.41838e-06
-2.40968e-06
-8.0928e-06
-3.82833e-06
-6.24954e-06
-4.92746e-06
-3.99193e-06
-5.30984e-06
-1.69187e-06
-4.49637e-06
-7.67784e-08
-2.25558e-06
2.7709e-07
3.89565e-07
1.13662e-06
-4.3428e-07
4.72923e-07
-1.31586e-06
1.38966e-06
-2.58104e-06
2.42822e-06
-4.20633e-06
3.59643e-06
-6.0375e-06
4.65286e-06
-7.8307e-06
5.29247e-06
-9.37542e-06
5.32618e-06
-1.05738e-05
4.76511e-06
-1.14177e-05
3.73235e-06
-1.19231e-05
2.3507e-06
-1.20745e-05
6.83007e-07
-1.18975e-05
-1.09136e-06
-1.13799e-05
-2.92726e-06
-1.0426e-05
-4.78223e-06
-8.91874e-06
-6.43473e-06
-6.74817e-06
-7.48041e-06
-3.98526e-06
-7.25928e-06
-1.23371e-06
-5.00713e-06
1.16826e-07
-9.60971e-07
1.25345e-06
-6.91682e-07
1.16461e-06
-1.90727e-06
2.60525e-06
-3.45339e-06
3.97434e-06
-5.22526e-06
5.3683e-06
-7.01829e-06
6.44588e-06
-8.61538e-06
6.88956e-06
-9.89178e-06
6.60259e-06
-1.08255e-05
5.69881e-06
-1.14494e-05
4.35629e-06
-1.18177e-05
2.71902e-06
-1.19948e-05
8.60036e-07
-1.19944e-05
-1.09169e-06
-1.18063e-05
-3.11533e-06
-1.13507e-05
-5.23787e-06
-1.0454e-05
-7.33145e-06
-8.85046e-06
-9.08393e-06
-6.28919e-06
-9.82055e-06
-2.91694e-06
-8.37939e-06
-2.29512e-07
-3.64839e-06
1.02394e-06
-8.50365e-07
2.01497e-06
-2.23436e-06
3.98924e-06
-3.84384e-06
5.58382e-06
-5.52277e-06
7.04723e-06
-7.07506e-06
7.99817e-06
-8.34249e-06
8.15699e-06
-9.26576e-06
7.52585e-06
-9.86904e-06
6.3021e-06
-1.02182e-05
4.70543e-06
-1.03993e-05
2.90015e-06
-1.05195e-05
9.80272e-07
-1.06093e-05
-1.00192e-06
-1.06609e-05
-3.06371e-06
-1.06499e-05
-5.24896e-06
-1.04259e-05
-7.55537e-06
-9.66978e-06
-9.84008e-06
-7.91939e-06
-1.15709e-05
-4.82754e-06
-1.14712e-05
-1.03959e-06
-7.43635e-06
-1.56517e-08
-8.64789e-07
2.87976e-06
-2.22824e-06
5.35269e-06
-3.71302e-06
7.0686e-06
-5.14629e-06
8.4805e-06
-6.37127e-06
9.22315e-06
-7.28626e-06
9.07198e-06
-7.87805e-06
8.11764e-06
-8.19971e-06
6.62376e-06
-8.33777e-06
4.84348e-06
-8.38688e-06
2.94926e-06
-8.43529e-06
1.02868e-06
-8.52646e-06
-9.10758e-07
-8.67316e-06
-2.91701e-06
-8.89115e-06
-5.03097e-06
-9.12063e-06
-7.3259e-06
-9.1185e-06
-9.84221e-06
-8.36844e-06
-1.2321e-05
-6.16485e-06
-1.36748e-05
-2.21609e-06
-1.13851e-05
-2.23174e-06
-7.33746e-07
3.61351e-06
-1.91885e-06
6.53779e-06
-3.15857e-06
8.30831e-06
-4.28276e-06
9.6047e-06
-5.18088e-06
1.01213e-05
-5.79886e-06
9.68997e-06
-6.15371e-06
8.47248e-06
-6.31225e-06
6.78231e-06
-6.36235e-06
4.89359e-06
-6.38457e-06
2.97148e-06
-6.42694e-06
1.07105e-06
-6.51037e-06
-8.27326e-07
-6.65874e-06
-2.76863e-06
-6.91124e-06
-4.77846e-06
-7.28841e-06
-6.94873e-06
-7.69093e-06
-9.4397e-06
-7.68547e-06
-1.23264e-05
-6.45695e-06
-1.49034e-05
-3.33388e-06
-1.45082e-05
-5.56563e-06
-4.9469e-07
4.1082e-06
-1.39766e-06
7.44077e-06
-2.33409e-06
9.24474e-06
-3.14268e-06
1.04133e-05
-3.75352e-06
1.07321e-05
-4.14942e-06
1.00859e-05
-4.36334e-06
8.68641e-06
-4.46024e-06
6.8792e-06
-4.5127e-06
4.94605e-06
-4.57206e-06
3.03084e-06
-4.65375e-06
1.15273e-06
-4.75601e-06
-7.25069e-07
-4.894e-06
-2.63065e-06
-5.10382e-06
-4.56864e-06
-5.45717e-06
-6.59538e-06
-5.9715e-06
-8.92536e-06
-6.39835e-06
-1.18996e-05
-5.96689e-06
-1.53348e-05
-3.77291e-06
-1.67022e-05
-9.33853e-06
-1.91323e-07
4.29952e-06
-7.57339e-07
8.00678e-06
-1.37135e-06
9.85875e-06
-1.88118e-06
1.09231e-05
-2.24692e-06
1.10978e-05
-2.477e-06
1.03159e-05
-2.60824e-06
8.81765e-06
-2.6911e-06
6.96205e-06
-2.77254e-06
5.0275e-06
-2.87861e-06
3.13691e-06
-3.0096e-06
1.28372e-06
-3.15441e-06
-5.80263e-07
-3.31242e-06
-2.47263e-06
-3.50218e-06
-4.37888e-06
-3.79529e-06
-6.30227e-06
-4.29576e-06
-8.4249e-06
-4.93146e-06
-1.12639e-05
-5.05053e-06
-1.52157e-05
-3.49336e-06
-1.82593e-05
-1.28319e-05
1.1731e-07
4.18221e-06
-8.40289e-08
8.20812e-06
-3.86106e-07
1.01608e-05
-6.23827e-07
1.11608e-05
-7.72548e-07
1.12466e-05
-8.55342e-07
1.03987e-05
-9.10429e-07
8.87274e-06
-9.74075e-07
7.0257e-06
-1.06816e-06
5.12158e-06
-1.19859e-06
3.26735e-06
-1.36259e-06
1.44772e-06
-1.55398e-06
-3.88877e-07
-1.76657e-06
-2.26004e-06
-2.00054e-06
-4.14491e-06
-2.2977e-06
-6.00511e-06
-2.78088e-06
-7.94172e-06
-3.51444e-06
-1.05303e-05
-4.00695e-06
-1.47232e-05
-3.00565e-06
-1.92606e-05
-1.58375e-05
3.71987e-07
3.81022e-06
5.24878e-07
8.05523e-06
5.57997e-07
1.01277e-05
6.00826e-07
1.1118e-05
6.69928e-07
1.11775e-05
7.34115e-07
1.03346e-05
7.61584e-07
8.84527e-06
7.36759e-07
7.05053e-06
6.58075e-07
5.20027e-06
5.30312e-07
3.39511e-06
3.548e-07
1.62323e-06
1.27327e-07
-1.61403e-07
-1.48135e-07
-1.98458e-06
-4.77555e-07
-3.81549e-06
-8.71029e-07
-5.61163e-06
-1.39425e-06
-7.4185e-06
-2.21168e-06
-9.71292e-06
-2.98872e-06
-1.39462e-05
-2.48168e-06
-1.97677e-05
-1.83192e-05
5.56137e-07
3.25409e-06
1.03396e-06
7.5774e-06
1.37508e-06
9.78659e-06
1.69898e-06
1.07941e-05
2.00802e-06
1.08684e-05
2.25148e-06
1.00911e-05
2.39926e-06
8.6975e-06
2.45118e-06
6.99861e-06
2.42149e-06
5.22995e-06
2.32127e-06
3.49534e-06
2.14795e-06
1.79655e-06
1.88251e-06
1.04033e-07
1.53059e-06
-1.63265e-06
1.09017e-06
-3.37507e-06
5.60366e-07
-5.08183e-06
-1.24256e-07
-6.73388e-06
-1.02571e-06
-8.81146e-06
-2.01229e-06
-1.29596e-05
-1.97199e-06
-1.9808e-05
-2.02912e-05
6.3177e-07
2.62232e-06
1.37353e-06
6.83564e-06
2.00714e-06
9.15298e-06
2.61351e-06
1.01877e-05
3.1835e-06
1.02984e-05
3.65387e-06
9.62073e-06
3.98212e-06
8.36926e-06
4.16556e-06
6.81516e-06
4.22335e-06
5.17216e-06
4.17197e-06
3.54672e-06
4.00888e-06
1.95964e-06
3.72101e-06
3.91899e-07
3.28978e-06
-1.20142e-06
2.71896e-06
-2.80425e-06
2.01175e-06
-4.37462e-06
1.18431e-06
-5.90644e-06
1.27565e-07
-7.75471e-06
-1.10023e-06
-1.17318e-05
-1.49699e-06
-1.94112e-05
-2.17882e-05
5.73943e-07
2.04837e-06
1.4535e-06
5.95608e-06
2.32738e-06
8.2791e-06
3.21532e-06
9.2998e-06
4.07937e-06
9.43438e-06
4.83446e-06
8.86563e-06
5.41403e-06
7.78969e-06
5.7993e-06
6.4299e-06
6.00245e-06
4.96901e-06
6.04047e-06
3.50869e-06
5.91489e-06
2.08522e-06
5.61016e-06
6.96628e-07
5.10186e-06
-6.9311e-07
4.39821e-06
-2.10061e-06
3.49792e-06
-3.47433e-06
2.44155e-06
-4.85007e-06
1.17763e-06
-6.49079e-06
-2.94418e-07
-1.02598e-05
-1.01885e-06
-1.86868e-05
-2.2807e-05
3.95805e-07
1.65257e-06
1.26604e-06
5.08585e-06
2.35646e-06
7.18868e-06
3.53519e-06
8.12106e-06
4.71799e-06
8.25158e-06
5.79322e-06
7.7904e-06
6.66912e-06
6.91379e-06
7.30641e-06
5.79261e-06
7.70241e-06
4.57302e-06
7.86761e-06
3.34349e-06
7.80556e-06
2.14727e-06
7.51161e-06
9.90576e-07
6.9326e-06
-1.14099e-07
6.10043e-06
-1.26844e-06
5.00229e-06
-2.37619e-06
3.69994e-06
-3.54772e-06
2.24903e-06
-5.03988e-06
6.87694e-07
-8.69843e-06
-2.76421e-07
-1.77227e-05
-2.30835e-05
4.09843e-08
1.61158e-06
6.25743e-07
4.50109e-06
1.80226e-06
6.01216e-06
3.26872e-06
6.6546e-06
4.81876e-06
6.70155e-06
6.27259e-06
6.33657e-06
7.50562e-06
5.68075e-06
8.46152e-06
4.83671e-06
9.11534e-06
3.9192e-06
9.46918e-06
2.98965e-06
9.51648e-06
2.09997e-06
9.25956e-06
1.2475e-06
8.69177e-06
4.53693e-07
7.76781e-06
-3.44478e-07
6.5374e-06
-1.14578e-06
5.0513e-06
-2.06162e-06
3.4807e-06
-3.46928e-06
1.96446e-06
-7.18219e-06
5.42124e-07
-1.63003e-05
-2.25413e-05
-4.54039e-07
2.06562e-06
1.80084e-09
4.04525e-06
1.16302e-06
4.85094e-06
2.84359e-06
4.97403e-06
4.70356e-06
4.84158e-06
6.48077e-06
4.55935e-06
8.02152e-06
4.14001e-06
9.2602e-06
3.59802e-06
1.01544e-05
3.02504e-06
1.07077e-05
2.43629e-06
1.09128e-05
1.89485e-06
1.07869e-05
1.37342e-06
1.03265e-05
9.1413e-07
9.54239e-06
4.39604e-07
8.45764e-06
-6.10237e-08
7.11781e-06
-7.21794e-07
5.73749e-06
-2.08896e-06
4.15409e-06
-5.59879e-06
1.92655e-06
-1.40728e-05
-2.06148e-05
-4.1153e-06
6.18092e-06
-3.67031e-06
3.60026e-06
-1.5582e-06
2.73884e-06
8.86413e-07
2.52942e-06
3.30203e-06
2.42596e-06
5.58921e-06
2.27218e-06
7.64965e-06
2.07957e-06
9.41516e-06
1.83251e-06
1.08484e-05
1.59184e-06
1.19575e-05
1.32716e-06
1.27456e-05
1.10678e-06
1.32468e-05
8.72228e-07
1.34557e-05
7.05192e-07
1.33979e-05
4.9743e-07
1.30231e-05
3.13786e-07
1.23609e-05
-5.96437e-08
1.14665e-05
-1.19455e-06
9.89566e-06
-4.02794e-06
5.54725e-06
-9.72439e-06
-1.50675e-05
6.18092e-06
9.78118e-06
1.252e-05
1.50494e-05
1.74754e-05
1.97476e-05
2.18271e-05
2.36597e-05
2.52515e-05
2.65786e-05
2.76854e-05
2.85577e-05
2.92629e-05
2.97603e-05
3.00741e-05
3.00144e-05
2.88199e-05
2.47919e-05
1.50675e-05
)
;

boundaryField
{
    movingWall
    {
        type            calculated;
        value           uniform 0;
    }
    fixedWalls
    {
        type            calculated;
        value           uniform 0;
    }
    frontAndBack
    {
        type            empty;
        value           nonuniform List<scalar> 0();
    }
}


// ************************************************************************* //
