/*--------------------------------*- C++ -*----------------------------------*\
| =========                 |                                                 |
| \\      /  F ield         | OpenFOAM: The Open Source CFD Toolbox           |
|  \\    /   O peration     | Version:  2212                                  |
|   \\  /    A nd           | Website:  www.openfoam.com                      |
|    \\/     M anipulation  |                                                 |
\*---------------------------------------------------------------------------*/
FoamFile
{
    version     2.0;
    format      ascii;
    arch        "LSB;label=32;scalar=64";
    class       surfaceScalarField;
    location    "1.22";
    object      phi;
}
// * * * * * * * * * * * * * * * * * * * * * * * * * * * * * * * * * * * * * //

dimensions      [0 3 -1 0 0 0 0];

oriented        oriented;

internalField   nonuniform List<scalar> 
760
(
9.46723e-09
-9.46712e-09
-3.78528e-08
4.732e-08
-1.22103e-07
8.42496e-08
-2.39668e-07
1.17565e-07
-4.08155e-07
1.68487e-07
-6.50617e-07
2.42462e-07
-9.82091e-07
3.31473e-07
-1.39429e-06
4.12202e-07
-1.83981e-06
4.45516e-07
-2.22922e-06
3.8941e-07
-2.45411e-06
2.24892e-07
-2.4331e-06
-2.1007e-08
-2.08458e-06
-3.48524e-07
-1.46208e-06
-6.22501e-07
-6.9985e-07
-7.62229e-07
-4.15566e-09
-6.95694e-07
4.35408e-07
-4.39564e-07
4.70188e-07
-3.47802e-08
2.24676e-07
2.45512e-07
2.24676e-07
-9.71094e-08
8.76422e-08
-3.29483e-07
2.79693e-07
-6.44963e-07
3.9973e-07
-1.04382e-06
5.16418e-07
-1.55389e-06
6.78562e-07
-2.19727e-06
8.85844e-07
-2.96253e-06
1.09673e-06
-3.78515e-06
1.23482e-06
-4.54709e-06
1.20746e-06
-5.10379e-06
9.46115e-07
-5.33438e-06
4.55475e-07
-5.16158e-06
-1.93804e-07
-4.5539e-06
-9.56205e-07
-3.55044e-06
-1.62596e-06
-2.27762e-06
-2.03505e-06
-9.66054e-07
-2.00726e-06
3.05376e-08
-1.43616e-06
4.56793e-07
-4.61035e-07
2.9434e-07
4.07965e-07
5.19016e-07
-2.2815e-07
3.15792e-07
-6.61468e-07
7.13011e-07
-1.20618e-06
9.44438e-07
-1.86255e-06
1.17279e-06
-2.65802e-06
1.47403e-06
-3.60252e-06
1.83034e-06
-4.66134e-06
2.15555e-06
-5.7429e-06
2.31638e-06
-6.70889e-06
2.17344e-06
-7.41006e-06
1.64729e-06
-7.73045e-06
7.7586e-07
-7.60621e-06
-3.18038e-07
-7.02503e-06
-1.53739e-06
-5.97982e-06
-2.67116e-06
-4.51128e-06
-3.50359e-06
-2.76453e-06
-3.75401e-06
-1.07603e-06
-3.12466e-06
1.92117e-08
-1.55627e-06
2.28279e-07
1.98899e-07
7.47295e-07
-3.46621e-07
6.62412e-07
-9.55004e-07
1.32139e-06
-1.69184e-06
1.68127e-06
-2.5568e-06
2.03776e-06
-3.58016e-06
2.49739e-06
-4.77008e-06
3.02026e-06
-6.08112e-06
3.46658e-06
-7.39722e-06
3.63249e-06
-8.55402e-06
3.33024e-06
-9.40456e-06
2.49783e-06
-9.85608e-06
1.22737e-06
-9.84956e-06
-3.24556e-07
-9.42722e-06
-1.95973e-06
-8.53719e-06
-3.56119e-06
-7.11872e-06
-4.92206e-06
-5.16167e-06
-5.71106e-06
-2.84837e-06
-5.43795e-06
-7.66145e-07
-3.6385e-06
1.41874e-07
-7.0912e-07
8.89168e-07
-4.33016e-07
1.09543e-06
-1.16918e-06
2.05756e-06
-2.04713e-06
2.55923e-06
-3.06822e-06
3.05885e-06
-4.26753e-06
3.6967e-06
-5.64708e-06
4.3998e-06
-7.13148e-06
4.95099e-06
-8.5579e-06
5.05891e-06
-9.74171e-06
4.51405e-06
-1.05761e-05
3.33219e-06
-1.10423e-05
1.69364e-06
-1.10969e-05
-2.70032e-07
-1.08701e-05
-2.18647e-06
-1.02866e-05
-4.14473e-06
-9.22337e-06
-5.98527e-06
-7.5133e-06
-7.42114e-06
-5.03354e-06
-7.91772e-06
-2.10828e-06
-6.56376e-06
-1.00603e-07
-2.71679e-06
7.88565e-07
-4.74011e-07
1.56944e-06
-1.27802e-06
2.86157e-06
-2.23505e-06
3.51626e-06
-3.3426e-06
4.1664e-06
-4.62632e-06
4.98042e-06
-6.05818e-06
5.83167e-06
-7.51554e-06
6.40834e-06
-8.8101e-06
6.35348e-06
-9.79018e-06
5.49413e-06
-1.04195e-05
3.96146e-06
-1.07531e-05
2.02728e-06
-1.08512e-05
-1.71935e-07
-1.07781e-05
-2.25959e-06
-1.0529e-05
-4.39379e-06
-9.99758e-06
-6.5167e-06
-8.92431e-06
-8.49441e-06
-6.95066e-06
-9.89137e-06
-3.9106e-06
-9.60382e-06
-7.24111e-07
-5.90329e-06
6.44543e-08
-4.60443e-07
2.02988e-06
-1.26106e-06
3.66218e-06
-2.21743e-06
4.47263e-06
-3.30853e-06
5.2575e-06
-4.53351e-06
6.2054e-06
-5.83019e-06
7.12834e-06
-7.05618e-06
7.63434e-06
-8.05148e-06
7.34877e-06
-8.72947e-06
6.17212e-06
-9.10722e-06
4.33921e-06
-9.26234e-06
2.1824e-06
-9.33785e-06
-9.64244e-08
-9.31514e-06
-2.2823e-06
-9.28184e-06
-4.42709e-06
-9.222e-06
-6.57654e-06
-8.90851e-06
-8.8079e-06
-7.85978e-06
-1.09401e-05
-5.48817e-06
-1.19754e-05
-1.76881e-06
-9.62265e-06
-1.70435e-06
-3.90084e-07
2.41997e-06
-1.11094e-06
4.38304e-06
-1.97863e-06
5.34032e-06
-2.94285e-06
6.22172e-06
-3.97545e-06
7.238e-06
-5.00443e-06
8.15733e-06
-5.91234e-06
8.54225e-06
-6.59789e-06
8.03432e-06
-7.03062e-06
6.60485e-06
-7.24888e-06
4.55747e-06
-7.32115e-06
2.25466e-06
-7.33911e-06
-7.84621e-08
-7.31452e-06
-2.30689e-06
-7.3376e-06
-4.404e-06
-7.48805e-06
-6.42609e-06
-7.69066e-06
-8.6053e-06
-7.49629e-06
-1.11345e-05
-6.09582e-06
-1.33759e-05
-2.88262e-06
-1.28358e-05
-4.58698e-06
-2.71946e-07
2.69191e-06
-8.43983e-07
4.95508e-06
-1.54669e-06
6.04302e-06
-2.29943e-06
6.97446e-06
-3.0562e-06
7.99478e-06
-3.76239e-06
8.86351e-06
-4.35339e-06
9.13325e-06
-4.79191e-06
8.47283e-06
-5.08535e-06
6.89829e-06
-5.2657e-06
4.73782e-06
-5.36817e-06
2.35713e-06
-5.40125e-06
-4.53769e-08
-5.40293e-06
-2.30521e-06
-5.42187e-06
-4.38507e-06
-5.5844e-06
-6.26356e-06
-5.97108e-06
-8.21862e-06
-6.30834e-06
-1.07972e-05
-5.77226e-06
-1.3912e-05
-3.51495e-06
-1.50931e-05
-8.10193e-06
-1.259e-07
2.81781e-06
-4.98607e-07
5.32779e-06
-9.85455e-07
6.52987e-06
-1.47883e-06
7.46783e-06
-1.92282e-06
8.43877e-06
-2.29516e-06
9.23586e-06
-2.59148e-06
9.42957e-06
-2.82825e-06
8.7096e-06
-3.03025e-06
7.10029e-06
-3.21136e-06
4.91893e-06
-3.3679e-06
2.51367e-06
-3.4916e-06
7.83251e-08
-3.5622e-06
-2.23461e-06
-3.62069e-06
-4.32658e-06
-3.78027e-06
-6.10397e-06
-4.21509e-06
-7.7838e-06
-4.85223e-06
-1.01601e-05
-4.9496e-06
-1.38146e-05
-3.37663e-06
-1.66661e-05
-1.14786e-05
2.97177e-08
2.7881e-06
-1.25457e-07
5.48296e-06
-3.75104e-07
6.77952e-06
-5.94713e-07
7.68744e-06
-7.23171e-07
8.56723e-06
-7.69016e-07
9.2817e-06
-7.86918e-07
9.44747e-06
-8.24429e-07
8.74711e-06
-9.10141e-07
7.186e-06
-1.05308e-06
5.06187e-06
-1.23576e-06
2.69635e-06
-1.44119e-06
2.8376e-07
-1.63183e-06
-2.04398e-06
-1.82658e-06
-4.13182e-06
-2.07821e-06
-5.85235e-06
-2.56863e-06
-7.29338e-06
-3.38737e-06
-9.34132e-06
-3.93867e-06
-1.32633e-05
-2.94131e-06
-1.76635e-05
-1.44199e-05
1.51748e-07
2.63635e-06
2.06939e-07
5.42777e-06
1.95462e-07
6.791e-06
2.39284e-07
7.64362e-06
4.05401e-07
8.40111e-06
6.79667e-07
9.00744e-06
9.74559e-07
9.15258e-06
1.18924e-06
8.53243e-06
1.26228e-06
7.11297e-06
1.19393e-06
5.13022e-06
1.01686e-06
2.87342e-06
7.48284e-07
5.52331e-07
4.30149e-07
-1.72584e-06
6.1163e-08
-3.76284e-06
-4.27366e-07
-5.36382e-06
-1.08533e-06
-6.63541e-06
-2.06608e-06
-8.36057e-06
-2.95061e-06
-1.23788e-05
-2.46674e-06
-1.81473e-05
-1.68866e-05
2.29952e-07
2.4064e-06
4.54997e-07
5.20272e-06
6.44133e-07
6.60186e-06
9.08797e-07
7.37895e-06
1.33239e-06
7.97752e-06
1.90029e-06
8.43954e-06
2.5049e-06
8.54797e-06
2.99919e-06
8.03814e-06
3.28612e-06
6.82603e-06
3.34879e-06
5.06755e-06
3.21339e-06
3.00882e-06
2.89988e-06
8.65845e-07
2.42546e-06
-1.25143e-06
1.81824e-06
-3.15561e-06
1.1064e-06
-4.65198e-06
2.23841e-07
-5.75285e-06
-9.09246e-07
-7.22749e-06
-2.05886e-06
-1.12292e-05
-2.00395e-06
-1.82023e-05
-1.88906e-05
2.48959e-07
2.15744e-06
5.83146e-07
4.86854e-06
9.34125e-07
6.25088e-06
1.38056e-06
6.93251e-06
1.99799e-06
7.36009e-06
2.78261e-06
7.65491e-06
3.63335e-06
7.69723e-06
4.38818e-06
7.28331e-06
4.91267e-06
6.30154e-06
5.15087e-06
4.82936e-06
5.10647e-06
3.05322e-06
4.79836e-06
1.17396e-06
4.21733e-06
-6.70405e-07
3.4263e-06
-2.36458e-06
2.47235e-06
-3.69802e-06
1.39655e-06
-4.67705e-06
8.32238e-08
-5.91416e-06
-1.26623e-06
-9.87972e-06
-1.57758e-06
-1.78909e-05
-2.04681e-05
1.97448e-07
1.95999e-06
5.50605e-07
4.51538e-06
1.00027e-06
5.80122e-06
1.58458e-06
6.3482e-06
2.34475e-06
6.59992e-06
3.27522e-06
6.72445e-06
4.2929e-06
6.67954e-06
5.2467e-06
6.32951e-06
5.98177e-06
5.56648e-06
6.40209e-06
4.40904e-06
6.47665e-06
2.97866e-06
6.21732e-06
1.43329e-06
5.59448e-06
-4.7561e-08
4.69346e-06
-1.46356e-06
3.56898e-06
-2.57354e-06
2.31882e-06
-3.4269e-06
9.12383e-07
-4.50772e-06
-5.35407e-07
-8.43193e-06
-1.16032e-06
-1.7266e-05
-2.16285e-05
8.20091e-08
1.87798e-06
3.77291e-07
4.2201e-06
8.80468e-07
5.29804e-06
1.56287e-06
5.6658e-06
2.41809e-06
5.74469e-06
3.42918e-06
5.71336e-06
4.52855e-06
5.58017e-06
5.59189e-06
5.26618e-06
6.46939e-06
4.68897e-06
7.04246e-06
3.83597e-06
7.24113e-06
2.77999e-06
7.04562e-06
1.6288e-06
6.49416e-06
5.03901e-07
5.55911e-06
-5.28515e-07
4.36114e-06
-1.37558e-06
3.03186e-06
-2.09761e-06
1.63372e-06
-3.10958e-06
1.11733e-07
-6.90994e-06
-6.08224e-07
-1.6546e-05
-2.22367e-05
-1.86076e-07
2.06406e-06
-1.20026e-07
4.15405e-06
3.93921e-07
4.7841e-06
1.2091e-06
4.85062e-06
2.20042e-06
4.75337e-06
3.30527e-06
4.60851e-06
4.4628e-06
4.42264e-06
5.58263e-06
4.14634e-06
6.53828e-06
3.73332e-06
7.21668e-06
3.15757e-06
7.52936e-06
2.46731e-06
7.4458e-06
1.71235e-06
6.95871e-06
9.90992e-07
6.10305e-06
3.27143e-07
4.96161e-06
-2.34139e-07
3.70649e-06
-8.4248e-07
2.49387e-06
-1.89697e-06
1.32255e-06
-5.73862e-06
2.47145e-07
-1.54706e-05
-2.19895e-05
-3.69592e-07
2.43365e-06
-4.23664e-07
4.20812e-06
3.19028e-08
4.32853e-06
8.43007e-07
4.03952e-06
1.86657e-06
3.72981e-06
2.9948e-06
3.48028e-06
4.1543e-06
3.26314e-06
5.27846e-06
3.02218e-06
6.26182e-06
2.74996e-06
7.01753e-06
2.40187e-06
7.46047e-06
2.02436e-06
7.56622e-06
1.60661e-06
7.32402e-06
1.23319e-06
6.77674e-06
8.7442e-07
5.98335e-06
5.59252e-07
5.16001e-06
-1.91409e-08
4.38564e-06
-1.12259e-06
3.40168e-06
-4.75465e-06
1.62248e-06
-1.36914e-05
-2.03671e-05
-3.96357e-06
6.39722e-06
-3.62136e-06
3.86591e-06
-2.02518e-06
2.73235e-06
-3.17915e-07
2.33226e-06
1.32399e-06
2.0879e-06
2.92292e-06
1.88136e-06
4.47089e-06
1.71517e-06
5.94316e-06
1.54992e-06
7.28239e-06
1.41073e-06
8.44446e-06
1.2398e-06
9.37489e-06
1.09393e-06
1.00634e-05
9.18105e-07
1.04919e-05
8.04637e-07
1.07094e-05
6.56976e-07
1.07399e-05
5.28703e-07
1.05214e-05
1.99416e-07
1.0192e-05
-7.93182e-07
9.25351e-06
-3.81619e-06
5.29183e-06
-9.72976e-06
-1.50752e-05
6.39722e-06
1.02631e-05
1.29955e-05
1.53277e-05
1.74156e-05
1.9297e-05
2.10122e-05
2.25621e-05
2.39728e-05
2.52126e-05
2.63065e-05
2.72246e-05
2.80293e-05
2.86863e-05
2.9215e-05
2.94144e-05
2.86212e-05
2.4805e-05
1.50752e-05
)
;

boundaryField
{
    movingWall
    {
        type            calculated;
        value           uniform 0;
    }
    fixedWalls
    {
        type            calculated;
        value           uniform 0;
    }
    frontAndBack
    {
        type            empty;
        value           nonuniform List<scalar> 0();
    }
}


// ************************************************************************* //
