/*--------------------------------*- C++ -*----------------------------------*\
| =========                 |                                                 |
| \\      /  F ield         | OpenFOAM: The Open Source CFD Toolbox           |
|  \\    /   O peration     | Version:  2212                                  |
|   \\  /    A nd           | Website:  www.openfoam.com                      |
|    \\/     M anipulation  |                                                 |
\*---------------------------------------------------------------------------*/
FoamFile
{
    version     2.0;
    format      ascii;
    arch        "LSB;label=32;scalar=64";
    class       volVectorField;
    location    "4.125";
    object      U;
}
// * * * * * * * * * * * * * * * * * * * * * * * * * * * * * * * * * * * * * //

dimensions      [0 1 -1 0 0 0 0];

internalField   nonuniform List<vector> 
400
(
(0.00165785 -0.00166383 0)
(0.00476199 -0.00186698 0)
(0.00647222 -0.00118649 0)
(0.00554435 -0.000565562 0)
(0.00145628 0.000192596 0)
(-0.00688965 0.00173713 0)
(-0.0205584 0.00474598 0)
(-0.0393323 0.0086477 0)
(-0.0604434 0.0111937 0)
(-0.0786848 0.0104531 0)
(-0.0893733 0.00676784 0)
(-0.0901173 0.00170335 0)
(-0.0800414 -0.00355109 0)
(-0.0599942 -0.00819792 0)
(-0.0336998 -0.0107788 0)
(-0.00560089 -0.00975889 0)
(0.0163709 -0.00480821 0)
(0.0241859 0.00271329 0)
(0.016049 0.00640831 0)
(0.00429419 0.00468362 0)
(0.00167714 -0.00497676 0)
(0.00304359 -0.00393783 0)
(-0.000570328 0.00062646 0)
(-0.0114328 0.00642254 0)
(-0.0313759 0.0139575 0)
(-0.0608442 0.0235764 0)
(-0.0962575 0.0327765 0)
(-0.130657 0.0368146 0)
(-0.158059 0.033332 0)
(-0.175177 0.0233431 0)
(-0.18059 0.00917501 0)
(-0.174338 -0.00682276 0)
(-0.156995 -0.0229282 0)
(-0.129285 -0.0366379 0)
(-0.0934596 -0.0443157 0)
(-0.0522482 -0.0416831 0)
(-0.0116056 -0.0263426 0)
(0.0166163 -0.00143651 0)
(0.0177101 0.0160399 0)
(0.00551284 0.0147108 0)
(-0.000279246 -0.00561492 0)
(-0.00545278 0.000942163 0)
(-0.0196255 0.0142763 0)
(-0.0443344 0.0310224 0)
(-0.079862 0.0490472 0)
(-0.121391 0.0638072 0)
(-0.161274 0.0700402 0)
(-0.194027 0.0656352 0)
(-0.217527 0.0519657 0)
(-0.231176 0.0314998 0)
(-0.234978 0.00657297 0)
(-0.229587 -0.0207843 0)
(-0.215312 -0.0484105 0)
(-0.191651 -0.0727001 0)
(-0.158331 -0.0885272 0)
(-0.115317 -0.0888655 0)
(-0.064411 -0.0669059 0)
(-0.0139222 -0.0228561 0)
(0.00938534 0.0176327 0)
(0.00415129 0.0234058 0)
(-0.00346866 0.00064028 0)
(-0.0174464 0.0173046 0)
(-0.0432727 0.0412621 0)
(-0.0791344 0.0676643 0)
(-0.122048 0.0904378 0)
(-0.164636 0.103086 0)
(-0.200498 0.10224 0)
(-0.227679 0.0891856 0)
(-0.246431 0.0670575 0)
(-0.257356 0.0385523 0)
(-0.261289 0.00554175 0)
(-0.259033 -0.0306489 0)
(-0.250523 -0.0677935 0)
(-0.234713 -0.102961 0)
(-0.20961 -0.130695 0)
(-0.172513 -0.142212 0)
(-0.120877 -0.125353 0)
(-0.0566758 -0.070837 0)
(-0.00105717 0.00326057 0)
(0.0047373 0.0280248 0)
(-0.00661603 0.0148855 0)
(-0.0285111 0.0439674 0)
(-0.0627867 0.0765531 0)
(-0.103602 0.108062 0)
(-0.146083 0.130211 0)
(-0.183143 0.137239 0)
(-0.211319 0.128703 0)
(-0.230978 0.10816 0)
(-0.243407 0.0794612 0)
(-0.250332 0.0453938 0)
(-0.253446 0.00749146 0)
(-0.253684 -0.0334488 0)
(-0.250826 -0.0762857 0)
(-0.244304 -0.119713 0)
(-0.231308 -0.159778 0)
(-0.207212 -0.188044 0)
(-0.165986 -0.189199 0)
(-0.102967 -0.142478 0)
(-0.0221588 -0.0390082 0)
(0.00732543 0.0268532 0)
(-0.00842797 0.0347879 0)
(-0.0348462 0.076214 0)
(-0.0724208 0.114093 0)
(-0.112242 0.146548 0)
(-0.149223 0.164804 0)
(-0.177903 0.164841 0)
(-0.197286 0.148821 0)
(-0.208899 0.121793 0)
(-0.214726 0.0881069 0)
(-0.217255 0.0507527 0)
(-0.218477 0.011196 0)
(-0.219416 -0.0301602 0)
(-0.220275 -0.0738094 0)
(-0.221135 -0.120157 0)
(-0.219787 -0.168 0)
(-0.211116 -0.211851 0)
(-0.187034 -0.237509 0)
(-0.138971 -0.217723 0)
(-0.0625034 -0.118606 0)
(0.00575353 0.014022 0)
(-0.00819574 0.0566866 0)
(-0.0349637 0.109286 0)
(-0.0711101 0.149341 0)
(-0.106038 0.179778 0)
(-0.135446 0.192453 0)
(-0.1557 0.185195 0)
(-0.16746 0.16223 0)
(-0.172824 0.129678 0)
(-0.174207 0.0923227 0)
(-0.174134 0.0531934 0)
(-0.174152 0.0135324 0)
(-0.174963 -0.0266323 0)
(-0.177122 -0.0684802 0)
(-0.181159 -0.113342 0)
(-0.186398 -0.162362 0)
(-0.189161 -0.214383 0)
(-0.181523 -0.260381 0)
(-0.153491 -0.274087 0)
(-0.0988171 -0.205152 0)
(-0.00887523 -0.0147269 0)
(-0.00605113 0.0770416 0)
(-0.0294403 0.139551 0)
(-0.0607559 0.179814 0)
(-0.088963 0.206714 0)
(-0.110787 0.213325 0)
(-0.124182 0.199153 0)
(-0.130699 0.170109 0)
(-0.132635 0.133164 0)
(-0.132455 0.0933401 0)
(-0.132144 0.0533812 0)
(-0.132423 0.0140187 0)
(-0.133495 -0.0251446 0)
(-0.13583 -0.0651853 0)
(-0.14012 -0.107397 0)
(-0.146958 -0.153816 0)
(-0.154983 -0.206817 0)
(-0.158146 -0.264381 0)
(-0.146057 -0.306838 0)
(-0.111704 -0.276159 0)
(-0.0307506 -0.0750441 0)
(-0.00267862 0.0928464 0)
(-0.0201464 0.164388 0)
(-0.0446166 0.203984 0)
(-0.0656012 0.226794 0)
(-0.0807198 0.227803 0)
(-0.0890787 0.207969 0)
(-0.0925362 0.17438 0)
(-0.0932272 0.134529 0)
(-0.0932683 0.0934688 0)
(-0.0938663 0.0534752 0)
(-0.0950939 0.0146486 0)
(-0.096864 -0.0238306 0)
(-0.0993594 -0.0628041 0)
(-0.103093 -0.103039 0)
(-0.109214 -0.146244 0)
(-0.118432 -0.196426 0)
(-0.127522 -0.257985 0)
(-0.125977 -0.321973 0)
(-0.107044 -0.333438 0)
(-0.0371504 -0.162535 0)
(0.00122147 0.101841 0)
(-0.00879289 0.182028 0)
(-0.025304 0.221367 0)
(-0.0391517 0.240824 0)
(-0.0485197 0.237642 0)
(-0.0532846 0.213809 0)
(-0.0551065 0.177188 0)
(-0.0556384 0.135655 0)
(-0.0564182 0.0941921 0)
(-0.0580186 0.0545482 0)
(-0.0602205 0.0162616 0)
(-0.0628755 -0.0217695 0)
(-0.065984 -0.0602575 0)
(-0.0697401 -0.0995066 0)
(-0.0750922 -0.14031 0)
(-0.0836281 -0.186428 0)
(-0.0953998 -0.246233 0)
(-0.100295 -0.322682 0)
(-0.0948998 -0.370809 0)
(-0.0308254 -0.241416 0)
(0.00506005 0.102953 0)
(0.00295894 0.1915 0)
(-0.00528235 0.231744 0)
(-0.0123102 0.24875 0)
(-0.016633 0.242716 0)
(-0.0184514 0.216628 0)
(-0.0190478 0.178688 0)
(-0.0194697 0.136768 0)
(-0.0206732 0.0956093 0)
(-0.0228432 0.0565774 0)
(-0.0256844 0.0189329 0)
(-0.0291246 -0.0185214 0)
(-0.0331836 -0.0565357 0)
(-0.0378215 -0.0952549 0)
(-0.0436011 -0.134699 0)
(-0.051801 -0.177411 0)
(-0.0653154 -0.233237 0)
(-0.074064 -0.316287 0)
(-0.0810707 -0.395222 0)
(-0.0229012 -0.305826 0)
(0.00832939 0.096535 0)
(0.0140565 0.192451 0)
(0.0139565 0.235218 0)
(0.0135788 0.25148 0)
(0.014213 0.244438 0)
(0.0154255 0.21785 0)
(0.0163086 0.179921 0)
(0.0163863 0.138367 0)
(0.0152555 0.0977294 0)
(0.0129683 0.0593094 0)
(0.00980296 0.0223969 0)
(0.00573219 -0.0141996 0)
(0.000608804 -0.051347 0)
(-0.00544446 -0.0892314 0)
(-0.0128332 -0.127557 0)
(-0.0217767 -0.167458 0)
(-0.0375715 -0.218104 0)
(-0.0488047 -0.30257 0)
(-0.0679283 -0.407 0)
(-0.0144744 -0.358693 0)
(0.0101411 0.0837352 0)
(0.0230887 0.184921 0)
(0.0306811 0.231367 0)
(0.0365564 0.248035 0)
(0.0421695 0.24122 0)
(0.0470812 0.215556 0)
(0.0504739 0.178931 0)
(0.0520946 0.138706 0)
(0.0518926 0.099245 0)
(0.0500874 0.0619148 0)
(0.0469357 0.0261902 0)
(0.0423555 -0.00905446 0)
(0.0361681 -0.0447676 0)
(0.0284699 -0.0812075 0)
(0.0184914 -0.118059 0)
(0.00730332 -0.155646 0)
(-0.0120087 -0.201752 0)
(-0.0245413 -0.28453 0)
(-0.0559967 -0.409566 0)
(-0.0061906 -0.400627 0)
(0.00967608 0.0667699 0)
(0.0285696 0.169301 0)
(0.0437296 0.220399 0)
(0.0561404 0.239291 0)
(0.0673175 0.23436 0)
(0.0768977 0.21111 0)
(0.0840106 0.176969 0)
(0.0883462 0.138827 0)
(0.0899829 0.100966 0)
(0.08924 0.0649738 0)
(0.0864586 0.0306994 0)
(0.0814386 -0.00288872 0)
(0.0740221 -0.0364443 0)
(0.0644758 -0.0705958 0)
(0.0514691 -0.105181 0)
(0.0367742 -0.140151 0)
(0.0125806 -0.181686 0)
(-0.000422769 -0.261363 0)
(-0.0450582 -0.405394 0)
(0.00267565 -0.435181 0)
(0.00678129 0.0492596 0)
(0.0288464 0.147886 0)
(0.0503261 0.20202 0)
(0.068997 0.222685 0)
(0.0862921 0.219796 0)
(0.101818 0.199742 0)
(0.114323 0.169314 0)
(0.123117 0.134641 0)
(0.128118 0.0997377 0)
(0.129595 0.0663145 0)
(0.12783 0.0346073 0)
(0.122906 0.00379126 0)
(0.114342 -0.026524 0)
(0.102775 -0.0572127 0)
(0.0859854 -0.088359 0)
(0.0671046 -0.120618 0)
(0.0374069 -0.158517 0)
(0.0232487 -0.235428 0)
(-0.0347725 -0.397814 0)
(0.013338 -0.463597 0)
(0.00232954 0.0347573 0)
(0.0231871 0.123214 0)
(0.050127 0.178656 0)
(0.0755578 0.201342 0)
(0.0999609 0.200951 0)
(0.122601 0.184621 0)
(0.141824 0.158718 0)
(0.156413 0.128497 0)
(0.165956 0.0975763 0)
(0.170681 0.0676626 0)
(0.170552 0.0393405 0)
(0.166299 0.0121847 0)
(0.156556 -0.0141809 0)
(0.143 -0.0405133 0)
(0.12203 -0.0671481 0)
(0.0988519 -0.0956546 0)
(0.0634405 -0.130751 0)
(0.0463325 -0.206067 0)
(-0.0231031 -0.386295 0)
(0.028337 -0.485016 0)
(-0.00338994 0.0289451 0)
(0.00974797 0.101225 0)
(0.0363644 0.147766 0)
(0.0678665 0.168188 0)
(0.100429 0.169297 0)
(0.131836 0.15705 0)
(0.159539 0.136748 0)
(0.181812 0.112539 0)
(0.197627 0.0874965 0)
(0.207351 0.0631493 0)
(0.210169 0.0402429 0)
(0.207856 0.0186292 0)
(0.197703 -0.00205791 0)
(0.183257 -0.0223455 0)
(0.158793 -0.0427239 0)
(0.132589 -0.0663023 0)
(0.0915917 -0.100206 0)
(0.0692048 -0.178894 0)
(-0.00474772 -0.369558 0)
(0.0519725 -0.49137 0)
(-0.0137883 0.0188423 0)
(-0.00749665 0.0882258 0)
(0.0187595 0.12374 0)
(0.0555554 0.136524 0)
(0.0962693 0.135954 0)
(0.136233 0.126754 0)
(0.172106 0.112172 0)
(0.201604 0.0945274 0)
(0.223234 0.0762387 0)
(0.238098 0.0583027 0)
(0.244039 0.0416863 0)
(0.244915 0.0262467 0)
(0.235728 0.0121645 0)
(0.224092 -0.00141418 0)
(0.199485 -0.0152552 0)
(0.175988 -0.0340999 0)
(0.132204 -0.0668698 0)
(0.107141 -0.145452 0)
(0.0371548 -0.326044 0)
(0.0922399 -0.455836 0)
(-0.105864 0.0826474 0)
(-0.0776299 0.0691733 0)
(-0.0486313 0.0731987 0)
(0.00337516 0.0775012 0)
(0.0564786 0.0777155 0)
(0.108794 0.0734201 0)
(0.155582 0.0661231 0)
(0.197588 0.056796 0)
(0.229448 0.0472357 0)
(0.257395 0.0377047 0)
(0.273059 0.0291864 0)
(0.288206 0.021334 0)
(0.288707 0.0147146 0)
(0.293019 0.00842793 0)
(0.277106 0.00155825 0)
(0.270278 -0.00958085 0)
(0.231372 -0.0351861 0)
(0.217708 -0.0952456 0)
(0.150121 -0.229719 0)
(0.170656 -0.341491 0)
(0.130056 0.103807 0)
(0.158507 0.0753981 0)
(0.212462 0.053418 0)
(0.270953 0.0417704 0)
(0.323393 0.0360058 0)
(0.375608 0.0319942 0)
(0.419955 0.0289365 0)
(0.46502 0.0255903 0)
(0.497916 0.0229179 0)
(0.533014 0.0197363 0)
(0.55238 0.0175926 0)
(0.578187 0.0146713 0)
(0.584401 0.013248 0)
(0.60288 0.0104441 0)
(0.594504 0.00949466 0)
(0.603236 0.0050997 0)
(0.567661 0.000171671 0)
(0.54772 -0.0182651 0)
(0.435918 -0.0504096 0)
(0.336864 -0.101405 0)
)
;

boundaryField
{
    movingWall
    {
        type            fixedValue;
        value           uniform (1 0 0);
    }
    fixedWalls
    {
        type            noSlip;
    }
    frontAndBack
    {
        type            empty;
    }
}


// ************************************************************************* //
