/*--------------------------------*- C++ -*----------------------------------*\
| =========                 |                                                 |
| \\      /  F ield         | OpenFOAM: The Open Source CFD Toolbox           |
|  \\    /   O peration     | Version:  2212                                  |
|   \\  /    A nd           | Website:  www.openfoam.com                      |
|    \\/     M anipulation  |                                                 |
\*---------------------------------------------------------------------------*/
FoamFile
{
    version     2.0;
    format      ascii;
    arch        "LSB;label=32;scalar=64";
    class       volScalarField;
    location    "1.555";
    object      p;
}
// * * * * * * * * * * * * * * * * * * * * * * * * * * * * * * * * * * * * * //

dimensions      [0 2 -2 0 0 0 0];

internalField   nonuniform List<scalar> 
400
(
-3.33666e-09
-0.000107476
-0.000308558
-0.000589729
-0.00093835
-0.00132234
-0.00167082
-0.00186106
-0.00174356
-0.00118827
-0.000120607
0.0014458
0.0033501
0.00505652
0.00600713
0.00590643
0.00481348
0.00359286
0.00279833
0.00266983
0.000106479
-7.63749e-06
-0.000164934
-0.000381097
-0.000652906
-0.000975896
-0.00133537
-0.00166619
-0.00181859
-0.0015804
-0.000764088
0.000669495
0.00246079
0.00415818
0.00518759
0.00519725
0.00430549
0.00309623
0.00245326
0.00241747
0.000311937
0.000153114
-1.02549e-05
-0.000253876
-0.000628033
-0.00118587
-0.00194257
-0.00280439
-0.00353896
-0.00381629
-0.00334315
-0.00206825
-0.000233865
0.00173979
0.00326791
0.00385167
0.00343011
0.00250992
0.00171892
0.00160496
0.000479817
0.000264943
4.66038e-05
-0.000349644
-0.00105922
-0.00220113
-0.0037827
-0.00560682
-0.0072881
-0.00836629
-0.00848381
-0.00757488
-0.00581008
-0.00348638
-0.00110091
0.00075721
0.00164956
0.00157033
0.000922403
0.000349945
0.000422912
0.000139384
-0.000211493
-0.000933032
-0.00226384
-0.00435538
-0.00712464
-0.0101942
-0.0130131
-0.0150532
-0.0159582
-0.0155958
-0.0140266
-0.0114382
-0.00817449
-0.00476058
-0.00188519
-0.000195574
5.07734e-05
-0.0014338
-5.88875e-05
-0.000429718
-0.001003
-0.00221913
-0.00440131
-0.00766675
-0.0117559
-0.0160513
-0.0198603
-0.0226652
-0.0241892
-0.0243058
-0.0230132
-0.0204566
-0.0167934
-0.0122579
-0.007406
-0.00339079
-0.00173228
-0.00363707
-0.00109359
-0.00156725
-0.00242878
-0.00423087
-0.00732854
-0.011732
-0.0169509
-0.0221413
-0.0265399
-0.0296963
-0.0314415
-0.0317553
-0.0306914
-0.0283815
-0.0248708
-0.0200863
-0.0141454
-0.00812112
-0.00461766
-0.00516504
-0.00267393
-0.0032482
-0.00440735
-0.00676297
-0.0106416
-0.0159252
-0.0219089
-0.0275954
-0.0322311
-0.0354666
-0.0372278
-0.0375633
-0.0365954
-0.03448
-0.0312815
-0.0268262
-0.0208359
-0.0137604
-0.00804342
-0.00556797
-0.00464199
-0.00528378
-0.00668837
-0.00946019
-0.0138656
-0.0196915
-0.0260901
-0.0319939
-0.0367012
-0.0399462
-0.0416962
-0.0420111
-0.0410269
-0.0389414
-0.0359331
-0.0319332
-0.0264938
-0.0193815
-0.012053
-0.00690988
-0.00674221
-0.00738803
-0.00894432
-0.0119409
-0.0165868
-0.0226381
-0.0291947
-0.0351782
-0.0399313
-0.043223
-0.0450119
-0.0453223
-0.0442655
-0.042068
-0.039045
-0.0353344
-0.0306012
-0.0241668
-0.0166564
-0.0100218
-0.00870775
-0.00928952
-0.0108799
-0.0138973
-0.0185155
-0.0245224
-0.0310472
-0.0370406
-0.0418561
-0.0452415
-0.0471113
-0.0474383
-0.0462859
-0.0439027
-0.0407203
-0.0371008
-0.0329828
-0.0274907
-0.0207693
-0.0137956
-0.0103314
-0.0107932
-0.0122918
-0.0151242
-0.0194772
-0.0251932
-0.031509
-0.0374448
-0.0423248
-0.0458216
-0.0477812
-0.0481327
-0.0468861
-0.0443196
-0.0409343
-0.0372794
-0.033636
-0.0289946
-0.0232627
-0.0164504
-0.0115414
-0.0118143
-0.0130642
-0.0155185
-0.0193915
-0.0245914
-0.0305254
-0.0363108
-0.0412211
-0.0448188
-0.0468636
-0.0472432
-0.0459471
-0.043255
-0.0397082
-0.0359399
-0.0326436
-0.0285588
-0.0236544
-0.0169761
-0.0123386
-0.0123771
-0.0132125
-0.015071
-0.0182368
-0.0227349
-0.0281409
-0.0336717
-0.0385543
-0.0422349
-0.0443738
-0.0448062
-0.0435405
-0.040803
-0.0371792
-0.0333816
-0.0301516
-0.0263473
-0.0222799
-0.0152184
-0.0127727
-0.012565
-0.0128393
-0.0139125
-0.0161985
-0.0198564
-0.0246134
-0.0297871
-0.0345794
-0.038331
-0.0406019
-0.0411643
-0.040003
-0.0373213
-0.0337179
-0.0299066
-0.0266098
-0.0229109
-0.0200104
-0.0112359
-0.0129472
-0.0125106
-0.0120302
-0.0121585
-0.0134911
-0.0162804
-0.0203578
-0.0251294
-0.0298006
-0.0336326
-0.0360912
-0.0368735
-0.035943
-0.0334365
-0.0299289
-0.0260801
-0.0226038
-0.0188363
-0.0168947
-0.00371055
-0.0129323
-0.0123342
-0.0109284
-0.0100578
-0.0104859
-0.012514
-0.0160136
-0.0204393
-0.0250205
-0.0289713
-0.0316856
-0.0327689
-0.0321373
-0.0299288
-0.0265406
-0.0225148
-0.0184841
-0.0139589
-0.0100033
0.0125883
-0.0137125
-0.0122022
-0.00939338
-0.00754773
-0.00730265
-0.00885725
-0.0120341
-0.0162905
-0.0208998
-0.025054
-0.0281212
-0.0296192
-0.0293982
-0.0274504
-0.0240819
-0.0194825
-0.0138908
-0.00559255
0.00880622
0.0499831
-0.0117989
-0.0125624
-0.00834897
-0.00542988
-0.00465876
-0.00600722
-0.00911696
-0.0133919
-0.0181552
-0.0225722
-0.0260326
-0.0279736
-0.0282117
-0.0265166
-0.0228908
-0.0166543
-0.00658657
0.0126246
0.0503126
0.120693
-0.0294389
-0.0122307
-0.00437125
-0.00165739
-0.00149918
-0.00319929
-0.00653621
-0.0110132
-0.0159867
-0.020631
-0.0243428
-0.0265643
-0.0270782
-0.0254798
-0.0212004
-0.0121942
0.00577582
0.04338
0.113214
0.217351
)
;

boundaryField
{
    movingWall
    {
        type            zeroGradient;
    }
    fixedWalls
    {
        type            zeroGradient;
    }
    frontAndBack
    {
        type            empty;
    }
}


// ************************************************************************* //
