/*--------------------------------*- C++ -*----------------------------------*\
| =========                 |                                                 |
| \\      /  F ield         | OpenFOAM: The Open Source CFD Toolbox           |
|  \\    /   O peration     | Version:  2212                                  |
|   \\  /    A nd           | Website:  www.openfoam.com                      |
|    \\/     M anipulation  |                                                 |
\*---------------------------------------------------------------------------*/
FoamFile
{
    version     2.0;
    format      ascii;
    arch        "LSB;label=32;scalar=64";
    class       surfaceScalarField;
    location    "4.095";
    object      phi;
}
// * * * * * * * * * * * * * * * * * * * * * * * * * * * * * * * * * * * * * //

dimensions      [0 3 -1 0 0 0 0];

oriented        oriented;

internalField   nonuniform List<scalar> 
760
(
1.53625e-07
-1.53644e-07
2.88354e-07
-1.34729e-07
3.03493e-07
-1.51395e-08
1.77368e-07
1.26126e-07
-1.24893e-07
3.02261e-07
-6.66297e-07
5.41404e-07
-1.47852e-06
8.12222e-07
-2.47595e-06
9.97434e-07
-3.45923e-06
9.83278e-07
-4.19709e-06
7.3786e-07
-4.52264e-06
3.25551e-07
-4.33886e-06
-1.83786e-07
-3.58829e-06
-7.50567e-07
-2.38375e-06
-1.20454e-06
-9.53657e-07
-1.4301e-06
3.29053e-07
-1.28271e-06
1.07319e-06
-7.44134e-07
1.02315e-06
5.00332e-08
4.57528e-07
5.65626e-07
4.57528e-07
1.20885e-07
-2.74529e-07
6.72e-08
-8.10438e-08
-3.03557e-07
3.55617e-07
-1.0799e-06
9.02468e-07
-2.30651e-06
1.52888e-06
-3.90442e-06
2.13931e-06
-5.62666e-06
2.53447e-06
-7.16295e-06
2.53372e-06
-8.28923e-06
2.10956e-06
-8.89522e-06
1.34384e-06
-8.93346e-06
3.63794e-07
-8.38088e-06
-7.36366e-07
-7.26852e-06
-1.86292e-06
-5.62874e-06
-2.84432e-06
-3.60429e-06
-3.45455e-06
-1.49802e-06
-3.38898e-06
1.65265e-07
-2.40742e-06
8.48261e-07
-6.32962e-07
5.21405e-07
8.92481e-07
9.78934e-07
-1.30532e-07
-1.43998e-07
-6.36139e-07
4.24564e-07
-1.62043e-06
1.3399e-06
-3.12408e-06
2.40612e-06
-5.02388e-06
3.42868e-06
-7.02475e-06
4.14018e-06
-8.81401e-06
4.32372e-06
-1.02114e-05
3.93116e-06
-1.11646e-05
3.06269e-06
-1.16655e-05
1.84477e-06
-1.16636e-05
3.61921e-07
-1.12104e-05
-1.18961e-06
-1.02863e-05
-2.78698e-06
-8.83705e-06
-4.29359e-06
-6.84212e-06
-5.44947e-06
-4.38975e-06
-5.84136e-06
-1.87712e-06
-4.92004e-06
-9.09031e-08
-2.41918e-06
2.92654e-07
5.08924e-07
1.27159e-06
-4.9876e-07
3.54762e-07
-1.5516e-06
1.4774e-06
-3.09811e-06
2.88642e-06
-5.0431e-06
4.35111e-06
-7.13046e-06
5.51604e-06
-9.05549e-06
6.0652e-06
-1.06164e-05
5.88463e-06
-1.17695e-05
5.08426e-06
-1.25424e-05
3.83555e-06
-1.29698e-05
2.27222e-06
-1.30378e-05
4.29861e-07
-1.28029e-05
-1.42444e-06
-1.22278e-05
-3.36213e-06
-1.12103e-05
-5.31107e-06
-9.61926e-06
-7.04051e-06
-7.32998e-06
-8.13064e-06
-4.38063e-06
-7.86939e-06
-1.37581e-06
-5.424e-06
1.18756e-07
-9.85638e-07
1.39034e-06
-8.55132e-07
1.20989e-06
-2.34219e-06
2.96446e-06
-4.1967e-06
4.74092e-06
-6.22692e-06
6.38133e-06
-8.15506e-06
7.44419e-06
-9.75948e-06
7.66962e-06
-1.09624e-05
7.0875e-06
-1.17892e-05
5.91113e-06
-1.23018e-05
4.34818e-06
-1.25733e-05
2.54372e-06
-1.26942e-05
5.50723e-07
-1.26529e-05
-1.46572e-06
-1.24397e-05
-3.57536e-06
-1.19748e-05
-5.77598e-06
-1.10714e-05
-7.94393e-06
-9.44158e-06
-9.76042e-06
-6.78752e-06
-1.05235e-05
-3.20864e-06
-9.00288e-06
-2.62223e-07
-3.93206e-06
1.12812e-06
-1.07589e-06
2.28578e-06
-2.75758e-06
4.64615e-06
-4.63431e-06
6.61766e-06
-6.47708e-06
8.22409e-06
-8.06332e-06
9.03044e-06
-9.26151e-06
8.86781e-06
-1.0066e-05
7.892e-06
-1.05411e-05
6.38626e-06
-1.07773e-05
4.58438e-06
-1.08753e-05
2.64169e-06
-1.09569e-05
6.32335e-07
-1.10115e-05
-1.41113e-06
-1.10538e-05
-3.53312e-06
-1.10535e-05
-5.77621e-06
-1.08558e-05
-8.14172e-06
-1.01322e-05
-1.04839e-05
-8.38977e-06
-1.22659e-05
-5.21573e-06
-1.21769e-05
-1.15378e-06
-7.994e-06
-2.5663e-08
-1.09792e-06
3.3837e-06
-2.72962e-06
6.27785e-06
-4.41213e-06
8.30017e-06
-5.93508e-06
9.74705e-06
-7.13899e-06
1.02343e-05
-7.96021e-06
9.68903e-06
-8.43478e-06
8.36657e-06
-8.64908e-06
6.60055e-06
-8.70717e-06
4.64248e-06
-8.70766e-06
2.64217e-06
-8.73505e-06
6.59728e-07
-8.80943e-06
-1.33674e-06
-8.95035e-06
-3.3922e-06
-9.16839e-06
-5.55817e-06
-9.40473e-06
-7.90538e-06
-9.42537e-06
-1.04633e-05
-8.7101e-06
-1.29812e-05
-6.50452e-06
-1.43825e-05
-2.40988e-06
-1.20886e-05
-2.43554e-06
-9.24048e-07
4.30775e-06
-2.32151e-06
7.67531e-06
-3.69634e-06
9.67499e-06
-4.86537e-06
1.09161e-05
-5.7274e-06
1.10964e-05
-6.26414e-06
1.02258e-05
-6.53132e-06
8.63375e-06
-6.61962e-06
6.68885e-06
-6.62624e-06
4.6491e-06
-6.62607e-06
2.642e-06
-6.657e-06
6.90656e-07
-6.73705e-06
-1.25669e-06
-6.88778e-06
-3.24148e-06
-7.13953e-06
-5.30643e-06
-7.50781e-06
-7.5371e-06
-7.89821e-06
-1.00729e-05
-7.89743e-06
-1.2982e-05
-6.68802e-06
-1.55919e-05
-3.56595e-06
-1.52107e-05
-6.00149e-06
-6.1638e-07
4.92413e-06
-1.66806e-06
8.727e-06
-2.69196e-06
1.06989e-05
-3.52322e-06
1.17473e-05
-4.10571e-06
1.16789e-05
-4.44844e-06
1.05685e-05
-4.60934e-06
8.79465e-06
-4.66693e-06
6.74644e-06
-4.69467e-06
4.67684e-06
-4.73785e-06
2.68517e-06
-4.80767e-06
7.60482e-07
-4.91134e-06
-1.15302e-06
-5.05937e-06
-3.09345e-06
-5.28093e-06
-5.08488e-06
-5.63086e-06
-7.18716e-06
-6.12038e-06
-9.58338e-06
-6.52632e-06
-1.2576e-05
-6.105e-06
-1.60132e-05
-3.90731e-06
-1.74084e-05
-9.9088e-06
-2.28317e-07
5.15245e-06
-8.81881e-07
9.38056e-06
-1.54724e-06
1.13643e-05
-2.07133e-06
1.22714e-05
-2.42574e-06
1.20333e-05
-2.63414e-06
1.07769e-05
-2.74442e-06
8.90494e-06
-2.81011e-06
6.81213e-06
-2.8768e-06
4.74354e-06
-2.96742e-06
2.77579e-06
-3.08504e-06
8.78103e-07
-3.22975e-06
-1.0083e-06
-3.40227e-06
-2.92093e-06
-3.6156e-06
-4.87155e-06
-3.92192e-06
-6.88084e-06
-4.40268e-06
-9.10262e-06
-5.00084e-06
-1.19779e-05
-5.10916e-06
-1.59049e-05
-3.54868e-06
-1.89689e-05
-1.34575e-05
1.62844e-07
4.98961e-06
-6.74758e-08
9.61088e-06
-3.97014e-07
1.16938e-05
-6.44886e-07
1.25193e-05
-7.96494e-07
1.21849e-05
-8.82694e-07
1.08631e-05
-9.43116e-07
8.96536e-06
-1.00999e-06
6.879e-06
-1.10029e-06
4.83383e-06
-1.22178e-06
2.89727e-06
-1.37668e-06
1.03301e-06
-1.56721e-06
-8.17771e-07
-1.79253e-06
-2.69561e-06
-2.05135e-06
-4.61273e-06
-2.37266e-06
-6.55952e-06
-2.85057e-06
-8.62471e-06
-3.5464e-06
-1.1282e-05
-4.01832e-06
-1.5433e-05
-3.02121e-06
-1.9966e-05
-1.64787e-05
4.95895e-07
4.49371e-06
6.92537e-07
9.41424e-06
7.35706e-07
1.16506e-05
7.71906e-07
1.24831e-05
8.17996e-07
1.21388e-05
8.48158e-07
1.08329e-05
8.42085e-07
8.97143e-06
7.91261e-07
6.92983e-06
6.97412e-07
4.92768e-06
5.62707e-07
3.03198e-06
3.82769e-07
1.21294e-06
1.51343e-07
-5.86345e-07
-1.33769e-07
-2.41049e-06
-4.79416e-07
-4.26708e-06
-8.91219e-07
-6.14772e-06
-1.41626e-06
-8.09966e-06
-2.20162e-06
-1.04967e-05
-2.95545e-06
-1.46792e-05
-2.46183e-06
-2.04596e-05
-1.89405e-05
7.47672e-07
3.74604e-06
1.34037e-06
8.82154e-06
1.73032e-06
1.12607e-05
2.05813e-06
1.21553e-05
2.33059e-06
1.18663e-05
2.51656e-06
1.0647e-05
2.60694e-06
8.88106e-06
2.61231e-06
6.92445e-06
2.54744e-06
4.99255e-06
2.42058e-06
3.15884e-06
2.22552e-06
1.40801e-06
1.94837e-06
-3.09198e-07
1.58815e-06
-2.05027e-06
1.13988e-06
-3.81881e-06
5.98139e-07
-5.60598e-06
-9.06738e-08
-7.41085e-06
-9.65446e-07
-9.62192e-06
-1.92911e-06
-1.37155e-05
-1.92993e-06
-2.04588e-05
-2.08705e-05
8.60046e-07
2.88599e-06
1.79076e-06
7.89083e-06
2.52675e-06
1.05247e-05
3.16367e-06
1.15184e-05
3.70843e-06
1.13216e-05
4.11693e-06
1.02385e-05
4.37231e-06
8.62567e-06
4.48841e-06
6.80835e-06
4.48911e-06
4.99185e-06
4.39077e-06
3.25718e-06
4.19231e-06
1.60647e-06
3.86641e-06
1.66975e-08
3.42569e-06
-1.60955e-06
2.84842e-06
-3.24154e-06
2.13398e-06
-4.89154e-06
1.29876e-06
-6.57564e-06
2.49896e-07
-8.57305e-06
-9.7334e-07
-1.24922e-05
-1.43439e-06
-1.99977e-05
-2.23048e-05
7.95963e-07
2.09003e-06
1.9316e-06
6.75519e-06
2.96562e-06
9.49065e-06
3.93251e-06
1.05515e-05
4.80444e-06
1.04496e-05
5.51472e-06
9.52819e-06
6.02339e-06
8.117e-06
6.33322e-06
6.49853e-06
6.46598e-06
4.85909e-06
6.44128e-06
3.28188e-06
6.25936e-06
1.78839e-06
5.91438e-06
3.61677e-07
5.37978e-06
-1.07495e-06
4.65843e-06
-2.52019e-06
3.74235e-06
-3.97546e-06
2.65948e-06
-5.49276e-06
1.36618e-06
-7.27975e-06
-1.67657e-07
-1.09584e-05
-9.22934e-07
-1.92425e-05
-2.32278e-05
5.69692e-07
1.52034e-06
1.73805e-06
5.58683e-06
3.06504e-06
8.16366e-06
4.40627e-06
9.21026e-06
5.66447e-06
9.19143e-06
6.74074e-06
8.45193e-06
7.56908e-06
7.28866e-06
8.13658e-06
5.93102e-06
8.45624e-06
4.53943e-06
8.54611e-06
3.19201e-06
8.41365e-06
1.92085e-06
8.05721e-06
7.18118e-07
7.43368e-06
-4.51422e-07
6.55931e-06
-1.64581e-06
5.42095e-06
-2.8371e-06
4.05947e-06
-4.13128e-06
2.54214e-06
-5.76242e-06
9.35056e-07
-9.35133e-06
-1.54594e-07
-1.81528e-05
-2.33824e-05
1.47627e-07
1.37271e-06
1.02285e-06
4.71161e-06
2.48728e-06
6.69923e-06
4.19691e-06
7.50062e-06
5.90797e-06
7.48037e-06
7.43331e-06
6.92659e-06
8.66991e-06
6.05205e-06
9.58795e-06
5.01299e-06
1.01827e-05
3.94464e-06
1.0467e-05
2.90774e-06
1.04472e-05
1.94068e-06
1.01296e-05
1.03567e-06
9.4726e-06
2.05609e-07
8.49167e-06
-6.64879e-07
7.18105e-06
-1.52648e-06
5.59065e-06
-2.54088e-06
3.87841e-06
-4.05018e-06
2.221e-06
-7.69391e-06
6.45545e-07
-1.65774e-05
-2.27368e-05
-5.13943e-07
1.88666e-06
1.94555e-07
4.00311e-06
1.73568e-06
5.15811e-06
3.78359e-06
5.4527e-06
5.92442e-06
5.33954e-06
7.87327e-06
4.97775e-06
9.49343e-06
4.43189e-06
1.07438e-05
3.76267e-06
1.16067e-05
3.08165e-06
1.20997e-05
2.41475e-06
1.22273e-05
1.81306e-06
1.20102e-05
1.25286e-06
1.14694e-05
7.46391e-07
1.05802e-05
2.24249e-07
9.34654e-06
-2.92775e-07
7.83682e-06
-1.03116e-06
6.23678e-06
-2.45014e-06
4.44037e-06
-5.89751e-06
2.04883e-06
-1.41858e-05
-2.0688e-05
-4.17568e-06
6.06233e-06
-3.64e-06
3.46744e-06
-1.25453e-06
2.77265e-06
1.5307e-06
2.66747e-06
4.25635e-06
2.61389e-06
6.77778e-06
2.45631e-06
8.98319e-06
2.22648e-06
1.08131e-05
1.9328e-06
1.22497e-05
1.64498e-06
1.33205e-05
1.34402e-06
1.40426e-05
1.09094e-06
1.44605e-05
8.34927e-07
1.45631e-05
6.43799e-07
1.43611e-05
4.26296e-07
1.38443e-05
2.24031e-07
1.30277e-05
-2.14588e-07
1.19024e-05
-1.32484e-06
1.01044e-05
-4.09949e-06
5.63459e-06
-9.71604e-06
-1.50534e-05
6.06233e-06
9.52977e-06
1.23024e-05
1.49699e-05
1.75838e-05
2.00401e-05
2.22666e-05
2.41994e-05
2.58444e-05
2.71884e-05
2.82793e-05
2.91142e-05
2.9758e-05
3.01843e-05
3.04084e-05
3.01938e-05
2.88689e-05
2.47695e-05
1.50534e-05
)
;

boundaryField
{
    movingWall
    {
        type            calculated;
        value           uniform 0;
    }
    fixedWalls
    {
        type            calculated;
        value           uniform 0;
    }
    frontAndBack
    {
        type            empty;
        value           nonuniform List<scalar> 0();
    }
}


// ************************************************************************* //
