/*--------------------------------*- C++ -*----------------------------------*\
| =========                 |                                                 |
| \\      /  F ield         | OpenFOAM: The Open Source CFD Toolbox           |
|  \\    /   O peration     | Version:  2212                                  |
|   \\  /    A nd           | Website:  www.openfoam.com                      |
|    \\/     M anipulation  |                                                 |
\*---------------------------------------------------------------------------*/
FoamFile
{
    version     2.0;
    format      ascii;
    arch        "LSB;label=32;scalar=64";
    class       volScalarField;
    location    "4.635";
    object      p;
}
// * * * * * * * * * * * * * * * * * * * * * * * * * * * * * * * * * * * * * //

dimensions      [0 2 -2 0 0 0 0];

internalField   nonuniform List<scalar> 
400
(
-2.06873e-07
-0.000150728
-0.000532771
-0.00106741
-0.00172508
-0.00248252
-0.00317029
-0.00358094
-0.0035482
-0.00291826
-0.00153692
0.000624102
0.00324905
0.00551515
0.00654633
0.00595484
0.00405168
0.00220864
0.00117085
0.00109998
0.000115877
-5.78013e-05
-0.000374894
-0.000760487
-0.00123866
-0.00187958
-0.00269263
-0.00352421
-0.00405656
-0.0039147
-0.00282695
-0.000812343
0.00169636
0.0039691
0.00514368
0.00477992
0.0031586
0.00143654
0.000655444
0.000743453
0.000533446
0.00026395
-7.63141e-05
-0.000556484
-0.00133995
-0.00256535
-0.00419229
-0.00594393
-0.00735231
-0.00788992
-0.00721417
-0.0054194
-0.00285697
-0.000163587
0.00182707
0.00247427
0.00176858
0.000567865
-0.000329706
-0.000330004
0.00114358
0.000735305
0.000189965
-0.00077017
-0.00243437
-0.00490227
-0.00793608
-0.0110373
-0.0136007
-0.0150642
-0.0150946
-0.0137356
-0.0112022
-0.0079507
-0.00468268
-0.00214354
-0.000804183
-0.000639547
-0.0012211
-0.00185199
0.00156581
0.000960919
-2.68674e-05
-0.00191201
-0.00496883
-0.00910778
-0.0138026
-0.0183312
-0.0220372
-0.024455
-0.0253256
-0.024529
-0.0221891
-0.0185937
-0.0141798
-0.00955315
-0.00550774
-0.00287753
-0.00212824
-0.00394679
0.00126999
0.000428872
-0.00119757
-0.00427553
-0.0089336
-0.0147573
-0.0208951
-0.026487
-0.0309218
-0.033882
-0.0352391
-0.0348928
-0.0329252
-0.0294821
-0.0247026
-0.0188046
-0.0123871
-0.00686133
-0.00432974
-0.00644487
-7.00011e-05
-0.00115926
-0.00348694
-0.00774139
-0.0138179
-0.0209319
-0.0279853
-0.0340939
-0.0387627
-0.0418305
-0.0433039
-0.0432034
-0.0415949
-0.0385457
-0.0340317
-0.0279349
-0.0203724
-0.012586
-0.00777074
-0.00767648
-0.00246083
-0.00374013
-0.00666462
-0.0118243
-0.0188775
-0.0267385
-0.03418
-0.04038
-0.0449882
-0.0479691
-0.0494111
-0.0494092
-0.0480416
-0.045354
-0.0412959
-0.0356324
-0.0281014
-0.0192125
-0.0117194
-0.00791329
-0.00552889
-0.00689249
-0.0102032
-0.0158971
-0.0234495
-0.0315893
-0.0390597
-0.0451353
-0.0495856
-0.0524509
-0.0538527
-0.0538974
-0.0526594
-0.050195
-0.0465115
-0.0414478
-0.0345857
-0.0257417
-0.0165723
-0.00990703
-0.00870369
-0.010041
-0.0135113
-0.0193856
-0.027039
-0.0351407
-0.0424661
-0.0483691
-0.0526862
-0.0554823
-0.056874
-0.0569481
-0.0557677
-0.0534029
-0.0499319
-0.0453387
-0.0393043
-0.0312761
-0.022144
-0.0142116
-0.0114565
-0.0126951
-0.0161133
-0.0218758
-0.0293345
-0.0372128
-0.0443462
-0.0501192
-0.0543752
-0.0571607
-0.0585682
-0.0586617
-0.0574917
-0.0551338
-0.0517266
-0.0473964
-0.0420743
-0.0351102
-0.0269926
-0.0190155
-0.0134918
-0.0145459
-0.0177404
-0.0231289
-0.0301513
-0.0376797
-0.0446292
-0.0503597
-0.0546504
-0.0574947
-0.0589468
-0.0590511
-0.0578494
-0.0554186
-0.0519491
-0.0476803
-0.0428518
-0.0367859
-0.0298226
-0.0222403
-0.014777
-0.0154946
-0.0182394
-0.0230318
-0.0294271
-0.036513
-0.0432958
-0.0490719
-0.0534991
-0.0564793
-0.0580135
-0.0581233
-0.0568456
-0.0542794
-0.0506405
-0.0462307
-0.0416446
-0.0360628
-0.0300405
-0.022736
-0.0154096
-0.0156561
-0.0176796
-0.0215919
-0.0271571
-0.033707
-0.0403284
-0.0462231
-0.0508911
-0.054103
-0.0557836
-0.0559269
-0.0545487
-0.0517773
-0.047872
-0.0432203
-0.0384764
-0.0329676
-0.0279615
-0.0201684
-0.015521
-0.0152437
-0.0162635
-0.0189707
-0.0234718
-0.0293716
-0.0358188
-0.0418927
-0.0469038
-0.050455
-0.052365
-0.052574
-0.0511224
-0.0481009
-0.0438399
-0.0387815
-0.0336172
-0.0279857
-0.024167
-0.0143519
-0.0152311
-0.0145088
-0.0142134
-0.0153547
-0.018567
-0.0237089
-0.0299638
-0.0362617
-0.0417071
-0.0457116
-0.0479695
-0.0483515
-0.046881
-0.0436282
-0.0389616
-0.0333482
-0.0275778
-0.0216418
-0.0181025
-0.00389361
-0.0146267
-0.0135905
-0.011688
-0.0110597
-0.0129046
-0.0172771
-0.0233572
-0.0299123
-0.0358591
-0.0404186
-0.0431544
-0.0438407
-0.0424706
-0.0390766
-0.033992
-0.0276161
-0.0207208
-0.0133988
-0.0069571
0.0159013
-0.0145639
-0.0126447
-0.00865747
-0.00626098
-0.00692541
-0.010719
-0.0167247
-0.0235691
-0.0300525
-0.0352335
-0.0385648
-0.0396981
-0.0385801
-0.0352236
-0.0297752
-0.0222784
-0.0129984
-0.000910887
0.0164265
0.0568404
-0.0117916
-0.0118364
-0.00576663
-0.00184317
-0.00183006
-0.00543468
-0.0115431
-0.0187069
-0.0256918
-0.0314423
-0.0353806
-0.037076
-0.036431
-0.0331706
-0.0271446
-0.017587
-0.00332182
0.0202163
0.0603999
0.129574
-0.0295075
-0.010647
-0.000667768
0.00299354
0.00236192
-0.00161013
-0.00799239
-0.0154711
-0.0228177
-0.0289521
-0.0332708
-0.0353193
-0.034961
-0.0317805
-0.0251476
-0.0128958
0.00926201
0.0509192
0.122607
0.225854
)
;

boundaryField
{
    movingWall
    {
        type            zeroGradient;
    }
    fixedWalls
    {
        type            zeroGradient;
    }
    frontAndBack
    {
        type            empty;
    }
}


// ************************************************************************* //
