/*--------------------------------*- C++ -*----------------------------------*\
| =========                 |                                                 |
| \\      /  F ield         | OpenFOAM: The Open Source CFD Toolbox           |
|  \\    /   O peration     | Version:  2212                                  |
|   \\  /    A nd           | Website:  www.openfoam.com                      |
|    \\/     M anipulation  |                                                 |
\*---------------------------------------------------------------------------*/
FoamFile
{
    version     2.0;
    format      ascii;
    arch        "LSB;label=32;scalar=64";
    class       surfaceScalarField;
    location    "4.47";
    object      phi;
}
// * * * * * * * * * * * * * * * * * * * * * * * * * * * * * * * * * * * * * //

dimensions      [0 3 -1 0 0 0 0];

oriented        oriented;

internalField   nonuniform List<scalar> 
760
(
1.54578e-07
-1.54564e-07
2.90357e-07
-1.35779e-07
3.0595e-07
-1.55927e-08
1.7974e-07
1.26209e-07
-1.2318e-07
3.0292e-07
-6.66143e-07
5.42963e-07
-1.48095e-06
8.14802e-07
-2.48129e-06
1.00035e-06
-3.46679e-06
9.85499e-07
-4.20549e-06
7.38702e-07
-4.53054e-06
3.25044e-07
-4.34477e-06
-1.85766e-07
-3.59129e-06
-7.53479e-07
-2.38346e-06
-1.20784e-06
-9.50335e-07
-1.43312e-06
3.34328e-07
-1.28466e-06
1.07828e-06
-7.43955e-07
1.02635e-06
5.19362e-08
4.58683e-07
5.67666e-07
4.58683e-07
1.22433e-07
-2.76998e-07
6.9926e-08
-8.32713e-08
-3.01204e-07
3.55538e-07
-1.07965e-06
9.04652e-07
-2.31011e-06
1.53338e-06
-3.9129e-06
2.14575e-06
-5.63955e-06
2.54145e-06
-7.17863e-06
2.53943e-06
-8.306e-06
2.11287e-06
-8.91169e-06
1.34439e-06
-8.94847e-06
3.61829e-07
-8.39352e-06
-7.40715e-07
-7.27797e-06
-1.86903e-06
-5.63447e-06
-2.85134e-06
-3.60619e-06
-3.4614e-06
-1.49666e-06
-3.39419e-06
1.6884e-07
-2.40945e-06
8.51435e-07
-6.30659e-07
5.2275e-07
8.96351e-07
9.81433e-07
-1.29513e-07
-1.47485e-07
-6.35482e-07
4.22697e-07
-1.62232e-06
1.34238e-06
-3.1307e-06
2.41303e-06
-5.03627e-06
3.43895e-06
-7.04217e-06
4.15165e-06
-8.83474e-06
4.33402e-06
-1.0234e-05
3.93864e-06
-1.11878e-05
3.06671e-06
-1.16885e-05
1.84514e-06
-1.16851e-05
3.5842e-07
-1.12301e-05
-1.19578e-06
-1.03034e-05
-2.79568e-06
-8.85076e-06
-4.30399e-06
-6.85186e-06
-5.46031e-06
-4.39511e-06
-5.85094e-06
-1.8785e-06
-4.92606e-06
-8.98776e-08
-2.41929e-06
2.93249e-07
5.13225e-07
1.27468e-06
-4.99519e-07
3.52034e-07
-1.5549e-06
1.47807e-06
-3.10615e-06
2.89364e-06
-5.05708e-06
4.36395e-06
-7.14989e-06
5.53176e-06
-9.07873e-06
6.0805e-06
-1.06418e-05
5.89707e-06
-1.1796e-05
5.09284e-06
-1.25692e-05
3.83997e-06
-1.29965e-05
2.27237e-06
-1.30632e-05
4.25158e-07
-1.28269e-05
-1.43206e-06
-1.22496e-05
-3.37299e-06
-1.12293e-05
-5.3243e-06
-9.63481e-06
-7.05481e-06
-7.34135e-06
-8.14439e-06
-4.38707e-06
-7.88034e-06
-1.37707e-06
-5.42928e-06
1.19291e-07
-9.83141e-07
1.39397e-06
-8.57702e-07
1.20974e-06
-2.3494e-06
2.96977e-06
-4.20972e-06
4.75395e-06
-6.24559e-06
6.39982e-06
-8.17794e-06
7.46411e-06
-9.78481e-06
7.68737e-06
-1.0989e-05
7.10123e-06
-1.18165e-05
5.92039e-06
-1.23294e-05
4.35286e-06
-1.26007e-05
2.54369e-06
-1.27212e-05
5.45662e-07
-1.26786e-05
-1.47464e-06
-1.24635e-05
-3.58817e-06
-1.19961e-05
-5.79161e-06
-1.109e-05
-7.961e-06
-9.45691e-06
-9.77744e-06
-6.79848e-06
-1.05388e-05
-3.21364e-06
-9.01412e-06
-2.62129e-07
-3.93465e-06
1.13184e-06
-1.07993e-06
2.28967e-06
-2.7672e-06
4.65704e-06
-4.64965e-06
6.6364e-06
-6.49712e-06
8.24729e-06
-8.0864e-06
9.0534e-06
-9.28626e-06
8.88723e-06
-1.00918e-05
7.90677e-06
-1.05678e-05
6.39639e-06
-1.08048e-05
4.58986e-06
-1.09033e-05
2.64221e-06
-1.09852e-05
6.27488e-07
-1.10386e-05
-1.42123e-06
-1.10788e-05
-3.54798e-06
-1.10759e-05
-5.7945e-06
-1.08752e-05
-8.16164e-06
-1.0149e-05
-1.05037e-05
-8.40343e-06
-1.22843e-05
-5.22485e-06
-1.21927e-05
-1.15557e-06
-8.00393e-06
-2.37234e-08
-1.10255e-06
3.39222e-06
-2.73984e-06
6.29433e-06
-4.42732e-06
8.32388e-06
-5.95406e-06
9.77402e-06
-7.16036e-06
1.02597e-05
-7.98313e-06
9.71e-06
-8.45917e-06
8.38281e-06
-8.6752e-06
6.61242e-06
-8.73524e-06
4.64991e-06
-8.7374e-06
2.64436e-06
-8.76552e-06
6.5561e-07
-8.83906e-06
-1.34769e-06
-8.97769e-06
-3.40935e-06
-9.19227e-06
-5.57993e-06
-9.4247e-06
-7.9292e-06
-9.44186e-06
-1.04866e-05
-8.72392e-06
-1.30023e-05
-6.51524e-06
-1.44014e-05
-2.41456e-06
-1.21046e-05
-2.43829e-06
-9.2829e-07
4.32051e-06
-2.33069e-06
7.69672e-06
-3.7096e-06
9.7028e-06
-4.88171e-06
1.09461e-05
-5.74591e-06
1.11239e-05
-6.28452e-06
1.02486e-05
-6.55385e-06
8.65214e-06
-6.64481e-06
6.70338e-06
-6.65427e-06
4.65937e-06
-6.6565e-06
2.64658e-06
-6.68859e-06
6.87707e-07
-6.76827e-06
-1.26802e-06
-6.91689e-06
-3.26073e-06
-7.16488e-06
-5.33194e-06
-7.52831e-06
-7.56577e-06
-7.91396e-06
-1.01009e-05
-7.90966e-06
-1.30066e-05
-6.69784e-06
-1.56132e-05
-3.57305e-06
-1.52294e-05
-6.01134e-06
-6.19547e-07
4.94006e-06
-1.67512e-06
8.7523e-06
-2.7022e-06
1.07299e-05
-3.53598e-06
1.17799e-05
-4.12056e-06
1.17085e-05
-4.4654e-06
1.05934e-05
-4.62882e-06
8.81556e-06
-4.68935e-06
6.76392e-06
-4.72008e-06
4.69009e-06
-4.76564e-06
2.69214e-06
-4.8368e-06
7.5887e-07
-4.94052e-06
-1.16431e-06
-5.08708e-06
-3.11417e-06
-5.30552e-06
-5.1135e-06
-5.65081e-06
-7.22048e-06
-6.13495e-06
-9.61677e-06
-6.53657e-06
-1.26049e-05
-6.11291e-06
-1.60369e-05
-3.91297e-06
-1.74293e-05
-9.92431e-06
-2.2985e-07
5.16991e-06
-8.86037e-07
9.40848e-06
-1.55363e-06
1.13975e-05
-2.07963e-06
1.23059e-05
-2.43591e-06
1.20648e-05
-2.64637e-06
1.08039e-05
-2.75903e-06
8.92821e-06
-2.8273e-06
6.83219e-06
-2.89644e-06
4.75923e-06
-2.98897e-06
2.78468e-06
-3.10782e-06
8.77723e-07
-3.25294e-06
-1.01919e-06
-3.42484e-06
-2.94227e-06
-3.63633e-06
-4.90201e-06
-3.93916e-06
-6.91765e-06
-4.41507e-06
-9.14085e-06
-5.00861e-06
-1.20114e-05
-5.11437e-06
-1.59311e-05
-3.55214e-06
-1.89916e-05
-1.34765e-05
1.63261e-07
5.00665e-06
-6.82991e-08
9.64004e-06
-3.99123e-07
1.17283e-05
-6.48218e-07
1.2555e-05
-8.01195e-07
1.22177e-05
-8.89018e-07
1.08917e-05
-9.51217e-07
8.99041e-06
-1.01983e-06
6.90081e-06
-1.11164e-06
4.85103e-06
-1.23433e-06
2.90737e-06
-1.3902e-06
1.03359e-06
-1.58142e-06
-8.27973e-07
-1.80693e-06
-2.71676e-06
-2.06526e-06
-4.64368e-06
-2.38495e-06
-6.59796e-06
-2.85948e-06
-8.66633e-06
-3.55134e-06
-1.13195e-05
-4.02099e-06
-1.54614e-05
-3.0229e-06
-1.99897e-05
-1.64994e-05
4.98207e-07
4.50844e-06
6.95426e-07
9.44282e-06
7.38578e-07
1.16851e-05
7.7438e-07
1.25192e-05
8.19674e-07
1.21724e-05
8.4884e-07
1.08626e-05
8.4186e-07
8.99739e-06
7.90399e-07
6.95227e-06
6.9602e-07
4.94541e-06
5.60811e-07
3.04258e-06
3.80194e-07
1.21421e-06
1.4798e-07
-5.95759e-07
-1.37969e-07
-2.43081e-06
-4.84303e-07
-4.29735e-06
-8.96285e-07
-6.18597e-06
-1.42007e-06
-8.14254e-06
-2.20291e-06
-1.05367e-05
-2.95526e-06
-1.47091e-05
-2.46169e-06
-2.04832e-05
-1.8961e-05
7.51816e-07
3.75663e-06
1.34691e-06
8.84773e-06
1.73822e-06
1.12938e-05
2.06671e-06
1.21907e-05
2.33922e-06
1.18999e-05
2.52496e-06
1.06768e-05
2.61529e-06
8.90707e-06
2.62096e-06
6.9466e-06
2.55659e-06
5.00978e-06
2.42996e-06
3.16922e-06
2.23444e-06
1.40973e-06
1.95616e-06
-3.17482e-07
1.59462e-06
-2.06927e-06
1.14471e-06
-3.84744e-06
6.01318e-07
-5.64258e-06
-8.85392e-08
-7.45268e-06
-9.62576e-07
-9.66266e-06
-1.92581e-06
-1.37459e-05
-1.92837e-06
-2.04807e-05
-2.08894e-05
8.653e-07
2.89133e-06
1.80033e-06
7.91271e-06
2.53919e-06
1.0555e-05
3.17807e-06
1.15518e-05
3.72404e-06
1.1354e-05
4.13333e-06
1.02675e-05
4.38958e-06
8.65082e-06
4.5068e-06
6.82938e-06
4.50867e-06
5.00791e-06
4.41123e-06
3.26665e-06
4.21312e-06
1.60784e-06
3.8852e-06
1.04435e-08
3.44291e-06
-1.62698e-06
2.86303e-06
-3.26756e-06
2.14548e-06
-4.92504e-06
1.30738e-06
-6.61458e-06
2.56565e-07
-8.61185e-06
-9.67623e-07
-1.25217e-05
-1.4317e-06
-2.00166e-05
-2.23211e-05
8.01181e-07
2.09014e-06
1.94289e-06
6.771e-06
2.98137e-06
9.51648e-06
3.95162e-06
1.05816e-05
4.82608e-06
1.04795e-05
5.53834e-06
9.55527e-06
6.04883e-06
8.14033e-06
6.36054e-06
6.51767e-06
6.49505e-06
4.8734e-06
6.47148e-06
3.29022e-06
6.28944e-06
1.78988e-06
5.94421e-06
3.55671e-07
5.407e-06
-1.08977e-06
4.6822e-06
-2.54275e-06
3.76178e-06
-4.00462e-06
2.67399e-06
-5.52678e-06
1.37633e-06
-7.31419e-06
-1.62166e-07
-1.09832e-05
-9.18863e-07
-1.92599e-05
-2.324e-05
5.73654e-07
1.51649e-06
1.74896e-06
5.5957e-06
3.08202e-06
8.18342e-06
4.42852e-06
9.23509e-06
5.69104e-06
9.21699e-06
6.77079e-06
8.47552e-06
7.60208e-06
7.30904e-06
8.17221e-06
5.94754e-06
8.49406e-06
4.55154e-06
8.58532e-06
3.19896e-06
8.45323e-06
1.92197e-06
8.09573e-06
7.13166e-07
7.46941e-06
-4.63449e-07
6.59085e-06
-1.6642e-06
5.4471e-06
-2.86086e-06
4.07903e-06
-4.15872e-06
2.55583e-06
-5.79099e-06
9.45203e-07
-9.37255e-06
-1.49879e-07
-1.81648e-05
-2.33898e-05
1.49886e-07
1.3666e-06
1.03161e-06
4.71397e-06
2.50294e-06
6.71209e-06
4.21933e-06
7.51869e-06
5.93638e-06
7.49994e-06
7.46671e-06
6.94519e-06
8.70751e-06
6.06825e-06
9.62904e-06
5.026e-06
1.02267e-05
3.95393e-06
1.05127e-05
2.91292e-06
1.04935e-05
1.94118e-06
1.01752e-05
1.03151e-06
9.51443e-06
1.97272e-07
8.5292e-06
-6.78963e-07
7.21222e-06
-1.54389e-06
5.61415e-06
-2.56065e-06
3.89384e-06
-4.07069e-06
2.23012e-06
-7.70882e-06
6.49065e-07
-1.65838e-05
-2.27408e-05
-5.15677e-07
1.88228e-06
1.9775e-07
4.00054e-06
1.74674e-06
5.1631e-06
3.80329e-06
5.46215e-06
5.95226e-06
5.35097e-06
7.90802e-06
4.98943e-06
9.53394e-06
4.44232e-06
1.07888e-05
3.77112e-06
1.16553e-05
3.0875e-06
1.21502e-05
2.41794e-06
1.22781e-05
1.81333e-06
1.20591e-05
1.25046e-06
1.15155e-05
7.40849e-07
1.0621e-05
2.15581e-07
9.37963e-06
-3.02517e-07
7.86157e-06
-1.04258e-06
6.2525e-06
-2.46162e-06
4.44874e-06
-5.90506e-06
2.0523e-06
-1.41873e-05
-2.06885e-05
-4.17762e-06
6.0599e-06
-3.64125e-06
3.46417e-06
-1.25065e-06
2.77251e-06
1.54178e-06
2.66971e-06
4.27505e-06
2.6177e-06
6.80366e-06
2.46082e-06
9.01518e-06
2.23081e-06
1.08498e-05
1.93648e-06
1.22897e-05
1.64761e-06
1.33621e-05
1.34556e-06
1.40842e-05
1.09121e-06
1.45007e-05
8.34018e-07
1.45999e-05
6.41614e-07
1.43921e-05
4.23374e-07
1.38691e-05
2.20517e-07
1.3046e-05
-2.1953e-07
1.19129e-05
-1.32854e-06
1.01086e-05
-4.10071e-06
5.63632e-06
-9.71506e-06
-1.50522e-05
6.0599e-06
9.52407e-06
1.22966e-05
1.49663e-05
1.7584e-05
2.00448e-05
2.22756e-05
2.42121e-05
2.58597e-05
2.72053e-05
2.82965e-05
2.91305e-05
2.97721e-05
3.01955e-05
3.0416e-05
3.01965e-05
2.88679e-05
2.47672e-05
1.50522e-05
)
;

boundaryField
{
    movingWall
    {
        type            calculated;
        value           uniform 0;
    }
    fixedWalls
    {
        type            calculated;
        value           uniform 0;
    }
    frontAndBack
    {
        type            empty;
        value           nonuniform List<scalar> 0();
    }
}


// ************************************************************************* //
