/*--------------------------------*- C++ -*----------------------------------*\
| =========                 |                                                 |
| \\      /  F ield         | OpenFOAM: The Open Source CFD Toolbox           |
|  \\    /   O peration     | Version:  2212                                  |
|   \\  /    A nd           | Website:  www.openfoam.com                      |
|    \\/     M anipulation  |                                                 |
\*---------------------------------------------------------------------------*/
FoamFile
{
    version     2.0;
    format      ascii;
    arch        "LSB;label=32;scalar=64";
    class       surfaceScalarField;
    location    "0.34";
    object      phi;
}
// * * * * * * * * * * * * * * * * * * * * * * * * * * * * * * * * * * * * * //

dimensions      [0 3 -1 0 0 0 0];

oriented        oriented;

internalField   nonuniform List<scalar> 
760
(
-2.22717e-08
2.22715e-08
-7.5306e-08
5.30342e-08
-1.39732e-07
6.44255e-08
-2.06302e-07
6.65707e-08
-2.72129e-07
6.58266e-08
-3.36075e-07
6.39466e-08
-3.97033e-07
6.09581e-08
-4.53448e-07
5.64155e-08
-5.03178e-07
4.97301e-08
-5.4344e-07
4.02617e-08
-5.70841e-07
2.74007e-08
-5.81509e-07
1.06681e-08
-5.71303e-07
-1.02064e-08
-5.36569e-07
-3.47338e-08
-4.74994e-07
-6.15747e-08
-3.86833e-07
-8.81604e-08
-2.76628e-07
-1.10205e-07
-1.56069e-07
-1.20559e-07
-4.96668e-08
-1.06402e-07
-4.96667e-08
-5.63477e-08
7.86192e-08
-1.61996e-07
1.58683e-07
-2.84902e-07
1.87332e-07
-4.10691e-07
1.9236e-07
-5.33575e-07
1.88711e-07
-6.50623e-07
1.80994e-07
-7.59286e-07
1.69621e-07
-8.56588e-07
1.53718e-07
-9.38861e-07
1.32004e-07
-1.00166e-06
1.03057e-07
-1.0398e-06
6.55465e-08
-1.04787e-06
1.87385e-08
-1.01969e-06
-3.83902e-08
-9.5043e-07
-1.03992e-07
-8.37357e-07
-1.74647e-07
-6.81719e-07
-2.43798e-07
-4.91486e-07
-3.00439e-07
-2.85519e-07
-3.26526e-07
-1.00207e-07
-2.91716e-07
-1.49873e-07
-7.21457e-08
1.50765e-07
-2.02119e-07
2.88656e-07
-3.50875e-07
3.36088e-07
-5.01945e-07
3.4343e-07
-6.48738e-07
3.35505e-07
-7.87833e-07
3.20089e-07
-9.16286e-07
2.98075e-07
-1.03077e-06
2.68206e-07
-1.12728e-06
2.2851e-07
-1.20095e-06
1.76731e-07
-1.24608e-06
1.10676e-07
-1.25628e-06
2.89342e-08
-1.22439e-06
-7.02781e-08
-1.14415e-06
-1.84233e-07
-1.01135e-06
-3.07451e-07
-8.26358e-07
-4.28787e-07
-5.97895e-07
-5.28902e-07
-3.48466e-07
-5.75955e-07
-1.22575e-07
-5.17607e-07
-2.72449e-07
-7.82447e-08
2.2901e-07
-2.19508e-07
4.2992e-07
-3.80568e-07
4.97148e-07
-5.43786e-07
5.06648e-07
-7.02523e-07
4.94241e-07
-8.53532e-07
4.71098e-07
-9.94081e-07
4.38624e-07
-1.12104e-06
3.95168e-07
-1.23052e-06
3.37986e-07
-1.31757e-06
2.6378e-07
-1.37599e-06
1.69102e-07
-1.39839e-06
5.13297e-08
-1.37574e-06
-9.29274e-08
-1.2987e-06
-2.61274e-07
-1.15957e-06
-4.46581e-07
-9.55583e-07
-6.32774e-07
-6.94701e-07
-7.89783e-07
-4.03827e-07
-8.66829e-07
-1.3943e-07
-7.82005e-07
-4.11878e-07
-8.12824e-08
3.10292e-07
-2.29445e-07
5.78082e-07
-3.98638e-07
6.66341e-07
-5.70435e-07
6.78445e-07
-7.38387e-07
6.62194e-07
-8.99727e-07
6.32437e-07
-1.05227e-06
5.91166e-07
-1.19343e-06
5.36329e-07
-1.31975e-06
4.64303e-07
-1.42641e-06
3.70445e-07
-1.50678e-06
2.49468e-07
-1.55202e-06
9.65686e-08
-1.55071e-06
-9.42363e-08
-1.48828e-06
-3.23698e-07
-1.35084e-06
-5.8402e-07
-1.12914e-06
-8.54479e-07
-8.27985e-07
-1.09094e-06
-4.80069e-07
-1.21474e-06
-1.61446e-07
-1.10063e-06
-5.73324e-07
-8.3848e-08
3.9414e-07
-2.38287e-07
7.32521e-07
-4.15199e-07
8.43253e-07
-5.95467e-07
8.58712e-07
-7.72959e-07
8.39685e-07
-9.45593e-07
8.05071e-07
-1.11203e-06
7.57599e-07
-1.27059e-06
6.94894e-07
-1.41869e-06
6.12401e-07
-1.5521e-06
5.03852e-07
-1.66408e-06
3.61446e-07
-1.74434e-06
1.7683e-07
-1.77922e-06
-5.93556e-08
-1.74634e-06
-3.56577e-07
-1.62212e-06
-7.08243e-07
-1.38515e-06
-1.09145e-06
-1.03131e-06
-1.44478e-06
-5.98391e-07
-1.64766e-06
-1.94378e-07
-1.50464e-06
-7.67702e-07
-8.66672e-08
4.80808e-07
-2.47966e-07
8.9382e-07
-4.33249e-07
1.02854e-06
-6.22644e-07
1.04811e-06
-8.10423e-07
1.02746e-06
-9.95405e-07
9.90053e-07
-1.17743e-06
9.3962e-07
-1.35621e-06
8.73682e-07
-1.5307e-06
7.86882e-07
-1.69808e-06
6.71235e-07
-1.85248e-06
5.15847e-07
-1.98264e-06
3.06992e-07
-2.07503e-06
3.30318e-08
-2.09576e-06
-3.3584e-07
-2.00863e-06
-7.95379e-07
-1.7703e-06
-1.32978e-06
-1.35433e-06
-1.86074e-06
-7.94977e-07
-2.20702e-06
-2.48951e-07
-2.05067e-06
-1.01665e-06
-8.98911e-08
5.70699e-07
-2.58886e-07
1.06282e-06
-4.53252e-07
1.2229e-06
-6.52173e-07
1.24703e-06
-8.50398e-07
1.22569e-06
-1.04787e-06
1.18752e-06
-1.24598e-06
1.13773e-06
-1.44645e-06
1.07416e-06
-1.65068e-06
9.91106e-07
-1.85869e-06
8.79247e-07
-2.0675e-06
7.24656e-07
-2.26841e-06
5.07903e-07
-2.44148e-06
2.06104e-07
-2.55919e-06
-2.18131e-07
-2.55865e-06
-7.95923e-07
-2.36288e-06
-1.52554e-06
-1.8948e-06
-2.32883e-06
-1.15349e-06
-2.94833e-06
-3.57625e-07
-2.84653e-06
-1.37428e-06
-9.36279e-08
6.64327e-07
-2.71227e-07
1.24041e-06
-4.75163e-07
1.42684e-06
-6.83398e-07
1.45526e-06
-8.91201e-07
1.43349e-06
-1.09984e-06
1.39616e-06
-1.31263e-06
1.35052e-06
-1.53393e-06
1.29546e-06
-1.76866e-06
1.22584e-06
-2.02146e-06
1.13204e-06
-2.29496e-06
9.98163e-07
-2.58655e-06
7.99487e-07
-2.88051e-06
5.00071e-07
-3.16026e-06
6.16173e-08
-3.33854e-06
-6.1765e-07
-3.29191e-06
-1.57217e-06
-2.83507e-06
-2.78567e-06
-1.84997e-06
-3.93344e-06
-6.07015e-07
-4.08948e-06
-1.98129e-06
-9.82123e-08
7.62539e-07
-2.85571e-07
1.42777e-06
-4.99368e-07
1.64063e-06
-7.15974e-07
1.67187e-06
-9.31202e-07
1.64872e-06
-1.14779e-06
1.61275e-06
-1.37125e-06
1.57397e-06
-1.60908e-06
1.53329e-06
-1.87076e-06
1.48751e-06
-2.16759e-06
1.42888e-06
-2.51192e-06
1.34249e-06
-2.91491e-06
1.20247e-06
-3.38172e-06
9.66885e-07
-3.8922e-06
5.721e-07
-4.4078e-06
-1.02055e-07
-4.70385e-06
-1.27611e-06
-4.39979e-06
-3.08973e-06
-3.12573e-06
-5.20749e-06
-1.16071e-06
-6.0545e-06
-3.142e-06
-1.04441e-07
8.6698e-07
-3.03384e-07
1.62672e-06
-5.27322e-07
1.86457e-06
-7.50612e-07
1.89516e-06
-9.69676e-07
1.86778e-06
-1.18882e-06
1.83189e-06
-1.41576e-06
1.80092e-06
-1.66125e-06
1.77878e-06
-1.93983e-06
1.76609e-06
-2.27102e-06
1.76007e-06
-2.68054e-06
1.75201e-06
-3.20127e-06
1.7232e-06
-3.8728e-06
1.63841e-06
-4.72235e-06
1.42165e-06
-5.70622e-06
8.8182e-07
-6.54183e-06
-4.40502e-07
-6.52373e-06
-3.10784e-06
-4.98705e-06
-6.74417e-06
-2.16155e-06
-8.88e-06
-5.30355e-06
-1.13896e-07
9.80876e-07
-3.27612e-07
1.84043e-06
-5.62247e-07
2.09921e-06
-7.89812e-07
2.12272e-06
-1.00763e-06
2.0856e-06
-1.22163e-06
2.0459e-06
-1.44146e-06
2.02075e-06
-1.68048e-06
2.0178e-06
-1.95759e-06
2.04321e-06
-2.30031e-06
2.10279e-06
-2.74933e-06
2.20103e-06
-3.36398e-06
2.33785e-06
-4.22508e-06
2.49951e-06
-5.41082e-06
2.6074e-06
-6.85558e-06
2.32658e-06
-8.12182e-06
8.25737e-07
-8.34333e-06
-2.88632e-06
-6.79099e-06
-8.29652e-06
-3.53066e-06
-1.21403e-05
-8.83421e-06
-1.29457e-07
1.11033e-06
-3.63521e-07
2.0745e-06
-6.10016e-07
2.3457e-06
-8.38666e-07
2.35137e-06
-1.04864e-06
2.29557e-06
-1.24778e-06
2.24504e-06
-1.44692e-06
2.21989e-06
-1.66038e-06
2.23126e-06
-1.90877e-06
2.2916e-06
-2.22385e-06
2.41787e-06
-2.6561e-06
2.63328e-06
-3.28311e-06
2.96486e-06
-4.20482e-06
3.42122e-06
-5.48833e-06
3.89091e-06
-7.00786e-06
3.8461e-06
-8.24463e-06
2.06251e-06
-8.54024e-06
-2.59071e-06
-7.45708e-06
-9.37968e-06
-4.57448e-06
-1.50229e-05
-1.34087e-05
-1.56472e-07
1.26681e-06
-4.20154e-07
2.33818e-06
-6.80011e-07
2.60556e-06
-9.05281e-07
2.57664e-06
-1.09936e-06
2.48965e-06
-1.27263e-06
2.41831e-06
-1.43603e-06
2.38329e-06
-1.60209e-06
2.39732e-06
-1.78812e-06
2.47763e-06
-2.02145e-06
2.65119e-06
-2.3468e-06
2.95864e-06
-2.83208e-06
3.45014e-06
-3.55048e-06
4.13962e-06
-4.50354e-06
4.84396e-06
-5.52727e-06
4.86983e-06
-6.34071e-06
2.87595e-06
-6.72084e-06
-2.21057e-06
-6.4481e-06
-9.65242e-06
-4.44091e-06
-1.70301e-05
-1.78496e-05
-2.03659e-07
1.47046e-06
-5.12794e-07
2.64731e-06
-7.89162e-07
2.88193e-06
-1.00342e-06
2.7909e-06
-1.17059e-06
2.65683e-06
-1.3061e-06
2.55381e-06
-1.41959e-06
2.49678e-06
-1.51814e-06
2.49588e-06
-1.60948e-06
2.56896e-06
-1.7056e-06
2.74731e-06
-1.82626e-06
3.0793e-06
-1.99904e-06
3.62292e-06
-2.24306e-06
4.38363e-06
-2.5288e-06
5.1297e-06
-2.77233e-06
5.11337e-06
-3.02184e-06
3.12546e-06
-3.58033e-06
-1.65209e-06
-4.15246e-06
-9.08029e-06
-3.27243e-06
-1.79101e-05
-2.1122e-05
-2.88857e-07
1.75932e-06
-6.63652e-07
3.02211e-06
-9.47239e-07
3.16551e-06
-1.13882e-06
2.98248e-06
-1.26935e-06
2.78736e-06
-1.35834e-06
2.6428e-06
-1.41284e-06
2.55128e-06
-1.43164e-06
2.51468e-06
-1.40822e-06
2.54555e-06
-1.33188e-06
2.67097e-06
-1.1877e-06
2.93512e-06
-9.53339e-07
3.38856e-06
-5.96284e-07
4.02658e-06
-1.47018e-07
4.68044e-06
2.34725e-07
4.73163e-06
3.50108e-07
3.01008e-06
-5.97038e-08
-1.24227e-06
-1.19094e-06
-7.94905e-06
-1.6765e-06
-1.74246e-05
-2.27985e-05
-4.56597e-07
2.21592e-06
-9.76003e-07
3.54151e-06
-1.24403e-06
3.43354e-06
-1.35616e-06
3.09461e-06
-1.41505e-06
2.84625e-06
-1.44233e-06
2.67008e-06
-1.43058e-06
2.53953e-06
-1.36353e-06
2.44762e-06
-1.22114e-06
2.40316e-06
-9.71814e-07
2.42164e-06
-5.74301e-07
2.53761e-06
4.95798e-08
2.76468e-06
9.10346e-07
3.16581e-06
2.00454e-06
3.58624e-06
3.10954e-06
3.62663e-06
3.66142e-06
2.4582e-06
3.00417e-06
-5.85029e-07
1.38011e-06
-6.32498e-06
1.64982e-07
-1.62095e-05
-2.26336e-05
-4.44884e-07
2.6608e-06
-1.06997e-06
4.16661e-06
-1.44687e-06
3.81043e-06
-1.62403e-06
3.27178e-06
-1.65037e-06
2.87258e-06
-1.57124e-06
2.59095e-06
-1.40432e-06
2.37261e-06
-1.14828e-06
2.19158e-06
-8.03125e-07
2.05801e-06
-3.40648e-07
1.95916e-06
2.73998e-07
1.92296e-06
1.07957e-06
1.9591e-06
2.14676e-06
2.09863e-06
3.48626e-06
2.24674e-06
4.85076e-06
2.26213e-06
5.66049e-06
1.64847e-06
5.45595e-06
-3.80483e-07
4.05165e-06
-4.92068e-06
1.86548e-06
-1.40233e-05
-2.07681e-05
-3.92225e-06
6.58305e-06
-3.7852e-06
4.02956e-06
-2.67842e-06
2.70366e-06
-1.61291e-06
2.20627e-06
-6.3675e-07
1.89642e-06
3.09557e-07
1.64464e-06
1.23526e-06
1.44691e-06
2.14685e-06
1.28e-06
3.04121e-06
1.16364e-06
3.9379e-06
1.06247e-06
4.84758e-06
1.01329e-06
5.82132e-06
9.8536e-07
6.88875e-06
1.03119e-06
8.06022e-06
1.07527e-06
9.3189e-06
1.00345e-06
1.03606e-05
6.06717e-07
1.05207e-05
-5.40494e-07
9.6253e-06
-4.02532e-06
5.48902e-06
-9.88701e-06
-1.52791e-05
6.58305e-06
1.06126e-05
1.33163e-05
1.55225e-05
1.74189e-05
1.90636e-05
2.05105e-05
2.17905e-05
2.29541e-05
2.40166e-05
2.50299e-05
2.60153e-05
2.70464e-05
2.81217e-05
2.91252e-05
2.97319e-05
2.91914e-05
2.51661e-05
1.52791e-05
)
;

boundaryField
{
    movingWall
    {
        type            calculated;
        value           uniform 0;
    }
    fixedWalls
    {
        type            calculated;
        value           uniform 0;
    }
    frontAndBack
    {
        type            empty;
        value           nonuniform List<scalar> 0();
    }
}


// ************************************************************************* //
