/*--------------------------------*- C++ -*----------------------------------*\
| =========                 |                                                 |
| \\      /  F ield         | OpenFOAM: The Open Source CFD Toolbox           |
|  \\    /   O peration     | Version:  2212                                  |
|   \\  /    A nd           | Website:  www.openfoam.com                      |
|    \\/     M anipulation  |                                                 |
\*---------------------------------------------------------------------------*/
FoamFile
{
    version     2.0;
    format      ascii;
    arch        "LSB;label=32;scalar=64";
    class       volVectorField;
    location    "2.78";
    object      U;
}
// * * * * * * * * * * * * * * * * * * * * * * * * * * * * * * * * * * * * * //

dimensions      [0 1 -1 0 0 0 0];

internalField   nonuniform List<vector> 
400
(
(0.00152038 -0.00154739 0)
(0.00433062 -0.00172207 0)
(0.00581636 -0.00110615 0)
(0.00484484 -0.000509692 0)
(0.000871041 0.000240309 0)
(-0.00713655 0.00171293 0)
(-0.0201776 0.00449617 0)
(-0.0380732 0.00812093 0)
(-0.0582982 0.0105938 0)
(-0.0760089 0.0100479 0)
(-0.0866482 0.00663152 0)
(-0.0877381 0.00178079 0)
(-0.0783402 -0.00330092 0)
(-0.0591412 -0.00784625 0)
(-0.0337391 -0.0104081 0)
(-0.00642199 -0.00948635 0)
(0.0150774 -0.00481576 0)
(0.0229496 0.00248694 0)
(0.0154142 0.00611796 0)
(0.00417107 0.00450962 0)
(0.00144615 -0.00448438 0)
(0.00243006 -0.00343177 0)
(-0.00130124 0.000797463 0)
(-0.0117886 0.00625241 0)
(-0.0307968 0.0133673 0)
(-0.058837 0.0224273 0)
(-0.0927721 0.0312122 0)
(-0.126139 0.0353436 0)
(-0.153052 0.0323538 0)
(-0.170134 0.0229845 0)
(-0.175866 0.00939736 0)
(-0.170155 -0.00611763 0)
(-0.153565 -0.0218177 0)
(-0.12673 -0.0352924 0)
(-0.0918652 -0.042953 0)
(-0.0516707 -0.0406164 0)
(-0.0119394 -0.0259549 0)
(0.0156533 -0.0018767 0)
(0.0170306 0.0152745 0)
(0.00537795 0.0141892 0)
(-0.00045714 -0.00475358 0)
(-0.00570186 0.00159111 0)
(-0.0194367 0.0139687 0)
(-0.0430239 0.0296663 0)
(-0.0768847 0.0467885 0)
(-0.116807 0.0611244 0)
(-0.155624 0.0675794 0)
(-0.187843 0.0638458 0)
(-0.211176 0.0510132 0)
(-0.224935 0.031404 0)
(-0.229051 0.00728791 0)
(-0.224091 -0.0193294 0)
(-0.210352 -0.0463368 0)
(-0.187359 -0.070225 0)
(-0.154835 -0.0859747 0)
(-0.112787 -0.0866888 0)
(-0.0630645 -0.0656734 0)
(-0.0138671 -0.0231082 0)
(0.00909109 0.0165742 0)
(0.00414147 0.0226378 0)
(-0.00339166 0.00149022 0)
(-0.0168802 0.0173809 0)
(-0.0416503 0.0396929 0)
(-0.0759153 0.0646724 0)
(-0.117165 0.0867188 0)
(-0.158628 0.0994847 0)
(-0.193985 0.099378 0)
(-0.221001 0.0872926 0)
(-0.239797 0.0661718 0)
(-0.250909 0.0386499 0)
(-0.255111 0.00659075 0)
(-0.253174 -0.0286888 0)
(-0.245046 -0.0650658 0)
(-0.22969 -0.0996404 0)
(-0.20515 -0.127092 0)
(-0.168778 -0.13878 0)
(-0.118184 -0.122773 0)
(-0.0554135 -0.0699133 0)
(-0.001146 0.00234059 0)
(0.00471594 0.0271573 0)
(-0.00631749 0.0151628 0)
(-0.0272079 0.0428544 0)
(-0.0599936 0.073459 0)
(-0.0991875 0.103645 0)
(-0.140435 0.125525 0)
(-0.176963 0.133171 0)
(-0.205059 0.125687 0)
(-0.22482 0.106265 0)
(-0.23745 0.078656 0)
(-0.244582 0.0456171 0)
(-0.247894 0.00870117 0)
(-0.248344 -0.0313202 0)
(-0.245765 -0.0733575 0)
(-0.239507 -0.116096 0)
(-0.226834 -0.155682 0)
(-0.203156 -0.183794 0)
(-0.162595 -0.185346 0)
(-0.100684 -0.139899 0)
(-0.0217004 -0.0388943 0)
(0.00713043 0.026009 0)
(-0.0079908 0.0340454 0)
(-0.0331252 0.0736867 0)
(-0.0691016 0.1096 0)
(-0.107564 0.141067 0)
(-0.143805 0.15954 0)
(-0.17238 0.160584 0)
(-0.191911 0.145805 0)
(-0.203731 0.11997 0)
(-0.209746 0.0873913 0)
(-0.212384 0.051061 0)
(-0.213699 0.012473 0)
(-0.214773 -0.0279981 0)
(-0.21585 -0.0708382 0)
(-0.216937 -0.116504 0)
(-0.215842 -0.163839 0)
(-0.207436 -0.207395 0)
(-0.1837 -0.233041 0)
(-0.136225 -0.213797 0)
(-0.0608471 -0.116378 0)
(0.00548907 0.0135115 0)
(-0.0077541 0.0548086 0)
(-0.0332079 0.105401 0)
(-0.0678713 0.143717 0)
(-0.101781 0.173572 0)
(-0.130823 0.186889 0)
(-0.151179 0.180914 0)
(-0.163122 0.159292 0)
(-0.168624 0.127944 0)
(-0.17003 0.0916724 0)
(-0.169883 0.0535598 0)
(-0.169845 0.0149007 0)
(-0.170689 -0.0242932 0)
(-0.172996 -0.0652261 0)
(-0.177308 -0.109366 0)
(-0.182912 -0.157936 0)
(-0.186048 -0.209787 0)
(-0.17872 -0.255778 0)
(-0.150983 -0.269626 0)
(-0.0966611 -0.201575 0)
(-0.00858227 -0.0147519 0)
(-0.00572568 0.0741064 0)
(-0.0279696 0.134492 0)
(-0.0580405 0.173315 0)
(-0.0855297 0.199993 0)
(-0.107205 0.207582 0)
(-0.120744 0.194883 0)
(-0.127375 0.167222 0)
(-0.129318 0.131438 0)
(-0.12901 0.0926356 0)
(-0.128517 0.0536742 0)
(-0.128665 0.0153639 0)
(-0.129681 -0.0227029 0)
(-0.132057 -0.061669 0)
(-0.136553 -0.102981 0)
(-0.143779 -0.148843 0)
(-0.152307 -0.201739 0)
(-0.15592 -0.259501 0)
(-0.144185 -0.302122 0)
(-0.10999 -0.271877 0)
(-0.0299165 -0.0734261 0)
(-0.00253855 0.089068 0)
(-0.0191403 0.158373 0)
(-0.0426562 0.196827 0)
(-0.0631595 0.219725 0)
(-0.0782362 0.221964 0)
(-0.086715 0.203714 0)
(-0.0902168 0.171487 0)
(-0.0908489 0.132718 0)
(-0.0907359 0.0926059 0)
(-0.0911851 0.0535894 0)
(-0.0923096 0.015844 0)
(-0.093993 -0.0214797 0)
(-0.0964228 -0.0592874 0)
(-0.100186 -0.0984412 0)
(-0.106527 -0.140849 0)
(-0.116199 -0.190787 0)
(-0.125804 -0.252686 0)
(-0.124734 -0.317036 0)
(-0.105855 -0.32854 0)
(-0.0365603 -0.15893 0)
(0.00113546 0.0975692 0)
(-0.00835794 0.17535 0)
(-0.0242313 0.213768 0)
(-0.0377907 0.233511 0)
(-0.0471639 0.231695 0)
(-0.0520043 0.209498 0)
(-0.0538349 0.174226 0)
(-0.0543137 0.133735 0)
(-0.0550036 0.0931971 0)
(-0.0565515 0.0545338 0)
(-0.0587188 0.0173289 0)
(-0.0612926 -0.0195679 0)
(-0.0642546 -0.0568968 0)
(-0.0678628 -0.0949653 0)
(-0.0731887 -0.134717 0)
(-0.0819767 -0.180297 0)
(-0.0942029 -0.240437 0)
(-0.0996843 -0.317601 0)
(-0.0942748 -0.365925 0)
(-0.0306254 -0.237261 0)
(0.00472571 0.0986053 0)
(0.00278362 0.184442 0)
(-0.00513024 0.223866 0)
(-0.0120243 0.241287 0)
(-0.0163693 0.236708 0)
(-0.0182283 0.212298 0)
(-0.0188341 0.175712 0)
(-0.0192535 0.134828 0)
(-0.0204544 0.0945901 0)
(-0.0226554 0.0565275 0)
(-0.0255106 0.0199164 0)
(-0.0288792 -0.0164898 0)
(-0.0327486 -0.0534347 0)
(-0.0371329 -0.0909897 0)
(-0.0426843 -0.12922 0)
(-0.0508827 -0.171027 0)
(-0.0646444 -0.226951 0)
(-0.0739784 -0.310895 0)
(-0.0808461 -0.390198 0)
(-0.0228635 -0.301367 0)
(0.00773079 0.0925539 0)
(0.0132573 0.185356 0)
(0.013192 0.227272 0)
(0.012786 0.243974 0)
(0.013363 0.238378 0)
(0.0145528 0.213461 0)
(0.0154267 0.176906 0)
(0.015475 0.136425 0)
(0.0143016 0.096737 0)
(0.01196 0.059279 0)
(0.00878242 0.0233437 0)
(0.00479267 -0.0122985 0)
(-0.000123896 -0.0484794 0)
(-0.00589801 -0.0852952 0)
(-0.0129566 -0.122375 0)
(-0.0217141 -0.161104 0)
(-0.0375227 -0.211554 0)
(-0.0492708 -0.297088 0)
(-0.0680926 -0.402183 0)
(-0.014586 -0.354287 0)
(0.00933293 0.0805737 0)
(0.0216969 0.178167 0)
(0.0290591 0.223539 0)
(0.0347619 0.240567 0)
(0.0402665 0.235148 0)
(0.0451487 0.211157 0)
(0.0485309 0.175958 0)
(0.0501123 0.136857 0)
(0.049856 0.0983618 0)
(0.0480056 0.0619526 0)
(0.0448716 0.0271201 0)
(0.0404089 -0.00728535 0)
(0.0344385 -0.0421152 0)
(0.0269956 -0.0775788 0)
(0.0173785 -0.113226 0)
(0.00648443 -0.149485 0)
(-0.0126169 -0.195057 0)
(-0.025492 -0.278908 0)
(-0.0564533 -0.404895 0)
(-0.00638795 -0.396478 0)
(0.00883924 0.0647988 0)
(0.0267129 0.163333 0)
(0.0413352 0.212989 0)
(0.0533851 0.232021 0)
(0.0643433 0.228309 0)
(0.0738372 0.206651 0)
(0.0809223 0.173947 0)
(0.0852296 0.136971 0)
(0.08684 0.10009 0)
(0.0860998 0.0649898 0)
(0.0833593 0.0315445 0)
(0.0785233 -0.00122836 0)
(0.0713583 -0.0339933 0)
(0.0620461 -0.0672658 0)
(0.0494016 -0.100737 0)
(0.0350326 -0.13437 0)
(0.0112158 -0.175157 0)
(-0.00182048 -0.255852 0)
(-0.0457757 -0.401052 0)
(0.00238417 -0.43152 0)
(0.00617036 0.0486006 0)
(0.0267713 0.143094 0)
(0.0473522 0.195278 0)
(0.0654562 0.215753 0)
(0.082389 0.213874 0)
(0.0977205 0.195311 0)
(0.110132 0.166316 0)
(0.118878 0.132836 0)
(0.123863 0.0989141 0)
(0.125375 0.0663412 0)
(0.12371 0.0353885 0)
(0.118976 0.00531299 0)
(0.11064 -0.0243104 0)
(0.099315 -0.0542056 0)
(0.0829309 -0.0843437 0)
(0.0643962 -0.115344 0)
(0.0352217 -0.152369 0)
(0.0215983 -0.230166 0)
(-0.035687 -0.393899 0)
(0.0129139 -0.460645 0)
(0.00208652 0.0351858 0)
(0.0213188 0.11997 0)
(0.0468783 0.173056 0)
(0.0713955 0.195119 0)
(0.0951693 0.195364 0)
(0.117385 0.180261 0)
(0.136355 0.15565 0)
(0.150816 0.126569 0)
(0.160324 0.0965939 0)
(0.165092 0.0674866 0)
(0.165108 0.0398625 0)
(0.161056 0.0133525 0)
(0.151619 -0.0123794 0)
(0.138342 -0.0379572 0)
(0.117848 -0.0636712 0)
(0.0950939 -0.0911004 0)
(0.0603554 -0.12533 0)
(0.0444377 -0.201583 0)
(-0.0242654 -0.383413 0)
(0.027733 -0.482932 0)
(-0.00324687 0.030191 0)
(0.00834208 0.0995741 0)
(0.0333101 0.143431 0)
(0.0635959 0.162926 0)
(0.0952197 0.164362 0)
(0.125894 0.153068 0)
(0.153082 0.133876 0)
(0.175029 0.110704 0)
(0.190696 0.0865489 0)
(0.200359 0.0629445 0)
(0.203302 0.0406843 0)
(0.201104 0.0196368 0)
(0.191324 -0.000448288 0)
(0.177213 -0.0201306 0)
(0.153342 -0.0398024 0)
(0.127747 -0.0626329 0)
(0.0877558 -0.0958294 0)
(0.0671234 -0.175098 0)
(-0.00598104 -0.367647 0)
(0.051356 -0.490186 0)
(-0.0128629 0.0201239 0)
(-0.00761008 0.0880905 0)
(0.0165214 0.121401 0)
(0.0516274 0.132985 0)
(0.0908412 0.132222 0)
(0.129559 0.123476 0)
(0.164522 0.109615 0)
(0.193379 0.0927281 0)
(0.2147 0.075149 0)
(0.229368 0.0578227 0)
(0.235444 0.0417801 0)
(0.236462 0.0268269 0)
(0.227788 0.0132861 0)
(0.21654 0.000145144 0)
(0.192797 -0.0131308 0)
(0.170295 -0.0315469 0)
(0.127849 -0.0639514 0)
(0.104655 -0.143461 0)
(0.0359575 -0.325611 0)
(0.0917856 -0.45552 0)
(-0.105294 0.0835475 0)
(-0.0773641 0.0696258 0)
(-0.0493758 0.0720565 0)
(0.00112674 0.0755429 0)
(0.052608 0.0754798 0)
(0.103451 0.0713358 0)
(0.149105 0.064423 0)
(0.190228 0.0555373 0)
(0.221652 0.0464363 0)
(0.249329 0.0373009 0)
(0.26513 0.0291752 0)
(0.280456 0.0216296 0)
(0.281521 0.0153407 0)
(0.286363 0.00929315 0)
(0.271491 0.0027485 0)
(0.265569 -0.00830482 0)
(0.227746 -0.033902 0)
(0.215747 -0.0945282 0)
(0.149539 -0.229628 0)
(0.170545 -0.341509 0)
(0.130428 0.104159 0)
(0.159312 0.076192 0)
(0.213651 0.0542206 0)
(0.271911 0.042336 0)
(0.323661 0.0363156 0)
(0.374888 0.0321237 0)
(0.41829 0.0289889 0)
(0.462508 0.0256227 0)
(0.494849 0.0229812 0)
(0.529588 0.0198334 0)
(0.548876 0.0177439 0)
(0.57476 0.0148577 0)
(0.581265 0.0134905 0)
(0.60014 0.0107191 0)
(0.592346 0.00981748 0)
(0.601706 0.0054076 0)
(0.566844 0.000469861 0)
(0.547678 -0.018032 0)
(0.436429 -0.050313 0)
(0.337182 -0.101394 0)
)
;

boundaryField
{
    movingWall
    {
        type            fixedValue;
        value           uniform (1 0 0);
    }
    fixedWalls
    {
        type            noSlip;
    }
    frontAndBack
    {
        type            empty;
    }
}


// ************************************************************************* //
