/*--------------------------------*- C++ -*----------------------------------*\
| =========                 |                                                 |
| \\      /  F ield         | OpenFOAM: The Open Source CFD Toolbox           |
|  \\    /   O peration     | Version:  2212                                  |
|   \\  /    A nd           | Website:  www.openfoam.com                      |
|    \\/     M anipulation  |                                                 |
\*---------------------------------------------------------------------------*/
FoamFile
{
    version     2.0;
    format      ascii;
    arch        "LSB;label=32;scalar=64";
    class       volScalarField;
    location    "3.065";
    object      p;
}
// * * * * * * * * * * * * * * * * * * * * * * * * * * * * * * * * * * * * * //

dimensions      [0 2 -2 0 0 0 0];

internalField   nonuniform List<scalar> 
400
(
1.28899e-08
-0.000146695
-0.000514092
-0.00102998
-0.0016656
-0.00239481
-0.00305954
-0.00345654
-0.00341806
-0.00279317
-0.00143599
0.000679458
0.00325539
0.00549613
0.00654861
0.00602522
0.00420331
0.0024121
0.00138736
0.00130905
0.000117028
-5.11513e-05
-0.000355001
-0.000729188
-0.00119446
-0.00181209
-0.00258935
-0.00338126
-0.00388425
-0.0037367
-0.00267279
-0.000703782
0.00175559
0.00400112
0.00519157
0.0048857
0.00334277
0.00165951
0.000885244
0.000959877
0.000515484
0.00026007
-6.54683e-05
-0.000528524
-0.00128042
-0.00245121
-0.00400489
-0.00568049
-0.00703164
-0.00754975
-0.00689559
-0.00514489
-0.00263778
1.0126e-05
0.00198538
0.00265191
0.00198763
0.00081245
-7.91647e-05
-9.31363e-05
0.00108797
0.000697583
0.000182319
-0.000729125
-0.00231067
-0.00466272
-0.00756691
-0.0105491
-0.0130266
-0.0144518
-0.0144918
-0.0131767
-0.0107132
-0.00753956
-0.00433835
-0.00184427
-0.000530837
-0.000380451
-0.000964597
-0.0015949
0.00145405
0.000882259
-4.30873e-05
-0.00182012
-0.00471882
-0.00866801
-0.0131768
-0.0175515
-0.0211517
-0.0235162
-0.0243846
-0.0236373
-0.0213838
-0.0178953
-0.013595
-0.00907964
-0.00513555
-0.00258397
-0.00187606
-0.00366343
0.00112868
0.000335932
-0.00118502
-0.00408414
-0.00850442
-0.0140747
-0.0199887
-0.0254097
-0.029732
-0.0326361
-0.0339918
-0.0337001
-0.0318279
-0.028509
-0.0238725
-0.0181302
-0.0118738
-0.00649296
-0.00404166
-0.00613084
-0.000193132
-0.00121915
-0.00339737
-0.00740861
-0.0131835
-0.0200033
-0.0268144
-0.0327446
-0.037296
-0.0403029
-0.0417723
-0.0417247
-0.0402178
-0.0373093
-0.0329645
-0.0270561
-0.0196935
-0.0121024
-0.00742664
-0.00739719
-0.00251243
-0.00371805
-0.00645905
-0.0113286
-0.01804
-0.0255852
-0.0327748
-0.0387881
-0.0432676
-0.0461751
-0.047603
-0.0476489
-0.0463879
-0.0438579
-0.0399955
-0.03455
-0.0272466
-0.0185892
-0.0113076
-0.00764576
-0.00547355
-0.00675901
-0.00986657
-0.015243
-0.0224321
-0.0302452
-0.0374556
-0.0433327
-0.0476385
-0.0504144
-0.05179
-0.0518775
-0.0507504
-0.0484576
-0.0449929
-0.0401745
-0.0335622
-0.0249692
-0.0160409
-0.00955661
-0.00853815
-0.00979699
-0.0130562
-0.0186015
-0.0258825
-0.0336511
-0.0407079
-0.0463993
-0.0505572
-0.0532509
-0.0546078
-0.0547217
-0.0536553
-0.0514717
-0.0482352
-0.0439084
-0.0381425
-0.0303724
-0.021474
-0.0137101
-0.011207
-0.0123675
-0.0155754
-0.0210099
-0.0280957
-0.035636
-0.0424911
-0.0480406
-0.0521263
-0.0548009
-0.0561691
-0.0563018
-0.0552489
-0.053079
-0.0499171
-0.045867
-0.0408283
-0.0341245
-0.0262237
-0.0183861
-0.0131982
-0.0141764
-0.0171692
-0.0222424
-0.0288999
-0.0360869
-0.0427479
-0.0482443
-0.0523562
-0.0550844
-0.0564952
-0.0566401
-0.0555603
-0.0533243
-0.050109
-0.0461318
-0.0415982
-0.0357944
-0.0290291
-0.0215573
-0.0144754
-0.0151303
-0.0176914
-0.0221915
-0.0282384
-0.0349835
-0.0414684
-0.0469996
-0.0512398
-0.0540997
-0.0555916
-0.055745
-0.0545958
-0.0522341
-0.0488602
-0.0447551
-0.0404763
-0.0351594
-0.0293103
-0.0220983
-0.0151233
-0.0153335
-0.0172068
-0.0208637
-0.0261075
-0.032324
-0.03864
-0.044278
-0.0487491
-0.051835
-0.0534716
-0.0536579
-0.0524199
-0.0498672
-0.0462429
-0.0419116
-0.0374934
-0.032252
-0.027375
-0.0196873
-0.0152626
-0.0149828
-0.015905
-0.0184131
-0.0226354
-0.0282177
-0.034354
-0.0401565
-0.0449567
-0.0483733
-0.0502387
-0.0504997
-0.0491897
-0.0464027
-0.0424449
-0.0377289
-0.0329074
-0.0275491
-0.0238253
-0.014139
-0.0150132
-0.0143164
-0.0139896
-0.0150104
-0.018005
-0.022856
-0.0287977
-0.0348077
-0.0400235
-0.0438791
-0.0460837
-0.0465157
-0.0451991
-0.0421991
-0.03786
-0.0326153
-0.0272047
-0.0215449
-0.0181692
-0.00402943
-0.0144639
-0.0134701
-0.0116109
-0.0109575
-0.0126555
-0.0167704
-0.022538
-0.0287876
-0.0344814
-0.0388706
-0.0415372
-0.0422651
-0.0410489
-0.0379263
-0.0331933
-0.0272182
-0.020719
-0.0137214
-0.00750858
0.0153913
-0.014484
-0.0126062
-0.00872755
-0.00640014
-0.00698413
-0.0105535
-0.0162518
-0.0227772
-0.0289851
-0.0339724
-0.0372158
-0.0383821
-0.0374175
-0.0343198
-0.0292312
-0.0221701
-0.0133492
-0.00165919
0.0154401
0.0559952
-0.0117972
-0.0119026
-0.0060132
-0.00220344
-0.00213509
-0.00553368
-0.0113372
-0.0181704
-0.0248599
-0.0303965
-0.0342265
-0.0359318
-0.0354179
-0.0324142
-0.0267662
-0.0176657
-0.00389426
0.0192159
0.0592162
0.128576
-0.0294969
-0.010788
-0.00101641
0.00253212
0.00194928
-0.00182175
-0.007901
-0.0150448
-0.0220869
-0.0279939
-0.0321893
-0.0342344
-0.033997
-0.0310601
-0.024776
-0.0129574
0.00870721
0.0499682
0.121529
0.224931
)
;

boundaryField
{
    movingWall
    {
        type            zeroGradient;
    }
    fixedWalls
    {
        type            zeroGradient;
    }
    frontAndBack
    {
        type            empty;
    }
}


// ************************************************************************* //
