/*--------------------------------*- C++ -*----------------------------------*\
| =========                 |                                                 |
| \\      /  F ield         | OpenFOAM: The Open Source CFD Toolbox           |
|  \\    /   O peration     | Version:  2212                                  |
|   \\  /    A nd           | Website:  www.openfoam.com                      |
|    \\/     M anipulation  |                                                 |
\*---------------------------------------------------------------------------*/
FoamFile
{
    version     2.0;
    format      ascii;
    arch        "LSB;label=32;scalar=64";
    class       surfaceScalarField;
    location    "3.065";
    object      phi;
}
// * * * * * * * * * * * * * * * * * * * * * * * * * * * * * * * * * * * * * //

dimensions      [0 3 -1 0 0 0 0];

oriented        oriented;

internalField   nonuniform List<scalar> 
760
(
1.45588e-07
-1.45589e-07
2.71415e-07
-1.25827e-07
2.8284e-07
-1.1425e-08
1.57806e-07
1.25034e-07
-1.38327e-07
2.96134e-07
-6.65904e-07
5.27577e-07
-1.4558e-06
7.89901e-07
-2.42815e-06
9.72343e-07
-3.39187e-06
9.63721e-07
-4.12126e-06
7.29393e-07
-4.44933e-06
3.28067e-07
-4.27966e-06
-1.69665e-07
-3.5511e-06
-7.28558e-07
-2.37281e-06
-1.17829e-06
-9.68427e-07
-1.40438e-06
2.95517e-07
-1.26394e-06
1.03638e-06
-7.4086e-07
9.98208e-07
3.81695e-08
4.48154e-07
5.50053e-07
4.48155e-07
1.08214e-07
-2.53803e-07
4.54296e-08
-6.30424e-08
-3.2069e-07
3.54695e-07
-1.07769e-06
8.8203e-07
-2.27063e-06
1.48908e-06
-3.82729e-06
2.08423e-06
-5.5134e-06
2.47602e-06
-7.02769e-06
2.48663e-06
-8.14598e-06
2.08201e-06
-8.75466e-06
1.33808e-06
-8.80446e-06
3.77868e-07
-8.26981e-06
-7.04318e-07
-7.18127e-06
-1.8171e-06
-5.5698e-06
-2.78976e-06
-3.57571e-06
-3.39847e-06
-1.49742e-06
-3.34224e-06
1.44985e-07
-2.38327e-06
8.26546e-07
-6.43391e-07
5.11494e-07
8.65107e-07
9.59648e-07
-1.37694e-07
-1.16109e-07
-6.38119e-07
4.37383e-07
-1.59894e-06
1.31551e-06
-3.06195e-06
2.34505e-06
-4.91481e-06
3.34193e-06
-6.87713e-06
4.04655e-06
-8.64343e-06
4.24232e-06
-1.00309e-05
3.87412e-06
-1.09823e-05
3.03339e-06
-1.14873e-05
1.84304e-06
-1.14981e-05
3.88729e-07
-1.10582e-05
-1.14426e-06
-1.01519e-05
-2.72341e-06
-8.7254e-06
-4.21624e-06
-6.75802e-06
-5.36585e-06
-4.33805e-06
-5.7622e-06
-1.8576e-06
-4.86372e-06
-9.40144e-08
-2.40697e-06
2.89223e-07
4.8187e-07
1.24887e-06
-4.90321e-07
3.74212e-07
-1.5197e-06
1.46676e-06
-3.02601e-06
2.82182e-06
-4.92395e-06
4.24299e-06
-6.97137e-06
5.38935e-06
-8.87222e-06
5.9474e-06
-1.04236e-05
5.79372e-06
-1.15754e-05
5.02584e-06
-1.23514e-05
3.8094e-06
-1.27849e-05
2.2766e-06
-1.28633e-05
4.67129e-07
-1.26382e-05
-1.36935e-06
-1.20757e-05
-3.28595e-06
-1.10742e-05
-5.21776e-06
-9.50331e-06
-6.93671e-06
-7.23989e-06
-8.02562e-06
-4.32457e-06
-7.77904e-06
-1.35995e-06
-5.37159e-06
1.16508e-07
-9.94592e-07
1.36538e-06
-8.32153e-07
1.20637e-06
-2.28018e-06
2.91478e-06
-4.08896e-06
4.6306e-06
-6.07851e-06
6.23254e-06
-7.98093e-06
7.29178e-06
-9.5754e-06
7.54187e-06
-1.07783e-05
6.99663e-06
-1.16098e-05
5.85736e-06
-1.21291e-05
4.32866e-06
-1.24079e-05
2.55541e-06
-1.25336e-05
5.92843e-07
-1.25002e-05
-1.40274e-06
-1.22962e-05
-3.48993e-06
-1.18412e-05
-5.67276e-06
-1.09492e-05
-7.82872e-06
-9.33453e-06
-9.64031e-06
-6.7053e-06
-1.04083e-05
-3.16631e-06
-8.91058e-06
-2.60175e-07
-3.90072e-06
1.1052e-06
-1.04264e-06
2.249e-06
-2.68025e-06
4.5524e-06
-4.51529e-06
6.46563e-06
-6.32831e-06
8.04556e-06
-7.90061e-06
8.86408e-06
-9.09724e-06
8.7385e-06
-9.90588e-06
7.80527e-06
-1.03865e-05
6.33794e-06
-1.06274e-05
4.56958e-06
-1.0729e-05
2.657e-06
-1.08121e-05
6.76034e-07
-1.08736e-05
-1.3413e-06
-1.09241e-05
-3.43938e-06
-1.09332e-05
-5.66372e-06
-1.07444e-05
-8.01748e-06
-1.00293e-05
-1.03554e-05
-8.29867e-06
-1.21389e-05
-5.14933e-06
-1.20599e-05
-1.138e-06
-7.91206e-06
-3.27965e-08
-1.06224e-06
3.31124e-06
-2.65248e-06
6.14264e-06
-4.30171e-06
8.11487e-06
-5.80381e-06
9.54766e-06
-7.00013e-06
1.00604e-05
-7.82192e-06
9.56028e-06
-8.29897e-06
8.28232e-06
-8.51412e-06
6.55308e-06
-8.57046e-06
4.62592e-06
-8.56803e-06
2.65457e-06
-8.59394e-06
7.01944e-07
-8.67234e-06
-1.26291e-06
-8.82193e-06
-3.28979e-06
-9.05276e-06
-5.43289e-06
-9.30331e-06
-7.76693e-06
-9.33564e-06
-1.0323e-05
-8.62837e-06
-1.28462e-05
-6.4355e-06
-1.42528e-05
-2.37641e-06
-1.19711e-05
-2.40921e-06
-8.93418e-07
4.20466e-06
-2.25644e-06
7.50566e-06
-3.60602e-06
9.46445e-06
-4.7603e-06
1.07019e-05
-5.61669e-06
1.09168e-05
-6.15207e-06
1.00957e-05
-6.41729e-06
8.54754e-06
-6.50068e-06
6.63647e-06
-6.5e-06
4.62524e-06
-6.49274e-06
2.64731e-06
-6.52003e-06
7.2924e-07
-6.60123e-06
-1.18171e-06
-6.75891e-06
-3.13211e-06
-7.02405e-06
-5.16775e-06
-7.41077e-06
-7.3802e-06
-7.82001e-06
-9.91381e-06
-7.83241e-06
-1.28338e-05
-6.63098e-06
-1.54542e-05
-3.51951e-06
-1.50826e-05
-5.92871e-06
-5.95291e-07
4.79995e-06
-1.62147e-06
8.53184e-06
-2.62724e-06
1.04702e-05
-3.44752e-06
1.15222e-05
-4.0243e-06
1.14936e-05
-4.36298e-06
1.04344e-05
-4.51846e-06
8.70301e-06
-4.56832e-06
6.68634e-06
-4.58733e-06
4.64425e-06
-4.62326e-06
2.68324e-06
-4.68899e-06
7.94972e-07
-4.79184e-06
-1.07886e-06
-4.94349e-06
-2.98045e-06
-5.17453e-06
-4.93671e-06
-5.54121e-06
-7.01353e-06
-6.05241e-06
-9.4026e-06
-6.47622e-06
-1.241e-05
-6.06305e-06
-1.58674e-05
-3.87458e-06
-1.72711e-05
-9.80329e-06
-2.20046e-07
5.02e-06
-8.57632e-07
9.16942e-06
-1.51121e-06
1.11238e-05
-2.02734e-06
1.20384e-05
-2.37585e-06
1.18421e-05
-2.57836e-06
1.06369e-05
-2.68177e-06
8.80642e-06
-2.73975e-06
6.74432e-06
-2.79918e-06
4.70368e-06
-2.88434e-06
2.76839e-06
-2.99847e-06
9.09107e-07
-3.14116e-06
-9.36172e-07
-3.31369e-06
-2.80793e-06
-3.5306e-06
-4.71979e-06
-3.84766e-06
-6.69647e-06
-4.3474e-06
-8.90287e-06
-4.96562e-06
-1.17918e-05
-5.08445e-06
-1.57486e-05
-3.53093e-06
-1.88246e-05
-1.33342e-05
1.5742e-07
4.86258e-06
-6.6508e-08
9.39335e-06
-3.89674e-07
1.1447e-05
-6.32685e-07
1.22814e-05
-7.79385e-07
1.19888e-05
-8.59752e-07
1.07172e-05
-9.13747e-07
8.86041e-06
-9.74682e-07
6.80525e-06
-1.06028e-06
4.78928e-06
-1.17834e-06
2.88646e-06
-1.33038e-06
1.06114e-06
-1.51798e-06
-7.48575e-07
-1.74061e-06
-2.5853e-06
-1.99797e-06
-4.46243e-06
-2.32217e-06
-6.37228e-06
-2.81222e-06
-8.41281e-06
-3.5255e-06
-1.10785e-05
-4.00741e-06
-1.52666e-05
-3.01354e-06
-1.98185e-05
-1.63478e-05
4.77211e-07
4.38537e-06
6.67772e-07
9.20279e-06
7.09721e-07
1.1405e-05
7.47407e-07
1.22437e-05
7.97748e-07
1.19384e-05
8.33648e-07
1.06813e-05
8.32928e-07
8.86113e-06
7.86038e-07
6.85214e-06
6.94819e-07
4.88049e-06
5.62333e-07
3.01895e-06
3.85268e-07
1.23821e-06
1.57545e-07
-5.20852e-07
-1.23077e-07
-2.30468e-06
-4.63951e-07
-4.12156e-06
-8.72612e-07
-5.96361e-06
-1.40144e-06
-7.88398e-06
-2.19833e-06
-1.02816e-05
-2.95934e-06
-1.45056e-05
-2.4642e-06
-2.03136e-05
-1.8812e-05
7.16805e-07
3.66856e-06
1.29135e-06
8.62825e-06
1.67225e-06
1.10241e-05
1.99681e-06
1.19191e-05
2.27138e-06
1.16639e-05
2.46193e-06
1.04908e-05
2.55625e-06
8.7668e-06
2.56373e-06
6.84467e-06
2.49972e-06
4.9445e-06
2.37417e-06
3.1445e-06
2.18253e-06
1.42985e-06
1.91053e-06
-2.48857e-07
1.55631e-06
-1.95045e-06
1.11523e-06
-3.68048e-06
5.81211e-07
-5.42959e-06
-1.02763e-07
-7.20001e-06
-9.82143e-07
-9.40224e-06
-1.94896e-06
-1.35388e-05
-1.93951e-06
-2.03231e-05
-2.07515e-05
8.22148e-07
2.84641e-06
1.72209e-06
7.72831e-06
2.43948e-06
1.03067e-05
3.06645e-06
1.12922e-05
3.60819e-06
1.11221e-05
4.01779e-06
1.00812e-05
4.27496e-06
8.50963e-06
4.39181e-06
6.72782e-06
4.39265e-06
4.94366e-06
4.29504e-06
3.24212e-06
4.09859e-06
1.6263e-06
3.78251e-06
6.72177e-08
3.34863e-06
-1.51657e-06
2.78152e-06
-3.11337e-06
2.07927e-06
-4.72734e-06
1.25569e-06
-6.37643e-06
2.13914e-07
-8.36047e-06
-1.00581e-06
-1.23191e-05
-1.44994e-06
-1.98789e-05
-2.22014e-05
7.58754e-07
2.08766e-06
1.85198e-06
6.63508e-06
2.85701e-06
9.30167e-06
3.80548e-06
1.03437e-05
4.66711e-06
1.02605e-05
5.37291e-06
9.3754e-06
5.87969e-06
8.00285e-06
6.18804e-06
6.41947e-06
6.31977e-06
4.81192e-06
6.29582e-06
3.26608e-06
6.11854e-06
1.80358e-06
5.77843e-06
4.07331e-07
5.25495e-06
-9.93091e-07
4.54739e-06
-2.40581e-06
3.64839e-06
-3.82834e-06
2.58604e-06
-5.31408e-06
1.31174e-06
-7.08617e-06
-1.99104e-07
-1.08083e-05
-9.46372e-07
-1.91317e-05
-2.31478e-05
5.412e-07
1.54646e-06
1.66071e-06
5.51557e-06
2.94708e-06
8.0153e-06
4.25639e-06
9.03439e-06
5.49254e-06
9.02432e-06
6.5553e-06
8.31264e-06
7.37577e-06
7.18239e-06
7.93845e-06
5.85679e-06
8.25561e-06
4.49476e-06
8.34606e-06
3.17563e-06
8.21766e-06
1.93198e-06
7.86957e-06
7.55417e-07
7.25958e-06
-3.83097e-07
6.40332e-06
-1.54955e-06
5.28783e-06
-2.71285e-06
3.95566e-06
-3.98191e-06
2.4659e-06
-5.59641e-06
8.76185e-07
-9.21854e-06
-1.82503e-07
-1.8073e-05
-2.33303e-05
1.31108e-07
1.41535e-06
9.59531e-07
4.68715e-06
2.3764e-06
6.59843e-06
4.04238e-06
7.36841e-06
5.71885e-06
7.34785e-06
7.21992e-06
6.81157e-06
8.44017e-06
5.96213e-06
9.3475e-06
4.94946e-06
9.93576e-06
3.9065e-06
1.02183e-05
2.89307e-06
1.02009e-05
1.94936e-06
9.89057e-06
1.06578e-06
9.25313e-06
2.54337e-07
8.29216e-06
-5.88581e-07
7.01111e-06
-1.43179e-06
5.45777e-06
-2.42857e-06
3.7874e-06
-3.92603e-06
2.16539e-06
-7.59654e-06
6.23711e-07
-1.65313e-05
-2.27066e-05
-5.02123e-07
1.91748e-06
1.6823e-07
4.0168e-06
1.65103e-06
5.11563e-06
3.63884e-06
5.38061e-06
5.72798e-06
5.25871e-06
7.63791e-06
4.90164e-06
9.23003e-06
4.37001e-06
1.04618e-05
3.71769e-06
1.13134e-05
3.05488e-06
1.18028e-05
2.40368e-06
1.19347e-05
1.81748e-06
1.17302e-05
1.27026e-06
1.12053e-05
7.79243e-07
1.03441e-05
2.72632e-07
9.15005e-06
-2.37763e-07
7.6851e-06
-9.63615e-07
6.13691e-06
-2.37785e-06
4.38547e-06
-5.84509e-06
2.02577e-06
-1.41716e-05
-2.06808e-05
-4.16335e-06
6.08082e-06
-3.63692e-06
3.49038e-06
-1.2918e-06
2.7705e-06
1.44053e-06
2.64828e-06
4.11421e-06
2.58503e-06
6.59073e-06
2.42513e-06
8.76187e-06
2.19887e-06
1.05684e-05
1.91118e-06
1.19923e-05
1.63095e-06
1.30592e-05
1.33678e-06
1.37857e-05
1.09098e-06
1.42149e-05
8.41019e-07
1.43376e-05
6.56574e-07
1.41674e-05
4.42838e-07
1.36852e-05
2.44464e-07
1.29056e-05
-1.84035e-07
1.1828e-05
-1.30021e-06
1.00721e-05
-4.08927e-06
5.62125e-06
-9.72071e-06
-1.50596e-05
6.08082e-06
9.5712e-06
1.23417e-05
1.499e-05
1.7575e-05
2.00001e-05
2.2199e-05
2.41102e-05
2.57411e-05
2.70779e-05
2.81689e-05
2.90099e-05
2.96665e-05
3.01093e-05
3.03538e-05
3.01698e-05
2.88695e-05
2.47803e-05
1.50596e-05
)
;

boundaryField
{
    movingWall
    {
        type            calculated;
        value           uniform 0;
    }
    fixedWalls
    {
        type            calculated;
        value           uniform 0;
    }
    frontAndBack
    {
        type            empty;
        value           nonuniform List<scalar> 0();
    }
}


// ************************************************************************* //
