/*--------------------------------*- C++ -*----------------------------------*\
| =========                 |                                                 |
| \\      /  F ield         | OpenFOAM: The Open Source CFD Toolbox           |
|  \\    /   O peration     | Version:  2212                                  |
|   \\  /    A nd           | Website:  www.openfoam.com                      |
|    \\/     M anipulation  |                                                 |
\*---------------------------------------------------------------------------*/
FoamFile
{
    version     2.0;
    format      ascii;
    arch        "LSB;label=32;scalar=64";
    class       volVectorField;
    location    "2.955";
    object      U;
}
// * * * * * * * * * * * * * * * * * * * * * * * * * * * * * * * * * * * * * //

dimensions      [0 1 -1 0 0 0 0];

internalField   nonuniform List<vector> 
400
(
(0.00155642 -0.00157766 0)
(0.0044431 -0.00175964 0)
(0.0059854 -0.00112617 0)
(0.00502087 -0.000523726 0)
(0.00101137 0.000228168 0)
(-0.00708995 0.00172099 0)
(-0.0203006 0.00456573 0)
(-0.0384334 0.00826616 0)
(-0.0589023 0.0107616 0)
(-0.0767679 0.0101661 0)
(-0.0874323 0.00667628 0)
(-0.0884332 0.00176352 0)
(-0.0788481 -0.00337059 0)
(-0.0594065 -0.00794892 0)
(-0.0337447 -0.010519 0)
(-0.00619644 -0.00956991 0)
(0.0154463 -0.00481915 0)
(0.0233086 0.0025487 0)
(0.0156016 0.00620228 0)
(0.00420844 0.00456124 0)
(0.00150689 -0.00461316 0)
(0.00258894 -0.0035614 0)
(-0.00111927 0.000760972 0)
(-0.0117187 0.00630794 0)
(-0.0309865 0.0135336 0)
(-0.0594094 0.0227393 0)
(-0.0937348 0.0316313 0)
(-0.127377 0.0357404 0)
(-0.154427 0.0326261 0)
(-0.171529 0.0230941 0)
(-0.177185 0.00934655 0)
(-0.171332 -0.0063091 0)
(-0.154536 -0.0221317 0)
(-0.127454 -0.0356826 0)
(-0.0923151 -0.0433549 0)
(-0.0518289 -0.0409362 0)
(-0.0118374 -0.0260791 0)
(0.0159354 -0.00175638 0)
(0.0172311 0.0154979 0)
(0.00541837 0.0143436 0)
(-0.00041174 -0.00497632 0)
(-0.00564525 0.00143311 0)
(-0.0195089 0.0140742 0)
(-0.0434049 0.0300488 0)
(-0.0777064 0.0473968 0)
(-0.118037 0.0618294 0)
(-0.157118 0.0682231 0)
(-0.189474 0.064325 0)
(-0.212862 0.0512855 0)
(-0.22661 0.0314545 0)
(-0.230661 0.00711644 0)
(-0.225599 -0.0197142 0)
(-0.211724 -0.0469081 0)
(-0.188552 -0.0709254 0)
(-0.155808 -0.08671 0)
(-0.11349 -0.087323 0)
(-0.0634341 -0.066036 0)
(-0.0138739 -0.0230372 0)
(0.00917627 0.0168849 0)
(0.00414269 0.0228636 0)
(-0.00341575 0.00127894 0)
(-0.0170439 0.0173867 0)
(-0.0421018 0.04014 0)
(-0.0767834 0.065479 0)
(-0.118446 0.0876891 0)
(-0.160171 0.100411 0)
(-0.195644 0.100124 0)
(-0.222711 0.0878119 0)
(-0.241519 0.0664478 0)
(-0.252614 0.038674 0)
(-0.256774 0.00635492 0)
(-0.254776 -0.0291878 0)
(-0.246564 -0.0658002 0)
(-0.231095 -0.100565 0)
(-0.206405 -0.128116 0)
(-0.16983 -0.139764 0)
(-0.118939 -0.123509 0)
(-0.0557604 -0.0701633 0)
(-0.00112129 0.00261709 0)
(0.00471644 0.0274086 0)
(-0.00639945 0.0151102 0)
(-0.0275613 0.0431791 0)
(-0.0607361 0.0742985 0)
(-0.100331 0.104799 0)
(-0.141858 0.126718 0)
(-0.17849 0.134204 0)
(-0.206603 0.12648 0)
(-0.226357 0.106805 0)
(-0.238966 0.078938 0)
(-0.246079 0.0456376 0)
(-0.249371 0.00845059 0)
(-0.249795 -0.0318432 0)
(-0.247169 -0.0741348 0)
(-0.240858 -0.1171 0)
(-0.228108 -0.156849 0)
(-0.204316 -0.185016 0)
(-0.163562 -0.186446 0)
(-0.101326 -0.140614 0)
(-0.021819 -0.0388939 0)
(0.00718041 0.0262517 0)
(-0.00810567 0.0342622 0)
(-0.0335762 0.0743765 0)
(-0.0699561 0.110783 0)
(-0.108733 0.142463 0)
(-0.145116 0.160854 0)
(-0.173688 0.161655 0)
(-0.19318 0.146604 0)
(-0.204963 0.120508 0)
(-0.21095 0.0876718 0)
(-0.213583 0.0510843 0)
(-0.214901 0.0122317 0)
(-0.215975 -0.0285033 0)
(-0.217033 -0.0716029 0)
(-0.218094 -0.117503 0)
(-0.216957 -0.165021 0)
(-0.208493 -0.208685 0)
(-0.184663 -0.234334 0)
(-0.137011 -0.214909 0)
(-0.061301 -0.11697 0)
(0.00556404 0.0136669 0)
(-0.00786527 0.0553166 0)
(-0.0336535 0.10643 0)
(-0.0686797 0.145163 0)
(-0.102804 0.175117 0)
(-0.131885 0.188248 0)
(-0.152182 0.181974 0)
(-0.164066 0.160066 0)
(-0.169524 0.128463 0)
(-0.170916 0.0919472 0)
(-0.170786 0.0535892 0)
(-0.170779 0.0146711 0)
(-0.171654 -0.0247939 0)
(-0.173977 -0.066006 0)
(-0.178277 -0.110395 0)
(-0.183837 -0.159149 0)
(-0.186913 -0.211097 0)
(-0.179521 -0.257111 0)
(-0.151707 -0.27091 0)
(-0.0972728 -0.202577 0)
(-0.00864982 -0.0147289 0)
(-0.00580286 0.0748769 0)
(-0.0283301 0.135803 0)
(-0.0586953 0.174952 0)
(-0.086315 0.201628 0)
(-0.107966 0.208947 0)
(-0.121422 0.195909 0)
(-0.127986 0.167959 0)
(-0.129881 0.131935 0)
(-0.12956 0.0929129 0)
(-0.129084 0.0537295 0)
(-0.129271 0.0151759 0)
(-0.130346 -0.023164 0)
(-0.132783 -0.0624307 0)
(-0.137315 -0.104036 0)
(-0.144525 -0.150125 0)
(-0.152986 -0.203125 0)
(-0.15652 -0.260881 0)
(-0.144714 -0.30347 0)
(-0.110485 -0.273085 0)
(-0.0301472 -0.0738499 0)
(-0.00256653 0.0900397 0)
(-0.0193762 0.159907 0)
(-0.0431096 0.198596 0)
(-0.06368 0.221402 0)
(-0.0786983 0.223302 0)
(-0.0870832 0.204683 0)
(-0.0905054 0.17217 0)
(-0.0910721 0.13318 0)
(-0.0909208 0.092877 0)
(-0.0913558 0.0536714 0)
(-0.0924997 0.0157169 0)
(-0.0942468 -0.0218499 0)
(-0.0967763 -0.0599471 0)
(-0.100643 -0.0994285 0)
(-0.107041 -0.142138 0)
(-0.116689 -0.192247 0)
(-0.126219 -0.254134 0)
(-0.125059 -0.318424 0)
(-0.106187 -0.329918 0)
(-0.0367319 -0.159918 0)
(0.00116381 0.0986501 0)
(-0.0084505 0.177027 0)
(-0.0244638 0.215613 0)
(-0.038045 0.2352 0)
(-0.0473469 0.232997 0)
(-0.0520927 0.210405 0)
(-0.0538309 0.174839 0)
(-0.05422 0.134135 0)
(-0.054837 0.0934276 0)
(-0.0563332 0.05461 0)
(-0.0584904 0.0172459 0)
(-0.0611148 -0.0198359 0)
(-0.0641918 -0.0574069 0)
(-0.0679537 -0.0958036 0)
(-0.0734153 -0.135926 0)
(-0.082254 -0.181785 0)
(-0.0944393 -0.241953 0)
(-0.0998124 -0.318991 0)
(-0.0944364 -0.367283 0)
(-0.0306787 -0.238412 0)
(0.00481286 0.0996941 0)
(0.00283519 0.186199 0)
(-0.0051505 0.225753 0)
(-0.0120397 0.242967 0)
(-0.0163173 0.237956 0)
(-0.0180896 0.213118 0)
(-0.0185968 0.176222 0)
(-0.0189089 0.135126 0)
(-0.0200131 0.0947372 0)
(-0.0221386 0.0565574 0)
(-0.0249619 0.0198461 0)
(-0.0283603 -0.0166713 0)
(-0.0323369 -0.0537845 0)
(-0.0368872 -0.0916291 0)
(-0.0426181 -0.130262 0)
(-0.0509362 -0.172466 0)
(-0.0647189 -0.228525 0)
(-0.0739506 -0.312329 0)
(-0.0808895 -0.39157 0)
(-0.0228673 -0.302585 0)
(0.00787939 0.0935471 0)
(0.01345 0.187114 0)
(0.0133713 0.229158 0)
(0.0129905 0.245628 0)
(0.0136221 0.239577 0)
(0.0148777 0.214208 0)
(0.015837 0.177322 0)
(0.0159878 0.136618 0)
(0.0149082 0.0967862 0)
(0.0126382 0.0592401 0)
(0.00949529 0.0232539 0)
(0.00549383 -0.0124346 0)
(0.000493624 -0.048714 0)
(-0.00542185 -0.0857507 0)
(-0.0126522 -0.123221 0)
(-0.0215546 -0.162426 0)
(-0.0374368 -0.213125 0)
(-0.0490985 -0.29851 0)
(-0.068032 -0.403483 0)
(-0.0145482 -0.35548 0)
(0.00953143 0.0813688 0)
(0.0220212 0.179847 0)
(0.0294152 0.225398 0)
(0.0351524 0.242198 0)
(0.0406941 0.236307 0)
(0.0456129 0.211837 0)
(0.0490498 0.176278 0)
(0.0507048 0.136941 0)
(0.0505174 0.0983069 0)
(0.048716 0.0618358 0)
(0.0456038 0.0269951 0)
(0.0411303 -0.00740098 0)
(0.0351075 -0.0422742 0)
(0.0275782 -0.0779023 0)
(0.0178337 -0.113908 0)
(0.0068162 -0.150682 0)
(-0.0123877 -0.196613 0)
(-0.0252076 -0.280342 0)
(-0.0563218 -0.406142 0)
(-0.00632856 -0.397592 0)
(0.00904785 0.0653102 0)
(0.0271462 0.164841 0)
(0.0418568 0.214772 0)
(0.053959 0.233622 0)
(0.0649465 0.229461 0)
(0.0744504 0.207315 0)
(0.0815494 0.17423 0)
(0.0858823 0.137002 0)
(0.0875152 0.09998 0)
(0.086784 0.0648283 0)
(0.0840348 0.031393 0)
(0.0791857 -0.00134522 0)
(0.0719911 -0.0341186 0)
(0.0626489 -0.0675196 0)
(0.0499423 -0.101309 0)
(0.0355078 -0.135446 0)
(0.0115955 -0.17665 0)
(-0.00144338 -0.257252 0)
(-0.0455865 -0.402213 0)
(0.00246582 -0.432504 0)
(0.00632808 0.0487965 0)
(0.0272682 0.144348 0)
(0.0480113 0.196948 0)
(0.0661909 0.217327 0)
(0.0831547 0.215037 0)
(0.0984829 0.19599 0)
(0.110878 0.166594 0)
(0.119606 0.132845 0)
(0.124568 0.0987744 0)
(0.126053 0.0661517 0)
(0.124353 0.035215 0)
(0.119604 0.00518133 0)
(0.111253 -0.0244406 0)
(0.0999452 -0.0544438 0)
(0.0835559 -0.0848615 0)
(0.0650217 -0.116325 0)
(0.0357702 -0.153784 0)
(0.0220194 -0.231515 0)
(-0.0354545 -0.394949 0)
(0.013028 -0.461444 0)
(0.00215482 0.0351097 0)
(0.0217893 0.120872 0)
(0.0476405 0.174502 0)
(0.0723077 0.196599 0)
(0.0961545 0.196534 0)
(0.118392 0.181005 0)
(0.137344 0.156014 0)
(0.151764 0.126661 0)
(0.161216 0.096527 0)
(0.165928 0.0673553 0)
(0.165886 0.039729 0)
(0.161808 0.0132385 0)
(0.152357 -0.0125059 0)
(0.139124 -0.038192 0)
(0.118651 -0.0641576 0)
(0.0959289 -0.0919787 0)
(0.0611158 -0.126608 0)
(0.0449154 -0.202755 0)
(-0.0239697 -0.3842 0)
(0.0278919 -0.483507 0)
(-0.003278 0.0299041 0)
(0.00872071 0.100099 0)
(0.0340738 0.144621 0)
(0.0645981 0.164256 0)
(0.0963713 0.165478 0)
(0.127136 0.153833 0)
(0.154354 0.1343 0)
(0.176286 0.110867 0)
(0.191904 0.0865444 0)
(0.20152 0.0628554 0)
(0.204404 0.0405634 0)
(0.202194 0.0195056 0)
(0.192396 -0.000618522 0)
(0.178328 -0.0203991 0)
(0.154463 -0.040274 0)
(0.12887 -0.0633841 0)
(0.0887295 -0.0968975 0)
(0.0676642 -0.176112 0)
(-0.00565836 -0.368174 0)
(0.0515196 -0.49052 0)
(-0.0130994 0.019812 0)
(-0.00753396 0.0881967 0)
(0.017167 0.122089 0)
(0.0526741 0.133938 0)
(0.0922072 0.133145 0)
(0.131158 0.124205 0)
(0.166251 0.110111 0)
(0.195166 0.093021 0)
(0.216472 0.0752904 0)
(0.231122 0.0578675 0)
(0.237134 0.0417578 0)
(0.238135 0.0267565 0)
(0.229403 0.0131423 0)
(0.218163 -8.94564e-05 0)
(0.194335 -0.0135321 0)
(0.171713 -0.0321129 0)
(0.129004 -0.0646902 0)
(0.105337 -0.144002 0)
(0.0362866 -0.325735 0)
(0.091908 -0.455616 0)
(-0.105424 0.0833256 0)
(-0.0773731 0.0695675 0)
(-0.0490837 0.0724321 0)
(0.00182166 0.0761125 0)
(0.0537066 0.076085 0)
(0.104888 0.0718594 0)
(0.150766 0.0648181 0)
(0.192036 0.0558089 0)
(0.223495 0.0465997 0)
(0.251183 0.0373863 0)
(0.266918 0.0291907 0)
(0.282205 0.0215951 0)
(0.283163 0.0152386 0)
(0.28794 0.00913326 0)
(0.272883 0.00249049 0)
(0.26681 -0.00861197 0)
(0.228754 -0.0342437 0)
(0.216323 -0.0947326 0)
(0.149717 -0.229656 0)
(0.170576 -0.341511 0)
(0.13033 0.10405 0)
(0.159098 0.0759694 0)
(0.21335 0.0540084 0)
(0.2717 0.0421947 0)
(0.323649 0.0362445 0)
(0.375142 0.0320967 0)
(0.418776 0.0289771 0)
(0.463187 0.0256129 0)
(0.495634 0.0229623 0)
(0.530435 0.0198078 0)
(0.549722 0.0177068 0)
(0.575584 0.0148153 0)
(0.582025 0.0134354 0)
(0.600827 0.0106573 0)
(0.592914 0.0097405 0)
(0.602139 0.00532903 0)
(0.567104 0.000386686 0)
(0.547732 -0.0181017 0)
(0.436312 -0.0503464 0)
(0.337097 -0.101404 0)
)
;

boundaryField
{
    movingWall
    {
        type            fixedValue;
        value           uniform (1 0 0);
    }
    fixedWalls
    {
        type            noSlip;
    }
    frontAndBack
    {
        type            empty;
    }
}


// ************************************************************************* //
