/*--------------------------------*- C++ -*----------------------------------*\
| =========                 |                                                 |
| \\      /  F ield         | OpenFOAM: The Open Source CFD Toolbox           |
|  \\    /   O peration     | Version:  2212                                  |
|   \\  /    A nd           | Website:  www.openfoam.com                      |
|    \\/     M anipulation  |                                                 |
\*---------------------------------------------------------------------------*/
FoamFile
{
    version     2.0;
    format      ascii;
    arch        "LSB;label=32;scalar=64";
    class       volScalarField;
    location    "3.68";
    object      p;
}
// * * * * * * * * * * * * * * * * * * * * * * * * * * * * * * * * * * * * * //

dimensions      [0 2 -2 0 0 0 0];

internalField   nonuniform List<scalar> 
400
(
3.7728e-09
-0.000149382
-0.000526902
-0.0010558
-0.00170664
-0.00245515
-0.00313567
-0.00354218
-0.00350808
-0.00288056
-0.001508
0.000637522
0.0032476
0.00550943
0.00655434
0.00599291
0.00412119
0.00229665
0.00126249
0.00118849
0.000116438
-5.55765e-05
-0.000368646
-0.000750821
-0.00122508
-0.00185869
-0.00266035
-0.00347929
-0.00400249
-0.00385951
-0.00278048
-0.000781355
0.00171221
0.00397998
0.00516658
0.0048295
0.00324
0.00153098
0.00075153
0.000834155
0.000528081
0.000262984
-7.27947e-05
-0.000547844
-0.00132149
-0.00252933
-0.00413208
-0.00585782
-0.00724619
-0.00777687
-0.00710889
-0.00532952
-0.00278529
-0.000104519
0.00188639
0.00254692
0.00186081
0.000670188
-0.00022597
-0.00023223
0.00112627
0.000723623
0.000187611
-0.000757349
-0.00239503
-0.00482442
-0.00781319
-0.0108708
-0.0134007
-0.0148477
-0.0148802
-0.0135368
-0.0110283
-0.00780357
-0.00455658
-0.00202948
-0.000695461
-0.000533561
-0.00111509
-0.00174742
0.00153005
0.000935759
-3.21792e-05
-0.0018825
-0.0048869
-0.00896022
-0.0135864
-0.0180533
-0.0217123
-0.0241029
-0.024968
-0.0241883
-0.0218816
-0.0183283
-0.0139583
-0.00937319
-0.00536397
-0.00276106
-0.0020259
-0.00383324
0.00122406
0.000398663
-0.00119349
-0.00421221
-0.00878883
-0.0145206
-0.0205696
-0.0260853
-0.0304624
-0.0333874
-0.0347347
-0.034406
-0.0324776
-0.0290884
-0.0243712
-0.0185391
-0.0121867
-0.00671711
-0.00421563
-0.00631902
-0.000110301
-0.00117863
-0.00345666
-0.00762827
-0.0135978
-0.0205994
-0.027549
-0.0335696
-0.038171
-0.0411958
-0.0426551
-0.0425708
-0.0410057
-0.038021
-0.0335854
-0.0275741
-0.020099
-0.0123942
-0.007635
-0.00756415
-0.00247709
-0.00373151
-0.0065936
-0.0116518
-0.0185796
-0.0263137
-0.03364
-0.0397414
-0.0442716
-0.0472
-0.048621
-0.0486326
-0.0473116
-0.0446986
-0.0407344
-0.0351737
-0.0277465
-0.018959
-0.011555
-0.00780764
-0.00550808
-0.00684476
-0.0100848
-0.0156651
-0.0230802
-0.0310837
-0.0384298
-0.044397
-0.0487591
-0.0515627
-0.0529366
-0.0529919
-0.0518027
-0.0494204
-0.0458434
-0.0408977
-0.0341521
-0.0254209
-0.0163569
-0.00976865
-0.00864377
-0.00995355
-0.013349
-0.0191035
-0.0266132
-0.0345728
-0.0417676
-0.0475549
-0.0517762
-0.0545039
-0.0558631
-0.0559458
-0.0548152
-0.052537
-0.0491803
-0.0447159
-0.038808
-0.0308971
-0.0218689
-0.01401
-0.0113661
-0.0125769
-0.0159195
-0.0215612
-0.0288748
-0.0366086
-0.0436077
-0.0492607
-0.0534172
-0.0561311
-0.0575042
-0.0576054
-0.0564855
-0.0542164
-0.0509277
-0.0467322
-0.0415433
-0.0346974
-0.0266761
-0.0187599
-0.0133849
-0.0144118
-0.0175333
-0.0228052
-0.0296859
-0.0370704
-0.0438848
-0.0494943
-0.0536846
-0.0564569
-0.0578745
-0.0579867
-0.0568358
-0.0544954
-0.0511462
-0.0470154
-0.0423236
-0.0363755
-0.0294989
-0.0219638
-0.0146668
-0.0153616
-0.0180399
-0.0227245
-0.0289862
-0.0359322
-0.0425815
-0.0482376
-0.0525652
-0.0554746
-0.0569752
-0.057094
-0.0558689
-0.0533944
-0.0498775
-0.0456086
-0.0411618
-0.0356969
-0.0297485
-0.0224819
-0.0153045
-0.0155375
-0.0175069
-0.0213259
-0.0267701
-0.0331877
-0.039679
-0.0454554
-0.0500252
-0.0531677
-0.0548158
-0.0549678
-0.0536455
-0.0509688
-0.0471888
-0.0426812
-0.038082
-0.0326884
-0.0277349
-0.0199837
-0.0154257
-0.015147
-0.0161317
-0.0187672
-0.0231655
-0.0289438
-0.0352652
-0.0412217
-0.0461347
-0.0496172
-0.0514969
-0.0517191
-0.0503216
-0.0473985
-0.0432688
-0.0383603
-0.0333448
-0.0278291
-0.0240459
-0.0142811
-0.01515
-0.0144364
-0.0141297
-0.0152284
-0.0183623
-0.0233964
-0.0295301
-0.0357104
-0.0410559
-0.0449901
-0.0472163
-0.0476108
-0.0461991
-0.0430499
-0.0385218
-0.033066
-0.0274485
-0.0216277
-0.0181508
-0.00396539
-0.0145649
-0.0135435
-0.0116565
-0.0110201
-0.0128135
-0.0170932
-0.0230566
-0.0294925
-0.0353353
-0.0398199
-0.0425201
-0.0432168
-0.0419051
-0.0386205
-0.0336814
-0.0274732
-0.020743
-0.0135534
-0.00719824
0.0156831
-0.0145313
-0.0126265
-0.00867793
-0.0063072
-0.0069449
-0.0106596
-0.0165533
-0.023277
-0.0296517
-0.0347522
-0.0380431
-0.0391844
-0.0381246
-0.0348715
-0.0295698
-0.0222518
-0.013159
-0.00122961
0.0160205
0.0564974
-0.0117892
-0.0118546
-0.00584872
-0.00196735
-0.00193748
-0.0054712
-0.0114704
-0.0185115
-0.0253826
-0.0310471
-0.0349387
-0.0366339
-0.036038
-0.0328788
-0.0270048
-0.0176322
-0.00356529
0.0198057
0.0599252
0.12918
-0.0294984
-0.0106909
-0.00078563
0.00283347
0.00221581
-0.00168754
-0.00796192
-0.0153173
-0.0225477
-0.0285919
-0.0328588
-0.0349021
-0.0345888
-0.0315039
-0.0250102
-0.0129319
0.00903073
0.050535
0.12218
0.225496
)
;

boundaryField
{
    movingWall
    {
        type            zeroGradient;
    }
    fixedWalls
    {
        type            zeroGradient;
    }
    frontAndBack
    {
        type            empty;
    }
}


// ************************************************************************* //
