/*--------------------------------*- C++ -*----------------------------------*\
| =========                 |                                                 |
| \\      /  F ield         | OpenFOAM: The Open Source CFD Toolbox           |
|  \\    /   O peration     | Version:  2212                                  |
|   \\  /    A nd           | Website:  www.openfoam.com                      |
|    \\/     M anipulation  |                                                 |
\*---------------------------------------------------------------------------*/
FoamFile
{
    version     2.0;
    format      ascii;
    arch        "LSB;label=32;scalar=64";
    class       surfaceScalarField;
    location    "3.68";
    object      phi;
}
// * * * * * * * * * * * * * * * * * * * * * * * * * * * * * * * * * * * * * //

dimensions      [0 3 -1 0 0 0 0];

oriented        oriented;

internalField   nonuniform List<scalar> 
760
(
1.51936e-07
-1.51937e-07
2.84795e-07
-1.32859e-07
2.99197e-07
-1.44017e-08
1.73319e-07
1.25877e-07
-1.27614e-07
3.00933e-07
-6.65967e-07
5.38353e-07
-1.47318e-06
8.07209e-07
-2.46489e-06
9.91715e-07
-3.44371e-06
9.78815e-07
-4.17979e-06
7.36079e-07
-4.50629e-06
3.26505e-07
-4.3265e-06
-1.79785e-07
-3.5819e-06
-7.44602e-07
-2.38418e-06
-1.19772e-06
-9.60327e-07
-1.42385e-06
3.18376e-07
-1.2787e-06
1.06286e-06
-7.44484e-07
1.0167e-06
4.6164e-08
4.55207e-07
5.61488e-07
4.55208e-07
1.18166e-07
-2.70102e-07
6.25629e-08
-7.72559e-08
-3.07164e-07
3.55324e-07
-1.07928e-06
8.97992e-07
-2.2985e-06
1.52015e-06
-3.88718e-06
2.12703e-06
-5.60107e-06
2.5211e-06
-7.13194e-06
2.52259e-06
-8.25597e-06
2.10284e-06
-8.86239e-06
1.34249e-06
-8.90342e-06
3.67536e-07
-8.35551e-06
-7.27696e-07
-7.24957e-06
-1.85054e-06
-5.61734e-06
-2.82995e-06
-3.60065e-06
-3.44054e-06
-1.50093e-06
-3.37842e-06
1.57983e-07
-2.4034e-06
8.41925e-07
-6.37779e-07
5.18754e-07
8.84658e-07
9.73962e-07
-1.32127e-07
-1.37976e-07
-6.36655e-07
4.27272e-07
-1.61583e-06
1.3345e-06
-3.11055e-06
2.39271e-06
-4.9998e-06
3.4094e-06
-6.99148e-06
4.11872e-06
-8.77448e-06
4.3041e-06
-1.01682e-05
3.91634e-06
-1.11196e-05
3.05421e-06
-1.16205e-05
1.84335e-06
-1.16212e-05
3.68273e-07
-1.11713e-05
-1.17757e-06
-1.02523e-05
-2.76955e-06
-8.80971e-06
-4.27256e-06
-6.82275e-06
-5.4275e-06
-4.37911e-06
-5.82206e-06
-1.87436e-06
-4.90816e-06
-9.28051e-08
-2.41933e-06
2.91651e-07
5.00202e-07
1.26561e-06
-4.97015e-07
3.59039e-07
-1.54479e-06
1.47505e-06
-3.08247e-06
2.87217e-06
-5.01682e-06
4.32707e-06
-7.0945e-06
5.48708e-06
-9.01251e-06
6.03673e-06
-1.0569e-05
5.86058e-06
-1.17193e-05
5.06666e-06
-1.24907e-05
3.82557e-06
-1.29179e-05
2.27062e-06
-1.29877e-05
4.38063e-07
-1.27555e-05
-1.40981e-06
-1.21844e-05
-3.34068e-06
-1.11724e-05
-5.28456e-06
-9.58814e-06
-7.01171e-06
-7.30719e-06
-8.10301e-06
-4.3677e-06
-7.84765e-06
-1.37312e-06
-5.41391e-06
1.17957e-07
-9.9087e-07
1.38357e-06
-8.50153e-07
1.20919e-06
-2.32861e-06
2.95351e-06
-4.17276e-06
4.71632e-06
-6.19314e-06
6.34745e-06
-8.11387e-06
7.4078e-06
-9.71345e-06
7.63631e-06
-1.09132e-05
7.0603e-06
-1.17379e-05
5.89143e-06
-1.22494e-05
4.33703e-06
-1.25207e-05
2.54196e-06
-1.26421e-05
5.59378e-07
-1.2603e-05
-1.44885e-06
-1.23933e-05
-3.55044e-06
-1.19327e-05
-5.74512e-06
-1.10345e-05
-7.90996e-06
-9.41098e-06
-9.72649e-06
-6.7656e-06
-1.0493e-05
-3.19866e-06
-8.98085e-06
-2.62327e-07
-3.9272e-06
1.12124e-06
-1.06848e-06
2.27768e-06
-2.7402e-06
4.62523e-06
-4.60706e-06
6.58317e-06
-6.44183e-06
8.18223e-06
-8.02267e-06
8.98864e-06
-9.2174e-06
8.83104e-06
-1.00193e-05
7.86225e-06
-1.04924e-05
6.36444e-06
-1.07268e-05
4.57153e-06
-1.08238e-05
2.63892e-06
-1.0905e-05
6.40609e-07
-1.09616e-05
-1.39226e-06
-1.10073e-05
-3.50474e-06
-1.10116e-05
-5.7409e-06
-1.08185e-05
-8.10297e-06
-1.00998e-05
-1.04453e-05
-8.3629e-06
-1.22299e-05
-5.19772e-06
-1.2146e-05
-1.15024e-06
-7.97468e-06
-2.89998e-08
-1.08976e-06
3.36743e-06
-2.71179e-06
6.24727e-06
-4.38599e-06
8.25737e-06
-5.90269e-06
9.69893e-06
-7.10251e-06
1.01885e-05
-7.9208e-06
9.64934e-06
-8.39263e-06
8.33408e-06
-8.604e-06
6.57581e-06
-8.65911e-06
4.62663e-06
-8.65717e-06
2.63698e-06
-8.68354e-06
6.66976e-07
-8.75923e-06
-1.31657e-06
-8.90358e-06
-3.3604e-06
-9.12687e-06
-5.5176e-06
-9.36921e-06
-7.86063e-06
-9.39521e-06
-1.04193e-05
-8.68408e-06
-1.2941e-05
-6.48385e-06
-1.43463e-05
-2.40085e-06
-1.20577e-05
-2.42985e-06
-9.16848e-07
4.28428e-06
-2.30608e-06
7.6365e-06
-3.67435e-06
9.62564e-06
-4.83863e-06
1.08632e-05
-5.69736e-06
1.10472e-05
-6.23133e-06
1.01833e-05
-6.49544e-06
8.59819e-06
-6.58016e-06
6.66053e-06
-6.58311e-06
4.62958e-06
-6.57988e-06
2.63375e-06
-6.60916e-06
6.9626e-07
-6.68945e-06
-1.23627e-06
-6.84265e-06
-3.2072e-06
-7.09928e-06
-5.26097e-06
-7.47436e-06
-7.48555e-06
-7.87176e-06
-1.00219e-05
-7.87611e-06
-1.29367e-05
-6.67013e-06
-1.55522e-05
-3.55251e-06
-1.51753e-05
-5.98236e-06
-6.11277e-07
4.89556e-06
-1.65675e-06
8.68197e-06
-2.6759e-06
1.06448e-05
-3.50372e-06
1.1691e-05
-4.08365e-06
1.16271e-05
-4.42399e-06
1.05237e-05
-4.58214e-06
8.75635e-06
-4.63662e-06
6.715e-06
-4.66125e-06
4.65421e-06
-4.70191e-06
2.67441e-06
-4.77006e-06
7.64408e-07
-4.87306e-06
-1.13328e-06
-5.0218e-06
-3.05846e-06
-5.24611e-06
-5.03666e-06
-5.60141e-06
-7.13025e-06
-6.09812e-06
-9.52517e-06
-6.51013e-06
-1.25247e-05
-6.09181e-06
-1.59706e-05
-3.89721e-06
-1.73699e-05
-9.87957e-06
-2.26184e-07
5.12174e-06
-8.75852e-07
9.33164e-06
-1.53825e-06
1.13072e-05
-2.06023e-06
1.2213e-05
-2.41299e-06
1.19799e-05
-2.61981e-06
1.07305e-05
-2.72838e-06
8.86492e-06
-2.79224e-06
6.77887e-06
-2.85728e-06
4.71925e-06
-2.94653e-06
2.76366e-06
-3.06289e-06
8.80771e-07
-3.20634e-06
-9.89831e-07
-3.37781e-06
-2.88698e-06
-3.59108e-06
-4.8234e-06
-3.89983e-06
-6.8215e-06
-4.38598e-06
-9.03902e-06
-4.99015e-06
-1.19205e-05
-5.10164e-06
-1.58591e-05
-3.54326e-06
-1.89283e-05
-1.34228e-05
1.61703e-07
4.96004e-06
-6.70921e-08
9.56044e-06
-3.95291e-07
1.16354e-05
-6.42384e-07
1.24601e-05
-7.93487e-07
1.2131e-05
-8.79298e-07
1.08163e-05
-9.39464e-07
8.92508e-06
-1.00622e-06
6.84562e-06
-1.0965e-06
4.80953e-06
-1.2178e-06
2.88496e-06
-1.37195e-06
1.03492e-06
-1.5609e-06
-8.00885e-07
-1.78384e-06
-2.66405e-06
-2.04029e-06
-4.56694e-06
-2.36056e-06
-6.50124e-06
-2.84081e-06
-8.55877e-06
-3.54112e-06
-1.12202e-05
-4.01557e-06
-1.53846e-05
-3.01915e-06
-1.99247e-05
-1.6442e-05
4.91622e-07
4.46842e-06
6.86801e-07
9.36526e-06
7.29294e-07
1.15929e-05
7.64933e-07
1.24245e-05
8.10527e-07
1.20854e-05
8.40048e-07
1.07868e-05
8.32982e-07
8.93215e-06
7.8083e-07
6.89777e-06
6.85806e-07
4.90455e-06
5.50495e-07
3.02027e-06
3.71046e-07
1.21437e-06
1.41431e-07
-5.7127e-07
-1.41058e-07
-2.38156e-06
-4.82882e-07
-4.22512e-06
-8.91133e-07
-6.09298e-06
-1.41511e-06
-8.0348e-06
-2.20237e-06
-1.04329e-05
-2.9575e-06
-1.46295e-05
-2.46296e-06
-2.04192e-05
-1.89049e-05
7.40513e-07
3.7279e-06
1.32894e-06
8.77683e-06
1.71634e-06
1.12055e-05
2.04229e-06
1.20985e-05
2.31336e-06
1.18143e-05
2.49783e-06
1.06023e-05
2.58622e-06
8.84375e-06
2.5893e-06
6.89469e-06
2.52234e-06
4.97152e-06
2.39435e-06
3.14826e-06
2.19969e-06
1.40903e-06
1.92462e-06
-2.96201e-07
1.56771e-06
-2.02465e-06
1.12374e-06
-3.78114e-06
5.86885e-07
-5.55613e-06
-9.78979e-08
-7.35001e-06
-9.72417e-07
-9.5584e-06
-1.936e-06
-1.36659e-05
-1.93322e-06
-2.0422e-05
-2.08382e-05
8.51203e-07
2.8767e-06
1.7748e-06
7.85323e-06
2.50615e-06
1.04741e-05
3.13974e-06
1.14649e-05
3.68194e-06
1.12721e-05
4.08806e-06
1.01962e-05
4.34085e-06
8.59097e-06
4.45423e-06
6.78131e-06
4.45263e-06
4.97312e-06
4.35298e-06
3.24792e-06
4.15446e-06
1.60755e-06
3.83152e-06
2.67369e-08
3.39388e-06
-1.58701e-06
2.8212e-06
-3.20847e-06
2.11233e-06
-4.84726e-06
1.28254e-06
-6.52023e-06
2.37701e-07
-8.51356e-06
-9.83535e-07
-1.24447e-05
-1.43926e-06
-1.99663e-05
-2.22774e-05
7.87235e-07
2.08946e-06
1.91316e-06
6.72731e-06
2.94035e-06
9.44696e-06
3.9023e-06
1.0503e-05
4.77036e-06
1.04041e-05
5.47735e-06
9.48918e-06
5.98293e-06
8.08539e-06
6.28982e-06
6.47441e-06
6.42025e-06
4.8427e-06
6.39438e-06
3.27378e-06
6.21308e-06
1.78885e-06
5.86917e-06
3.70648e-07
5.33822e-06
-1.05606e-06
4.62163e-06
-2.49188e-06
3.71159e-06
-3.93722e-06
2.636e-06
-5.44463e-06
1.34945e-06
-7.22701e-06
-1.76874e-07
-1.09183e-05
-9.29802e-07
-1.92134e-05
-2.32072e-05
5.62974e-07
1.52649e-06
1.72015e-06
5.57013e-06
3.03784e-06
8.12926e-06
4.37141e-06
9.16939e-06
5.62358e-06
9.15189e-06
6.69511e-06
8.41766e-06
7.51959e-06
7.26091e-06
8.08391e-06
5.91009e-06
8.40123e-06
4.52538e-06
8.49e-06
3.18501e-06
8.3578e-06
1.92105e-06
8.00313e-06
7.25315e-07
7.3831e-06
-4.36027e-07
6.51373e-06
-1.62251e-06
5.38199e-06
-2.80548e-06
4.02934e-06
-4.09198e-06
2.52032e-06
-5.71799e-06
9.18463e-07
-9.31646e-06
-1.62359e-07
-1.81326e-05
-2.33696e-05
1.43714e-07
1.38278e-06
1.00812e-06
4.70573e-06
2.46173e-06
6.67565e-06
4.16127e-06
7.46985e-06
5.86391e-06
7.44926e-06
7.38269e-06
6.89887e-06
8.61415e-06
6.02945e-06
9.5282e-06
4.99604e-06
1.01201e-05
3.93352e-06
1.04028e-05
2.90229e-06
1.03827e-05
1.94112e-06
1.00664e-05
1.04166e-06
9.4137e-06
2.16653e-07
8.4376e-06
-6.46415e-07
7.13459e-06
-1.50247e-06
5.55428e-06
-2.51167e-06
3.85376e-06
-4.01747e-06
2.20609e-06
-7.6688e-06
6.39746e-07
-1.65662e-05
-2.27298e-05
-5.11141e-07
1.89392e-06
1.88321e-07
4.00626e-06
1.71592e-06
5.14806e-06
3.74994e-06
5.43583e-06
5.8786e-06
5.32059e-06
7.81792e-06
4.95955e-06
9.43069e-06
4.41668e-06
1.06756e-05
3.75112e-06
1.15348e-05
3.0743e-06
1.20259e-05
2.41119e-06
1.21537e-05
1.81335e-06
1.19389e-05
1.25649e-06
1.14014e-05
7.54105e-07
1.05188e-05
2.36201e-07
9.29501e-06
-2.78672e-07
7.79695e-06
-1.01361e-06
6.21073e-06
-2.43125e-06
4.42623e-06
-5.8843e-06
2.04293e-06
-1.41829e-05
-2.06869e-05
-4.17283e-06
6.06675e-06
-3.63944e-06
3.47287e-06
-1.26349e-06
2.7721e-06
1.50938e-06
2.66296e-06
4.22286e-06
2.60712e-06
6.73352e-06
2.44889e-06
8.9304e-06
2.21979e-06
1.07541e-05
1.92741e-06
1.21871e-05
1.64136e-06
1.32562e-05
1.34203e-06
1.39788e-05
1.09076e-06
1.4399e-05
8.36297e-07
1.45062e-05
6.46947e-07
1.43118e-05
4.30513e-07
1.38038e-05
2.29366e-07
1.29968e-05
-2.0662e-07
1.1884e-05
-1.31842e-06
1.00968e-05
-4.09713e-06
5.63151e-06
-9.7176e-06
-1.50554e-05
6.06675e-06
9.53962e-06
1.23117e-05
1.49747e-05
1.75818e-05
2.00307e-05
2.22505e-05
2.41779e-05
2.58193e-05
2.71613e-05
2.82521e-05
2.90883e-05
2.97353e-05
3.01658e-05
3.03952e-05
3.01886e-05
2.88701e-05
2.4773e-05
1.50554e-05
)
;

boundaryField
{
    movingWall
    {
        type            calculated;
        value           uniform 0;
    }
    fixedWalls
    {
        type            calculated;
        value           uniform 0;
    }
    frontAndBack
    {
        type            empty;
        value           nonuniform List<scalar> 0();
    }
}


// ************************************************************************* //
