/*--------------------------------*- C++ -*----------------------------------*\
| =========                 |                                                 |
| \\      /  F ield         | OpenFOAM: The Open Source CFD Toolbox           |
|  \\    /   O peration     | Version:  2212                                  |
|   \\  /    A nd           | Website:  www.openfoam.com                      |
|    \\/     M anipulation  |                                                 |
\*---------------------------------------------------------------------------*/
FoamFile
{
    version     2.0;
    format      ascii;
    arch        "LSB;label=32;scalar=64";
    class       volVectorField;
    location    "3.77";
    object      U;
}
// * * * * * * * * * * * * * * * * * * * * * * * * * * * * * * * * * * * * * //

dimensions      [0 1 -1 0 0 0 0];

internalField   nonuniform List<vector> 
400
(
(0.0016443 -0.00165234 0)
(0.00471929 -0.00185274 0)
(0.00640706 -0.00117842 0)
(0.00547414 -0.000559821 0)
(0.00139612 0.000197633 0)
(-0.00691654 0.00173502 0)
(-0.0205211 0.00472086 0)
(-0.0392036 0.0085944 0)
(-0.0602228 0.0111339 0)
(-0.0784126 0.0104154 0)
(-0.089104 0.00675987 0)
(-0.0898951 0.00171853 0)
(-0.0799033 -0.00351802 0)
(-0.0599549 -0.00815671 0)
(-0.0337584 -0.0107398 0)
(-0.00573589 -0.00973499 0)
(0.0162011 -0.00482013 0)
(0.0240411 0.00268267 0)
(0.0159807 0.00637525 0)
(0.00428223 0.0046656 0)
(0.00165389 -0.00492768 0)
(0.00298148 -0.00388706 0)
(-0.00064592 0.000644847 0)
(-0.0114736 0.00640778 0)
(-0.0313248 0.0139004 0)
(-0.0606474 0.0234604 0)
(-0.0959043 0.0326141 0)
(-0.130189 0.0366586 0)
(-0.157533 0.0332281 0)
(-0.174645 0.023309 0)
(-0.180095 0.00920801 0)
(-0.173907 -0.0067349 0)
(-0.156655 -0.0227969 0)
(-0.129049 -0.0364871 0)
(-0.0933349 -0.0441738 0)
(-0.0522363 -0.0415858 0)
(-0.0116831 -0.0263288 0)
(0.016489 -0.001507 0)
(0.0176308 0.0159484 0)
(0.00549852 0.0146543 0)
(-0.000298119 -0.00552727 0)
(-0.00548169 0.00101013 0)
(-0.0196143 0.0142504 0)
(-0.0442124 0.030891 0)
(-0.0795681 0.0488187 0)
(-0.12092 0.0635237 0)
(-0.160672 0.0697672 0)
(-0.193344 0.0654266 0)
(-0.216805 0.0518491 0)
(-0.230452 0.031485 0)
(-0.234284 0.0066579 0)
(-0.228943 -0.0206096 0)
(-0.214738 -0.0481653 0)
(-0.191166 -0.0724174 0)
(-0.157951 -0.0882516 0)
(-0.115062 -0.0886519 0)
(-0.0642962 -0.0668127 0)
(-0.0139469 -0.0229291 0)
(0.00934572 0.0174971 0)
(0.00415101 0.0233196 0)
(-0.00346265 0.000730635 0)
(-0.0173949 0.0173191 0)
(-0.043117 0.0411104 0)
(-0.0788123 0.067361 0)
(-0.12154 0.0900429 0)
(-0.163981 0.102681 0)
(-0.199749 0.101895 0)
(-0.226872 0.0889394 0)
(-0.245595 0.0669282 0)
(-0.256519 0.0385483 0)
(-0.260475 0.00566471 0)
(-0.25826 -0.0304049 0)
(-0.249808 -0.0674532 0)
(-0.234072 -0.102557 0)
(-0.20906 -0.130277 0)
(-0.172074 -0.141841 0)
(-0.120582 -0.125106 0)
(-0.0565597 -0.0707894 0)
(-0.00107939 0.00312649 0)
(0.00473618 0.0279234 0)
(-0.00658685 0.0149209 0)
(-0.0283814 0.0438621 0)
(-0.0625019 0.0762393 0)
(-0.103135 0.107594 0)
(-0.145457 0.129685 0)
(-0.182414 0.136746 0)
(-0.210527 0.128303 0)
(-0.230146 0.107878 0)
(-0.242557 0.079314 0)
(-0.249479 0.0453898 0)
(-0.252608 0.00763418 0)
(-0.252879 -0.0331679 0)
(-0.250075 -0.0758913 0)
(-0.243614 -0.119234 0)
(-0.230691 -0.15926 0)
(-0.206681 -0.187538 0)
(-0.165567 -0.188775 0)
(-0.102708 -0.14223 0)
(-0.0221263 -0.0390446 0)
(0.00730023 0.0267454 0)
(-0.00838226 0.0347182 0)
(-0.0346658 0.0759582 0)
(-0.0720654 0.113619 0)
(-0.11172 0.145939 0)
(-0.148579 0.164176 0)
(-0.17719 0.16428 0)
(-0.196529 0.148371 0)
(-0.208109 0.121475 0)
(-0.213911 0.0879363 0)
(-0.216423 0.0507407 0)
(-0.217647 0.0113472 0)
(-0.218612 -0.0298568 0)
(-0.219526 -0.0733765 0)
(-0.220453 -0.119632 0)
(-0.219179 -0.167426 0)
(-0.210583 -0.211272 0)
(-0.186581 -0.236968 0)
(-0.138623 -0.217284 0)
(-0.0623155 -0.118389 0)
(0.00571418 0.0139506 0)
(-0.00814651 0.0564944 0)
(-0.0347702 0.108878 0)
(-0.0707463 0.148726 0)
(-0.105535 0.179057 0)
(-0.134855 0.191746 0)
(-0.15506 0.184578 0)
(-0.166777 0.161734 0)
(-0.172098 0.129321 0)
(-0.173434 0.0921215 0)
(-0.173321 0.0531666 0)
(-0.173323 0.0136932 0)
(-0.174151 -0.026288 0)
(-0.176361 -0.0679757 0)
(-0.180478 -0.112729 0)
(-0.185813 -0.161706 0)
(-0.18867 -0.213742 0)
(-0.181109 -0.259782 0)
(-0.153145 -0.273545 0)
(-0.0985398 -0.204743 0)
(-0.00884798 -0.0147492 0)
(-0.00601197 0.0767298 0)
(-0.0292702 0.139005 0)
(-0.0604369 0.179082 0)
(-0.0885352 0.205901 0)
(-0.110295 0.212551 0)
(-0.123648 0.198482 0)
(-0.130119 0.169562 0)
(-0.131998 0.132755 0)
(-0.131756 0.0930898 0)
(-0.131391 0.0533198 0)
(-0.131645 0.0141732 0)
(-0.132721 -0.0247672 0)
(-0.135092 -0.0646072 0)
(-0.139455 -0.106675 0)
(-0.146397 -0.153035 0)
(-0.154536 -0.206066 0)
(-0.157795 -0.263711 0)
(-0.145782 -0.306234 0)
(-0.111468 -0.275637 0)
(-0.0306439 -0.0748646 0)
(-0.00265868 0.0924344 0)
(-0.0200239 0.163725 0)
(-0.0443766 0.203158 0)
(-0.0652813 0.22591 0)
(-0.0803546 0.226975 0)
(-0.0886795 0.207251 0)
(-0.0920916 0.173779 0)
(-0.0927271 0.134059 0)
(-0.0927106 0.0931574 0)
(-0.093265 0.0533667 0)
(-0.0944703 0.0147802 0)
(-0.0962369 -0.0234481 0)
(-0.0987487 -0.0621904 0)
(-0.102524 -0.102244 0)
(-0.10872 -0.145353 0)
(-0.118044 -0.195551 0)
(-0.127238 -0.257224 0)
(-0.125783 -0.321317 0)
(-0.106875 -0.332817 0)
(-0.0370664 -0.162084 0)
(0.00121583 0.101365 0)
(-0.0087348 0.18128 0)
(-0.0251668 0.220474 0)
(-0.038964 0.239888 0)
(-0.0483048 0.23677 0)
(-0.0530463 0.213044 0)
(-0.0548344 0.176536 0)
(-0.055327 0.135129 0)
(-0.0560709 0.0938303 0)
(-0.0576488 0.054402 0)
(-0.0598398 0.0163697 0)
(-0.0624882 -0.0213994 0)
(-0.0655918 -0.0596434 0)
(-0.0693528 -0.0986852 0)
(-0.0747327 -0.13935 0)
(-0.0833364 -0.185447 0)
(-0.0951953 -0.245377 0)
(-0.10019 -0.32199 0)
(-0.0948076 -0.370177 0)
(-0.0307933 -0.240879 0)
(0.00502493 0.102463 0)
(0.0029441 0.190702 0)
(-0.00525868 0.23081 0)
(-0.0122644 0.247782 0)
(-0.0165781 0.241817 0)
(-0.0183884 0.215839 0)
(-0.0189713 0.178009 0)
(-0.0193794 0.136215 0)
(-0.0205747 0.0952234 0)
(-0.0227444 0.0564104 0)
(-0.0255853 0.0190194 0)
(-0.029016 -0.0181778 0)
(-0.0330518 -0.0559523 0)
(-0.037663 -0.0944576 0)
(-0.0434239 -0.133732 0)
(-0.0516405 -0.176369 0)
(-0.0652002 -0.232294 0)
(-0.07404 -0.315544 0)
(-0.0810382 -0.394568 0)
(-0.0228928 -0.305246 0)
(0.00826252 0.0960829 0)
(0.0139652 0.191646 0)
(0.0138639 0.234275 0)
(0.0134785 0.250506 0)
(0.014101 0.243532 0)
(0.015303 0.21705 0)
(0.0161774 0.179233 0)
(0.0162446 0.137808 0)
(0.0150991 0.0973394 0)
(0.0127963 0.059136 0)
(0.00962638 0.0224675 0)
(0.00557004 -0.0138856 0)
(0.000483507 -0.0508061 0)
(-0.00552281 -0.0884875 0)
(-0.0128578 -0.126633 0)
(-0.0217731 -0.166415 0)
(-0.0375644 -0.217118 0)
(-0.0488668 -0.301813 0)
(-0.0679536 -0.406376 0)
(-0.0144878 -0.358121 0)
(0.0100488 0.0833765 0)
(0.0229251 0.184158 0)
(0.0304794 0.230445 0)
(0.0363205 0.247078 0)
(0.0419014 0.240328 0)
(0.0467842 0.214772 0)
(0.0501483 0.178265 0)
(0.0517377 0.138173 0)
(0.0515041 0.0988778 0)
(0.0496733 0.0617513 0)
(0.046515 0.0262513 0)
(0.0419569 -0.00877287 0)
(0.0358153 -0.0442735 0)
(0.0281742 -0.0805253 0)
(0.0182731 -0.117201 0)
(0.00714751 -0.154642 0)
(-0.012114 -0.200754 0)
(-0.0246802 -0.283761 0)
(-0.056066 -0.408969 0)
(-0.00621658 -0.400097 0)
(0.00957985 0.0665498 0)
(0.0283514 0.168634 0)
(0.0434348 0.21954 0)
(0.0557826 0.238382 0)
(0.0669047 0.233503 0)
(0.0764364 0.210356 0)
(0.0835034 0.176334 0)
(0.0877935 0.138327 0)
(0.0893889 0.100624 0)
(0.0886179 0.0648194 0)
(0.0858235 0.0307469 0)
(0.0808368 -0.00263102 0)
(0.0734751 -0.0360013 0)
(0.0639915 -0.0699866 0)
(0.0510747 -0.10441 0)
(0.0364626 -0.139229 0)
(0.0123568 -0.180733 0)
(-0.000628381 -0.260623 0)
(-0.0451642 -0.404849 0)
(0.00263679 -0.434725 0)
(0.00671125 0.0491928 0)
(0.0286055 0.147361 0)
(0.0499672 0.201256 0)
(0.0685481 0.221846 0)
(0.085767 0.218997 0)
(0.101226 0.199042 0)
(0.113669 0.168735 0)
(0.122407 0.134194 0)
(0.127359 0.0994392 0)
(0.128807 0.0661826 0)
(0.127037 0.0346497 0)
(0.122141 0.0040148 0)
(0.113621 -0.026144 0)
(0.102123 -0.0566861 0)
(0.0854368 -0.0876881 0)
(0.0666504 -0.119804 0)
(0.0370691 -0.157647 0)
(0.0230106 -0.234743 0)
(-0.0349027 -0.397334 0)
(0.013282 -0.463242 0)
(0.00230243 0.0348152 0)
(0.0229754 0.122872 0)
(0.0497485 0.178038 0)
(0.0750524 0.200616 0)
(0.0993496 0.200237 0)
(0.121897 0.183988 0)
(0.141038 0.158192 0)
(0.155559 0.128094 0)
(0.165048 0.097305 0)
(0.16974 0.0675338 0)
(0.169607 0.0393572 0)
(0.165377 0.0123428 0)
(0.155689 -0.0138883 0)
(0.142204 -0.0400877 0)
(0.121343 -0.0665935 0)
(0.0982706 -0.0949796 0)
(0.0629944 -0.130011 0)
(0.0460706 -0.205505 0)
(-0.0232599 -0.385957 0)
(0.0282583 -0.484778 0)
(-0.00337238 0.0290952 0)
(0.00959398 0.101067 0)
(0.0360208 0.147305 0)
(0.0673694 0.167596 0)
(0.0997977 0.168698 0)
(0.131084 0.156513 0)
(0.158682 0.136304 0)
(0.180867 0.112204 0)
(0.196618 0.0872764 0)
(0.206296 0.0630476 0)
(0.209106 0.040261 0)
(0.2068 0.01876 0)
(0.196707 -0.00181226 0)
(0.182332 -0.0219987 0)
(0.157983 -0.0422819 0)
(0.131902 -0.0657809 0)
(0.091075 -0.0996304 0)
(0.0689362 -0.17843 0)
(-0.00490229 -0.36934 0)
(0.0518956 -0.491245 0)
(-0.0136825 0.0189918 0)
(-0.00749745 0.0882294 0)
(0.0185283 0.123502 0)
(0.0551288 0.13614 0)
(0.0956566 0.135523 0)
(0.135451 0.126345 0)
(0.171182 0.111822 0)
(0.200562 0.094253 0)
(0.222113 0.0760507 0)
(0.236918 0.0582019 0)
(0.242853 0.0416782 0)
(0.243737 0.0263222 0)
(0.234622 0.0123296 0)
(0.223054 -0.00118289 0)
(0.198584 -0.014952 0)
(0.175247 -0.033754 0)
(0.131657 -0.0664988 0)
(0.106844 -0.14522 0)
(0.0370164 -0.326006 0)
(0.0921864 -0.455812 0)
(-0.105795 0.0827517 0)
(-0.0775855 0.0692391 0)
(-0.0486888 0.0730908 0)
(0.00315384 0.077298 0)
(0.0560714 0.0774702 0)
(0.108207 0.0731766 0)
(0.154843 0.0659108 0)
(0.196718 0.0566276 0)
(0.228496 0.0471216 0)
(0.256384 0.0376433 0)
(0.272046 0.0291819 0)
(0.287207 0.0213766 0)
(0.287778 0.0148054 0)
(0.292169 0.00855199 0)
(0.2764 0.0017215 0)
(0.269709 -0.00941313 0)
(0.230949 -0.0350279 0)
(0.2175 -0.0951665 0)
(0.15007 -0.229713 0)
(0.170647 -0.341501 0)
(0.130098 0.103842 0)
(0.158596 0.075484 0)
(0.212598 0.0535084 0)
(0.271072 0.0418367 0)
(0.32344 0.0360446 0)
(0.375547 0.0320117 0)
(0.419783 0.0289437 0)
(0.464742 0.0255938 0)
(0.49756 0.0229247 0)
(0.532604 0.0197478 0)
(0.551951 0.0176117 0)
(0.577765 0.0146963 0)
(0.584014 0.0132808 0)
(0.60255 0.0104821 0)
(0.594252 0.00953802 0)
(0.603071 0.00514003 0)
(0.567587 0.000207636 0)
(0.547742 -0.0182397 0)
(0.435999 -0.0504031 0)
(0.336908 -0.101409 0)
)
;

boundaryField
{
    movingWall
    {
        type            fixedValue;
        value           uniform (1 0 0);
    }
    fixedWalls
    {
        type            noSlip;
    }
    frontAndBack
    {
        type            empty;
    }
}


// ************************************************************************* //
