/*--------------------------------*- C++ -*----------------------------------*\
| =========                 |                                                 |
| \\      /  F ield         | OpenFOAM: The Open Source CFD Toolbox           |
|  \\    /   O peration     | Version:  2212                                  |
|   \\  /    A nd           | Website:  www.openfoam.com                      |
|    \\/     M anipulation  |                                                 |
\*---------------------------------------------------------------------------*/
FoamFile
{
    version     2.0;
    format      ascii;
    arch        "LSB;label=32;scalar=64";
    class       surfaceScalarField;
    location    "4.715";
    object      phi;
}
// * * * * * * * * * * * * * * * * * * * * * * * * * * * * * * * * * * * * * //

dimensions      [0 3 -1 0 0 0 0];

oriented        oriented;

internalField   nonuniform List<scalar> 
760
(
1.54932e-07
-1.54949e-07
2.91134e-07
-1.36201e-07
3.06898e-07
-1.57639e-08
1.80647e-07
1.26251e-07
-1.22543e-07
3.03189e-07
-6.66144e-07
5.43602e-07
-1.48202e-06
8.15872e-07
-2.48359e-06
1.00158e-06
-3.47005e-06
9.86453e-07
-4.2091e-06
7.39058e-07
-4.53389e-06
3.24786e-07
-4.34716e-06
-1.86731e-07
-3.59226e-06
-7.54894e-07
-2.38284e-06
-1.20942e-06
-9.48317e-07
-1.43452e-06
3.37176e-07
-1.28549e-06
1.08089e-06
-7.43709e-07
1.02792e-06
5.29655e-08
4.5924e-07
5.68681e-07
4.59241e-07
1.23057e-07
-2.78005e-07
7.1027e-08
-8.41718e-08
-3.00263e-07
3.55526e-07
-1.07957e-06
9.05557e-07
-2.31161e-06
1.53523e-06
-3.91641e-06
2.14841e-06
-5.64493e-06
2.54439e-06
-7.18526e-06
2.5419e-06
-8.31318e-06
2.11438e-06
-8.91881e-06
1.34468e-06
-8.95497e-06
3.60953e-07
-8.39893e-06
-7.42775e-07
-7.28184e-06
-1.87198e-06
-5.63653e-06
-2.85473e-06
-3.60643e-06
-3.46462e-06
-1.49545e-06
-3.39648e-06
1.70938e-07
-2.4101e-06
8.53119e-07
-6.29217e-07
5.2343e-07
8.98369e-07
9.82672e-07
-1.29079e-07
-1.48926e-07
-6.3518e-07
4.21929e-07
-1.62306e-06
1.3434e-06
-3.13338e-06
2.41588e-06
-5.04133e-06
3.44317e-06
-7.04938e-06
4.15646e-06
-8.84348e-06
4.3385e-06
-1.02437e-05
3.9421e-06
-1.11981e-05
3.06878e-06
-1.1699e-05
1.84557e-06
-1.1695e-05
3.57017e-07
-1.12392e-05
-1.19864e-06
-1.03113e-05
-2.7999e-06
-8.85692e-06
-4.30908e-06
-6.85599e-06
-5.46555e-06
-4.39711e-06
-5.85535e-06
-1.87871e-06
-4.9285e-06
-8.91669e-08
-2.41876e-06
2.93562e-07
5.15639e-07
1.27623e-06
-4.99803e-07
3.50878e-07
-1.5562e-06
1.47832e-06
-3.1094e-06
2.89661e-06
-5.06277e-06
4.36925e-06
-7.15792e-06
5.53832e-06
-9.08855e-06
6.08709e-06
-1.06529e-05
5.9028e-06
-1.1808e-05
5.09723e-06
-1.25819e-05
3.84268e-06
-1.30094e-05
2.2731e-06
-1.30759e-05
4.23465e-07
-1.2839e-05
-1.43552e-06
-1.22606e-05
-3.37829e-06
-1.12387e-05
-5.33093e-06
-9.64231e-06
-7.06197e-06
-7.34659e-06
-8.15108e-06
-4.38978e-06
-7.88531e-06
-1.37739e-06
-5.43115e-06
1.19583e-07
-9.81338e-07
1.39582e-06
-8.58739e-07
1.20962e-06
-2.35234e-06
2.97192e-06
-4.21507e-06
4.75934e-06
-6.25335e-06
6.40753e-06
-8.18765e-06
7.47262e-06
-9.79595e-06
7.69539e-06
-1.10012e-05
7.10807e-06
-1.18297e-05
5.9257e-06
-1.23433e-05
4.35628e-06
-1.2615e-05
2.54484e-06
-1.27357e-05
5.44088e-07
-1.26926e-05
-1.4786e-06
-1.24764e-05
-3.59447e-06
-1.20077e-05
-5.79965e-06
-1.10998e-05
-7.96987e-06
-9.46471e-06
-9.78613e-06
-6.80376e-06
-1.05463e-05
-3.21579e-06
-9.01911e-06
-2.61956e-07
-3.93517e-06
1.13386e-06
-1.0816e-06
2.29122e-06
-2.7712e-06
4.66152e-06
-4.65609e-06
6.64422e-06
-6.50565e-06
8.2571e-06
-8.09652e-06
9.06349e-06
-9.29759e-06
8.89645e-06
-1.01042e-05
7.91471e-06
-1.05813e-05
6.40279e-06
-1.08193e-05
4.5943e-06
-1.09186e-05
2.64413e-06
-1.10009e-05
6.26333e-07
-1.10539e-05
-1.42559e-06
-1.1093e-05
-3.55534e-06
-1.10886e-05
-5.80409e-06
-1.08862e-05
-8.17228e-06
-1.01581e-05
-1.05142e-05
-8.41056e-06
-1.22938e-05
-5.22931e-06
-1.22004e-05
-1.15628e-06
-8.00821e-06
-2.24168e-08
-1.10451e-06
3.39573e-06
-2.74417e-06
6.30118e-06
-4.43381e-06
8.33387e-06
-5.96232e-06
9.78561e-06
-7.16997e-06
1.02711e-05
-7.99389e-06
9.72038e-06
-8.47116e-06
8.39197e-06
-8.68857e-06
6.6202e-06
-8.75006e-06
4.65579e-06
-8.75345e-06
2.64752e-06
-8.78224e-06
6.55119e-07
-8.85558e-06
-1.35225e-06
-8.99314e-06
-3.41778e-06
-9.20588e-06
-5.59134e-06
-9.43612e-06
-7.94205e-06
-9.4512e-06
-1.04991e-05
-8.73154e-06
-1.30134e-05
-6.52092e-06
-1.4411e-05
-2.41683e-06
-1.21123e-05
-2.43925e-06
-9.30112e-07
4.32584e-06
-2.33463e-06
7.7057e-06
-3.71536e-06
9.71459e-06
-4.88893e-06
1.09592e-05
-5.75432e-06
1.11365e-05
-6.29408e-06
1.02601e-05
-6.56476e-06
8.66265e-06
-6.65732e-06
6.71276e-06
-6.66846e-06
4.66693e-06
-6.67214e-06
2.6512e-06
-6.70513e-06
6.88107e-07
-6.7849e-06
-1.27247e-06
-6.93269e-06
-3.27e-06
-7.17887e-06
-5.34515e-06
-7.53978e-06
-7.58114e-06
-7.92282e-06
-1.01161e-05
-7.91652e-06
-1.30197e-05
-6.70323e-06
-1.56243e-05
-3.57671e-06
-1.52388e-05
-6.01597e-06
-6.20936e-07
4.94678e-06
-1.67821e-06
8.76297e-06
-2.70669e-06
1.07431e-05
-3.54163e-06
1.17941e-05
-4.12722e-06
1.17221e-05
-4.47311e-06
1.0606e-05
-4.63778e-06
8.82732e-06
-4.69977e-06
6.77475e-06
-4.73201e-06
4.69917e-06
-4.7789e-06
2.69808e-06
-4.85099e-06
7.60206e-07
-4.95508e-06
-1.16839e-06
-5.10129e-06
-3.12379e-06
-5.31847e-06
-5.12797e-06
-5.66155e-06
-7.23806e-06
-6.14294e-06
-9.6347e-06
-6.54224e-06
-1.26204e-05
-6.11727e-06
-1.60493e-05
-3.91606e-06
-1.744e-05
-9.93203e-06
-2.30556e-07
5.17733e-06
-8.87895e-07
9.42031e-06
-1.55646e-06
1.14116e-05
-2.08327e-06
1.23209e-05
-2.44031e-06
1.20791e-05
-2.65157e-06
1.08173e-05
-2.76513e-06
8.94088e-06
-2.83442e-06
6.84404e-06
-2.90458e-06
4.76933e-06
-2.99803e-06
2.79154e-06
-3.11767e-06
8.7984e-07
-3.26332e-06
-1.02274e-06
-3.43539e-06
-2.95172e-06
-3.64645e-06
-4.91691e-06
-3.9479e-06
-6.93661e-06
-4.42154e-06
-9.16107e-06
-5.01276e-06
-1.20292e-05
-5.1172e-06
-1.59448e-05
-3.55404e-06
-1.90032e-05
-1.34861e-05
1.63391e-07
5.01394e-06
-6.87461e-08
9.65245e-06
-4.00103e-07
1.1743e-05
-6.49638e-07
1.25705e-05
-8.03022e-07
1.22325e-05
-8.91258e-07
1.09055e-05
-9.53861e-07
9.00349e-06
-1.02287e-06
6.91305e-06
-1.11504e-06
4.86151e-06
-1.23814e-06
2.91463e-06
-1.39451e-06
1.03621e-06
-1.58633e-06
-8.30916e-07
-1.81244e-06
-2.72562e-06
-2.07112e-06
-4.65823e-06
-2.39056e-06
-6.61716e-06
-2.86375e-06
-8.68788e-06
-3.55377e-06
-1.13392e-05
-4.02234e-06
-1.54762e-05
-3.02379e-06
-2.00017e-05
-1.65099e-05
4.99143e-07
4.5148e-06
6.96561e-07
9.45503e-06
7.39708e-07
1.16999e-05
7.75451e-07
1.25347e-05
8.20669e-07
1.21873e-05
8.49826e-07
1.08764e-05
8.42976e-07
9.01034e-06
7.91785e-07
6.96424e-06
6.9764e-07
4.95565e-06
5.62519e-07
3.04975e-06
3.81687e-07
1.21705e-06
1.48926e-07
-5.98155e-07
-1.3777e-07
-2.43892e-06
-4.85029e-07
-4.31097e-06
-8.97738e-07
-6.20445e-06
-1.42141e-06
-8.16422e-06
-2.20328e-06
-1.05573e-05
-2.95504e-06
-1.47245e-05
-2.46156e-06
-2.04952e-05
-1.89714e-05
7.53546e-07
3.76125e-06
1.34959e-06
8.85898e-06
1.74145e-06
1.1308e-05
2.07032e-06
1.22058e-05
2.34309e-06
1.19145e-05
2.52917e-06
1.06903e-05
2.62005e-06
8.91945e-06
2.62648e-06
6.95782e-06
2.5629e-06
5.01922e-06
2.4368e-06
3.17586e-06
2.24132e-06
1.41252e-06
1.96252e-06
-3.19352e-07
1.60006e-06
-2.07646e-06
1.14892e-06
-3.85982e-06
6.04165e-07
-5.6597e-06
-8.67466e-08
-7.47331e-06
-9.60733e-07
-9.68334e-06
-1.92392e-06
-1.37613e-05
-1.92748e-06
-2.04916e-05
-2.08989e-05
8.67534e-07
2.89372e-06
1.80431e-06
7.92221e-06
2.54433e-06
1.0568e-05
3.18406e-06
1.15661e-05
3.73071e-06
1.13679e-05
4.1407e-06
1.02803e-05
4.39782e-06
8.66233e-06
4.5161e-06
6.83954e-06
4.51903e-06
5.01629e-06
4.42244e-06
3.27245e-06
4.22473e-06
1.61023e-06
3.8962e-06
9.17461e-09
3.45305e-06
-1.63331e-06
2.8717e-06
-3.27847e-06
2.15231e-06
-4.94031e-06
1.31241e-06
-6.63341e-06
2.60292e-07
-8.63122e-06
-9.6455e-07
-1.25365e-05
-1.43025e-06
-2.00259e-05
-2.23291e-05
8.03441e-07
2.09028e-06
1.94766e-06
6.77799e-06
2.98793e-06
9.52769e-06
3.95954e-06
1.05945e-05
4.83514e-06
1.04923e-05
5.54845e-06
9.56699e-06
6.06007e-06
8.15071e-06
6.37303e-06
6.52658e-06
6.50876e-06
4.88056e-06
6.48613e-06
3.29508e-06
6.30447e-06
1.79189e-06
5.95927e-06
3.54376e-07
5.42107e-06
-1.09511e-06
4.69467e-06
-2.55208e-06
3.7721e-06
-4.01773e-06
2.68171e-06
-5.54302e-06
1.38168e-06
-7.3312e-06
-1.59322e-07
-1.09954e-05
-9.16753e-07
-1.92685e-05
-2.32459e-05
5.75409e-07
1.51487e-06
1.75365e-06
5.59975e-06
3.0892e-06
8.19214e-06
4.43785e-06
9.24587e-06
5.70217e-06
9.22798e-06
6.78347e-06
8.48569e-06
7.6162e-06
7.31798e-06
8.18774e-06
5.95504e-06
8.51089e-06
4.55741e-06
8.60314e-06
3.20283e-06
8.47158e-06
1.92345e-06
8.11396e-06
7.11992e-07
7.4867e-06
-4.6785e-07
6.60646e-06
-1.67183e-06
5.46026e-06
-2.87154e-06
4.08898e-06
-4.17173e-06
2.56281e-06
-5.80503e-06
9.50364e-07
-9.383e-06
-1.47496e-07
-1.81706e-05
-2.33934e-05
1.50915e-07
1.36395e-06
1.03548e-06
4.71518e-06
2.50972e-06
6.71791e-06
4.22892e-06
7.52667e-06
5.94845e-06
7.50845e-06
7.48089e-06
6.95325e-06
8.72354e-06
6.07533e-06
9.64674e-06
5.03184e-06
1.02458e-05
3.95832e-06
1.0533e-05
2.91568e-06
1.05144e-05
1.94201e-06
1.01961e-05
1.03031e-06
9.53416e-06
1.94087e-07
8.54725e-06
-6.84931e-07
7.22752e-06
-1.5518e-06
5.62583e-06
-2.57005e-06
3.90153e-06
-4.08073e-06
2.23466e-06
-7.71612e-06
6.50807e-07
-1.65868e-05
-2.27426e-05
-5.16413e-07
1.88037e-06
1.99267e-07
3.99951e-06
1.75174e-06
5.16543e-06
3.81202e-06
5.46639e-06
5.96446e-06
5.35601e-06
7.92317e-06
4.99455e-06
9.55159e-06
4.4469e-06
1.08085e-05
3.7749e-06
1.16767e-05
3.09021e-06
1.21728e-05
2.41956e-06
1.23011e-05
1.81373e-06
1.20817e-05
1.24968e-06
1.15372e-05
7.38592e-07
1.06405e-05
2.11778e-07
9.3957e-06
-3.07032e-07
7.87371e-06
-1.04806e-06
6.26022e-06
-2.46724e-06
4.45282e-06
-5.90872e-06
2.05399e-06
-1.4188e-05
-2.06886e-05
-4.17844e-06
6.0588e-06
-3.64165e-06
3.46272e-06
-1.24872e-06
2.7725e-06
1.54692e-06
2.67075e-06
4.28352e-06
2.61941e-06
6.81526e-06
2.46281e-06
9.02944e-06
2.23271e-06
1.08662e-05
1.93811e-06
1.23076e-05
1.64881e-06
1.33809e-05
1.34631e-06
1.41032e-05
1.09139e-06
1.45192e-05
8.33683e-07
1.46171e-05
6.40671e-07
1.44069e-05
4.22049e-07
1.3881e-05
2.18849e-07
1.30549e-05
-2.21934e-07
1.1918e-05
-1.33037e-06
1.01105e-05
-4.10127e-06
5.63711e-06
-9.71452e-06
-1.50515e-05
6.0588e-06
9.52153e-06
1.2294e-05
1.49648e-05
1.75842e-05
2.0047e-05
2.22797e-05
2.42178e-05
2.58666e-05
2.72129e-05
2.83043e-05
2.9138e-05
2.97787e-05
3.02007e-05
3.04196e-05
3.01976e-05
2.88673e-05
2.4766e-05
1.50515e-05
)
;

boundaryField
{
    movingWall
    {
        type            calculated;
        value           uniform 0;
    }
    fixedWalls
    {
        type            calculated;
        value           uniform 0;
    }
    frontAndBack
    {
        type            empty;
        value           nonuniform List<scalar> 0();
    }
}


// ************************************************************************* //
