/*--------------------------------*- C++ -*----------------------------------*\
| =========                 |                                                 |
| \\      /  F ield         | OpenFOAM: The Open Source CFD Toolbox           |
|  \\    /   O peration     | Version:  2212                                  |
|   \\  /    A nd           | Website:  www.openfoam.com                      |
|    \\/     M anipulation  |                                                 |
\*---------------------------------------------------------------------------*/
FoamFile
{
    version     2.0;
    format      ascii;
    arch        "LSB;label=32;scalar=64";
    class       volVectorField;
    location    "4.715";
    object      U;
}
// * * * * * * * * * * * * * * * * * * * * * * * * * * * * * * * * * * * * * //

dimensions      [0 1 -1 0 0 0 0];

internalField   nonuniform List<vector> 
400
(
(0.00167021 -0.00167393 0)
(0.00480122 -0.0018798 0)
(0.00653257 -0.00119363 0)
(0.00561002 -0.000570303 0)
(0.00151395 0.000188326 0)
(-0.00686023 0.00173837 0)
(-0.0205839 0.00476646 0)
(-0.039436 0.00869222 0)
(-0.060625 0.0112437 0)
(-0.0789094 0.0104842 0)
(-0.089595 0.00677406 0)
(-0.0902989 0.00169018 0)
(-0.0801514 -0.00357924 0)
(-0.0600199 -0.00823287 0)
(-0.0336416 -0.0108117 0)
(-0.00547751 -0.00977882 0)
(0.0165233 -0.00479693 0)
(0.0243153 0.00274056 0)
(0.0161106 0.0064378 0)
(0.00430538 0.00469989 0)
(0.00169911 -0.00502167 0)
(0.00310347 -0.00398557 0)
(-0.000494298 0.000607661 0)
(-0.0113838 0.00643346 0)
(-0.0314052 0.0140054 0)
(-0.0610009 0.0236757 0)
(-0.0965518 0.0329169 0)
(-0.131051 0.036949 0)
(-0.158503 0.0334208 0)
(-0.175626 0.0233724 0)
(-0.181008 0.00914743 0)
(-0.174702 -0.00689707 0)
(-0.15728 -0.0230398 0)
(-0.129479 -0.0367665 0)
(-0.0935574 -0.0444369 0)
(-0.0522483 -0.0417657 0)
(-0.0115291 -0.0263523 0)
(0.016734 -0.00137293 0)
(0.0177837 0.0161226 0)
(0.00552675 0.0147624 0)
(-0.000259849 -0.00569818 0)
(-0.00541904 0.000872949 0)
(-0.019622 0.014291 0)
(-0.0444259 0.0311331 0)
(-0.0801069 0.049247 0)
(-0.121795 0.0640571 0)
(-0.161795 0.0702791 0)
(-0.194617 0.065815 0)
(-0.21815 0.0520653 0)
(-0.2318 0.0315125 0)
(-0.235578 0.0065009 0)
(-0.230143 -0.0209334 0)
(-0.215807 -0.0486209 0)
(-0.192067 -0.0729436 0)
(-0.158652 -0.0887649 0)
(-0.115529 -0.0890492 0)
(-0.0644992 -0.0669841 0)
(-0.01389 -0.0227879 0)
(0.00942677 0.0177575 0)
(0.00415357 0.0234866 0)
(-0.00347141 0.000548477 0)
(-0.0174845 0.0172767 0)
(-0.0434005 0.0413867 0)
(-0.0794125 0.0679305 0)
(-0.122498 0.0907896 0)
(-0.165219 0.103444 0)
(-0.201162 0.10254 0)
(-0.22839 0.0893961 0)
(-0.247166 0.0671673 0)
(-0.258094 0.0385562 0)
(-0.262011 0.00543772 0)
(-0.259721 -0.0308576 0)
(-0.25116 -0.0680871 0)
(-0.235282 -0.103312 0)
(-0.210093 -0.13106 0)
(-0.172894 -0.142535 0)
(-0.121126 -0.125565 0)
(-0.0567667 -0.0708711 0)
(-0.00103017 0.00338807 0)
(0.0047403 0.0281231 0)
(-0.0066403 0.0148383 0)
(-0.0286231 0.0440449 0)
(-0.0630396 0.076826 0)
(-0.104024 0.108482 0)
(-0.146655 0.130683 0)
(-0.183807 0.137673 0)
(-0.212034 0.12905 0)
(-0.231726 0.108401 0)
(-0.244177 0.07959 0)
(-0.251113 0.045403 0)
(-0.254225 0.00737524 0)
(-0.254441 -0.0336872 0)
(-0.251536 -0.0766285 0)
(-0.244953 -0.120134 0)
(-0.23188 -0.160239 0)
(-0.207696 -0.188492 0)
(-0.166359 -0.189569 0)
(-0.103191 -0.142686 0)
(-0.022179 -0.0389602 0)
(0.00735033 0.0269622 0)
(-0.0084691 0.0348349 0)
(-0.0350102 0.0764296 0)
(-0.0727491 0.114516 0)
(-0.11273 0.147099 0)
(-0.149826 0.165369 0)
(-0.178566 0.165336 0)
(-0.197987 0.149211 0)
(-0.209635 0.122072 0)
(-0.215498 0.0882677 0)
(-0.218061 0.0507833 0)
(-0.219301 0.0110845 0)
(-0.220227 -0.0304132 0)
(-0.22104 -0.0741904 0)
(-0.221831 -0.120634 0)
(-0.220398 -0.168529 0)
(-0.211639 -0.212384 0)
(-0.187465 -0.237999 0)
(-0.13929 -0.218109 0)
(-0.0626652 -0.118781 0)
(0.00579347 0.0141001 0)
(-0.00824236 0.0568474 0)
(-0.0351463 0.109645 0)
(-0.0714572 0.149899 0)
(-0.106523 0.180437 0)
(-0.136016 0.193092 0)
(-0.156314 0.185742 0)
(-0.168115 0.162668 0)
(-0.173534 0.130007 0)
(-0.174984 0.0925314 0)
(-0.174977 0.0532598 0)
(-0.175035 0.0134306 0)
(-0.175847 -0.0269142 0)
(-0.177962 -0.0689308 0)
(-0.181913 -0.113915 0)
(-0.18704 -0.16299 0)
(-0.18969 -0.215002 0)
(-0.181953 -0.260951 0)
(-0.153834 -0.274588 0)
(-0.0990762 -0.205509 0)
(-0.00889358 -0.0146887 0)
(-0.00609044 0.0773172 0)
(-0.0296071 0.140044 0)
(-0.0610713 0.180489 0)
(-0.0893913 0.207464 0)
(-0.111282 0.21403 0)
(-0.124718 0.199754 0)
(-0.131289 0.170605 0)
(-0.133301 0.13356 0)
(-0.133213 0.0936199 0)
(-0.132987 0.0535072 0)
(-0.133321 0.0139443 0)
(-0.134406 -0.0254481 0)
(-0.136707 -0.0657108 0)
(-0.140912 -0.108092 0)
(-0.147625 -0.154591 0)
(-0.155506 -0.207571 0)
(-0.158545 -0.265049 0)
(-0.146359 -0.307424 0)
(-0.111946 -0.276643 0)
(-0.0308461 -0.0751858 0)
(-0.0027014 0.0932223 0)
(-0.0202732 0.164999 0)
(-0.0448659 0.204756 0)
(-0.0659398 0.22762 0)
(-0.0811121 0.228567 0)
(-0.0895126 0.208627 0)
(-0.0930305 0.174943 0)
(-0.0938043 0.135007 0)
(-0.0939393 0.0938373 0)
(-0.0946185 0.0536767 0)
(-0.0958988 0.0146184 0)
(-0.0976898 -0.0241326 0)
(-0.100167 -0.0633763 0)
(-0.103839 -0.103834 0)
(-0.109852 -0.147164 0)
(-0.118926 -0.197337 0)
(-0.127878 -0.258776 0)
(-0.126216 -0.32264 0)
(-0.107237 -0.334043 0)
(-0.0372369 -0.162945 0)
(0.0012223 0.102286 0)
(-0.00886142 0.182731 0)
(-0.0254612 0.222214 0)
(-0.0393737 0.241713 0)
(-0.0487833 0.238463 0)
(-0.0535863 0.214526 0)
(-0.0554638 0.177822 0)
(-0.0560673 0.136215 0)
(-0.0569221 0.0946428 0)
(-0.0585826 0.0548175 0)
(-0.0608247 0.0162751 0)
(-0.0635018 -0.0220556 0)
(-0.0666099 -0.0608474 0)
(-0.0703359 -0.100363 0)
(-0.0756207 -0.141345 0)
(-0.084044 -0.187492 0)
(-0.0956879 -0.247156 0)
(-0.100451 -0.323416 0)
(-0.095022 -0.371455 0)
(-0.0308681 -0.241943 0)
(0.00508912 0.103421 0)
(0.00296011 0.192261 0)
(-0.00533147 0.232644 0)
(-0.0123993 0.249684 0)
(-0.0167507 0.243581 0)
(-0.0185977 0.217394 0)
(-0.0192331 0.179376 0)
(-0.0197011 0.137386 0)
(-0.0209475 0.096116 0)
(-0.0231483 0.0568966 0)
(-0.0260121 0.0189877 0)
(-0.0294722 -0.0187762 0)
(-0.0335458 -0.05711 0)
(-0.038185 -0.096122 0)
(-0.0439456 -0.13579 0)
(-0.0520847 -0.178586 0)
(-0.0655121 -0.234286 0)
(-0.0741353 -0.317096 0)
(-0.0811302 -0.395909 0)
(-0.0229193 -0.30642 0)
(0.00839097 0.0969755 0)
(0.0141341 0.193231 0)
(0.0140234 0.236141 0)
(0.0136351 0.252439 0)
(0.0142601 0.245335 0)
(0.0154596 0.218651 0)
(0.0163256 0.180645 0)
(0.0163861 0.139018 0)
(0.0152454 0.0982665 0)
(0.012957 0.0596575 0)
(0.00978755 0.022484 0)
(0.0057009 -0.0144178 0)
(0.000552503 -0.0518855 0)
(-0.00552536 -0.0900702 0)
(-0.0129407 -0.128643 0)
(-0.0218795 -0.168679 0)
(-0.0376439 -0.219233 0)
(-0.0487766 -0.303415 0)
(-0.0679215 -0.407675 0)
(-0.0144681 -0.359296 0)
(0.0102304 0.0840908 0)
(0.023243 0.185671 0)
(0.0308639 0.232282 0)
(0.0367579 0.248996 0)
(0.0423839 0.242127 0)
(0.0473025 0.216368 0)
(0.0507013 0.179658 0)
(0.0523333 0.13935 0)
(0.0521508 0.0997728 0)
(0.0503706 0.0622618 0)
(0.0472335 0.0262919 0)
(0.0426433 -0.00923995 0)
(0.0364253 -0.0452632 0)
(0.0286867 -0.081996 0)
(0.0186443 -0.119099 0)
(0.00740732 -0.156851 0)
(-0.0119385 -0.202915 0)
(-0.0244158 -0.285397 0)
(-0.0559341 -0.410219 0)
(-0.00616773 -0.401196 0)
(0.00977166 0.0669913 0)
(0.0287851 0.169965 0)
(0.0440171 0.221263 0)
(0.0564806 0.240222 0)
(0.0676987 0.235254 0)
(0.0773109 0.211916 0)
(0.0844541 0.177684 0)
(0.088825 0.139449 0)
(0.0905033 0.101467 0)
(0.089802 0.0653039 0)
(0.087058 0.0308064 0)
(0.0820282 -0.00305654 0)
(0.0745772 -0.0368936 0)
(0.0649796 -0.0713123 0)
(0.0518809 -0.106135 0)
(0.0370958 -0.14128 0)
(0.0128071 -0.182812 0)
(-0.000208784 -0.262205 0)
(-0.0449474 -0.405994 0)
(0.00271505 -0.435676 0)
(0.00685149 0.0493273 0)
(0.0290905 0.148407 0)
(0.0506913 0.202792 0)
(0.0694501 0.223554 0)
(0.0868155 0.220648 0)
(0.102401 0.200514 0)
(0.11496 0.169988 0)
(0.123812 0.135211 0)
(0.128872 0.100185 0)
(0.130401 0.0666007 0)
(0.128676 0.0346957 0)
(0.123754 0.00363968 0)
(0.115167 -0.0269156 0)
(0.103541 -0.0578388 0)
(0.0866327 -0.0891959 0)
(0.0676305 -0.121621 0)
(0.0377855 -0.159546 0)
(0.0235132 -0.236204 0)
(-0.034628 -0.398341 0)
(0.0133987 -0.463981 0)
(0.00235675 0.0346987 0)
(0.0234028 0.12355 0)
(0.0505182 0.179279 0)
(0.076083 0.202097 0)
(0.100596 0.201719 0)
(0.123333 0.18533 0)
(0.142642 0.159337 0)
(0.157311 0.129014 0)
(0.166928 0.0979748 0)
(0.171714 0.0679164 0)
(0.171625 0.0394241 0)
(0.167384 0.0120767 0)
(0.157605 -0.0144902 0)
(0.143981 -0.0410255 0)
(0.122877 -0.0678414 0)
(0.0995512 -0.0964857 0)
(0.0639554 -0.131621 0)
(0.0466294 -0.206699 0)
(-0.0229266 -0.386662 0)
(0.0284245 -0.485271 0)
(-0.00340703 0.0287915 0)
(0.00990376 0.101367 0)
(0.0367206 0.14822 0)
(0.0683896 0.168795 0)
(0.101099 0.169939 0)
(0.132639 0.157652 0)
(0.160463 0.137273 0)
(0.182843 0.112968 0)
(0.198749 0.0878151 0)
(0.208551 0.0633426 0)
(0.21141 0.0402927 0)
(0.209122 0.0185273 0)
(0.198923 -0.00232547 0)
(0.184402 -0.0227642 0)
(0.159791 -0.0432712 0)
(0.133412 -0.0669368 0)
(0.0921851 -0.100871 0)
(0.0695069 -0.179405 0)
(-0.00457515 -0.36979 0)
(0.0520582 -0.491502 0)
(-0.0138937 0.0186903 0)
(-0.00750164 0.0882092 0)
(0.0189859 0.123966 0)
(0.0559884 0.136908 0)
(0.096905 0.136404 0)
(0.137057 0.127201 0)
(0.173095 0.112573 0)
(0.202739 0.0948608 0)
(0.224476 0.0764873 0)
(0.239434 0.0584579 0)
(0.24541 0.0417317 0)
(0.246301 0.0261835 0)
(0.237047 0.0119802 0)
(0.225334 -0.00169173 0)
(0.200556 -0.0156226 0)
(0.176848 -0.0345119 0)
(0.132815 -0.0672913 0)
(0.107462 -0.145707 0)
(0.0373027 -0.326084 0)
(0.0922989 -0.455858 0)
(-0.105936 0.0825398 0)
(-0.0776863 0.0690924 0)
(-0.0485916 0.0732882 0)
(0.00357922 0.0776925 0)
(0.0568767 0.0779587 0)
(0.109384 0.0736716 0)
(0.156343 0.0663513 0)
(0.198505 0.0569848 0)
(0.230471 0.0473708 0)
(0.258503 0.0377838 0)
(0.27419 0.0292004 0)
(0.289337 0.02129 0)
(0.289771 0.0146102 0)
(0.293994 0.0082805 0)
(0.277909 0.0013659 0)
(0.270911 -0.00977438 0)
(0.231824 -0.0353599 0)
(0.217917 -0.0953278 0)
(0.150168 -0.229723 0)
(0.170665 -0.341478 0)
(0.130015 0.103776 0)
(0.158418 0.0753163 0)
(0.212323 0.0533281 0)
(0.270825 0.041702 0)
(0.323332 0.0359638 0)
(0.375655 0.0319741 0)
(0.420118 0.0289277 0)
(0.465299 0.0255858 0)
(0.498283 0.0229107 0)
(0.533447 0.0197243 0)
(0.552843 0.0175722 0)
(0.57865 0.0146439 0)
(0.584829 0.0132111 0)
(0.603247 0.0104008 0)
(0.59478 0.00944532 0)
(0.60341 0.00505506 0)
(0.56773 0.0001339 0)
(0.547681 -0.0182893 0)
(0.435821 -0.0504138 0)
(0.336816 -0.101398 0)
)
;

boundaryField
{
    movingWall
    {
        type            fixedValue;
        value           uniform (1 0 0);
    }
    fixedWalls
    {
        type            noSlip;
    }
    frontAndBack
    {
        type            empty;
    }
}


// ************************************************************************* //
