/*--------------------------------*- C++ -*----------------------------------*\
| =========                 |                                                 |
| \\      /  F ield         | OpenFOAM: The Open Source CFD Toolbox           |
|  \\    /   O peration     | Version:  2212                                  |
|   \\  /    A nd           | Website:  www.openfoam.com                      |
|    \\/     M anipulation  |                                                 |
\*---------------------------------------------------------------------------*/
FoamFile
{
    version     2.0;
    format      ascii;
    arch        "LSB;label=32;scalar=64";
    class       volVectorField;
    location    "4.235";
    object      U;
}
// * * * * * * * * * * * * * * * * * * * * * * * * * * * * * * * * * * * * * //

dimensions      [0 1 -1 0 0 0 0];

internalField   nonuniform List<vector> 
400
(
(0.00166108 -0.00166651 0)
(0.0047722 -0.00187037 0)
(0.00648795 -0.00118845 0)
(0.00556159 -0.000566894 0)
(0.00147154 0.000191453 0)
(-0.00688172 0.00173748 0)
(-0.0205647 0.00475133 0)
(-0.039359 0.00865924 0)
(-0.0604901 0.0112066 0)
(-0.0787423 0.010461 0)
(-0.08943 0.00676947 0)
(-0.090164 0.00170024 0)
(-0.0800708 -0.00355776 0)
(-0.0600034 -0.00820617 0)
(-0.0336888 -0.0107866 0)
(-0.00557395 -0.00976378 0)
(0.0164055 -0.00480586 0)
(0.0242157 0.0027196 0)
(0.0160632 0.00641515 0)
(0.00429673 0.00468739 0)
(0.00168269 -0.00498835 0)
(0.00305868 -0.00395014 0)
(-0.000551253 0.000621455 0)
(-0.0114208 0.00642521 0)
(-0.031384 0.0139699 0)
(-0.0608853 0.0236022 0)
(-0.0963342 0.0328129 0)
(-0.130759 0.0368493 0)
(-0.158174 0.0333545 0)
(-0.175292 0.0233502 0)
(-0.180697 0.00916794 0)
(-0.174431 -0.00684098 0)
(-0.157068 -0.0229551 0)
(-0.129336 -0.0366687 0)
(-0.0934882 -0.0443449 0)
(-0.0522532 -0.0417035 0)
(-0.0115912 -0.026346 0)
(0.0166421 -0.00142242 0)
(0.0177267 0.0160587 0)
(0.00551593 0.0147226 0)
(-0.000274539 -0.005636 0)
(-0.00544485 0.000924784 0)
(-0.0196257 0.0142801 0)
(-0.0443591 0.0310509 0)
(-0.0799264 0.049099 0)
(-0.121496 0.0638721 0)
(-0.16141 0.0701019 0)
(-0.194179 0.0656806 0)
(-0.217686 0.0519896 0)
(-0.231333 0.0315012 0)
(-0.235128 0.00655358 0)
(-0.229725 -0.0208219 0)
(-0.215435 -0.0484622 0)
(-0.191754 -0.0727592 0)
(-0.158412 -0.0885849 0)
(-0.115373 -0.088911 0)
(-0.0644371 -0.0669272 0)
(-0.0139183 -0.0228429 0)
(0.00939402 0.0176603 0)
(0.00415177 0.023424 0)
(-0.00346964 0.000617598 0)
(-0.0174569 0.0172983 0)
(-0.0433066 0.0412944 0)
(-0.0792071 0.067733 0)
(-0.122166 0.0905289 0)
(-0.164788 0.103178 0)
(-0.20067 0.102316 0)
(-0.22786 0.0892367 0)
(-0.246614 0.0670812 0)
(-0.257536 0.0385489 0)
(-0.261461 0.00551237 0)
(-0.259195 -0.0307023 0)
(-0.250672 -0.0678655 0)
(-0.234846 -0.103045 0)
(-0.209725 -0.130783 0)
(-0.172605 -0.142291 0)
(-0.12094 -0.125407 0)
(-0.0567016 -0.0708506 0)
(-0.0010523 0.00328705 0)
(0.00473827 0.0280468 0)
(-0.00662245 0.0148748 0)
(-0.0285402 0.0439884 0)
(-0.0628521 0.0766235 0)
(-0.103711 0.10817 0)
(-0.146231 0.130333 0)
(-0.183314 0.13735 0)
(-0.2115 0.128789 0)
(-0.231163 0.108215 0)
(-0.243592 0.0794855 0)
(-0.250513 0.0453879 0)
(-0.253622 0.00745635 0)
(-0.253853 -0.0335103 0)
(-0.250982 -0.0763684 0)
(-0.244447 -0.119811 0)
(-0.231435 -0.159885 0)
(-0.207322 -0.188149 0)
(-0.166073 -0.189289 0)
(-0.103023 -0.142533 0)
(-0.0221668 -0.0390041 0)
(0.00733131 0.0268766 0)
(-0.00843852 0.0348014 0)
(-0.0348881 0.0762704 0)
(-0.0725045 0.114202 0)
(-0.112366 0.14669 0)
(-0.149377 0.164949 0)
(-0.17807 0.164965 0)
(-0.197459 0.148913 0)
(-0.209076 0.121852 0)
(-0.214904 0.0881336 0)
(-0.217435 0.050747 0)
(-0.218656 0.0111583 0)
(-0.219588 -0.0302267 0)
(-0.220435 -0.0739002 0)
(-0.221279 -0.120266 0)
(-0.219914 -0.168118 0)
(-0.211227 -0.21197 0)
(-0.187128 -0.237621 0)
(-0.139044 -0.217817 0)
(-0.0625441 -0.118656 0)
(0.00576187 0.0140375 0)
(-0.00820748 0.056729 0)
(-0.0350097 0.109379 0)
(-0.0711975 0.149484 0)
(-0.10616 0.179947 0)
(-0.13559 0.192615 0)
(-0.155853 0.18533 0)
(-0.167619 0.16233 0)
(-0.172991 0.129744 0)
(-0.174384 0.0923547 0)
(-0.174321 0.05319 0)
(-0.174343 0.0134917 0)
(-0.17515 -0.0267094 0)
(-0.177296 -0.068589 0)
(-0.181313 -0.113472 0)
(-0.186528 -0.162499 0)
(-0.189269 -0.214517 0)
(-0.181612 -0.260506 0)
(-0.153565 -0.274201 0)
(-0.0988757 -0.20524 0)
(-0.00888181 -0.0147224 0)
(-0.00606085 0.0771128 0)
(-0.0294818 0.139677 0)
(-0.0608344 0.179987 0)
(-0.08907 0.206905 0)
(-0.110911 0.213503 0)
(-0.124314 0.199298 0)
(-0.130842 0.17022 0)
(-0.132792 0.133241 0)
(-0.13263 0.0933835 0)
(-0.132334 0.0533859 0)
(-0.132622 0.0139785 0)
(-0.133692 -0.0252317 0)
(-0.136015 -0.0653147 0)
(-0.140284 -0.107556 0)
(-0.147094 -0.153986 0)
(-0.155088 -0.206979 0)
(-0.158226 -0.264524 0)
(-0.146119 -0.306967 0)
(-0.111755 -0.276271 0)
(-0.0307732 -0.0750832 0)
(-0.00268401 0.0929425 0)
(-0.0201773 0.164544 0)
(-0.0446777 0.204181 0)
(-0.0656847 0.227004 0)
(-0.080817 0.227995 0)
(-0.0891859 0.208128 0)
(-0.0926571 0.174505 0)
(-0.0933664 0.134624 0)
(-0.0934274 0.0935296 0)
(-0.0940412 0.0534932 0)
(-0.0952767 0.0146138 0)
(-0.0970467 -0.0239222 0)
(-0.0995338 -0.0629478 0)
(-0.10325 -0.103222 0)
(-0.109346 -0.146446 0)
(-0.118532 -0.19662 0)
(-0.127593 -0.258153 0)
(-0.126024 -0.322117 0)
(-0.107083 -0.333573 0)
(-0.0371683 -0.162632 0)
(0.00122212 0.101954 0)
(-0.00880877 0.182207 0)
(-0.0253412 0.221582 0)
(-0.039205 0.24105 0)
(-0.048584 0.237848 0)
(-0.0533591 0.213982 0)
(-0.0551953 0.17733 0)
(-0.0557449 0.135769 0)
(-0.0565423 0.0942709 0)
(-0.0581552 0.0545792 0)
(-0.0603634 0.0162328 0)
(-0.0630196 -0.0218623 0)
(-0.0661239 -0.0604098 0)
(-0.0698695 -0.099707 0)
(-0.075204 -0.140539 0)
(-0.0837137 -0.186656 0)
(-0.0954577 -0.246429 0)
(-0.100325 -0.322839 0)
(-0.0949237 -0.37095 0)
(-0.0308334 -0.241534 0)
(0.00506788 0.10307 0)
(0.00296082 0.191692 0)
(-0.00529189 0.231972 0)
(-0.0123293 0.248987 0)
(-0.0166598 0.242933 0)
(-0.0184868 0.216815 0)
(-0.0190949 0.178845 0)
(-0.0195302 0.136897 0)
(-0.0207456 0.095702 0)
(-0.0229233 0.0566191 0)
(-0.0257688 0.0189109 0)
(-0.0292115 -0.018611 0)
(-0.0332707 -0.0566892 0)
(-0.0379053 -0.0954619 0)
(-0.0436773 -0.134943 0)
(-0.0518613 -0.177664 0)
(-0.0653557 -0.23346 0)
(-0.0740772 -0.31646 0)
(-0.081082 -0.395372 0)
(-0.0229044 -0.305957 0)
(0.00834526 0.0966445 0)
(0.0140776 0.192647 0)
(0.0139764 0.235451 0)
(0.013597 0.251723 0)
(0.0142287 0.244665 0)
(0.0154365 0.218048 0)
(0.0163125 0.18009 0)
(0.0163826 0.138508 0)
(0.0152462 0.097832 0)
(0.0129561 0.0593591 0)
(0.00978833 0.0223818 0)
(0.00571351 -0.0142832 0)
(0.000585697 -0.0514963 0)
(-0.0054703 -0.0894367 0)
(-0.0128616 -0.127805 0)
(-0.021801 -0.167724 0)
(-0.0375871 -0.218345 0)
(-0.0487978 -0.302751 0)
(-0.067926 -0.407147 0)
(-0.0144726 -0.358825 0)
(0.0101635 0.0838224 0)
(0.0231288 0.185108 0)
(0.0307301 0.231596 0)
(0.0366116 0.248278 0)
(0.0422284 0.24145 0)
(0.047141 0.215759 0)
(0.0505326 0.179105 0)
(0.0521523 0.13885 0)
(0.051951 0.0993499 0)
(0.0501477 0.0619677 0)
(0.0469958 0.0261805 0)
(0.0424103 -0.00913034 0)
(0.0362147 -0.0449092 0)
(0.0285082 -0.0814051 0)
(0.0185178 -0.1183 0)
(0.00732159 -0.155911 0)
(-0.0119952 -0.202002 0)
(-0.0245144 -0.284716 0)
(-0.0559831 -0.409708 0)
(-0.00618551 -0.400751 0)
(0.00969946 0.0668231 0)
(0.0286242 0.169464 0)
(0.0438042 0.220613 0)
(0.0562302 0.239524 0)
(0.0674188 0.234586 0)
(0.0770071 0.211312 0)
(0.0841259 0.177143 0)
(0.0884672 0.13897 0)
(0.0901101 0.10107 0)
(0.0893725 0.0650282 0)
(0.0865961 0.0306953 0)
(0.081568 -0.0029594 0)
(0.0741396 -0.0365757 0)
(0.0645799 -0.0707785 0)
(0.0515527 -0.105405 0)
(0.0368392 -0.140402 0)
(0.0126272 -0.18193 0)
(-0.000377175 -0.261545 0)
(-0.0450344 -0.405525 0)
(0.00268421 -0.43529 0)
(0.00679804 0.0492748 0)
(0.0289068 0.148012 0)
(0.0504186 0.20221 0)
(0.0691136 0.222901 0)
(0.0864282 0.22001 0)
(0.10197 0.199936 0)
(0.114488 0.169481 0)
(0.123295 0.134776 0)
(0.128307 0.0998343 0)
(0.129792 0.0663647 0)
(0.128031 0.0346049 0)
(0.123101 0.00372937 0)
(0.114528 -0.0266383 0)
(0.102943 -0.0573731 0)
(0.0861235 -0.0885569 0)
(0.0672148 -0.120843 0)
(0.0374864 -0.158742 0)
(0.0233053 -0.235597 0)
(-0.0347414 -0.39793 0)
(0.0133511 -0.463682 0)
(0.00233575 0.0347419 0)
(0.0232392 0.123294 0)
(0.0502237 0.178806 0)
(0.0756897 0.201527 0)
(0.100122 0.201141 0)
(0.122788 0.184798 0)
(0.142033 0.15887 0)
(0.156641 0.128621 0)
(0.1662 0.097665 0)
(0.170936 0.0677105 0)
(0.170812 0.0393434 0)
(0.166555 0.0121409 0)
(0.156798 -0.0142697 0)
(0.14322 -0.0406436 0)
(0.122214 -0.0673118 0)
(0.0990012 -0.0958414 0)
(0.06355 -0.130941 0)
(0.0463964 -0.206205 0)
(-0.0230648 -0.386376 0)
(0.028356 -0.485073 0)
(-0.00339429 0.0289072 0)
(0.00978455 0.101257 0)
(0.0364501 0.147874 0)
(0.0679945 0.168334 0)
(0.100595 0.169453 0)
(0.132036 0.157197 0)
(0.15977 0.136876 0)
(0.182069 0.112641 0)
(0.197905 0.0875683 0)
(0.207645 0.0631871 0)
(0.210468 0.0402435 0)
(0.208155 0.018593 0)
(0.197985 -0.00213152 0)
(0.183515 -0.0224501 0)
(0.159012 -0.0428521 0)
(0.132767 -0.0664449 0)
(0.0917191 -0.100352 0)
(0.0692704 -0.179006 0)
(-0.00470985 -0.36961 0)
(0.0519912 -0.4914 0)
(-0.0138137 0.0188053 0)
(-0.0074991 0.0882204 0)
(0.018812 0.123792 0)
(0.0556582 0.136615 0)
(0.0964219 0.136062 0)
(0.136432 0.126862 0)
(0.172346 0.112268 0)
(0.20188 0.0946061 0)
(0.223535 0.0762949 0)
(0.238419 0.0583345 0)
(0.244365 0.0416905 0)
(0.245239 0.026225 0)
(0.236031 0.0121155 0)
(0.224372 -0.00148205 0)
(0.199722 -0.0153402 0)
(0.176176 -0.0341922 0)
(0.132337 -0.0669627 0)
(0.107212 -0.145509 0)
(0.0371878 -0.326054 0)
(0.092253 -0.455842 0)
(-0.105881 0.0826215 0)
(-0.0776445 0.0691533 0)
(-0.0486236 0.0732191 0)
(0.00342189 0.0775461 0)
(0.0565719 0.0777731 0)
(0.108933 0.0734801 0)
(0.155763 0.0661775 0)
(0.197807 0.0568405 0)
(0.229692 0.0472665 0)
(0.257658 0.0377214 0)
(0.273325 0.0291873 0)
(0.288469 0.0213214 0)
(0.288952 0.0146888 0)
(0.29324 0.00839327 0)
(0.277285 0.0015147 0)
(0.270418 -0.0096237 0)
(0.231471 -0.0352243 0)
(0.217755 -0.0952641 0)
(0.150133 -0.22972 0)
(0.170658 -0.341489 0)
(0.130047 0.1038 0)
(0.158485 0.0753788 0)
(0.212428 0.0533966 0)
(0.270921 0.0417541 0)
(0.323377 0.0359958 0)
(0.375618 0.0319895 0)
(0.419993 0.0289346 0)
(0.465086 0.0255894 0)
(0.498003 0.0229164 0)
(0.533116 0.0197336 0)
(0.552489 0.0175879 0)
(0.578295 0.0146649 0)
(0.584499 0.0132395 0)
(0.602964 0.0104343 0)
(0.594567 0.00948369 0)
(0.603276 0.00508992 0)
(0.567677 0.000163413 0)
(0.547712 -0.0182705 0)
(0.435898 -0.0504108 0)
(0.336854 -0.101404 0)
)
;

boundaryField
{
    movingWall
    {
        type            fixedValue;
        value           uniform (1 0 0);
    }
    fixedWalls
    {
        type            noSlip;
    }
    frontAndBack
    {
        type            empty;
    }
}


// ************************************************************************* //
