/*--------------------------------*- C++ -*----------------------------------*\
| =========                 |                                                 |
| \\      /  F ield         | OpenFOAM: The Open Source CFD Toolbox           |
|  \\    /   O peration     | Version:  2212                                  |
|   \\  /    A nd           | Website:  www.openfoam.com                      |
|    \\/     M anipulation  |                                                 |
\*---------------------------------------------------------------------------*/
FoamFile
{
    version     2.0;
    format      ascii;
    arch        "LSB;label=32;scalar=64";
    class       volVectorField;
    location    "4.16";
    object      U;
}
// * * * * * * * * * * * * * * * * * * * * * * * * * * * * * * * * * * * * * //

dimensions      [0 1 -1 0 0 0 0];

internalField   nonuniform List<vector> 
400
(
(0.00165902 -0.00166464 0)
(0.00476553 -0.00186808 0)
(0.00647754 -0.00118713 0)
(0.00555014 -0.000566007 0)
(0.00146139 0.000192214 0)
(-0.00688702 0.00173726 0)
(-0.0205606 0.00474779 0)
(-0.0393414 0.00865159 0)
(-0.0604592 0.011198 0)
(-0.0787042 0.0104557 0)
(-0.0893925 0.00676837 0)
(-0.090133 0.00170228 0)
(-0.0800512 -0.00355336 0)
(-0.0599972 -0.00820071 0)
(-0.033696 -0.0107814 0)
(-0.00559176 -0.00976051 0)
(0.0163826 -0.00480739 0)
(0.0241959 0.00271543 0)
(0.0160537 0.0064106 0)
(0.00429502 0.00468487 0)
(0.00167901 -0.00498047 0)
(0.00304864 -0.00394184 0)
(-0.000564001 0.000624846 0)
(-0.0114289 0.00642347 0)
(-0.0313787 0.0139616 0)
(-0.0608581 0.0235851 0)
(-0.0962834 0.0327888 0)
(-0.130692 0.0368263 0)
(-0.158098 0.0333396 0)
(-0.175216 0.0233455 0)
(-0.180626 0.00917259 0)
(-0.17437 -0.00682896 0)
(-0.15702 -0.0229373 0)
(-0.129302 -0.0366483 0)
(-0.0934692 -0.0443255 0)
(-0.0522499 -0.0416899 0)
(-0.0116008 -0.0263437 0)
(0.0166249 -0.00143173 0)
(0.0177156 0.0160462 0)
(0.00551384 0.0147147 0)
(-0.00027769 -0.0056218 0)
(-0.00545019 0.000936527 0)
(-0.0196257 0.0142777 0)
(-0.0443428 0.031032 0)
(-0.0798837 0.0490646 0)
(-0.121426 0.063829 0)
(-0.16132 0.070061 0)
(-0.194078 0.0656506 0)
(-0.217581 0.0519739 0)
(-0.231229 0.0315003 0)
(-0.235029 0.00656637 0)
(-0.229634 -0.0207971 0)
(-0.215354 -0.048428 0)
(-0.191686 -0.0727201 0)
(-0.158358 -0.0885467 0)
(-0.115336 -0.0888807 0)
(-0.0644199 -0.066913 0)
(-0.013921 -0.0228516 0)
(0.00938817 0.017642 0)
(0.00415142 0.0234118 0)
(-0.00346901 0.00063291 0)
(-0.01745 0.0173027 0)
(-0.0432841 0.041273 0)
(-0.0791588 0.0676873 0)
(-0.122088 0.0904684 0)
(-0.164687 0.103117 0)
(-0.200556 0.102266 0)
(-0.22774 0.0892031 0)
(-0.246493 0.0670656 0)
(-0.257417 0.0385511 0)
(-0.261347 0.00553172 0)
(-0.259087 -0.0306671 0)
(-0.250573 -0.0678179 0)
(-0.234758 -0.102989 0)
(-0.209649 -0.130725 0)
(-0.172544 -0.142239 0)
(-0.120898 -0.125371 0)
(-0.0566845 -0.0708415 0)
(-0.00105561 0.00326938 0)
(0.0047376 0.0280321 0)
(-0.00661819 0.0148822 0)
(-0.0285209 0.0439747 0)
(-0.0628086 0.0765767 0)
(-0.103638 0.108099 0)
(-0.146133 0.130252 0)
(-0.183201 0.137276 0)
(-0.21138 0.128733 0)
(-0.231041 0.108178 0)
(-0.24347 0.0794696 0)
(-0.250393 0.0453917 0)
(-0.253506 0.00747936 0)
(-0.253741 -0.0334698 0)
(-0.250878 -0.0763139 0)
(-0.244352 -0.119746 0)
(-0.23135 -0.159814 0)
(-0.207249 -0.18808 0)
(-0.166015 -0.189229 0)
(-0.102986 -0.142496 0)
(-0.0221616 -0.039007 0)
(0.00732739 0.0268608 0)
(-0.0084315 0.0347927 0)
(-0.0348602 0.076233 0)
(-0.0724487 0.114129 0)
(-0.112283 0.146595 0)
(-0.149275 0.164853 0)
(-0.177959 0.164884 0)
(-0.197344 0.148852 0)
(-0.208959 0.121813 0)
(-0.214786 0.0881159 0)
(-0.217315 0.0507505 0)
(-0.218537 0.0111828 0)
(-0.219473 -0.0301831 0)
(-0.220328 -0.0738403 0)
(-0.221183 -0.120194 0)
(-0.219829 -0.16804 0)
(-0.211153 -0.211891 0)
(-0.187066 -0.237546 0)
(-0.138996 -0.217755 0)
(-0.0625172 -0.118623 0)
(0.00575628 0.014027 0)
(-0.00819964 0.056701 0)
(-0.034979 0.109317 0)
(-0.0711391 0.149389 0)
(-0.106079 0.179835 0)
(-0.135494 0.192508 0)
(-0.155751 0.185241 0)
(-0.167513 0.162264 0)
(-0.172881 0.129701 0)
(-0.174266 0.0923333 0)
(-0.174196 0.0531916 0)
(-0.174216 0.0135178 0)
(-0.175025 -0.026659 0)
(-0.177179 -0.0685173 0)
(-0.181209 -0.113386 0)
(-0.18644 -0.162408 0)
(-0.189196 -0.214428 0)
(-0.181552 -0.260422 0)
(-0.153516 -0.274125 0)
(-0.0988367 -0.205181 0)
(-0.00887753 -0.0147257 0)
(-0.00605435 0.0770655 0)
(-0.0294541 0.139593 0)
(-0.0607819 0.179872 0)
(-0.0889985 0.206778 0)
(-0.110829 0.213385 0)
(-0.124226 0.199202 0)
(-0.130747 0.170147 0)
(-0.132687 0.13319 0)
(-0.132514 0.0933542 0)
(-0.132207 0.0533817 0)
(-0.132488 0.0140039 0)
(-0.133559 -0.025175 0)
(-0.13589 -0.0652295 0)
(-0.140173 -0.10745 0)
(-0.147002 -0.153872 0)
(-0.155017 -0.206871 0)
(-0.158171 -0.264428 0)
(-0.146077 -0.30688 0)
(-0.111721 -0.276196 0)
(-0.0307582 -0.0750575 0)
(-0.00268038 0.0928786 0)
(-0.0201566 0.16444 0)
(-0.0446367 0.20405 0)
(-0.0656287 0.226864 0)
(-0.080752 0.227868 0)
(-0.0891143 0.208023 0)
(-0.0925763 0.174422 0)
(-0.0932732 0.134561 0)
(-0.0933206 0.0934884 0)
(-0.0939233 0.0534798 0)
(-0.0951531 0.0146352 0)
(-0.0969228 -0.0238628 0)
(-0.0994152 -0.0628531 0)
(-0.103143 -0.1031 0)
(-0.109256 -0.146311 0)
(-0.118464 -0.19649 0)
(-0.127544 -0.25804 0)
(-0.125992 -0.32202 0)
(-0.107057 -0.333483 0)
(-0.0371563 -0.162567 0)
(0.00122174 0.101879 0)
(-0.00879802 0.182088 0)
(-0.0253161 0.221439 0)
(-0.039169 0.2409 0)
(-0.0485406 0.237712 0)
(-0.0533089 0.213868 0)
(-0.0551354 0.177236 0)
(-0.0556729 0.135693 0)
(-0.0564582 0.0942174 0)
(-0.0580623 0.0545567 0)
(-0.0602659 0.0162498 0)
(-0.0629209 -0.0218023 0)
(-0.0660279 -0.0603093 0)
(-0.0697807 -0.0995735 0)
(-0.0751273 -0.140385 0)
(-0.0836549 -0.186503 0)
(-0.0954179 -0.246297 0)
(-0.100304 -0.322734 0)
(-0.0949073 -0.370855 0)
(-0.0308279 -0.241455 0)
(0.00506271 0.102992 0)
(0.00295974 0.191564 0)
(-0.00528516 0.23182 0)
(-0.012316 0.248829 0)
(-0.0166412 0.242789 0)
(-0.0184623 0.216692 0)
(-0.0190624 0.178741 0)
(-0.0194884 0.136811 0)
(-0.0206955 0.0956388 0)
(-0.0228677 0.0565892 0)
(-0.0257101 0.0189231 0)
(-0.0291509 -0.0185533 0)
(-0.03321 -0.0565879 0)
(-0.037847 -0.0953237 0)
(-0.0436244 -0.134779 0)
(-0.0518195 -0.177493 0)
(-0.0653277 -0.23331 0)
(-0.0740677 -0.316343 0)
(-0.0810741 -0.395271 0)
(-0.0229021 -0.305869 0)
(0.0083347 0.0965713 0)
(0.0140637 0.192516 0)
(0.0139635 0.235296 0)
(0.0135854 0.251561 0)
(0.0142191 0.244515 0)
(0.0154303 0.217917 0)
(0.0163114 0.179978 0)
(0.0163868 0.138413 0)
(0.0152544 0.097762 0)
(0.0129664 0.0593236 0)
(0.00980032 0.0223892 0)
(0.00572821 -0.0142296 0)
(0.000603215 -0.0513978 0)
(-0.00545119 -0.0892994 0)
(-0.012841 -0.127638 0)
(-0.0217835 -0.167544 0)
(-0.0375758 -0.218182 0)
(-0.048802 -0.302628 0)
(-0.0679273 -0.407048 0)
(-0.0144737 -0.358736 0)
(0.0101485 0.083764 0)
(0.0231022 0.184983 0)
(0.0306977 0.231443 0)
(0.0365753 0.248115 0)
(0.04219 0.241297 0)
(0.0471023 0.215624 0)
(0.050495 0.178989 0)
(0.0521156 0.138753 0)
(0.051914 0.0992783 0)
(0.0501094 0.06193 0)
(0.0469575 0.0261844 0)
(0.0423752 -0.00908185 0)
(0.0361849 -0.0448158 0)
(0.0284837 -0.0812728 0)
(0.018501 -0.118138 0)
(0.00731003 -0.155732 0)
(-0.0120038 -0.201833 0)
(-0.0245322 -0.28459 0)
(-0.0559921 -0.409612 0)
(-0.00618889 -0.400667 0)
(0.0096838 0.0667874 0)
(0.0285877 0.169355 0)
(0.0437545 0.22047 0)
(0.0561706 0.239368 0)
(0.0673519 0.234435 0)
(0.0769351 0.211177 0)
(0.0840503 0.177027 0)
(0.088388 0.138874 0)
(0.0900268 0.100999 0)
(0.0892855 0.0649897 0)
(0.0865054 0.0306956 0)
(0.0814823 -0.00291423 0)
(0.0740613 -0.0364889 0)
(0.0645104 -0.0706561 0)
(0.0514968 -0.105254 0)
(0.0367957 -0.140232 0)
(0.012596 -0.181765 0)
(-0.000407814 -0.261422 0)
(-0.0450504 -0.405436 0)
(0.00267846 -0.435217 0)
(0.0067868 0.0492645 0)
(0.0288663 0.147927 0)
(0.0503567 0.202083 0)
(0.0690358 0.222756 0)
(0.0863376 0.219867 0)
(0.10187 0.199807 0)
(0.114379 0.169369 0)
(0.123177 0.134685 0)
(0.128181 0.0997685 0)
(0.129661 0.0663293 0)
(0.127897 0.0346046 0)
(0.122971 0.00376908 0)
(0.114403 -0.0265627 0)
(0.10283 -0.0572655 0)
(0.0860302 -0.0884232 0)
(0.0671402 -0.12069 0)
(0.0374327 -0.158589 0)
(0.0232671 -0.235483 0)
(-0.0347624 -0.397852 0)
(0.0133423 -0.463624 0)
(0.00233157 0.0347522 0)
(0.0232042 0.12324 0)
(0.0501589 0.178705 0)
(0.0756013 0.201403 0)
(0.100014 0.201014 0)
(0.122663 0.184679 0)
(0.141893 0.158768 0)
(0.156489 0.128537 0)
(0.166037 0.0976046 0)
(0.170765 0.0676771 0)
(0.170637 0.03934 0)
(0.166383 0.0121691 0)
(0.156634 -0.0142108 0)
(0.143071 -0.0405561 0)
(0.122089 -0.0672011 0)
(0.0988999 -0.0957146 0)
(0.0634758 -0.130812 0)
(0.0463532 -0.206112 0)
(-0.0230907 -0.386321 0)
(0.0283432 -0.485034 0)
(-0.00339138 0.0289326 0)
(0.00975994 0.101235 0)
(0.0363924 0.147802 0)
(0.0679085 0.168236 0)
(0.100483 0.169348 0)
(0.131902 0.157098 0)
(0.159615 0.13679 0)
(0.181897 0.112572 0)
(0.197719 0.0875194 0)
(0.207447 0.0631609 0)
(0.210266 0.0402421 0)
(0.207954 0.0186165 0)
(0.197794 -0.00208246 0)
(0.18334 -0.0223797 0)
(0.158863 -0.0427653 0)
(0.132646 -0.0663482 0)
(0.0916327 -0.100253 0)
(0.069226 -0.17893 0)
(-0.00473549 -0.369575 0)
(0.0519786 -0.49138 0)
(-0.0137967 0.0188301 0)
(-0.00749748 0.088224 0)
(0.0187767 0.123757 0)
(0.0555891 0.136554 0)
(0.0963192 0.135989 0)
(0.136298 0.126789 0)
(0.172185 0.112203 0)
(0.201695 0.094553 0)
(0.223332 0.0762567 0)
(0.238203 0.0583126 0)
(0.244145 0.0416871 0)
(0.24502 0.0262392 0)
(0.235826 0.0121483 0)
(0.224182 -0.00143628 0)
(0.199562 -0.0152826 0)
(0.176049 -0.0341296 0)
(0.132247 -0.0668998 0)
(0.107164 -0.145471 0)
(0.0371655 -0.326047 0)
(0.0922441 -0.455838 0)
(-0.105869 0.0826389 0)
(-0.0776346 0.0691668 0)
(-0.0486287 0.0732055 0)
(0.00339053 0.077516 0)
(0.0565092 0.0777344 0)
(0.108839 0.0734398 0)
(0.155641 0.0661409 0)
(0.19766 0.0568105 0)
(0.229528 0.0472457 0)
(0.257481 0.03771 0)
(0.273146 0.0291865 0)
(0.288291 0.0213298 0)
(0.288786 0.0147062 0)
(0.29309 0.00841669 0)
(0.277164 0.00154419 0)
(0.270324 -0.00959467 0)
(0.231404 -0.0351985 0)
(0.217724 -0.0952516 0)
(0.150125 -0.229719 0)
(0.170656 -0.341491 0)
(0.130053 0.103805 0)
(0.1585 0.0753917 0)
(0.212451 0.053411 0)
(0.270942 0.0417651 0)
(0.323388 0.0360025 0)
(0.375611 0.0319927 0)
(0.419968 0.0289359 0)
(0.465042 0.02559 0)
(0.497944 0.0229174 0)
(0.533047 0.0197354 0)
(0.552416 0.0175911 0)
(0.578222 0.0146692 0)
(0.584433 0.0132452 0)
(0.602907 0.0104409 0)
(0.594525 0.00949111 0)
(0.603249 0.00509653 0)
(0.567667 0.00016899 0)
(0.547718 -0.0182668 0)
(0.435911 -0.05041 0)
(0.336861 -0.101404 0)
)
;

boundaryField
{
    movingWall
    {
        type            fixedValue;
        value           uniform (1 0 0);
    }
    fixedWalls
    {
        type            noSlip;
    }
    frontAndBack
    {
        type            empty;
    }
}


// ************************************************************************* //
