/*--------------------------------*- C++ -*----------------------------------*\
| =========                 |                                                 |
| \\      /  F ield         | OpenFOAM: The Open Source CFD Toolbox           |
|  \\    /   O peration     | Version:  2212                                  |
|   \\  /    A nd           | Website:  www.openfoam.com                      |
|    \\/     M anipulation  |                                                 |
\*---------------------------------------------------------------------------*/
FoamFile
{
    version     2.0;
    format      ascii;
    arch        "LSB;label=32;scalar=64";
    class       surfaceScalarField;
    location    "4.49";
    object      phi;
}
// * * * * * * * * * * * * * * * * * * * * * * * * * * * * * * * * * * * * * //

dimensions      [0 3 -1 0 0 0 0];

oriented        oriented;

internalField   nonuniform List<scalar> 
760
(
1.54614e-07
-1.54601e-07
2.90434e-07
-1.3582e-07
3.06043e-07
-1.56093e-08
1.79829e-07
1.26213e-07
-1.23117e-07
3.02946e-07
-6.6614e-07
5.43024e-07
-1.48104e-06
8.14902e-07
-2.48151e-06
1.00046e-06
-3.46709e-06
9.85588e-07
-4.20583e-06
7.38736e-07
-4.53085e-06
3.25023e-07
-4.345e-06
-1.85849e-07
-3.5914e-06
-7.53603e-07
-2.38342e-06
-1.20798e-06
-9.50171e-07
-1.43325e-06
3.34573e-07
-1.28474e-06
1.07851e-06
-7.43941e-07
1.02649e-06
5.20244e-08
4.58734e-07
5.67758e-07
4.58735e-07
1.22495e-07
-2.77096e-07
7.00345e-08
-8.33595e-08
-3.0111e-07
3.55536e-07
-1.07964e-06
9.04738e-07
-2.31025e-06
1.53356e-06
-3.91323e-06
2.146e-06
-5.64005e-06
2.54173e-06
-7.17924e-06
2.53965e-06
-8.30666e-06
2.11301e-06
-8.91234e-06
1.34442e-06
-8.94907e-06
3.61752e-07
-8.39402e-06
-7.40896e-07
-7.27834e-06
-1.86929e-06
-5.63467e-06
-2.85164e-06
-3.60623e-06
-3.46169e-06
-1.49656e-06
-3.39441e-06
1.69019e-07
-2.40952e-06
8.51585e-07
-6.30542e-07
5.22811e-07
8.9653e-07
9.81547e-07
-1.2947e-07
-1.47626e-07
-6.35451e-07
4.22621e-07
-1.62239e-06
1.34247e-06
-3.13096e-06
2.41331e-06
-5.03674e-06
3.43935e-06
-7.04284e-06
4.1521e-06
-8.83555e-06
4.33443e-06
-1.02348e-05
3.93895e-06
-1.11887e-05
3.06689e-06
-1.16895e-05
1.84517e-06
-1.1686e-05
3.58294e-07
-1.12309e-05
-1.19603e-06
-1.03041e-05
-2.79605e-06
-8.85132e-06
-4.30444e-06
-6.85224e-06
-5.46078e-06
-4.3953e-06
-5.85135e-06
-1.87853e-06
-4.92629e-06
-8.98169e-08
-2.41926e-06
2.93277e-07
5.13435e-07
1.27482e-06
-4.99546e-07
3.51921e-07
-1.55502e-06
1.47809e-06
-3.10646e-06
2.89392e-06
-5.05761e-06
4.36446e-06
-7.15064e-06
5.53237e-06
-9.07963e-06
6.08109e-06
-1.06428e-05
5.89757e-06
-1.1797e-05
5.09322e-06
-1.25704e-05
3.84019e-06
-1.29976e-05
2.27242e-06
-1.30643e-05
4.25004e-07
-1.2828e-05
-1.43236e-06
-1.22506e-05
-3.37345e-06
-1.12301e-05
-5.32488e-06
-9.63547e-06
-7.05545e-06
-7.34182e-06
-8.14499e-06
-4.38732e-06
-7.8808e-06
-1.37711e-06
-5.42946e-06
1.19318e-07
-9.8299e-07
1.39414e-06
-8.57801e-07
1.20972e-06
-2.34968e-06
2.96997e-06
-4.21022e-06
4.75446e-06
-6.24631e-06
6.40055e-06
-8.17883e-06
7.46489e-06
-9.78582e-06
7.68808e-06
-1.09901e-05
7.10181e-06
-1.18177e-05
5.92082e-06
-1.23306e-05
4.35313e-06
-1.26019e-05
2.54377e-06
-1.27225e-05
5.4552e-07
-1.26798e-05
-1.47499e-06
-1.24646e-05
-3.58871e-06
-1.19971e-05
-5.79231e-06
-1.10908e-05
-7.96178e-06
-9.4576e-06
-9.77821e-06
-6.79895e-06
-1.05395e-05
-3.21383e-06
-9.01458e-06
-2.62115e-07
-3.93471e-06
1.13203e-06
-1.08009e-06
2.28981e-06
-2.76758e-06
4.65746e-06
-4.65026e-06
6.63714e-06
-6.49791e-06
8.24819e-06
-8.08732e-06
9.0543e-06
-9.28727e-06
8.88802e-06
-1.00929e-05
7.90743e-06
-1.0569e-05
6.39691e-06
-1.08061e-05
4.59022e-06
-1.09046e-05
2.64236e-06
-1.09865e-05
6.27387e-07
-1.10399e-05
-1.4216e-06
-1.108e-05
-3.54861e-06
-1.1077e-05
-5.79533e-06
-1.08762e-05
-8.16257e-06
-1.01498e-05
-1.05046e-05
-8.40406e-06
-1.22852e-05
-5.22525e-06
-1.21934e-05
-1.15563e-06
-8.00433e-06
-2.36063e-08
-1.10274e-06
3.39255e-06
-2.74025e-06
6.29497e-06
-4.42792e-06
8.32482e-06
-5.95481e-06
9.77508e-06
-7.16122e-06
1.02607e-05
-7.98408e-06
9.71088e-06
-8.46021e-06
8.38356e-06
-8.67635e-06
6.61305e-06
-8.73652e-06
4.65039e-06
-8.73879e-06
2.64462e-06
-8.76698e-06
6.55576e-07
-8.84051e-06
-1.34807e-06
-8.97905e-06
-3.41007e-06
-9.19347e-06
-5.58091e-06
-9.42572e-06
-7.93033e-06
-9.44269e-06
-1.04877e-05
-8.72459e-06
-1.30033e-05
-6.51574e-06
-1.44022e-05
-2.41477e-06
-1.21053e-05
-2.43837e-06
-9.28462e-07
4.32101e-06
-2.33106e-06
7.69757e-06
-3.71013e-06
9.70389e-06
-4.88237e-06
1.09473e-05
-5.74667e-06
1.1125e-05
-6.28537e-06
1.02496e-05
-6.55481e-06
8.653e-06
-6.6459e-06
6.70415e-06
-6.65552e-06
4.66e-06
-6.65788e-06
2.64698e-06
-6.69006e-06
6.8776e-07
-6.76975e-06
-1.26838e-06
-6.9183e-06
-3.26152e-06
-7.16614e-06
-5.33308e-06
-7.52935e-06
-7.56712e-06
-7.91476e-06
-1.01023e-05
-7.91028e-06
-1.30077e-05
-6.69832e-06
-1.56142e-05
-3.57338e-06
-1.52302e-05
-6.01175e-06
-6.19678e-07
4.94069e-06
-1.67541e-06
8.7533e-06
-2.70262e-06
1.07311e-05
-3.5365e-06
1.17812e-05
-4.12117e-06
1.17097e-05
-4.46609e-06
1.05945e-05
-4.62962e-06
8.81653e-06
-4.69029e-06
6.76482e-06
-4.72116e-06
4.69086e-06
-4.76685e-06
2.69267e-06
-4.8381e-06
7.59016e-07
-4.94185e-06
-1.16463e-06
-5.08839e-06
-3.11498e-06
-5.30671e-06
-5.11475e-06
-5.6518e-06
-7.22203e-06
-6.13569e-06
-9.61836e-06
-6.53709e-06
-1.26063e-05
-6.11331e-06
-1.6038e-05
-3.91325e-06
-1.74303e-05
-9.925e-06
-2.29918e-07
5.17061e-06
-8.86213e-07
9.40959e-06
-1.5539e-06
1.13988e-05
-2.07998e-06
1.23073e-05
-2.43633e-06
1.2066e-05
-2.64687e-06
1.0805e-05
-2.75961e-06
8.92927e-06
-2.82798e-06
6.83319e-06
-2.89722e-06
4.7601e-06
-2.98985e-06
2.7853e-06
-3.10878e-06
8.77947e-07
-3.25394e-06
-1.01947e-06
-3.42585e-06
-2.94307e-06
-3.63729e-06
-4.90331e-06
-3.93999e-06
-6.91933e-06
-4.41568e-06
-9.14267e-06
-5.009e-06
-1.2013e-05
-5.11464e-06
-1.59323e-05
-3.55232e-06
-1.89926e-05
-1.34773e-05
1.63272e-07
5.00734e-06
-6.83464e-08
9.64121e-06
-3.99225e-07
1.17297e-05
-6.48368e-07
1.25564e-05
-8.01391e-07
1.22191e-05
-8.89264e-07
1.08929e-05
-9.51514e-07
8.99152e-06
-1.02018e-06
6.90185e-06
-1.11203e-06
4.85195e-06
-1.23477e-06
2.90804e-06
-1.3907e-06
1.03387e-06
-1.58197e-06
-8.28191e-07
-1.80752e-06
-2.71752e-06
-2.06586e-06
-4.64497e-06
-2.38551e-06
-6.59968e-06
-2.8599e-06
-8.66828e-06
-3.55159e-06
-1.13213e-05
-4.02113e-06
-1.54628e-05
-3.02299e-06
-1.99908e-05
-1.65003e-05
4.98294e-07
4.50904e-06
6.95527e-07
9.44398e-06
7.38671e-07
1.16865e-05
7.74454e-07
1.25206e-05
8.19724e-07
1.21738e-05
8.48869e-07
1.08638e-05
8.41882e-07
8.99851e-06
7.90427e-07
6.95331e-06
6.96056e-07
4.94632e-06
5.60846e-07
3.04325e-06
3.80207e-07
1.21451e-06
1.47949e-07
-5.95933e-07
-1.38059e-07
-2.43151e-06
-4.84457e-07
-4.29857e-06
-8.96482e-07
-6.18766e-06
-1.42023e-06
-8.14453e-06
-2.20297e-06
-1.05386e-05
-2.95526e-06
-1.47105e-05
-2.46168e-06
-2.04843e-05
-1.8962e-05
7.51978e-07
3.75707e-06
1.34716e-06
8.8488e-06
1.73851e-06
1.12952e-05
2.06703e-06
1.21921e-05
2.33953e-06
1.19013e-05
2.52528e-06
1.0678e-05
2.61563e-06
8.90815e-06
2.62136e-06
6.94759e-06
2.55705e-06
5.01063e-06
2.43046e-06
3.16984e-06
2.23494e-06
1.41002e-06
1.95663e-06
-3.17617e-07
1.59502e-06
-2.0699e-06
1.14501e-06
-3.84857e-06
6.01521e-07
-5.64417e-06
-8.84104e-08
-7.45459e-06
-9.62429e-07
-9.66458e-06
-1.92565e-06
-1.37473e-05
-1.92829e-06
-2.04817e-05
-2.08903e-05
8.65511e-07
2.89155e-06
1.8007e-06
7.91361e-06
2.53967e-06
1.05562e-05
3.17861e-06
1.15532e-05
3.72462e-06
1.13553e-05
4.13396e-06
1.02687e-05
4.39026e-06
8.65185e-06
4.50756e-06
6.83029e-06
4.50952e-06
5.00867e-06
4.41215e-06
3.2672e-06
4.21409e-06
1.60809e-06
3.88612e-06
1.03497e-08
3.44376e-06
-1.62755e-06
2.86377e-06
-3.26857e-06
2.14607e-06
-4.92647e-06
1.30781e-06
-6.61634e-06
2.56893e-07
-8.61366e-06
-9.67349e-07
-1.2523e-05
-1.43157e-06
-2.00175e-05
-2.23219e-05
8.01395e-07
2.09016e-06
1.94334e-06
6.77167e-06
2.98199e-06
9.51755e-06
3.95235e-06
1.05828e-05
4.82691e-06
1.04807e-05
5.53924e-06
9.55635e-06
6.04981e-06
8.14128e-06
6.36162e-06
6.51848e-06
6.49624e-06
4.87406e-06
6.47276e-06
3.29068e-06
6.29076e-06
1.79008e-06
5.94555e-06
3.55567e-07
5.40826e-06
-1.09026e-06
4.68332e-06
-2.54363e-06
3.76271e-06
-4.00586e-06
2.67468e-06
-5.52831e-06
1.37682e-06
-7.31579e-06
-1.61905e-07
-1.09843e-05
-9.1867e-07
-1.92607e-05
-2.32405e-05
5.73821e-07
1.51634e-06
1.7494e-06
5.59609e-06
3.08271e-06
8.18425e-06
4.4294e-06
9.23611e-06
5.69209e-06
9.21803e-06
6.77196e-06
8.47648e-06
7.60337e-06
7.30987e-06
8.17362e-06
5.94823e-06
8.49559e-06
4.55209e-06
8.58694e-06
3.19933e-06
8.4549e-06
1.92212e-06
8.09741e-06
7.13064e-07
7.471e-06
-4.6386e-07
6.5923e-06
-1.66492e-06
5.44832e-06
-2.86188e-06
4.07996e-06
-4.15995e-06
2.55648e-06
-5.79231e-06
9.45682e-07
-9.37353e-06
-1.49658e-07
-1.81654e-05
-2.33902e-05
1.49984e-07
1.36635e-06
1.03199e-06
4.71408e-06
2.50359e-06
6.71265e-06
4.22025e-06
7.51946e-06
5.93753e-06
7.50075e-06
7.46805e-06
6.94595e-06
8.70901e-06
6.06891e-06
9.63069e-06
5.02655e-06
1.02284e-05
3.95434e-06
1.05146e-05
2.91318e-06
1.04955e-05
1.94126e-06
1.01771e-05
1.0314e-06
9.51629e-06
1.96971e-07
8.5309e-06
-6.79531e-07
7.21366e-06
-1.54464e-06
5.61524e-06
-2.56154e-06
3.89457e-06
-4.07163e-06
2.23055e-06
-7.70951e-06
6.49229e-07
-1.6584e-05
-2.2741e-05
-5.15747e-07
1.8821e-06
1.97896e-07
4.00044e-06
1.74722e-06
5.16332e-06
3.80412e-06
5.46255e-06
5.95343e-06
5.35145e-06
7.90946e-06
4.98991e-06
9.53562e-06
4.44275e-06
1.07907e-05
3.77148e-06
1.16573e-05
3.08775e-06
1.21524e-05
2.41809e-06
1.22803e-05
1.81337e-06
1.20613e-05
1.25039e-06
1.15176e-05
7.40636e-07
1.06228e-05
2.1522e-07
9.38115e-06
-3.02945e-07
7.86271e-06
-1.0431e-06
6.25323e-06
-2.46215e-06
4.44912e-06
-5.90541e-06
2.05246e-06
-1.41874e-05
-2.06885e-05
-4.1777e-06
6.0598e-06
-3.64129e-06
3.46403e-06
-1.25047e-06
2.7725e-06
1.54227e-06
2.66981e-06
4.27586e-06
2.61786e-06
6.80477e-06
2.46101e-06
9.01653e-06
2.23099e-06
1.08514e-05
1.93663e-06
1.22914e-05
1.64772e-06
1.33639e-05
1.34563e-06
1.4086e-05
1.09122e-06
1.45024e-05
8.33987e-07
1.46015e-05
6.41525e-07
1.43935e-05
4.23249e-07
1.38702e-05
2.20359e-07
1.30468e-05
-2.19757e-07
1.19134e-05
-1.32871e-06
1.01088e-05
-4.10076e-06
5.6364e-06
-9.71501e-06
-1.50521e-05
6.0598e-06
9.52383e-06
1.22963e-05
1.49661e-05
1.7584e-05
2.0045e-05
2.2276e-05
2.42126e-05
2.58604e-05
2.7206e-05
2.82972e-05
2.91312e-05
2.97727e-05
3.0196e-05
3.04163e-05
3.01966e-05
2.88679e-05
2.47671e-05
1.50521e-05
)
;

boundaryField
{
    movingWall
    {
        type            calculated;
        value           uniform 0;
    }
    fixedWalls
    {
        type            calculated;
        value           uniform 0;
    }
    frontAndBack
    {
        type            empty;
        value           nonuniform List<scalar> 0();
    }
}


// ************************************************************************* //
