/*--------------------------------*- C++ -*----------------------------------*\
| =========                 |                                                 |
| \\      /  F ield         | OpenFOAM: The Open Source CFD Toolbox           |
|  \\    /   O peration     | Version:  2212                                  |
|   \\  /    A nd           | Website:  www.openfoam.com                      |
|    \\/     M anipulation  |                                                 |
\*---------------------------------------------------------------------------*/
FoamFile
{
    version     2.0;
    format      ascii;
    arch        "LSB;label=32;scalar=64";
    class       surfaceScalarField;
    location    "0.185";
    object      phi;
}
// * * * * * * * * * * * * * * * * * * * * * * * * * * * * * * * * * * * * * //

dimensions      [0 3 -1 0 0 0 0];

oriented        oriented;

internalField   nonuniform List<scalar> 
760
(
-2.42029e-08
2.42028e-08
-7.35773e-08
4.93744e-08
-1.27944e-07
5.43669e-08
-1.80842e-07
5.28977e-08
-2.30389e-07
4.95469e-08
-2.75454e-07
4.50657e-08
-3.14941e-07
3.94866e-08
-3.47702e-07
3.27614e-08
-3.72552e-07
2.48493e-08
-3.88293e-07
1.5741e-08
-3.93781e-07
5.48821e-09
-3.87916e-07
-5.86485e-09
-3.69893e-07
-1.80237e-08
-3.39239e-07
-3.06534e-08
-2.96008e-07
-4.32313e-08
-2.40947e-07
-5.50608e-08
-1.75771e-07
-6.51764e-08
-1.04163e-07
-7.16083e-08
-3.62715e-08
-6.78913e-08
-3.62716e-08
-5.13613e-08
7.5564e-08
-1.38118e-07
1.36131e-07
-2.31117e-07
1.47366e-07
-3.21127e-07
1.42908e-07
-4.04769e-07
1.33189e-07
-4.79918e-07
1.20215e-07
-5.44682e-07
1.0425e-07
-5.97226e-07
8.53059e-08
-6.35765e-07
6.33879e-08
-6.58584e-07
3.85594e-08
-6.64167e-07
1.10712e-08
-6.51054e-07
-1.89775e-08
-6.18288e-07
-5.07894e-08
-5.6545e-07
-8.34915e-08
-4.92885e-07
-1.15796e-07
-4.01981e-07
-1.45965e-07
-2.95617e-07
-1.7154e-07
-1.79609e-07
-1.87617e-07
-6.80878e-08
-1.79412e-07
-1.04359e-07
-6.00184e-08
1.35582e-07
-1.59296e-07
2.35408e-07
-2.64899e-07
2.52969e-07
-3.66805e-07
2.44814e-07
-4.61362e-07
2.27746e-07
-5.46233e-07
2.05086e-07
-6.19339e-07
1.77356e-07
-6.78683e-07
1.44651e-07
-7.22332e-07
1.07037e-07
-7.48427e-07
6.46543e-08
-7.55246e-07
1.78901e-08
-7.41146e-07
-3.30774e-08
-7.04951e-07
-8.69848e-08
-6.46005e-07
-1.42438e-07
-5.64473e-07
-1.97328e-07
-4.61691e-07
-2.48747e-07
-3.40734e-07
-2.92497e-07
-2.08045e-07
-3.20307e-07
-7.95168e-08
-3.0794e-07
-1.83876e-07
-6.39276e-08
1.9951e-07
-1.70093e-07
3.41574e-07
-2.82898e-07
3.65774e-07
-3.91732e-07
3.53648e-07
-4.92884e-07
3.28898e-07
-5.84005e-07
2.96207e-07
-6.62992e-07
2.56343e-07
-7.27805e-07
2.09463e-07
-7.76424e-07
1.55656e-07
-8.06835e-07
9.50653e-08
-8.17108e-07
2.81622e-08
-8.05198e-07
-4.49867e-08
-7.69463e-07
-1.22721e-07
-7.08674e-07
-2.03227e-07
-6.2241e-07
-2.83592e-07
-5.11552e-07
-3.59606e-07
-3.79072e-07
-4.24977e-07
-2.3204e-07
-4.67339e-07
-8.86337e-08
-4.51346e-07
-2.7251e-07
-6.79748e-08
2.67485e-07
-1.81389e-07
4.54989e-07
-3.01972e-07
4.86356e-07
-4.18453e-07
4.7013e-07
-5.27056e-07
4.37501e-07
-6.25453e-07
3.94603e-07
-7.11562e-07
3.42452e-07
-7.83337e-07
2.81238e-07
-8.38688e-07
2.11007e-07
-8.75434e-07
1.31812e-07
-8.91275e-07
4.40032e-08
-8.83756e-07
-5.25059e-08
-8.50394e-07
-1.56084e-07
-7.89044e-07
-2.64577e-07
-6.98255e-07
-3.74381e-07
-5.78006e-07
-4.79855e-07
-4.30895e-07
-5.72088e-07
-2.64823e-07
-6.33411e-07
-1.013e-07
-6.14868e-07
-3.73811e-07
-7.31889e-08
3.40674e-07
-1.95719e-07
5.77519e-07
-3.26059e-07
6.16696e-07
-4.52143e-07
5.96214e-07
-5.70114e-07
5.55471e-07
-6.77695e-07
5.02184e-07
-7.72876e-07
4.37634e-07
-8.53657e-07
3.62019e-07
-9.17922e-07
2.75272e-07
-9.63326e-07
1.77216e-07
-9.87251e-07
6.79283e-08
-9.86584e-07
-5.31728e-08
-9.57784e-07
-1.84884e-07
-8.97345e-07
-3.25017e-07
-8.02156e-07
-4.6957e-07
-6.70559e-07
-6.11452e-07
-5.04191e-07
-7.38456e-07
-3.11828e-07
-8.25774e-07
-1.19735e-07
-8.06961e-07
-4.93546e-07
-7.97813e-08
4.20455e-07
-2.13678e-07
7.11415e-07
-3.56076e-07
7.59095e-07
-4.9394e-07
7.34078e-07
-6.23337e-07
6.84869e-07
-7.42102e-07
6.20949e-07
-8.4838e-07
5.43911e-07
-9.40315e-07
4.53955e-07
-1.01587e-06
3.50828e-07
-1.07264e-06
2.3399e-07
-1.10764e-06
1.02924e-07
-1.11726e-06
-4.35493e-08
-1.09643e-06
-2.05714e-07
-1.03981e-06
-3.81639e-07
-9.41724e-07
-5.67657e-07
-7.9763e-07
-7.55546e-07
-6.06962e-07
-9.29124e-07
-3.78955e-07
-1.05378e-06
-1.46472e-07
-1.03944e-06
-6.40019e-07
-8.78811e-08
5.08336e-07
-2.356e-07
8.59134e-07
-3.9248e-07
9.15976e-07
-5.44316e-07
8.85914e-07
-6.87132e-07
8.27685e-07
-8.18967e-07
7.52785e-07
-9.38254e-07
6.63198e-07
-1.04345e-06
5.59146e-07
-1.13276e-06
4.40145e-07
-1.2039e-06
3.05128e-07
-1.25377e-06
1.52791e-07
-1.27841e-06
-1.89122e-08
-1.27078e-06
-2.13337e-07
-1.22332e-06
-4.291e-07
-1.12653e-06
-6.64446e-07
-9.70951e-07
-9.11128e-07
-7.51336e-07
-1.14874e-06
-4.7585e-07
-1.32927e-06
-1.86016e-07
-1.32928e-06
-8.26034e-07
-9.76922e-08
6.06029e-07
-2.61946e-07
1.02339e-06
-4.35849e-07
1.08988e-06
-6.03801e-07
1.05387e-06
-7.61854e-07
9.85737e-07
-9.08395e-07
8.99327e-07
-1.04233e-06
7.97137e-07
-1.16266e-06
6.79476e-07
-1.26815e-06
5.45629e-07
-1.35693e-06
3.9391e-07
-1.42584e-06
2.21703e-07
-1.47202e-06
2.72636e-08
-1.48519e-06
-2.00162e-07
-1.45597e-06
-4.58319e-07
-1.36939e-06
-7.51033e-07
-1.20793e-06
-1.07258e-06
-9.57082e-07
-1.39959e-06
-6.19787e-07
-1.66656e-06
-2.4736e-07
-1.70171e-06
-1.07339e-06
-1.0958e-07
7.15609e-07
-2.93484e-07
1.20729e-06
-4.87102e-07
1.2835e-06
-6.73208e-07
1.23997e-06
-8.4801e-07
1.16054e-06
-1.01046e-06
1.06177e-06
-1.16018e-06
9.46865e-07
-1.29704e-06
8.16333e-07
-1.42074e-06
6.69327e-07
-1.53044e-06
5.03607e-07
-1.62419e-06
3.15456e-07
-1.69719e-06
1.00261e-07
-1.74288e-06
-1.54474e-07
-1.74649e-06
-4.54707e-07
-1.68687e-06
-8.10647e-07
-1.53444e-06
-1.22502e-06
-1.25742e-06
-1.67661e-06
-8.4368e-07
-2.0803e-06
-3.50344e-07
-2.19504e-06
-1.42374e-06
-1.24198e-07
8.39807e-07
-3.31513e-07
1.41461e-06
-5.47746e-07
1.49973e-06
-7.5384e-07
1.44607e-06
-9.46409e-07
1.35311e-06
-1.12528e-06
1.24064e-06
-1.29113e-06
1.11272e-06
-1.445e-06
9.70206e-07
-1.588e-06
8.12324e-07
-1.7209e-06
6.36515e-07
-1.84349e-06
4.38044e-07
-1.95305e-06
2.09823e-07
-2.04472e-06
-6.28066e-08
-2.10236e-06
-3.97066e-07
-2.09883e-06
-8.14177e-07
-1.98826e-06
-1.33559e-06
-1.70929e-06
-1.95558e-06
-1.21333e-06
-2.57626e-06
-5.42099e-07
-2.86628e-06
-1.96584e-06
-1.42714e-07
9.82521e-07
-3.78235e-07
1.65013e-06
-6.20242e-07
1.74174e-06
-8.47769e-07
1.67359e-06
-1.05835e-06
1.56369e-06
-1.25316e-06
1.43545e-06
-1.4343e-06
1.29385e-06
-1.60432e-06
1.14023e-06
-1.76615e-06
9.74154e-07
-1.9229e-06
7.93258e-07
-2.07748e-06
5.92626e-07
-2.23105e-06
3.63398e-07
-2.38473e-06
9.08706e-08
-2.52506e-06
-2.56739e-07
-2.62462e-06
-7.14618e-07
-2.62113e-06
-1.33908e-06
-2.40847e-06
-2.16823e-06
-1.85953e-06
-3.1252e-06
-9.32671e-07
-3.79314e-06
-2.89851e-06
-1.67237e-07
1.14976e-06
-4.37412e-07
1.9203e-06
-7.08585e-07
2.01291e-06
-9.58233e-07
1.92324e-06
-1.18589e-06
1.79135e-06
-1.3948e-06
1.64436e-06
-1.58885e-06
1.4879e-06
-1.77235e-06
1.32372e-06
-1.95023e-06
1.15204e-06
-2.12852e-06
9.71545e-07
-2.31455e-06
7.78658e-07
-2.51694e-06
5.65786e-07
-2.74362e-06
3.17555e-07
-3.00059e-06
2.22161e-10
-3.27054e-06
-4.44664e-07
-3.48771e-06
-1.12191e-06
-3.48977e-06
-2.16618e-06
-2.9979e-06
-3.61707e-06
-1.72714e-06
-5.0639e-06
-4.62565e-06
-2.01672e-07
1.35143e-06
-5.15518e-07
2.23415e-06
-8.19175e-07
2.31657e-06
-1.09009e-06
2.19416e-06
-1.33202e-06
2.03327e-06
-1.55141e-06
1.86375e-06
-1.75421e-06
1.69071e-06
-1.94632e-06
1.51583e-06
-2.13446e-06
1.34018e-06
-2.32739e-06
1.16448e-06
-2.53744e-06
9.88703e-07
-2.78234e-06
8.10684e-07
-3.0865e-06
6.21723e-07
-3.4821e-06
3.95823e-07
-3.99446e-06
6.76881e-08
-4.57877e-06
-5.3759e-07
-5.00737e-06
-1.73758e-06
-4.73595e-06
-3.88849e-06
-3.0109e-06
-6.78895e-06
-7.63654e-06
-2.53158e-07
1.60459e-06
-6.24056e-07
2.60505e-06
-9.62666e-07
2.65518e-06
-1.25042e-06
2.48191e-06
-1.5007e-06
2.28356e-06
-1.72469e-06
2.08773e-06
-1.93013e-06
1.89616e-06
-2.12368e-06
1.70938e-06
-2.31273e-06
1.52924e-06
-2.5074e-06
1.35915e-06
-2.72347e-06
1.20477e-06
-2.98737e-06
1.07458e-06
-3.34339e-06
9.77751e-07
-3.86153e-06
9.13958e-07
-4.6214e-06
8.27561e-07
-5.62531e-06
4.66324e-07
-6.53149e-06
-8.31404e-07
-6.44523e-06
-3.97475e-06
-4.15304e-06
-9.08115e-06
-1.17896e-05
-3.38691e-07
1.94328e-06
-7.82787e-07
3.04914e-06
-1.15084e-06
3.02323e-06
-1.44579e-06
2.77686e-06
-1.69514e-06
2.53291e-06
-1.91523e-06
2.30782e-06
-2.11454e-06
2.09546e-06
-2.29875e-06
1.89359e-06
-2.47398e-06
1.70447e-06
-2.64873e-06
1.5339e-06
-2.83766e-06
1.39371e-06
-3.06782e-06
1.30473e-06
-3.39325e-06
1.30319e-06
-3.90686e-06
1.42757e-06
-4.72552e-06
1.64622e-06
-5.86317e-06
1.60397e-06
-6.8244e-06
1.29834e-07
-6.64955e-06
-4.1496e-06
-4.16269e-06
-1.1568e-05
-1.59523e-05
-4.85725e-07
2.429e-06
-1.05446e-06
3.61788e-06
-1.43199e-06
3.40076e-06
-1.69482e-06
3.03968e-06
-1.91617e-06
2.75426e-06
-2.11105e-06
2.5027e-06
-2.28028e-06
2.26469e-06
-2.42517e-06
2.03848e-06
-2.55015e-06
1.82945e-06
-2.65939e-06
1.64314e-06
-2.76067e-06
1.49499e-06
-2.86525e-06
1.40931e-06
-3.0063e-06
1.44423e-06
-3.24352e-06
1.66479e-06
-3.66237e-06
2.06506e-06
-4.2493e-06
2.19091e-06
-4.82652e-06
7.07049e-07
-4.55494e-06
-4.42118e-06
-3.10631e-06
-1.30166e-05
-1.90586e-05
-4.62337e-07
2.89134e-06
-1.23813e-06
4.39367e-06
-1.70968e-06
3.87231e-06
-1.97174e-06
3.30175e-06
-2.10044e-06
2.88297e-06
-2.14719e-06
2.54945e-06
-2.1361e-06
2.25359e-06
-2.08415e-06
1.98653e-06
-2.00846e-06
1.75377e-06
-1.91131e-06
1.54599e-06
-1.79609e-06
1.37976e-06
-1.64647e-06
1.2597e-06
-1.45085e-06
1.24861e-06
-1.1788e-06
1.39274e-06
-8.53777e-07
1.74004e-06
-5.19691e-07
1.85682e-06
-3.70948e-07
5.58306e-07
-6.52329e-07
-4.1398e-06
-4.43172e-07
-1.32258e-05
-1.95018e-05
-3.79383e-06
6.68518e-06
-3.52705e-06
4.12689e-06
-2.43373e-06
2.77899e-06
-1.40974e-06
2.27776e-06
-4.85842e-07
1.95907e-06
3.759e-07
1.68771e-06
1.17237e-06
1.45712e-06
1.90483e-06
1.25407e-06
2.56615e-06
1.09245e-06
3.16741e-06
9.44727e-07
3.71414e-06
8.33029e-07
4.22637e-06
7.4747e-07
4.73623e-06
7.38741e-07
5.32465e-06
8.04315e-07
6.15801e-06
9.06687e-07
7.2992e-06
7.15639e-07
7.92773e-06
-7.02278e-08
7.61261e-06
-3.82468e-06
4.36632e-06
-9.9795e-06
-1.51354e-05
6.68518e-06
1.08121e-05
1.35911e-05
1.58688e-05
1.78279e-05
1.95156e-05
2.09727e-05
2.22268e-05
2.33192e-05
2.4264e-05
2.5097e-05
2.58445e-05
2.65832e-05
2.73875e-05
2.82942e-05
2.90098e-05
2.89396e-05
2.51149e-05
1.51354e-05
)
;

boundaryField
{
    movingWall
    {
        type            calculated;
        value           uniform 0;
    }
    fixedWalls
    {
        type            calculated;
        value           uniform 0;
    }
    frontAndBack
    {
        type            empty;
        value           nonuniform List<scalar> 0();
    }
}


// ************************************************************************* //
