/*--------------------------------*- C++ -*----------------------------------*\
| =========                 |                                                 |
| \\      /  F ield         | OpenFOAM: The Open Source CFD Toolbox           |
|  \\    /   O peration     | Version:  2212                                  |
|   \\  /    A nd           | Website:  www.openfoam.com                      |
|    \\/     M anipulation  |                                                 |
\*---------------------------------------------------------------------------*/
FoamFile
{
    version     2.0;
    format      ascii;
    arch        "LSB;label=32;scalar=64";
    class       volVectorField;
    location    "3.205";
    object      U;
}
// * * * * * * * * * * * * * * * * * * * * * * * * * * * * * * * * * * * * * //

dimensions      [0 1 -1 0 0 0 0];

internalField   nonuniform List<vector> 
400
(
(0.0015951 -0.00161104 0)
(0.00456382 -0.0018009 0)
(0.00616932 -0.00115016 0)
(0.00521868 -0.000541224 0)
(0.0011779 0.000213831 0)
(-0.00702035 0.00172844 0)
(-0.0204132 0.00463854 0)
(-0.0388022 0.00841879 0)
(-0.0595294 0.0109352 0)
(-0.0775478 0.0102822 0)
(-0.0882225 0.00671346 0)
(-0.0891196 0.00173936 0)
(-0.0793377 -0.00344286 0)
(-0.0596551 -0.00804802 0)
(-0.0337429 -0.0106219 0)
(-0.00597664 -0.00964462 0)
(0.0157971 -0.00481569 0)
(0.0236425 0.00261179 0)
(0.0157699 0.00628071 0)
(0.00423963 0.00460716 0)
(0.00156943 -0.00474997 0)
(0.00275388 -0.00370118 0)
(-0.000925889 0.000712371 0)
(-0.0116332 0.0063546 0)
(-0.0311671 0.0137018 0)
(-0.0599999 0.0230706 0)
(-0.0947557 0.0320863 0)
(-0.128703 0.0361717 0)
(-0.155898 0.0329122 0)
(-0.173008 0.0231952 0)
(-0.178566 0.0092769 0)
(-0.172551 -0.00651572 0)
(-0.155536 -0.0224497 0)
(-0.128205 -0.0360616 0)
(-0.0927958 -0.0437347 0)
(-0.0520231 -0.0412316 0)
(-0.0117715 -0.0261856 0)
(0.0161838 -0.00163596 0)
(0.0174075 0.0157019 0)
(0.00545181 0.0144802 0)
(-0.000366579 -0.00520965 0)
(-0.00558814 0.00126186 0)
(-0.0195812 0.0141653 0)
(-0.0437971 0.0304338 0)
(-0.0785746 0.0480439 0)
(-0.119375 0.0626101 0)
(-0.158781 0.0689507 0)
(-0.191305 0.0648577 0)
(-0.214744 0.0515641 0)
(-0.228451 0.0314727 0)
(-0.232397 0.00689476 0)
(-0.227199 -0.0201461 0)
(-0.213163 -0.0475091 0)
(-0.1898 -0.0716301 0)
(-0.156834 -0.0874288 0)
(-0.114246 -0.0879338 0)
(-0.0638542 -0.0663856 0)
(-0.0139224 -0.0229795 0)
(0.00924229 0.0171601 0)
(0.0041422 0.0230615 0)
(-0.00344149 0.0010584 0)
(-0.017214 0.0173843 0)
(-0.0425746 0.0405899 0)
(-0.0777116 0.0663322 0)
(-0.11986 0.0887661 0)
(-0.161932 0.101475 0)
(-0.197576 0.100982 0)
(-0.224698 0.0883751 0)
(-0.243483 0.066695 0)
(-0.254495 0.0386169 0)
(-0.258547 0.00601523 0)
(-0.256432 -0.029784 0)
(-0.248098 -0.0665999 0)
(-0.232501 -0.101515 0)
(-0.207663 -0.129133 0)
(-0.1709 -0.140731 0)
(-0.119729 -0.124248 0)
(-0.0561524 -0.0704549 0)
(-0.00111491 0.00283819 0)
(0.00472194 0.0276266 0)
(-0.00648628 0.0150576 0)
(-0.0279339 0.0435153 0)
(-0.0615308 0.0751826 0)
(-0.101592 0.106069 0)
(-0.143493 0.128093 0)
(-0.18031 0.135423 0)
(-0.208463 0.127389 0)
(-0.228177 0.107356 0)
(-0.240693 0.0791348 0)
(-0.247694 0.0455093 0)
(-0.250878 0.00803125 0)
(-0.251203 -0.0325097 0)
(-0.248477 -0.0749949 0)
(-0.242095 -0.118119 0)
(-0.229277 -0.15798 0)
(-0.205403 -0.186189 0)
(-0.1645 -0.18753 0)
(-0.101985 -0.141378 0)
(-0.0219783 -0.0389921 0)
(0.00723222 0.0264515 0)
(-0.00822924 0.0344979 0)
(-0.0340602 0.0751124 0)
(-0.0708897 0.112068 0)
(-0.110061 0.144052 0)
(-0.146683 0.162416 0)
(-0.175313 0.162942 0)
(-0.194766 0.147506 0)
(-0.20646 0.12101 0)
(-0.212336 0.0877963 0)
(-0.214867 0.0508768 0)
(-0.216091 0.0117438 0)
(-0.217071 -0.0292087 0)
(-0.218036 -0.0724767 0)
(-0.219035 -0.118504 0)
(-0.217858 -0.166118 0)
(-0.209372 -0.209854 0)
(-0.185503 -0.235533 0)
(-0.137746 -0.216017 0)
(-0.0617871 -0.117669 0)
(0.00562458 0.0137643 0)
(-0.00798775 0.0558702 0)
(-0.0341406 0.107549 0)
(-0.0695799 0.146776 0)
(-0.104002 0.176927 0)
(-0.133214 0.189912 0)
(-0.153504 0.183274 0)
(-0.165329 0.16093 0)
(-0.17071 0.128897 0)
(-0.17203 0.0919897 0)
(-0.171843 0.0532903 0)
(-0.171774 0.0140853 0)
(-0.172572 -0.0256032 0)
(-0.174811 -0.066984 0)
(-0.179028 -0.111474 0)
(-0.184516 -0.160272 0)
(-0.187542 -0.212232 0)
(-0.18013 -0.258267 0)
(-0.152303 -0.272089 0)
(-0.0978403 -0.203599 0)
(-0.00875767 -0.0147818 0)
(-0.00589058 0.0757226 0)
(-0.0287305 0.13725 0)
(-0.0594365 0.176816 0)
(-0.0872657 0.203595 0)
(-0.108982 0.210674 0)
(-0.122414 0.197207 0)
(-0.128936 0.168789 0)
(-0.130793 0.132324 0)
(-0.130448 0.0929054 0)
(-0.129946 0.0533712 0)
(-0.130091 0.0145145 0)
(-0.131107 -0.0240709 0)
(-0.133484 -0.0635226 0)
(-0.137944 -0.105241 0)
(-0.145072 -0.151367 0)
(-0.153448 -0.204333 0)
(-0.156925 -0.262039 0)
(-0.145085 -0.304639 0)
(-0.110872 -0.274228 0)
(-0.0303826 -0.0743693 0)
(-0.00260027 0.0911133 0)
(-0.0196395 0.161615 0)
(-0.0436261 0.200646 0)
(-0.064332 0.223473 0)
(-0.0793778 0.225063 0)
(-0.0877413 0.205977 0)
(-0.0911451 0.172988 0)
(-0.0916995 0.13356 0)
(-0.0915398 0.0928592 0)
(-0.0919487 0.053292 0)
(-0.0930457 0.0150222 0)
(-0.0947445 -0.0227951 0)
(-0.0972422 -0.061075 0)
(-0.101083 -0.100682 0)
(-0.107441 -0.143457 0)
(-0.117017 -0.193545 0)
(-0.126474 -0.255336 0)
(-0.125249 -0.319581 0)
(-0.106411 -0.331148 0)
(-0.0368626 -0.160917 0)
(0.0011947 0.0998475 0)
(-0.00854771 0.17891 0)
(-0.0247183 0.217779 0)
(-0.0383715 0.237337 0)
(-0.0476769 0.234791 0)
(-0.0524083 0.211718 0)
(-0.0541421 0.175673 0)
(-0.0545276 0.134526 0)
(-0.0551326 0.0934065 0)
(-0.0565911 0.0542089 0)
(-0.0586963 0.0165225 0)
(-0.0612826 -0.0207967 0)
(-0.0643571 -0.0585262 0)
(-0.0681426 -0.0970418 0)
(-0.0736257 -0.13726 0)
(-0.0824409 -0.183151 0)
(-0.094567 -0.24322 0)
(-0.0998478 -0.320127 0)
(-0.0945168 -0.36844 0)
(-0.0306997 -0.239459 0)
(0.00491411 0.100896 0)
(0.00291204 0.188169 0)
(-0.0051379 0.227981 0)
(-0.0120435 0.245135 0)
(-0.0163061 0.239762 0)
(-0.0180651 0.214437 0)
(-0.0185699 0.177061 0)
(-0.0188762 0.135516 0)
(-0.0199633 0.0947015 0)
(-0.0220531 0.056129 0)
(-0.0248375 0.0190982 0)
(-0.0282193 -0.0176331 0)
(-0.0322214 -0.0548676 0)
(-0.0368273 -0.0928006 0)
(-0.0426262 -0.131539 0)
(-0.0509752 -0.173844 0)
(-0.0647427 -0.22986 0)
(-0.0738809 -0.313503 0)
(-0.0808871 -0.392725 0)
(-0.0228552 -0.303654 0)
(0.0080509 0.0946286 0)
(0.0137004 0.189068 0)
(0.0136441 0.231381 0)
(0.013302 0.247785 0)
(0.0139729 0.241383 0)
(0.0152493 0.215539 0)
(0.0162143 0.178177 0)
(0.0163708 0.137015 0)
(0.0153001 0.0967433 0)
(0.0130411 0.0587954 0)
(0.00989973 0.0224927 0)
(0.00587724 -0.0133933 0)
(0.000822346 -0.0497654 0)
(-0.00516451 -0.0868508 0)
(-0.0124808 -0.124414 0)
(-0.0214438 -0.163761 0)
(-0.037351 -0.214483 0)
(-0.0489274 -0.299674 0)
(-0.0679556 -0.404556 0)
(-0.0145067 -0.356496 0)
(0.00975316 0.0822086 0)
(0.0224274 0.181678 0)
(0.0299206 0.227554 0)
(0.0357444 0.244309 0)
(0.041352 0.238088 0)
(0.0463069 0.213157 0)
(0.0497584 0.177125 0)
(0.0514198 0.137332 0)
(0.0512294 0.0982612 0)
(0.0494088 0.061397 0)
(0.0462514 0.0262528 0)
(0.0417072 -0.00832216 0)
(0.0355971 -0.0432823 0)
(0.0279843 -0.0789405 0)
(0.0181465 -0.115021 0)
(0.0070587 -0.151961 0)
(-0.0122002 -0.197991 0)
(-0.0249595 -0.281533 0)
(-0.056199 -0.407177 0)
(-0.00627558 -0.398531 0)
(0.00926917 0.0658172 0)
(0.0276628 0.166426 0)
(0.0425558 0.216772 0)
(0.0547998 0.23563 0)
(0.0658914 0.231188 0)
(0.0754579 0.208621 0)
(0.0825872 0.175086 0)
(0.0869282 0.13742 0)
(0.0885449 0.0999798 0)
(0.0877649 0.0644538 0)
(0.08494 0.0307276 0)
(0.0799649 -0.00220319 0)
(0.0726393 -0.0350578 0)
(0.0631966 -0.0684836 0)
(0.0503898 -0.102335 0)
(0.0358863 -0.136637 0)
(0.0119057 -0.177986 0)
(-0.00112287 -0.258416 0)
(-0.0454205 -0.403169 0)
(0.00253481 -0.433327 0)
(0.00648472 0.0489516 0)
(0.0278218 0.145594 0)
(0.0488353 0.19873 0)
(0.0672092 0.219193 0)
(0.0843172 0.216673 0)
(0.0997424 0.197242 0)
(0.112193 0.167425 0)
(0.120942 0.133264 0)
(0.125886 0.0988107 0)
(0.127309 0.0658507 0)
(0.125502 0.0346516 0)
(0.120606 0.00443315 0)
(0.112113 -0.0252669 0)
(0.100676 -0.0553064 0)
(0.0841617 -0.0857914 0)
(0.0655546 -0.117421 0)
(0.0362208 -0.155055 0)
(0.0223736 -0.232642 0)
(-0.0352563 -0.39582 0)
(0.0131218 -0.462112 0)
(0.0022143 0.0349816 0)
(0.0222709 0.121694 0)
(0.0485015 0.17595 0)
(0.0734411 0.19823 0)
(0.097494 0.198024 0)
(0.119884 0.182184 0)
(0.138935 0.15683 0)
(0.153399 0.127114 0)
(0.162842 0.0966459 0)
(0.167491 0.0671821 0)
(0.16733 0.0393277 0)
(0.163099 0.0126806 0)
(0.153476 -0.0131498 0)
(0.140091 -0.038902 0)
(0.119469 -0.0649554 0)
(0.0966575 -0.0929302 0)
(0.0617422 -0.12774 0)
(0.0453165 -0.203727 0)
(-0.0237197 -0.384849 0)
(0.0280229 -0.483986 0)
(-0.0033181 0.0295708 0)
(0.00907135 0.10051 0)
(0.034852 0.145726 0)
(0.0657074 0.165607 0)
(0.0977496 0.166755 0)
(0.128733 0.154868 0)
(0.156108 0.135033 0)
(0.178131 0.111293 0)
(0.19377 0.0866872 0)
(0.203353 0.0627566 0)
(0.206133 0.0402726 0)
(0.2038 0.0190825 0)
(0.19382 -0.00113915 0)
(0.17959 -0.0209825 0)
(0.155553 -0.0409356 0)
(0.129833 -0.0641601 0)
(0.0895229 -0.0978306 0)
(0.0681111 -0.176955 0)
(-0.00538836 -0.368614 0)
(0.0516541 -0.490801 0)
(-0.0133406 0.0194751 0)
(-0.00751671 0.0882227 0)
(0.0177221 0.122678 0)
(0.0536635 0.134835 0)
(0.0935887 0.134092 0)
(0.132871 0.125036 0)
(0.168207 0.110748 0)
(0.197282 0.0934419 0)
(0.218648 0.0755014 0)
(0.233302 0.0578974 0)
(0.239221 0.0416316 0)
(0.240109 0.0265199 0)
(0.231183 0.0128049 0)
(0.219793 -0.000482296 0)
(0.195741 -0.0140092 0)
(0.172907 -0.032661 0)
(0.129943 -0.0653246 0)
(0.105895 -0.144449 0)
(0.036562 -0.325838 0)
(0.0920095 -0.455698 0)
(-0.105571 0.0830948 0)
(-0.0774461 0.0694541 0)
(-0.048903 0.0727255 0)
(0.00238445 0.0766124 0)
(0.0546823 0.0766551 0)
(0.106241 0.0723904 0)
(0.152409 0.0652471 0)
(0.193897 0.0561164 0)
(0.225452 0.0467792 0)
(0.253178 0.0374561 0)
(0.268843 0.0291597 0)
(0.284038 0.0214946 0)
(0.284819 0.0150732 0)
(0.289436 0.00892935 0)
(0.274125 0.00222697 0)
(0.267853 -0.00888855 0)
(0.229575 -0.0345292 0)
(0.216793 -0.0949007 0)
(0.149867 -0.229683 0)
(0.170603 -0.341514 0)
(0.130235 0.103958 0)
(0.15889 0.0757645 0)
(0.213043 0.0538025 0)
(0.271451 0.0420501 0)
(0.323578 0.0361665 0)
(0.375323 0.0320658 0)
(0.4192 0.028967 0)
(0.463824 0.0256078 0)
(0.496409 0.0229489 0)
(0.531291 0.0197848 0)
(0.550585 0.0176701 0)
(0.576412 0.0147702 0)
(0.582767 0.0133787 0)
(0.601464 0.0105948 0)
(0.593411 0.00966908 0)
(0.602497 0.00526099 0)
(0.567306 0.000318651 0)
(0.547767 -0.0181588 0)
(0.436216 -0.0503732 0)
(0.337029 -0.10141 0)
)
;

boundaryField
{
    movingWall
    {
        type            fixedValue;
        value           uniform (1 0 0);
    }
    fixedWalls
    {
        type            noSlip;
    }
    frontAndBack
    {
        type            empty;
    }
}


// ************************************************************************* //
