/*--------------------------------*- C++ -*----------------------------------*\
| =========                 |                                                 |
| \\      /  F ield         | OpenFOAM: The Open Source CFD Toolbox           |
|  \\    /   O peration     | Version:  2212                                  |
|   \\  /    A nd           | Website:  www.openfoam.com                      |
|    \\/     M anipulation  |                                                 |
\*---------------------------------------------------------------------------*/
FoamFile
{
    version     2.0;
    format      ascii;
    arch        "LSB;label=32;scalar=64";
    class       surfaceScalarField;
    location    "4.965";
    object      phi;
}
// * * * * * * * * * * * * * * * * * * * * * * * * * * * * * * * * * * * * * //

dimensions      [0 3 -1 0 0 0 0];

oriented        oriented;

internalField   nonuniform List<scalar> 
760
(
1.5519e-07
-1.55235e-07
2.91705e-07
-1.36515e-07
3.07604e-07
-1.58993e-08
1.81334e-07
1.2627e-07
-1.22051e-07
3.03385e-07
-6.66138e-07
5.44087e-07
-1.48284e-06
8.16698e-07
-2.48537e-06
1.00253e-06
-3.47255e-06
9.8718e-07
-4.21185e-06
7.39299e-07
-4.53638e-06
3.24537e-07
-4.34884e-06
-1.87543e-07
-3.5928e-06
-7.56037e-07
-2.38214e-06
-1.21066e-06
-9.46568e-07
-1.43557e-06
3.39492e-07
-1.28606e-06
1.08291e-06
-7.4342e-07
1.02909e-06
5.38179e-08
4.59643e-07
5.69451e-07
4.59643e-07
1.23505e-07
-2.78741e-07
7.1823e-08
-8.48318e-08
-2.99578e-07
3.55502e-07
-1.07952e-06
9.06209e-07
-2.31275e-06
1.53661e-06
-3.91911e-06
2.15045e-06
-5.64911e-06
2.5467e-06
-7.19045e-06
2.54387e-06
-8.31882e-06
2.11555e-06
-8.92438e-06
1.34485e-06
-8.96003e-06
3.60185e-07
-8.40308e-06
-7.4449e-07
-7.28474e-06
-1.87437e-06
-5.638e-06
-2.85741e-06
-3.60649e-06
-3.46708e-06
-1.49442e-06
-3.39813e-06
1.72605e-07
-2.41044e-06
8.54406e-07
-6.27982e-07
5.23937e-07
8.99922e-07
9.83579e-07
-1.28769e-07
-1.49971e-07
-6.34969e-07
4.21368e-07
-1.62362e-06
1.34415e-06
-3.13541e-06
2.418e-06
-5.04522e-06
3.44643e-06
-7.05503e-06
4.16027e-06
-8.85047e-06
4.34214e-06
-1.02516e-05
3.94496e-06
-1.12065e-05
3.07046e-06
-1.17075e-05
1.84587e-06
-1.17031e-05
3.55776e-07
-1.12465e-05
-1.20104e-06
-1.03175e-05
-2.80335e-06
-8.8618e-06
-4.31315e-06
-6.85924e-06
-5.46964e-06
-4.39867e-06
-5.8587e-06
-1.87886e-06
-4.93026e-06
-8.86182e-08
-2.41822e-06
2.93793e-07
5.17511e-07
1.27737e-06
-5.00016e-07
3.50045e-07
-1.55717e-06
1.47852e-06
-3.11185e-06
2.89883e-06
-5.06716e-06
4.37331e-06
-7.16426e-06
5.54352e-06
-9.09651e-06
6.09252e-06
-1.0662e-05
5.90764e-06
-1.1818e-05
5.10094e-06
-1.25924e-05
3.84491e-06
-1.30202e-05
2.27359e-06
-1.30863e-05
4.21883e-07
-1.28488e-05
-1.4385e-06
-1.22695e-05
-3.3827e-06
-1.12463e-05
-5.3363e-06
-9.64832e-06
-7.06763e-06
-7.35077e-06
-8.15626e-06
-4.39195e-06
-7.88908e-06
-1.37765e-06
-5.43252e-06
1.19808e-07
-9.79948e-07
1.39718e-06
-8.59517e-07
1.20956e-06
-2.35456e-06
2.97357e-06
-4.21918e-06
4.76345e-06
-6.25947e-06
6.4136e-06
-8.19553e-06
7.47958e-06
-9.8052e-06
7.70219e-06
-1.10115e-05
7.11397e-06
-1.18408e-05
5.93024e-06
-1.2355e-05
4.35908e-06
-1.2627e-05
2.54557e-06
-1.27476e-05
5.42449e-07
-1.27039e-05
-1.48216e-06
-1.24868e-05
-3.59982e-06
-1.20168e-05
-5.80622e-06
-1.11076e-05
-7.97692e-06
-9.4709e-06
-9.7929e-06
-6.80796e-06
-1.0552e-05
-3.21751e-06
-9.02298e-06
-2.61824e-07
-3.93563e-06
1.13536e-06
-1.08288e-06
2.29244e-06
-2.77427e-06
4.66496e-06
-4.66113e-06
6.65031e-06
-6.51254e-06
8.26501e-06
-8.10491e-06
9.07195e-06
-9.30718e-06
8.90446e-06
-1.01149e-05
7.92164e-06
-1.05929e-05
6.40825e-06
-1.08316e-05
4.59785e-06
-1.09314e-05
2.64532e-06
-1.10138e-05
6.2483e-07
-1.10662e-05
-1.4297e-06
-1.11043e-05
-3.56173e-06
-1.10985e-05
-5.81201e-06
-1.08947e-05
-8.18078e-06
-1.01652e-05
-1.05224e-05
-8.41616e-06
-1.23011e-05
-5.23285e-06
-1.22063e-05
-1.15687e-06
-8.01162e-06
-2.15097e-08
-1.10601e-06
3.39845e-06
-2.74755e-06
6.3065e-06
-4.43899e-06
8.34176e-06
-5.9691e-06
9.79511e-06
-7.17805e-06
1.02809e-05
-8.00313e-06
9.72953e-06
-8.48153e-06
8.40004e-06
-8.7001e-06
6.62682e-06
-8.76269e-06
4.66044e-06
-8.76691e-06
2.64954e-06
-8.79598e-06
6.53901e-07
-8.86886e-06
-1.35681e-06
-9.00531e-06
-3.42528e-06
-9.21641e-06
-5.6009e-06
-9.44483e-06
-7.95236e-06
-9.45828e-06
-1.05089e-05
-8.73735e-06
-1.3022e-05
-6.52532e-06
-1.44183e-05
-2.41864e-06
-1.21183e-05
-2.44015e-06
-9.31533e-07
4.32998e-06
-2.33775e-06
7.71271e-06
-3.72e-06
9.72401e-06
-4.8949e-06
1.097e-05
-5.76145e-06
1.11475e-05
-6.30235e-06
1.02704e-05
-6.57428e-06
8.67197e-06
-6.66819e-06
6.72074e-06
-6.68063e-06
4.67288e-06
-6.68533e-06
2.65423e-06
-6.71877e-06
6.87343e-07
-6.79831e-06
-1.27727e-06
-6.94513e-06
-3.27847e-06
-7.18966e-06
-5.35638e-06
-7.54844e-06
-7.59358e-06
-7.92941e-06
-1.0128e-05
-7.92159e-06
-1.30298e-05
-6.70726e-06
-1.56326e-05
-3.57956e-06
-1.5246e-05
-6.01971e-06
-6.2202e-07
4.952e-06
-1.68064e-06
8.77134e-06
-2.71032e-06
1.07537e-05
-3.5463e-06
1.1806e-05
-4.13287e-06
1.1734e-05
-4.47978e-06
1.06173e-05
-4.64562e-06
8.83781e-06
-4.70887e-06
6.78399e-06
-4.74231e-06
4.70632e-06
-4.7901e-06
2.70202e-06
-4.8627e-06
7.59944e-07
-4.96679e-06
-1.17318e-06
-5.11243e-06
-3.13282e-06
-5.32839e-06
-5.14042e-06
-5.6696e-06
-7.25236e-06
-6.1488e-06
-9.64877e-06
-6.54634e-06
-1.26323e-05
-6.12042e-06
-1.60586e-05
-3.91835e-06
-1.74481e-05
-9.93806e-06
-2.31092e-07
5.1831e-06
-8.89334e-07
9.42958e-06
-1.55869e-06
1.1423e-05
-2.08621e-06
1.23335e-05
-2.44395e-06
1.20918e-05
-2.65598e-06
1.08294e-05
-2.7704e-06
8.95223e-06
-2.84059e-06
6.85418e-06
-2.91157e-06
4.77729e-06
-3.00565e-06
2.7961e-06
-3.12572e-06
8.80012e-07
-3.27157e-06
-1.02733e-06
-3.44354e-06
-2.96085e-06
-3.65409e-06
-4.92987e-06
-3.95435e-06
-6.9521e-06
-4.42619e-06
-9.17693e-06
-5.01565e-06
-1.20428e-05
-5.11914e-06
-1.59551e-05
-3.55535e-06
-1.90119e-05
-1.34934e-05
1.63524e-07
5.01957e-06
-6.90027e-08
9.66211e-06
-4.00747e-07
1.17548e-05
-6.50618e-07
1.25834e-05
-8.04345e-07
1.22455e-05
-8.92961e-07
1.0918e-05
-9.55954e-07
9.01522e-06
-1.02533e-06
6.92356e-06
-1.11782e-06
4.86978e-06
-1.2412e-06
2.91948e-06
-1.39788e-06
1.0367e-06
-1.59006e-06
-8.35148e-07
-1.8165e-06
-2.73441e-06
-2.07535e-06
-4.67102e-06
-2.39455e-06
-6.6329e-06
-2.86671e-06
-8.70477e-06
-3.55536e-06
-1.13542e-05
-4.02317e-06
-1.54873e-05
-3.02434e-06
-2.00107e-05
-1.65178e-05
4.99917e-07
4.51965e-06
6.9757e-07
9.46445e-06
7.40836e-07
1.17115e-05
7.76664e-07
1.25476e-05
8.21928e-07
1.22002e-05
8.51133e-07
1.08888e-05
8.44388e-07
9.02197e-06
7.9338e-07
6.97457e-06
6.99371e-07
4.96379e-06
5.64273e-07
3.05457e-06
3.83236e-07
1.21773e-06
1.50035e-07
-6.01947e-07
-1.37216e-07
-2.44716e-06
-4.85203e-07
-4.32303e-06
-8.98489e-07
-6.21961e-06
-1.42211e-06
-8.18115e-06
-2.20333e-06
-1.05729e-05
-2.95469e-06
-1.47359e-05
-2.46136e-06
-2.0504e-05
-1.89791e-05
7.54931e-07
3.76472e-06
1.35183e-06
8.86755e-06
1.74429e-06
1.13191e-05
2.07368e-06
1.22182e-05
2.34689e-06
1.1927e-05
2.53343e-06
1.07023e-05
2.62486e-06
8.93054e-06
2.63189e-06
6.96754e-06
2.56889e-06
5.0268e-06
2.44308e-06
3.18038e-06
2.24746e-06
1.41335e-06
1.96806e-06
-3.2254e-07
1.60476e-06
-2.08386e-06
1.15256e-06
-3.87083e-06
6.06669e-07
-5.67372e-06
-8.5156e-08
-7.48932e-06
-9.59158e-07
-9.69894e-06
-1.92237e-06
-1.37727e-05
-1.92675e-06
-2.04996e-05
-2.09059e-05
8.69281e-07
2.89544e-06
1.80753e-06
7.92931e-06
2.54864e-06
1.05779e-05
3.18931e-06
1.15775e-05
3.73682e-06
1.13795e-05
4.14766e-06
1.02914e-05
4.40569e-06
8.67251e-06
4.5249e-06
6.84833e-06
4.52864e-06
5.02306e-06
4.43257e-06
3.27646e-06
4.23503e-06
1.61089e-06
3.90551e-06
6.97677e-09
3.4615e-06
-1.63986e-06
2.87881e-06
-3.28814e-06
2.15783e-06
-4.95274e-06
1.31645e-06
-6.64794e-06
2.63217e-07
-8.64571e-06
-9.62173e-07
-1.25473e-05
-1.42913e-06
-2.00327e-05
-2.2335e-05
8.05167e-07
2.09028e-06
1.95139e-06
6.78308e-06
2.99324e-06
9.53609e-06
3.9662e-06
1.06045e-05
4.84304e-06
1.05027e-05
5.55754e-06
9.57691e-06
6.07036e-06
8.15969e-06
6.38447e-06
6.53422e-06
6.52116e-06
4.88637e-06
6.4991e-06
3.29852e-06
6.31734e-06
1.79265e-06
5.97202e-06
3.52292e-07
5.4326e-06
-1.10043e-06
4.70466e-06
-2.5602e-06
3.78019e-06
-4.02827e-06
2.68767e-06
-5.55542e-06
1.38576e-06
-7.34379e-06
-1.57183e-07
-1.10044e-05
-9.15163e-07
-1.92747e-05
-2.32502e-05
5.76713e-07
1.51356e-06
1.75721e-06
5.60258e-06
3.0948e-06
8.19851e-06
4.44532e-06
9.25401e-06
5.71136e-06
9.23664e-06
6.79424e-06
8.49403e-06
7.62844e-06
7.3255e-06
8.2013e-06
5.96136e-06
8.52551e-06
4.56215e-06
8.61839e-06
3.20564e-06
8.48699e-06
1.92406e-06
8.12893e-06
7.10351e-07
7.50053e-06
-4.72036e-07
6.61863e-06
-1.6783e-06
5.47032e-06
-2.87997e-06
4.09646e-06
-4.18155e-06
2.568e-06
-5.81534e-06
9.54186e-07
-9.39054e-06
-1.45736e-07
-1.81748e-05
-2.33959e-05
1.51652e-07
1.36191e-06
1.03832e-06
4.71591e-06
2.5148e-06
6.72204e-06
4.23626e-06
7.53254e-06
5.95793e-06
7.51497e-06
7.49231e-06
6.95965e-06
8.7367e-06
6.08111e-06
9.66141e-06
5.03665e-06
1.02617e-05
3.96185e-06
1.05496e-05
2.91773e-06
1.05313e-05
1.94235e-06
1.02127e-05
1.02896e-06
9.54945e-06
1.91227e-07
8.56098e-06
-6.89831e-07
7.23894e-06
-1.55793e-06
5.63444e-06
-2.57705e-06
3.90714e-06
-4.08804e-06
2.23795e-06
-7.72135e-06
6.52069e-07
-1.65889e-05
-2.27438e-05
-5.17001e-07
1.87891e-06
2.00278e-07
3.99863e-06
1.75529e-06
5.16702e-06
3.81839e-06
5.46944e-06
5.97359e-06
5.35978e-06
7.93473e-06
4.9985e-06
9.56531e-06
4.45054e-06
1.0824e-05
3.77794e-06
1.16935e-05
3.09238e-06
1.21904e-05
2.42079e-06
1.23189e-05
1.81391e-06
1.20989e-05
1.2489e-06
1.15535e-05
7.36684e-07
1.06549e-05
2.08748e-07
9.40746e-06
-3.1047e-07
7.8825e-06
-1.0521e-06
6.26578e-06
-2.47131e-06
4.45575e-06
-5.91132e-06
2.0552e-06
-1.41883e-05
-2.06886e-05
-4.17909e-06
6.058e-06
-3.64209e-06
3.46164e-06
-1.2475e-06
2.77243e-06
1.55049e-06
2.67145e-06
4.28962e-06
2.62065e-06
6.8238e-06
2.46432e-06
9.04014e-06
2.2342e-06
1.08787e-05
1.93941e-06
1.23213e-05
1.64975e-06
1.33952e-05
1.34687e-06
1.41176e-05
1.09151e-06
1.45331e-05
8.33375e-07
1.46299e-05
6.39904e-07
1.44177e-05
4.21015e-07
1.38896e-05
2.17597e-07
1.30612e-05
-2.23691e-07
1.19216e-05
-1.33168e-06
1.01119e-05
-4.10165e-06
5.63765e-06
-9.71411e-06
-1.5051e-05
6.058e-06
9.51964e-06
1.22921e-05
1.49635e-05
1.75842e-05
2.00485e-05
2.22827e-05
2.42221e-05
2.58718e-05
2.72187e-05
2.83102e-05
2.91436e-05
2.97835e-05
3.02045e-05
3.04221e-05
3.01984e-05
2.88667e-05
2.47651e-05
1.5051e-05
)
;

boundaryField
{
    movingWall
    {
        type            calculated;
        value           uniform 0;
    }
    fixedWalls
    {
        type            calculated;
        value           uniform 0;
    }
    frontAndBack
    {
        type            empty;
        value           nonuniform List<scalar> 0();
    }
}


// ************************************************************************* //
