/*--------------------------------*- C++ -*----------------------------------*\
| =========                 |                                                 |
| \\      /  F ield         | OpenFOAM: The Open Source CFD Toolbox           |
|  \\    /   O peration     | Version:  2212                                  |
|   \\  /    A nd           | Website:  www.openfoam.com                      |
|    \\/     M anipulation  |                                                 |
\*---------------------------------------------------------------------------*/
FoamFile
{
    version     2.0;
    format      ascii;
    arch        "LSB;label=32;scalar=64";
    class       volVectorField;
    location    "4.515";
    object      U;
}
// * * * * * * * * * * * * * * * * * * * * * * * * * * * * * * * * * * * * * //

dimensions      [0 1 -1 0 0 0 0];

internalField   nonuniform List<vector> 
400
(
(0.00166732 -0.00167149 0)
(0.00479194 -0.00187675 0)
(0.00651826 -0.00119197 0)
(0.00559454 -0.000569189 0)
(0.0015005 0.000189373 0)
(-0.00686671 0.00173805 0)
(-0.0205767 0.00476133 0)
(-0.0394091 0.00868104 0)
(-0.0605782 0.0112311 0)
(-0.0788515 0.0104764 0)
(-0.0895382 0.00677284 0)
(-0.0902535 0.00169426 0)
(-0.0801262 -0.00357102 0)
(-0.0600184 -0.0082229 0)
(-0.0336632 -0.0108026 0)
(-0.0055162 -0.00977376 0)
(0.0164783 -0.004801 0)
(0.0242784 0.00273254 0)
(0.0160935 0.00642947 0)
(0.00430235 0.00469542 0)
(0.00169376 -0.00501077 0)
(0.00308891 -0.00397409 0)
(-0.000512711 0.000611993 0)
(-0.0113954 0.0064306 0)
(-0.0313974 0.0139935 0)
(-0.0609616 0.0236511 0)
(-0.0964778 0.0328817 0)
(-0.130951 0.0369147 0)
(-0.158389 0.0333976 0)
(-0.17551 0.0233646 0)
(-0.1809 0.00915515 0)
(-0.174608 -0.00687622 0)
(-0.157208 -0.0230085 0)
(-0.129432 -0.0367307 0)
(-0.0935377 -0.0444041 0)
(-0.0522554 -0.0417447 0)
(-0.0115557 -0.0263523 0)
(0.0166987 -0.00139269 0)
(0.0177625 0.0160988 0)
(0.00552288 0.014748 0)
(-0.000264699 -0.00567783 0)
(-0.00542753 0.000889744 0)
(-0.0196232 0.014287 0)
(-0.0444035 0.0311056 0)
(-0.0800465 0.0491976 0)
(-0.121694 0.0639946 0)
(-0.161664 0.0702178 0)
(-0.194465 0.0657669 0)
(-0.217986 0.0520368 0)
(-0.231633 0.031507 0)
(-0.235415 0.00651913 0)
(-0.229992 -0.020893 0)
(-0.215673 -0.0485629 0)
(-0.191955 -0.0728764 0)
(-0.158568 -0.0887005 0)
(-0.115476 -0.0890016 0)
(-0.0644807 -0.0669674 0)
(-0.0139034 -0.022812 0)
(0.00941444 0.0177204 0)
(0.00415314 0.0234638 0)
(-0.00347086 0.000571169 0)
(-0.0174755 0.0172835 0)
(-0.0433695 0.0413557 0)
(-0.0793443 0.0678645 0)
(-0.122387 0.0907017 0)
(-0.165073 0.103352 0)
(-0.200991 0.102459 0)
(-0.228201 0.0893358 0)
(-0.246965 0.0671321 0)
(-0.257887 0.0385499 0)
(-0.261805 0.00546268 0)
(-0.259523 -0.0308014 0)
(-0.250976 -0.0680052 0)
(-0.235118 -0.103213 0)
(-0.209956 -0.130958 0)
(-0.172788 -0.142448 0)
(-0.12106 -0.125512 0)
(-0.056746 -0.0708697 0)
(-0.0010391 0.00334813 0)
(0.00474002 0.0280952 0)
(-0.0066344 0.0148502 0)
(-0.0285956 0.0440258 0)
(-0.0629772 0.0767581 0)
(-0.103919 0.108377 0)
(-0.146511 0.130563 0)
(-0.183636 0.137558 0)
(-0.211843 0.128952 0)
(-0.231519 0.108327 0)
(-0.243956 0.0795443 0)
(-0.250883 0.0453912 0)
(-0.253992 0.00740154 0)
(-0.254212 -0.0336223 0)
(-0.251321 -0.0765302 0)
(-0.244757 -0.120011 0)
(-0.231709 -0.160105 0)
(-0.207554 -0.188365 0)
(-0.166252 -0.189469 0)
(-0.10313 -0.142636 0)
(-0.0221768 -0.0389819 0)
(0.00734348 0.0269303 0)
(-0.00845886 0.0348235 0)
(-0.0349693 0.0763761 0)
(-0.072667 0.11441 0)
(-0.112607 0.146959 0)
(-0.149672 0.165222 0)
(-0.17839 0.1652 0)
(-0.197793 0.149095 0)
(-0.209424 0.121981 0)
(-0.215269 0.0882072 0)
(-0.217817 0.0507613 0)
(-0.219048 0.0111073 0)
(-0.219976 -0.030344 0)
(-0.220802 -0.074079 0)
(-0.221615 -0.120492 0)
(-0.22021 -0.16837 0)
(-0.21148 -0.212226 0)
(-0.187336 -0.237858 0)
(-0.139197 -0.218005 0)
(-0.062622 -0.11874 0)
(0.00578125 0.0140762 0)
(-0.00823056 0.0568075 0)
(-0.0351002 0.109556 0)
(-0.0713693 0.149758 0)
(-0.106399 0.180268 0)
(-0.135868 0.192922 0)
(-0.156148 0.185586 0)
(-0.167931 0.162532 0)
(-0.173328 0.129895 0)
(-0.174753 0.0924517 0)
(-0.174723 0.0532231 0)
(-0.174768 0.0134476 0)
(-0.175577 -0.0268385 0)
(-0.177704 -0.0687997 0)
(-0.181681 -0.113743 0)
(-0.186843 -0.1628 0)
(-0.189527 -0.214816 0)
(-0.181822 -0.260783 0)
(-0.153731 -0.274445 0)
(-0.099001 -0.205412 0)
(-0.00889039 -0.0147028 0)
(-0.00608034 0.0772482 0)
(-0.0295645 0.13992 0)
(-0.0609907 0.180318 0)
(-0.089281 0.20727 0)
(-0.111152 0.213839 0)
(-0.124573 0.199579 0)
(-0.131124 0.170448 0)
(-0.13311 0.133424 0)
(-0.132994 0.0935155 0)
(-0.132742 0.0534496 0)
(-0.133058 0.0139501 0)
(-0.134138 -0.0253689 0)
(-0.136446 -0.0655598 0)
(-0.140675 -0.107885 0)
(-0.147424 -0.154358 0)
(-0.155348 -0.207344 0)
(-0.158424 -0.26485 0)
(-0.146268 -0.307254 0)
(-0.111874 -0.276506 0)
(-0.0308188 -0.0751502 0)
(-0.0026954 0.0931276 0)
(-0.0202405 0.164844 0)
(-0.0448018 0.204559 0)
(-0.0658525 0.227404 0)
(-0.0810098 0.228358 0)
(-0.0893972 0.208434 0)
(-0.0928967 0.174764 0)
(-0.0936468 0.134846 0)
(-0.0937556 0.0937058 0)
(-0.0944118 0.0535957 0)
(-0.0956759 0.0146092 0)
(-0.0974586 -0.0240567 0)
(-0.0999383 -0.0632149 0)
(-0.103624 -0.103601 0)
(-0.109666 -0.14689 0)
(-0.11878 -0.197064 0)
(-0.127772 -0.25854 0)
(-0.126145 -0.322444 0)
(-0.10718 -0.333869 0)
(-0.0372107 -0.16283 0)
(0.00122233 0.102173 0)
(-0.00884346 0.182553 0)
(-0.0254206 0.221997 0)
(-0.0393169 0.241481 0)
(-0.0487163 0.238239 0)
(-0.0535098 0.214317 0)
(-0.0553735 0.177624 0)
(-0.0559598 0.136032 0)
(-0.0567966 0.0944889 0)
(-0.058442 0.054717 0)
(-0.0606726 0.0162514 0)
(-0.0633416 -0.0219881 0)
(-0.0664461 -0.060686 0)
(-0.0701758 -0.100118 0)
(-0.075475 -0.141041 0)
(-0.0839268 -0.187177 0)
(-0.0956052 -0.246883 0)
(-0.100406 -0.323202 0)
(-0.0949863 -0.371269 0)
(-0.0308552 -0.241791 0)
(0.00508198 0.103302 0)
(0.00296033 0.192068 0)
(-0.00531855 0.232414 0)
(-0.0123772 0.249441 0)
(-0.0167231 0.243347 0)
(-0.0185655 0.217174 0)
(-0.0191946 0.179167 0)
(-0.019655 0.13719 0)
(-0.0208946 0.0959495 0)
(-0.0230902 0.0567834 0)
(-0.025949 0.0189513 0)
(-0.0294025 -0.0187212 0)
(-0.0334682 -0.0569591 0)
(-0.0381011 -0.0958806 0)
(-0.0438606 -0.135477 0)
(-0.0520113 -0.178244 0)
(-0.0654593 -0.233979 0)
(-0.0741165 -0.316861 0)
(-0.0811139 -0.395712 0)
(-0.0229141 -0.30625 0)
(0.00837555 0.0968632 0)
(0.0141149 0.193033 0)
(0.0140068 0.235906 0)
(0.01362 0.252191 0)
(0.0142446 0.245096 0)
(0.0154431 0.218427 0)
(0.0163077 0.180432 0)
(0.0163662 0.13882 0)
(0.0152219 0.0980966 0)
(0.0129291 0.0595393 0)
(0.00975836 0.022439 0)
(0.00567583 -0.0143755 0)
(0.000537567 -0.0517499 0)
(-0.00552758 -0.0898446 0)
(-0.0129285 -0.12834 0)
(-0.0218621 -0.16833 0)
(-0.0376295 -0.218907 0)
(-0.0487876 -0.303172 0)
(-0.0679249 -0.407483 0)
(-0.0144702 -0.359124 0)
(0.0102078 0.0839996 0)
(0.0232045 0.185481 0)
(0.0308182 0.23205 0)
(0.0367065 0.24875 0)
(0.0423264 0.24189 0)
(0.0472386 0.216148 0)
(0.0506294 0.179452 0)
(0.0522511 0.139161 0)
(0.0520568 0.0996116 0)
(0.0502647 0.0621482 0)
(0.0471205 0.0262448 0)
(0.0425318 -0.00920755 0)
(0.0363239 -0.0451433 0)
(0.0286007 -0.0817906 0)
(0.018582 -0.118816 0)
(0.00736456 -0.156513 0)
(-0.0119658 -0.202583 0)
(-0.024455 -0.285151 0)
(-0.0559536 -0.410035 0)
(-0.00617465 -0.401036 0)
(0.00974708 0.066934 0)
(0.0287309 0.169795 0)
(0.0439453 0.221043 0)
(0.056395 0.239985 0)
(0.0676006 0.235024 0)
(0.0772007 0.211703 0)
(0.0843304 0.177489 0)
(0.0886855 0.139273 0)
(0.0903468 0.10132 0)
(0.0896295 0.0652001 0)
(0.0868731 0.0307611 0)
(0.0818433 -0.00302908 0)
(0.0744015 -0.036789 0)
(0.0648198 -0.0711308 0)
(0.0517497 -0.105881 0)
(0.0369934 -0.140969 0)
(0.0127362 -0.182496 0)
(-0.000272581 -0.261967 0)
(-0.0449802 -0.405826 0)
(0.00270355 -0.435538 0)
(0.00683311 0.0493091 0)
(0.0290285 0.148273 0)
(0.0505999 0.202596 0)
(0.0693369 0.223334 0)
(0.0866836 0.220431 0)
(0.102252 0.200314 0)
(0.114793 0.16981 0)
(0.123624 0.135056 0)
(0.128664 0.100058 0)
(0.130176 0.0665139 0)
(0.128437 0.0346591 0)
(0.123511 0.0036647 0)
(0.11493 -0.0268258 0)
(0.103319 -0.0576827 0)
(0.0864431 -0.0889764 0)
(0.0674748 -0.121348 0)
(0.0376736 -0.159259 0)
(0.0234366 -0.235987 0)
(-0.0346696 -0.398195 0)
(0.0133814 -0.463875 0)
(0.00234937 0.0347131 0)
(0.0233473 0.123462 0)
(0.0504194 0.179119 0)
(0.0759514 0.201905 0)
(0.100437 0.201524 0)
(0.123148 0.185149 0)
(0.142433 0.159177 0)
(0.157079 0.128877 0)
(0.166673 0.0978658 0)
(0.17144 0.0678423 0)
(0.171338 0.0393924 0)
(0.16709 0.0120938 0)
(0.157319 -0.0144195 0)
(0.14371 -0.0408985 0)
(0.122639 -0.0676607 0)
(0.0993517 -0.096261 0)
(0.0638075 -0.13138 0)
(0.046545 -0.206524 0)
(-0.0229764 -0.386561 0)
(0.0283998 -0.485202 0)
(-0.00340275 0.0288307 0)
(0.00986285 0.101328 0)
(0.0366293 0.148102 0)
(0.0682571 0.168639 0)
(0.10093 0.169775 0)
(0.132436 0.157498 0)
(0.160228 0.137138 0)
(0.18258 0.112856 0)
(0.198461 0.0877295 0)
(0.20824 0.0632874 0)
(0.211086 0.040273 0)
(0.208788 0.0185462 0)
(0.198598 -0.00226282 0)
(0.184092 -0.0226596 0)
(0.159516 -0.0431282 0)
(0.133182 -0.0667657 0)
(0.0920175 -0.100688 0)
(0.0694223 -0.179264 0)
(-0.00462295 -0.369727 0)
(0.0520343 -0.491467 0)
(-0.0138663 0.0187294 0)
(-0.0075014 0.0882121 0)
(0.0189259 0.123906 0)
(0.055876 0.136808 0)
(0.0967414 0.136288 0)
(0.136845 0.127086 0)
(0.172841 0.112469 0)
(0.202447 0.0947735 0)
(0.224156 0.0764207 0)
(0.239087 0.0584142 0)
(0.245052 0.0417156 0)
(0.245936 0.0261954 0)
(0.236696 0.0120243 0)
(0.224999 -0.00162141 0)
(0.200264 -0.0155256 0)
(0.17661 -0.0344005 0)
(0.132644 -0.0671751 0)
(0.107373 -0.145637 0)
(0.0372623 -0.326075 0)
(0.0922828 -0.455853 0)
(-0.105917 0.0825676 0)
(-0.0776729 0.0691124 0)
(-0.0486039 0.0732634 0)
(0.00352416 0.0776416 0)
(0.0567716 0.0778948 0)
(0.109229 0.0736059 0)
(0.156144 0.0662916 0)
(0.198266 0.056935 0)
(0.230204 0.0473345 0)
(0.258214 0.0377616 0)
(0.273893 0.0291951 0)
(0.289038 0.0212999 0)
(0.289488 0.0146366 0)
(0.293732 0.00831914 0)
(0.27769 0.00141774 0)
(0.270738 -0.0097213 0)
(0.231699 -0.0353117 0)
(0.21786 -0.0953055 0)
(0.150157 -0.229722 0)
(0.170663 -0.341482 0)
(0.130026 0.103784 0)
(0.158441 0.075338 0)
(0.212359 0.0533517 0)
(0.270858 0.0417198 0)
(0.323347 0.0359748 0)
(0.375642 0.0319794 0)
(0.420075 0.0289301 0)
(0.465226 0.0255871 0)
(0.498187 0.0229127 0)
(0.533333 0.0197276 0)
(0.552721 0.0175777 0)
(0.578528 0.0146513 0)
(0.584715 0.0132211 0)
(0.603149 0.0104126 0)
(0.594706 0.00945891 0)
(0.603363 0.00506754 0)
(0.567712 0.000144504 0)
(0.547693 -0.0182826 0)
(0.435849 -0.0504129 0)
(0.33683 -0.1014 0)
)
;

boundaryField
{
    movingWall
    {
        type            fixedValue;
        value           uniform (1 0 0);
    }
    fixedWalls
    {
        type            noSlip;
    }
    frontAndBack
    {
        type            empty;
    }
}


// ************************************************************************* //
