/*--------------------------------*- C++ -*----------------------------------*\
| =========                 |                                                 |
| \\      /  F ield         | OpenFOAM: The Open Source CFD Toolbox           |
|  \\    /   O peration     | Version:  2212                                  |
|   \\  /    A nd           | Website:  www.openfoam.com                      |
|    \\/     M anipulation  |                                                 |
\*---------------------------------------------------------------------------*/
FoamFile
{
    version     2.0;
    format      ascii;
    arch        "LSB;label=32;scalar=64";
    class       volVectorField;
    location    "0.37";
    object      U;
}
// * * * * * * * * * * * * * * * * * * * * * * * * * * * * * * * * * * * * * //

dimensions      [0 1 -1 0 0 0 0];

internalField   nonuniform List<vector> 
400
(
(-0.000158652 0.000149136 0)
(-0.000937816 0.000421718 0)
(-0.00227326 0.00053008 0)
(-0.00370984 0.000556298 0)
(-0.00514894 0.000560503 0)
(-0.00656859 0.000559039 0)
(-0.0079502 0.000551072 0)
(-0.0092668 0.000530981 0)
(-0.0104782 0.000491524 0)
(-0.0115281 0.00042465 0)
(-0.0123434 0.000322251 0)
(-0.0128355 0.000176982 0)
(-0.0129041 -1.63423e-05 0)
(-0.0124485 -0.000254777 0)
(-0.011389 -0.000523891 0)
(-0.0096961 -0.000794756 0)
(-0.00742547 -0.00101897 0)
(-0.00475277 -0.00111939 0)
(-0.0020579 -0.00096733 0)
(-0.000384269 -0.000409261 0)
(-0.000466103 0.000960036 0)
(-0.00214371 0.00205028 0)
(-0.00472402 0.00246594 0)
(-0.00746255 0.00256122 0)
(-0.0101778 0.00254633 0)
(-0.0128154 0.00248547 0)
(-0.0153251 0.00238127 0)
(-0.0176484 0.00221679 0)
(-0.0197112 0.00196827 0)
(-0.021419 0.001609 0)
(-0.0226561 0.00111233 0)
(-0.0232895 0.000456546 0)
(-0.0231719 -0.000367409 0)
(-0.022159 -0.00134186 0)
(-0.0201451 -0.0024094 0)
(-0.0171041 -0.0034577 0)
(-0.0131413 -0.00430217 0)
(-0.00854141 -0.00465738 0)
(-0.00391216 -0.00407788 0)
(-0.000846154 -0.00196858 0)
(-0.000612319 0.00242075 0)
(-0.00272111 0.00469193 0)
(-0.00588232 0.00552161 0)
(-0.0092007 0.00569647 0)
(-0.0124691 0.00562135 0)
(-0.0156272 0.00542731 0)
(-0.0186153 0.00512683 0)
(-0.0213665 0.00469224 0)
(-0.023799 0.00408145 0)
(-0.0258095 0.00324597 0)
(-0.0272708 0.00213714 0)
(-0.0280322 0.000716206 0)
(-0.0279209 -0.00103024 0)
(-0.0267586 -0.00306964 0)
(-0.0244006 -0.0052875 0)
(-0.0207868 -0.00745684 0)
(-0.0160177 -0.00919764 0)
(-0.0104258 -0.00992453 0)
(-0.00476442 -0.00875933 0)
(-0.00102317 -0.00445764 0)
(-0.00066273 0.00406822 0)
(-0.00295906 0.00765299 0)
(-0.00639803 0.00891945 0)
(-0.00999269 0.00916564 0)
(-0.0135293 0.00901706 0)
(-0.0169547 0.0086767 0)
(-0.0202145 0.00816769 0)
(-0.0232476 0.00745188 0)
(-0.0259774 0.0064679 0)
(-0.028303 0.00514239 0)
(-0.0300921 0.00339851 0)
(-0.031177 0.00116998 0)
(-0.0313508 -0.00157651 0)
(-0.0303707 -0.00481413 0)
(-0.0280018 -0.00837889 0)
(-0.0240913 -0.0119177 0)
(-0.0186811 -0.0148025 0)
(-0.0121427 -0.0160456 0)
(-0.00543819 -0.014199 0)
(-0.00110852 -0.00725713 0)
(-0.000679787 0.0057894 0)
(-0.00307187 0.0107648 0)
(-0.00667578 0.0124881 0)
(-0.0104452 0.0128102 0)
(-0.014166 0.0125974 0)
(-0.0177978 0.01213 0)
(-0.0212999 0.0114427 0)
(-0.0246261 0.0104872 0)
(-0.0277144 0.00918085 0)
(-0.0304742 0.0074194 0)
(-0.0327734 0.00508532 0)
(-0.0344253 0.0020649 0)
(-0.0351799 -0.00172331 0)
(-0.0346963 -0.00629723 0)
(-0.0325841 -0.0114735 0)
(-0.0285118 -0.0167693 0)
(-0.022374 -0.0212259 0)
(-0.0145501 -0.0232619 0)
(-0.00632528 -0.0205996 0)
(-0.00117939 -0.0103626 0)
(-0.000688637 0.00755604 0)
(-0.00315314 0.0139931 0)
(-0.00689527 0.0162019 0)
(-0.0108196 0.016616 0)
(-0.0147138 0.0163626 0)
(-0.0185543 0.0158064 0)
(-0.0223205 0.0149972 0)
(-0.0259899 0.0138776 0)
(-0.0295257 0.0123424 0)
(-0.0328605 0.01025 0)
(-0.0358744 0.00742697 0)
(-0.0383704 0.00368253 0)
(-0.040061 -0.00116327 0)
(-0.0404827 -0.00721354 0)
(-0.0390147 -0.0143607 0)
(-0.0350184 -0.0220172 0)
(-0.0280616 -0.0287929 0)
(-0.0183864 -0.0321831 0)
(-0.00770332 -0.0285432 0)
(-0.00123535 -0.0139009 0)
(-0.000696155 0.00936186 0)
(-0.00323251 0.0173327 0)
(-0.00711517 0.020059 0)
(-0.0111969 0.0205854 0)
(-0.0152678 0.0203212 0)
(-0.0193248 0.0197259 0)
(-0.0233741 0.01887 0)
(-0.0274264 0.0176912 0)
(-0.0314849 0.0160639 0)
(-0.0355258 0.0138062 0)
(-0.0394684 0.0106747 0)
(-0.0431395 0.00636572 0)
(-0.0462226 0.000544847 0)
(-0.0481609 -0.00705209 0)
(-0.0480607 -0.0165677 0)
(-0.0447733 -0.0274363 0)
(-0.0371981 -0.0377996 0)
(-0.0249895 -0.0437328 0)
(-0.0101904 -0.0390594 0)
(-0.00128824 -0.0181109 0)
(-0.000703634 0.0112079 0)
(-0.00331661 0.020789 0)
(-0.0073473 0.0240638 0)
(-0.0115873 0.0247194 0)
(-0.0158282 0.0244731 0)
(-0.0200908 0.0238918 0)
(-0.0244145 0.0230761 0)
(-0.0288543 0.021968 0)
(-0.0334714 0.0204306 0)
(-0.0383146 0.0182472 0)
(-0.0433893 0.0151017 0)
(-0.0486012 0.0105584 0)
(-0.053667 0.004073 0)
(-0.0580623 -0.00495557 0)
(-0.0606694 -0.0170761 0)
(-0.0596068 -0.0321778 0)
(-0.0524677 -0.0481929 0)
(-0.0371977 -0.0592144 0)
(-0.0155824 -0.0541218 0)
(-0.00153985 -0.0237309 0)
(-0.000712258 0.0130974 0)
(-0.00340879 0.0243703 0)
(-0.00759383 0.028218 0)
(-0.0119834 0.0290088 0)
(-0.0163679 0.0287984 0)
(-0.0207948 0.028278 0)
(-0.0253416 0.0275912 0)
(-0.0301174 0.0267001 0)
(-0.0352598 0.0254747 0)
(-0.0409236 0.0236857 0)
(-0.047257 0.0209652 0)
(-0.054346 0.0167565 0)
(-0.0621366 0.0102653 0)
(-0.0703299 0.000441789 0)
(-0.0778872 -0.0139028 0)
(-0.0820959 -0.0340515 0)
(-0.0779456 -0.0587243 0)
(-0.0596295 -0.079811 0)
(-0.0280467 -0.0772836 0)
(-0.00281224 -0.032976 0)
(-0.000726113 0.0150372 0)
(-0.00351953 0.0280872 0)
(-0.00786616 0.0325181 0)
(-0.012386 0.0334283 0)
(-0.0168648 0.0332498 0)
(-0.0213772 0.0328177 0)
(-0.0260414 0.0323351 0)
(-0.0310257 0.0318056 0)
(-0.0365568 0.0311376 0)
(-0.0429259 0.0301328 0)
(-0.0504904 0.0284307 0)
(-0.0596589 0.0254296 0)
(-0.0708458 0.0201817 0)
(-0.0843656 0.011186 0)
(-0.0999711 -0.00407758 0)
(-0.113806 -0.0292364 0)
(-0.115877 -0.0666619 0)
(-0.0950759 -0.106243 0)
(-0.0532734 -0.113736 0)
(-0.00711576 -0.0503418 0)
(-0.000755015 0.0170455 0)
(-0.00367481 0.0319593 0)
(-0.00819841 0.0369574 0)
(-0.0128216 0.0379358 0)
(-0.0173215 0.0377487 0)
(-0.0218005 0.0373962 0)
(-0.0264148 0.0371579 0)
(-0.0313876 0.037104 0)
(-0.0370322 0.0372232 0)
(-0.0437858 0.0374181 0)
(-0.0522542 0.0374497 0)
(-0.0632691 0.0368542 0)
(-0.0780231 0.0348078 0)
(-0.0981027 0.0294951 0)
(-0.123815 0.0161005 0)
(-0.149326 -0.0148098 0)
(-0.15786 -0.0717178 0)
(-0.135779 -0.140885 0)
(-0.090596 -0.167691 0)
(-0.0165581 -0.0828716 0)
(-0.00081855 0.019165 0)
(-0.00392626 0.0360282 0)
(-0.00866191 0.041534 0)
(-0.0133586 0.0424754 0)
(-0.0177843 0.0421857 0)
(-0.0220724 0.0418491 0)
(-0.02641 0.0418333 0)
(-0.031056 0.0422963 0)
(-0.0363807 0.043351 0)
(-0.0429303 0.0450864 0)
(-0.0515194 0.0475408 0)
(-0.0633351 0.0506359 0)
(-0.0802203 0.0539187 0)
(-0.105055 0.0550104 0)
(-0.138871 0.044846 0)
(-0.171308 0.00479849 0)
(-0.180638 -0.0794104 0)
(-0.160712 -0.183837 0)
(-0.123553 -0.237043 0)
(-0.0280239 -0.145829 0)
(-0.000952695 0.0214839 0)
(-0.00436567 0.0403708 0)
(-0.00938363 0.0462492 0)
(-0.0141254 0.0469727 0)
(-0.0183614 0.0464204 0)
(-0.0222703 0.0459675 0)
(-0.0260605 0.0460662 0)
(-0.0299921 0.0469677 0)
(-0.0344273 0.0489358 0)
(-0.0399154 0.0523133 0)
(-0.047305 0.057547 0)
(-0.0578035 0.0650938 0)
(-0.0732349 0.0746902 0)
(-0.0967865 0.0822615 0)
(-0.129352 0.0732742 0)
(-0.158634 0.0225366 0)
(-0.163722 -0.08526 0)
(-0.150353 -0.219444 0)
(-0.131008 -0.310969 0)
(-0.0312409 -0.250539 0)
(-0.0012256 0.0241883 0)
(-0.00515564 0.0451813 0)
(-0.0105697 0.0511916 0)
(-0.0153207 0.0513851 0)
(-0.0192296 0.0503086 0)
(-0.0225542 0.0495229 0)
(-0.0255177 0.0495252 0)
(-0.0283346 0.0506284 0)
(-0.0312659 0.0532266 0)
(-0.0346937 0.0579039 0)
(-0.0392008 0.0654929 0)
(-0.0455162 0.0768566 0)
(-0.0545915 0.0914537 0)
(-0.0688832 0.103076 0)
(-0.0897449 0.0938259 0)
(-0.10837 0.0377748 0)
(-0.110169 -0.0769774 0)
(-0.106568 -0.226891 0)
(-0.110714 -0.360841 0)
(-0.0199417 -0.356534 0)
(-0.00174787 0.0275175 0)
(-0.00655561 0.0504703 0)
(-0.0125785 0.0560421 0)
(-0.0172937 0.0553689 0)
(-0.0206753 0.053558 0)
(-0.0231835 0.0522329 0)
(-0.0250689 0.0518739 0)
(-0.0264495 0.0528004 0)
(-0.0273925 0.0554652 0)
(-0.0279583 0.0605793 0)
(-0.028222 0.069158 0)
(-0.0281847 0.0821706 0)
(-0.0277797 0.0987497 0)
(-0.0284772 0.11153 0)
(-0.0328039 0.103126 0)
(-0.0379125 0.0493771 0)
(-0.039209 -0.0579918 0)
(-0.0444553 -0.205961 0)
(-0.0773354 -0.373018 0)
(-0.00105602 -0.424373 0)
(-0.00277816 0.0320576 0)
(-0.00898767 0.0577277 0)
(-0.0157364 0.0625362 0)
(-0.0202118 0.0598362 0)
(-0.0228488 0.0564722 0)
(-0.0243714 0.0541242 0)
(-0.0250432 0.0529938 0)
(-0.0248516 0.0532225 0)
(-0.023622 0.0551713 0)
(-0.0210367 0.0594913 0)
(-0.0166242 0.0671261 0)
(-0.00972591 0.0788557 0)
(0.000156491 0.093904 0)
(0.0127423 0.10616 0)
(0.0240598 0.0998258 0)
(0.0318116 0.0527322 0)
(0.0282951 -0.0398668 0)
(0.0185435 -0.171796 0)
(-0.0438757 -0.366799 0)
(0.0200385 -0.465871 0)
(-0.00456607 0.0416279 0)
(-0.0145418 0.0641329 0)
(-0.0221749 0.0636931 0)
(-0.02538 0.0599416 0)
(-0.0263452 0.0564514 0)
(-0.0264639 0.0538375 0)
(-0.0258153 0.0521652 0)
(-0.0240657 0.0514951 0)
(-0.0207671 0.0521124 0)
(-0.015315 0.0545013 0)
(-0.00695619 0.0593659 0)
(0.00537453 0.0672383 0)
(0.0227946 0.0778925 0)
(0.0447767 0.0873856 0)
(0.0658171 0.0842357 0)
(0.0818967 0.0506593 0)
(0.077374 -0.0223613 0)
(0.065671 -0.141454 0)
(-0.0135078 -0.352021 0)
(0.0469854 -0.481719 0)
(-0.00288524 0.0374859 0)
(-0.0129791 0.0815825 0)
(-0.0261914 0.0807331 0)
(-0.0312406 0.0698165 0)
(-0.0319867 0.061937 0)
(-0.0306928 0.0567076 0)
(-0.0275128 0.0528449 0)
(-0.02248 0.0498872 0)
(-0.015531 0.0479614 0)
(-0.00631499 0.0471473 0)
(0.00557931 0.0480128 0)
(0.0214188 0.0507742 0)
(0.0415834 0.0558857 0)
(0.0662585 0.0600115 0)
(0.0892609 0.0579799 0)
(0.111277 0.0358708 0)
(0.105808 -0.0140943 0)
(0.0983406 -0.119272 0)
(0.0311633 -0.319087 0)
(0.0895018 -0.454247 0)
(-0.0975675 0.097259 0)
(-0.0744779 0.0763785 0)
(-0.0644115 0.0572688 0)
(-0.0425504 0.0493784 0)
(-0.0224864 0.0438726 0)
(-0.00270562 0.0393658 0)
(0.016094 0.0356414 0)
(0.0352357 0.0324802 0)
(0.0530101 0.0302375 0)
(0.0724246 0.0283716 0)
(0.0899198 0.0276234 0)
(0.111551 0.0274657 0)
(0.129069 0.0288081 0)
(0.155294 0.0301944 0)
(0.166402 0.0285597 0)
(0.197611 0.0179464 0)
(0.184638 -0.0149626 0)
(0.199131 -0.0900445 0)
(0.145374 -0.231957 0)
(0.169449 -0.344014 0)
(0.13569 0.109861 0)
(0.172003 0.0875278 0)
(0.232137 0.0657996 0)
(0.287391 0.0516463 0)
(0.329701 0.0424211 0)
(0.36695 0.0355224 0)
(0.395353 0.0303391 0)
(0.425192 0.0259468 0)
(0.445978 0.0226971 0)
(0.472976 0.019733 0)
(0.487914 0.0178173 0)
(0.515238 0.0157785 0)
(0.524815 0.0150628 0)
(0.554219 0.0135146 0)
(0.555207 0.0135315 0)
(0.581333 0.00973533 0)
(0.55679 0.00444829 0)
(0.551 -0.0163 0)
(0.445776 -0.0474745 0)
(0.341206 -0.0995084 0)
)
;

boundaryField
{
    movingWall
    {
        type            fixedValue;
        value           uniform (1 0 0);
    }
    fixedWalls
    {
        type            noSlip;
    }
    frontAndBack
    {
        type            empty;
    }
}


// ************************************************************************* //
