/*--------------------------------*- C++ -*----------------------------------*\
| =========                 |                                                 |
| \\      /  F ield         | OpenFOAM: The Open Source CFD Toolbox           |
|  \\    /   O peration     | Version:  2212                                  |
|   \\  /    A nd           | Website:  www.openfoam.com                      |
|    \\/     M anipulation  |                                                 |
\*---------------------------------------------------------------------------*/
FoamFile
{
    version     2.0;
    format      ascii;
    arch        "LSB;label=32;scalar=64";
    class       volScalarField;
    location    "3.075";
    object      p;
}
// * * * * * * * * * * * * * * * * * * * * * * * * * * * * * * * * * * * * * //

dimensions      [0 2 -2 0 0 0 0];

internalField   nonuniform List<scalar> 
400
(
1.61835e-08
-0.000146769
-0.00051443
-0.00103067
-0.00166671
-0.00239644
-0.00306161
-0.00345886
-0.00342049
-0.00279551
-0.0014379
0.000678358
0.00325519
0.00549644
0.00654865
0.00602421
0.00420102
0.002409
0.00138409
0.00130592
0.000117035
-5.12476e-05
-0.000355336
-0.000729751
-0.0011953
-0.00181338
-0.00259129
-0.00338391
-0.00388743
-0.00373998
-0.00267565
-0.000705844
0.00175442
0.00400049
0.00519079
0.00488407
0.00333995
0.00165611
0.000881781
0.000956647
0.000515829
0.000260179
-6.56211e-05
-0.000529009
-0.0012815
-0.00245328
-0.00400827
-0.00568524
-0.00703743
-0.0075559
-0.00690136
-0.0051499
-0.0026418
6.96319e-06
0.00198262
0.002649
0.00198422
0.00080875
-8.2891e-05
-9.66507e-05
0.00108894
0.000698254
0.000182478
-0.000729822
-0.00231282
-0.00466692
-0.00757342
-0.0105577
-0.0130368
-0.0144627
-0.0145025
-0.0131867
-0.0107219
-0.00754686
-0.00434438
-0.00184931
-0.000535179
-0.000384323
-0.000968303
-0.00159866
0.00145588
0.000883545
-4.28323e-05
-0.00182168
-0.0047231
-0.00867561
-0.0131877
-0.0175652
-0.0211673
-0.0235327
-0.024401
-0.0236527
-0.0213977
-0.0179073
-0.013605
-0.00908761
-0.00514156
-0.00258839
-0.00187962
-0.00366751
0.00113087
0.000337344
-0.00118532
-0.0040874
-0.0085117
-0.0140864
-0.0200044
-0.0254284
-0.0297526
-0.0326573
-0.0340128
-0.0337198
-0.0318458
-0.0285248
-0.023886
-0.0181412
-0.011882
-0.00649858
-0.00404578
-0.00613526
-0.000191377
-0.0012184
-0.00339901
-0.00741422
-0.0131942
-0.020019
-0.0268345
-0.0327677
-0.0373207
-0.040328
-0.0417968
-0.0417477
-0.0402388
-0.037328
-0.0329806
-0.0270694
-0.0197039
-0.0121097
-0.00743159
-0.00740094
-0.00251196
-0.00371874
-0.00646265
-0.0113368
-0.0180539
-0.0256045
-0.0327984
-0.0388146
-0.0432956
-0.0462033
-0.0476304
-0.0476746
-0.0464114
-0.0438788
-0.0400137
-0.0345652
-0.0272587
-0.0185982
-0.0113134
-0.00764933
-0.00547488
-0.00676155
-0.00987229
-0.0152537
-0.0224487
-0.0302672
-0.0374819
-0.0433618
-0.0476689
-0.050445
-0.0518196
-0.0519052
-0.0507757
-0.0484801
-0.0450124
-0.040191
-0.0335757
-0.0249796
-0.0160482
-0.00956144
-0.00854126
-0.0098013
-0.0130637
-0.0186141
-0.025901
-0.033675
-0.0407359
-0.0464301
-0.0505892
-0.0532828
-0.0546385
-0.0547503
-0.0536814
-0.051495
-0.0482554
-0.0439255
-0.0381567
-0.0303837
-0.0214827
-0.0137169
-0.0112114
-0.0123731
-0.0155842
-0.0210236
-0.0281151
-0.0356606
-0.0425198
-0.0480719
-0.0521588
-0.0548331
-0.0562
-0.0563304
-0.0552748
-0.053102
-0.0499372
-0.0458842
-0.0408425
-0.0341361
-0.0262331
-0.0183942
-0.0132033
-0.0141826
-0.0171784
-0.0222562
-0.0289191
-0.0361111
-0.0427761
-0.0482751
-0.0523881
-0.055116
-0.0565253
-0.0566678
-0.0555852
-0.0533464
-0.0501283
-0.0461483
-0.0416118
-0.0358056
-0.0290385
-0.0215658
-0.0144806
-0.0151363
-0.0177001
-0.0222043
-0.0282562
-0.0350061
-0.0414949
-0.0470288
-0.0512702
-0.0541298
-0.0556202
-0.0557712
-0.0546192
-0.0522547
-0.0488781
-0.0447703
-0.0404887
-0.0351694
-0.0293187
-0.022106
-0.0151282
-0.0153389
-0.0172143
-0.0208747
-0.0261229
-0.0323439
-0.0386638
-0.0443046
-0.0487772
-0.051863
-0.0534983
-0.0536824
-0.0524415
-0.0498861
-0.046259
-0.041925
-0.0375039
-0.03226
-0.0273819
-0.0196932
-0.015267
-0.0149873
-0.0159107
-0.0184215
-0.0226475
-0.028234
-0.0343742
-0.0401797
-0.0449817
-0.0483987
-0.050263
-0.0505219
-0.0492093
-0.0464195
-0.0424588
-0.0377399
-0.0329154
-0.0275544
-0.0238297
-0.014142
-0.015017
-0.0143198
-0.0139934
-0.0150157
-0.0180132
-0.022868
-0.0288136
-0.034827
-0.040045
-0.0439014
-0.0461054
-0.0465356
-0.0452165
-0.0422135
-0.0378714
-0.0326234
-0.0272095
-0.0215469
-0.0181693
-0.00402866
-0.0144669
-0.0134725
-0.0116125
-0.0109594
-0.0126594
-0.0167777
-0.0225493
-0.0288027
-0.0344992
-0.0388897
-0.0415562
-0.0422827
-0.0410641
-0.0379384
-0.033202
-0.0272232
-0.0207202
-0.013719
-0.00750329
0.0153964
-0.0144857
-0.0126073
-0.00872704
-0.00639874
-0.00698392
-0.0105564
-0.0162588
-0.0227882
-0.0289993
-0.0339884
-0.0372322
-0.0383974
-0.0374305
-0.0343298
-0.0292376
-0.0221722
-0.0133465
-0.00165195
0.0154507
0.0560045
-0.0117977
-0.011902
-0.00601007
-0.00219889
-0.00213154
-0.00553317
-0.0113409
-0.0181783
-0.0248714
-0.0304102
-0.0342409
-0.0359455
-0.0354296
-0.0324229
-0.0267708
-0.0176657
-0.00388891
0.0192264
0.0592294
0.128587
-0.0294974
-0.0107862
-0.00101177
0.00253812
0.00195431
-0.00181973
-0.0079032
-0.0150514
-0.0220972
-0.0280066
-0.032203
-0.0342475
-0.0340083
-0.0310684
-0.0247805
-0.0129573
0.00871271
0.0499784
0.121542
0.224942
)
;

boundaryField
{
    movingWall
    {
        type            zeroGradient;
    }
    fixedWalls
    {
        type            zeroGradient;
    }
    frontAndBack
    {
        type            empty;
    }
}


// ************************************************************************* //
