/*--------------------------------*- C++ -*----------------------------------*\
| =========                 |                                                 |
| \\      /  F ield         | OpenFOAM: The Open Source CFD Toolbox           |
|  \\    /   O peration     | Version:  2212                                  |
|   \\  /    A nd           | Website:  www.openfoam.com                      |
|    \\/     M anipulation  |                                                 |
\*---------------------------------------------------------------------------*/
FoamFile
{
    version     2.0;
    format      ascii;
    arch        "LSB;label=32;scalar=64";
    class       surfaceScalarField;
    location    "2.565";
    object      phi;
}
// * * * * * * * * * * * * * * * * * * * * * * * * * * * * * * * * * * * * * //

dimensions      [0 3 -1 0 0 0 0];

oriented        oriented;

internalField   nonuniform List<scalar> 
760
(
1.33728e-07
-1.33726e-07
2.4659e-07
-1.12862e-07
2.5302e-07
-6.43057e-09
1.30681e-07
1.22339e-07
-1.55429e-07
2.8611e-07
-6.62e-07
5.06571e-07
-1.41892e-06
7.56922e-07
-2.354e-06
9.35079e-07
-3.28729e-06
9.33286e-07
-4.00116e-06
7.13874e-07
-4.32976e-06
3.28594e-07
-4.17791e-06
-1.51844e-07
-3.48055e-06
-6.97364e-07
-2.34224e-06
-1.1383e-06
-9.79578e-07
-1.36266e-06
2.51405e-07
-1.23098e-06
9.81767e-07
-7.30363e-07
9.58528e-07
2.32396e-08
4.32609e-07
5.25918e-07
4.32609e-07
8.93325e-08
-2.23059e-07
1.33502e-08
-3.68793e-08
-3.43456e-07
3.50376e-07
-1.06937e-06
8.48258e-07
-2.21142e-06
1.42815e-06
-3.70815e-06
2.0033e-06
-5.34295e-06
2.39173e-06
-6.8261e-06
2.41822e-06
-7.93236e-06
2.03955e-06
-8.54323e-06
1.32474e-06
-8.60759e-06
3.92956e-07
-8.09688e-06
-6.62558e-07
-7.04155e-06
-1.75269e-06
-5.47156e-06
-2.70829e-06
-3.52401e-06
-3.31021e-06
-1.49069e-06
-3.2643e-06
1.17037e-07
-2.33809e-06
7.93238e-07
-6.52961e-07
4.95633e-07
8.23524e-07
9.28242e-07
-1.47833e-07
-7.5226e-08
-6.38419e-07
4.53707e-07
-1.56222e-06
1.27418e-06
-2.96473e-06
2.25076e-06
-4.75176e-06
3.21518e-06
-6.66395e-06
3.91549e-06
-8.40311e-06
4.1309e-06
-9.78053e-06
3.79564e-06
-1.0731e-05
2.99e-06
-1.12407e-05
1.8345e-06
-1.12657e-05
4.17899e-07
-1.08411e-05
-1.08714e-06
-9.95663e-06
-2.63717e-06
-8.56013e-06
-4.10479e-06
-6.63099e-06
-5.23936e-06
-4.25826e-06
-5.63703e-06
-1.82609e-06
-4.77026e-06
-9.7543e-08
-2.38151e-06
2.84173e-07
4.41807e-07
1.21242e-06
-4.76215e-07
4.00989e-07
-1.46921e-06
1.4467e-06
-2.91652e-06
2.72149e-06
-4.75032e-06
4.08456e-06
-6.74904e-06
5.2139e-06
-8.62585e-06
5.7923e-06
-1.01724e-05
5.6774e-06
-1.13266e-05
4.94986e-06
-1.21077e-05
3.77113e-06
-1.25472e-05
2.27402e-06
-1.2634e-05
5.04641e-07
-1.24164e-05
-1.30469e-06
-1.18654e-05
-3.18817e-06
-1.08811e-05
-5.08913e-06
-9.33544e-06
-6.78501e-06
-7.10721e-06
-7.86526e-06
-4.24051e-06
-7.63695e-06
-1.33462e-06
-5.28741e-06
1.14346e-07
-1.00715e-06
1.32676e-06
-7.97251e-07
1.19824e-06
-2.18819e-06
2.83764e-06
-3.93455e-06
4.46786e-06
-5.87521e-06
6.02522e-06
-7.75416e-06
7.09285e-06
-9.34687e-06
7.38501e-06
-1.05582e-05
6.88873e-06
-1.14001e-05
5.79174e-06
-1.19283e-05
4.29936e-06
-1.22133e-05
2.55897e-06
-1.23392e-05
6.30625e-07
-1.23079e-05
-1.33607e-06
-1.21073e-05
-3.38869e-06
-1.1658e-05
-5.53841e-06
-1.07762e-05
-7.66684e-06
-9.17959e-06
-9.46188e-06
-6.58476e-06
-1.02318e-05
-3.10339e-06
-8.76878e-06
-2.56378e-07
-3.85416e-06
1.07038e-06
-9.94768e-07
2.19301e-06
-2.57105e-06
4.41391e-06
-4.35362e-06
6.25043e-06
-6.1373e-06
7.80889e-06
-7.70479e-06
8.66034e-06
-8.91217e-06
8.5924e-06
-9.73565e-06
7.7122e-06
-1.0229e-05
6.28508e-06
-1.04777e-05
4.54807e-06
-1.05813e-05
2.66253e-06
-1.066e-05
7.0934e-07
-1.0719e-05
-1.27709e-06
-1.07677e-05
-3.33998e-06
-1.07771e-05
-5.52895e-06
-1.05913e-05
-7.85263e-06
-9.88226e-06
-1.0171e-05
-8.16615e-06
-1.19479e-05
-5.05285e-06
-1.18821e-05
-1.11511e-06
-7.79189e-06
-4.47301e-08
-1.0132e-06
3.20621e-06
-2.54893e-06
5.94964e-06
-4.16077e-06
7.86227e-06
-5.64742e-06
9.29555e-06
-6.84874e-06
9.86166e-06
-7.68583e-06
9.42949e-06
-8.17853e-06
8.20489e-06
-8.40439e-06
6.51094e-06
-8.46421e-06
4.6079e-06
-8.45811e-06
2.65643e-06
-8.47538e-06
7.26605e-07
-8.54523e-06
-1.20724e-06
-8.68879e-06
-3.19642e-06
-8.91873e-06
-5.29901e-06
-9.17339e-06
-7.59797e-06
-9.21154e-06
-1.01328e-05
-8.51038e-06
-1.2649e-05
-6.33496e-06
-1.40575e-05
-2.32943e-06
-1.17974e-05
-2.37416e-06
-8.53417e-07
4.05963e-06
-2.17361e-06
7.26983e-06
-3.49792e-06
9.18658e-06
-4.6458e-06
1.04434e-05
-5.51082e-06
1.07267e-05
-6.06143e-06
9.9801e-06
-6.34077e-06
8.48423e-06
-6.43278e-06
6.60294e-06
-6.43316e-06
4.60828e-06
-6.42017e-06
2.64344e-06
-6.43685e-06
7.43293e-07
-6.50475e-06
-1.13934e-06
-6.65038e-06
-3.05079e-06
-6.90978e-06
-5.03961e-06
-7.3001e-06
-7.20765e-06
-7.71959e-06
-9.71332e-06
-7.7414e-06
-1.26272e-05
-6.54805e-06
-1.52509e-05
-3.45344e-06
-1.4892e-05
-5.8276e-06
-5.69303e-07
4.62893e-06
-1.56544e-06
8.26596e-06
-2.55514e-06
1.01763e-05
-3.37337e-06
1.12617e-05
-3.9588e-06
1.13121e-05
-4.31095e-06
1.03323e-05
-4.47937e-06
8.65266e-06
-4.53793e-06
6.6615e-06
-4.55978e-06
4.63012e-06
-4.59237e-06
2.67604e-06
-4.64878e-06
7.99696e-07
-4.7368e-06
-1.05132e-06
-4.8713e-06
-2.91629e-06
-5.08879e-06
-4.82211e-06
-5.45286e-06
-6.84359e-06
-5.97409e-06
-9.19209e-06
-6.4109e-06
-1.21904e-05
-6.00379e-06
-1.5658e-05
-3.82646e-06
-1.70694e-05
-9.65406e-06
-2.11037e-07
4.83997e-06
-8.30467e-07
8.88539e-06
-1.47434e-06
1.08202e-05
-1.99e-06
1.17773e-05
-2.34515e-06
1.16673e-05
-2.55819e-06
1.05453e-05
-2.67311e-06
8.76758e-06
-2.74105e-06
6.72943e-06
-2.80643e-06
4.6955e-06
-2.89231e-06
2.76192e-06
-3.00066e-06
9.08046e-07
-3.13015e-06
-9.21831e-07
-3.28359e-06
-2.76285e-06
-3.48089e-06
-4.62481e-06
-3.78684e-06
-6.53764e-06
-4.29145e-06
-8.68748e-06
-4.92395e-06
-1.15579e-05
-5.05106e-06
-1.55309e-05
-3.50499e-06
-1.86154e-05
-1.3159e-05
1.49693e-07
4.69027e-06
-6.55902e-08
9.10067e-06
-3.82975e-07
1.11375e-05
-6.25792e-07
1.20201e-05
-7.76641e-07
1.18181e-05
-8.64276e-07
1.06329e-05
-9.27458e-07
8.83076e-06
-9.98237e-07
6.80021e-06
-1.09195e-06
4.78922e-06
-1.2143e-06
2.88427e-06
-1.36462e-06
1.05836e-06
-1.54313e-06
-7.43322e-07
-1.74882e-06
-2.55716e-06
-1.98529e-06
-4.38835e-06
-2.29214e-06
-6.23079e-06
-2.7795e-06
-8.20012e-06
-3.50411e-06
-1.08333e-05
-3.99398e-06
-1.5041e-05
-3.00254e-06
-1.96069e-05
-1.61616e-05
4.53292e-07
4.23698e-06
6.3783e-07
8.91613e-06
6.81101e-07
1.10943e-05
7.21444e-07
1.19798e-05
7.73739e-07
1.17658e-05
8.08907e-07
1.05978e-05
8.03755e-07
8.83592e-06
7.49985e-07
6.85398e-06
6.50787e-07
4.88842e-06
5.12649e-07
3.02241e-06
3.34532e-07
1.23648e-06
1.12206e-07
-5.20996e-07
-1.57868e-07
-2.28708e-06
-4.82626e-07
-4.06359e-06
-8.74105e-07
-5.83931e-06
-1.39479e-06
-7.67944e-06
-2.19812e-06
-1.003e-05
-2.96484e-06
-1.42743e-05
-2.46694e-06
-2.01048e-05
-1.86285e-05
6.77903e-07
3.55908e-06
1.23348e-06
8.36056e-06
1.61015e-06
1.07176e-05
1.93878e-06
1.16512e-05
2.22218e-06
1.14824e-05
2.42021e-06
1.03997e-05
2.51686e-06
8.73926e-06
2.52165e-06
6.84919e-06
2.45231e-06
4.95776e-06
2.32102e-06
3.1537e-06
2.12551e-06
1.43199e-06
1.85299e-06
-2.48474e-07
1.50363e-06
-1.93773e-06
1.07217e-06
-3.63213e-06
5.51182e-07
-5.31832e-06
-1.22489e-07
-7.00577e-06
-1.00433e-06
-9.14814e-06
-1.97502e-06
-1.33036e-05
-1.95178e-06
-2.0128e-05
-2.05803e-05
7.7365e-07
2.78543e-06
1.63978e-06
7.49442e-06
2.34373e-06
1.00137e-05
2.97254e-06
1.10223e-05
3.52527e-06
1.09297e-05
3.94833e-06
9.97667e-06
4.21573e-06
8.47187e-06
4.33752e-06
6.7274e-06
4.33865e-06
4.95663e-06
4.23837e-06
3.25398e-06
4.03821e-06
1.63215e-06
3.71776e-06
7.19804e-08
3.28221e-06
-1.50219e-06
2.71698e-06
-3.0669e-06
2.0215e-06
-4.62284e-06
1.20717e-06
-6.19144e-06
1.69839e-07
-8.11081e-06
-1.04742e-06
-1.20863e-05
-1.46978e-06
-1.97057e-05
-2.20501e-05
7.09403e-07
2.07602e-06
1.75329e-06
6.45054e-06
2.73318e-06
9.03376e-06
3.67601e-06
1.00795e-05
4.54553e-06
1.00602e-05
5.26646e-06
9.25574e-06
5.78872e-06
7.9496e-06
6.10851e-06
6.40761e-06
6.2462e-06
4.81894e-06
6.22294e-06
3.27723e-06
6.04223e-06
1.81287e-06
5.69713e-06
4.17085e-07
5.16703e-06
-9.72096e-07
4.45561e-06
-2.35548e-06
3.55849e-06
-3.72571e-06
2.50689e-06
-5.13984e-06
1.24676e-06
-6.85068e-06
-2.40155e-07
-1.05994e-05
-9.76932e-07
-1.89689e-05
-2.3027e-05
5.00825e-07
1.5752e-06
1.55798e-06
5.39338e-06
2.80094e-06
7.7908e-06
4.08584e-06
8.79463e-06
5.317e-06
8.82901e-06
6.38872e-06
8.18403e-06
7.22437e-06
7.11394e-06
7.80175e-06
5.83023e-06
8.12941e-06
4.49129e-06
8.22478e-06
3.18186e-06
8.09601e-06
1.94164e-06
7.74384e-06
7.69252e-07
7.12702e-06
-3.55273e-07
6.26646e-06
-1.49492e-06
5.15363e-06
-2.61288e-06
3.83783e-06
-3.82405e-06
2.37101e-06
-5.38385e-06
7.98517e-07
-9.0269e-06
-2.20204e-07
-1.79502e-05
-2.32472e-05
1.05874e-07
1.46933e-06
8.68157e-07
4.6311e-06
2.22606e-06
6.43291e-06
3.84624e-06
7.17444e-06
5.49746e-06
7.17779e-06
6.99262e-06
6.68887e-06
8.2187e-06
5.88786e-06
9.136e-06
4.91293e-06
9.73299e-06
3.89429e-06
1.00206e-05
2.89427e-06
1.00029e-05
1.95929e-06
9.68858e-06
1.08359e-06
9.04952e-06
2.83796e-07
8.08756e-06
-5.32968e-07
6.81749e-06
-1.34281e-06
5.29143e-06
-2.29799e-06
3.66511e-06
-3.75754e-06
2.08759e-06
-7.44938e-06
5.9272e-07
-1.64553e-05
-2.26545e-05
-4.88975e-07
1.9583e-06
1.19753e-07
4.02237e-06
1.51461e-06
5.03804e-06
3.42227e-06
5.26678e-06
5.45522e-06
5.14484e-06
7.33449e-06
4.8096e-06
8.91462e-06
4.30773e-06
1.01453e-05
3.68221e-06
1.10001e-05
3.0395e-06
1.14936e-05
2.4008e-06
1.16287e-05
1.82417e-06
1.1428e-05
1.2843e-06
1.09057e-05
8.06146e-07
1.00565e-05
3.16241e-07
8.89288e-06
-1.79227e-07
7.47358e-06
-8.78683e-07
5.99046e-06
-2.27442e-06
4.30239e-06
-5.76131e-06
1.99065e-06
-1.41436e-05
-2.06638e-05
-4.15139e-06
6.10969e-06
-3.65049e-06
3.52147e-06
-1.37216e-06
2.75972e-06
1.28123e-06
2.6134e-06
3.88604e-06
2.54003e-06
6.31283e-06
2.38281e-06
8.45436e-06
2.1662e-06
1.02476e-05
1.88894e-06
1.16687e-05
1.6184e-06
1.27386e-05
1.33091e-06
1.34713e-05
1.09147e-06
1.39095e-05
8.46084e-07
1.40473e-05
6.68416e-07
1.39043e-05
4.59253e-07
1.34565e-05
2.68507e-07
1.27193e-05
-1.41414e-07
1.17073e-05
-1.26251e-06
1.00164e-05
-4.07034e-06
5.59809e-06
-9.72527e-06
-1.50658e-05
6.10969e-06
9.63116e-06
1.23909e-05
1.50043e-05
1.75443e-05
1.99271e-05
2.20933e-05
2.39823e-05
2.56007e-05
2.69316e-05
2.8023e-05
2.88691e-05
2.95375e-05
2.99968e-05
3.02653e-05
3.01239e-05
2.88614e-05
2.4791e-05
1.50658e-05
)
;

boundaryField
{
    movingWall
    {
        type            calculated;
        value           uniform 0;
    }
    fixedWalls
    {
        type            calculated;
        value           uniform 0;
    }
    frontAndBack
    {
        type            empty;
        value           nonuniform List<scalar> 0();
    }
}


// ************************************************************************* //
