/*--------------------------------*- C++ -*----------------------------------*\
| =========                 |                                                 |
| \\      /  F ield         | OpenFOAM: The Open Source CFD Toolbox           |
|  \\    /   O peration     | Version:  2212                                  |
|   \\  /    A nd           | Website:  www.openfoam.com                      |
|    \\/     M anipulation  |                                                 |
\*---------------------------------------------------------------------------*/
FoamFile
{
    version     2.0;
    format      ascii;
    arch        "LSB;label=32;scalar=64";
    class       volScalarField;
    location    "4.95";
    object      p;
}
// * * * * * * * * * * * * * * * * * * * * * * * * * * * * * * * * * * * * * //

dimensions      [0 2 -2 0 0 0 0];

internalField   nonuniform List<scalar> 
400
(
-1.25052e-07
-0.000150944
-0.000533665
-0.00106911
-0.00172772
-0.00248637
-0.00317514
-0.00358637
-0.00355379
-0.00292349
-0.00154094
0.000622115
0.00324872
0.00551465
0.00654289
0.0059462
0.00403816
0.00219249
0.00115435
0.00108401
0.000115762
-5.81935e-05
-0.000375876
-0.000761969
-0.00124071
-0.00188261
-0.00269717
-0.00353044
-0.00406401
-0.00392225
-0.00283329
-0.00081664
0.00169379
0.00396646
0.00513832
0.00476981
0.00314337
0.00141957
0.000638351
0.00072722
0.000533976
0.000263893
-7.69939e-05
-0.00055784
-0.00134259
-0.00257034
-0.00420062
-0.00595596
-0.00736729
-0.00790597
-0.00722912
-0.00543223
-0.00286746
-0.000172864
0.00181688
0.00246124
0.00175208
0.000549784
-0.000347914
-0.000347225
0.00114556
0.000736582
0.000190041
-0.000772035
-0.00243975
-0.004913
-0.00795339
-0.0110613
-0.0136301
-0.0150964
-0.0151266
-0.0137655
-0.0112285
-0.00797323
-0.00470258
-0.00216226
-0.000822653
-0.000657934
-0.00123965
-0.00187014
0.00157024
0.000963999
-2.6343e-05
-0.00191608
-0.00498014
-0.00912865
-0.0138341
-0.0183729
-0.0220871
-0.0245101
-0.025382
-0.0245829
-0.0222377
-0.0186356
-0.0142148
-0.00958193
-0.00553128
-0.00289723
-0.002146
-0.00396624
0.00127587
0.000432708
-0.00119826
-0.00428433
-0.00895413
-0.014792
-0.0209444
-0.0265498
-0.0309956
-0.0339629
-0.0353225
-0.0349735
-0.0329993
-0.0295468
-0.0247566
-0.0188478
-0.0124197
-0.00688526
-0.00434914
-0.00646636
-6.47963e-05
-0.00115684
-0.00349128
-0.00775751
-0.01385
-0.0209822
-0.0280538
-0.0341789
-0.0388613
-0.0419381
-0.0434151
-0.0433121
-0.0416959
-0.038635
-0.0341068
-0.027995
-0.0204177
-0.0126178
-0.00779356
-0.0076958
-0.00245893
-0.00374165
-0.0066749
-0.0118495
-0.0189223
-0.0268046
-0.0342672
-0.0404866
-0.045111
-0.0481032
-0.0495501
-0.0495461
-0.0481699
-0.0454684
-0.0413927
-0.0357105
-0.0281613
-0.019255
-0.0117471
-0.00793138
-0.00553231
-0.00689973
-0.0102207
-0.0159318
-0.0235062
-0.0316699
-0.0391637
-0.0452612
-0.04973
-0.0526087
-0.0540169
-0.0540601
-0.0528127
-0.0503325
-0.0466287
-0.041543
-0.0346598
-0.0257962
-0.0166087
-0.00993046
-0.00871291
-0.0100542
-0.0135356
-0.0194285
-0.0271054
-0.0352326
-0.0425832
-0.0485099
-0.0528472
-0.0556581
-0.0570572
-0.0571301
-0.05594
-0.0535582
-0.0500651
-0.0454475
-0.0393898
-0.0313408
-0.0221907
-0.0142457
-0.0114704
-0.0127131
-0.0161427
-0.0219242
-0.029407
-0.0373116
-0.0444711
-0.0502686
-0.0545457
-0.0573467
-0.058762
-0.0588544
-0.0576746
-0.055299
-0.0518686
-0.0475128
-0.0421659
-0.0351806
-0.0270462
-0.0190586
-0.0135083
-0.0145665
-0.0177722
-0.0231791
-0.0302252
-0.0377795
-0.0447551
-0.0505103
-0.054822
-0.0576819
-0.0591419
-0.0592451
-0.0580334
-0.0555845
-0.0520914
-0.0477962
-0.0429424
-0.0368555
-0.029877
-0.0222867
-0.0147943
-0.0155152
-0.0182703
-0.0230796
-0.0294972
-0.0366078
-0.0434159
-0.0492159
-0.0536638
-0.0566592
-0.058201
-0.0583095
-0.0570215
-0.0544373
-0.0507746
-0.0463379
-0.0417264
-0.0361239
-0.0300888
-0.022778
-0.0154262
-0.0156747
-0.0177065
-0.0216333
-0.0272182
-0.033791
-0.0404362
-0.0463538
-0.0510417
-0.0542681
-0.055956
-0.0560984
-0.0547094
-0.0519197
-0.0479903
-0.0433117
-0.0385416
-0.0330128
-0.0279979
-0.020198
-0.0155363
-0.0152593
-0.0162843
-0.0190024
-0.0235197
-0.0294398
-0.0359091
-0.0420048
-0.047035
-0.0506001
-0.0525167
-0.0527238
-0.0512624
-0.0482225
-0.0439369
-0.038851
-0.0336603
-0.0280091
-0.0241849
-0.0143619
-0.0152442
-0.0145208
-0.0142269
-0.0153745
-0.0185987
-0.0237577
-0.030033
-0.0363517
-0.0418156
-0.0458338
-0.0480984
-0.0484788
-0.046998
-0.0437262
-0.0390345
-0.0333929
-0.0275961
-0.0216407
-0.0180919
-0.00387987
-0.0146371
-0.0135988
-0.011694
-0.0110665
-0.0129187
-0.0173052
-0.0234039
-0.0299792
-0.0359444
-0.0405178
-0.0432607
-0.0439459
-0.0425657
-0.0391523
-0.034042
-0.0276368
-0.0207136
-0.01337
-0.0069153
0.0159384
-0.01457
-0.0126489
-0.00865593
-0.00625516
-0.00692287
-0.0107278
-0.0167505
-0.0236145
-0.0301164
-0.0353118
-0.0386507
-0.0397832
-0.0386554
-0.0352811
-0.0298073
-0.0222801
-0.012969
-0.000856336
0.0164936
0.0568963
-0.0117933
-0.0118355
-0.00575645
-0.00182615
-0.0018145
-0.00542882
-0.0115535
-0.0187366
-0.0257403
-0.0315057
-0.0354526
-0.0371487
-0.0364957
-0.0332181
-0.0271662
-0.0175776
-0.00327992
0.0202844
0.0604767
0.129636
-0.0295107
-0.0106428
-0.000652562
0.00301572
0.00238315
-0.00159818
-0.00799632
-0.0154943
-0.0228599
-0.0290097
-0.0333377
-0.0353877
-0.0350222
-0.0318256
-0.0251691
-0.0128884
0.00930102
0.0509821
0.122675
0.22591
)
;

boundaryField
{
    movingWall
    {
        type            zeroGradient;
    }
    fixedWalls
    {
        type            zeroGradient;
    }
    frontAndBack
    {
        type            empty;
    }
}


// ************************************************************************* //
