/*--------------------------------*- C++ -*----------------------------------*\
| =========                 |                                                 |
| \\      /  F ield         | OpenFOAM: The Open Source CFD Toolbox           |
|  \\    /   O peration     | Version:  2212                                  |
|   \\  /    A nd           | Website:  www.openfoam.com                      |
|    \\/     M anipulation  |                                                 |
\*---------------------------------------------------------------------------*/
FoamFile
{
    version     2.0;
    format      ascii;
    arch        "LSB;label=32;scalar=64";
    class       volScalarField;
    location    "3.34";
    object      p;
}
// * * * * * * * * * * * * * * * * * * * * * * * * * * * * * * * * * * * * * //

dimensions      [0 2 -2 0 0 0 0];

internalField   nonuniform List<scalar> 
400
(
2.72874e-09
-0.000148431
-0.000521933
-0.00104584
-0.00169089
-0.00243188
-0.00310631
-0.00350926
-0.00347367
-0.0028476
-0.00148188
0.000650604
0.00324601
0.00549904
0.00654802
0.00600442
0.00415587
0.00234717
0.00131785
0.00124209
0.000116945
-5.36266e-05
-0.000363105
-0.000742476
-0.00121366
-0.00184117
-0.00263309
-0.00344113
-0.00395629
-0.00381179
-0.00273947
-0.000753407
0.00172545
0.00398399
0.00517327
0.00485143
0.00328424
0.00158772
0.000811251
0.000890318
0.000523242
0.000262204
-6.95276e-05
-0.000540124
-0.00130533
-0.00249835
-0.0040814
-0.00578716
-0.00716077
-0.0076865
-0.00702429
-0.00525715
-0.00272876
-6.15643e-05
0.00192412
0.00258984
0.0019161
0.000734159
-0.000159265
-0.000169407
0.0011106
0.000713171
0.000185842
-0.000745402
-0.00236025
-0.00475855
-0.00771385
-0.0107418
-0.0132508
-0.0146885
-0.0147231
-0.0133909
-0.010901
-0.00769723
-0.00446822
-0.00195246
-0.000623754
-0.000463917
-0.00104528
-0.00167771
0.00149779
0.000913292
-3.63458e-05
-0.00185592
-0.00481706
-0.00884088
-0.0134213
-0.0178521
-0.0214868
-0.0238644
-0.0247278
-0.0239588
-0.0216727
-0.0181461
-0.0138053
-0.00924861
-0.0052647
-0.002681
-0.00195598
-0.00375496
0.0011827
0.000371585
-0.00118975
-0.00415811
-0.00867086
-0.0143389
-0.0203357
-0.0258137
-0.0301658
-0.0330766
-0.0344204
-0.0341007
-0.0321921
-0.028832
-0.0241506
-0.0183589
-0.0120485
-0.00661636
-0.00413527
-0.00623105
-0.000147273
-0.00119707
-0.00343186
-0.00753593
-0.0134263
-0.0203567
-0.0272529
-0.033236
-0.0378111
-0.0408186
-0.0422705
-0.0421911
-0.0406438
-0.0376899
-0.033296
-0.0273344
-0.0199134
-0.0122613
-0.00753881
-0.00748431
-0.00249467
-0.00372769
-0.00653734
-0.011516
-0.018356
-0.0260168
-0.0332901
-0.0393531
-0.0438535
-0.0467591
-0.0481667
-0.0481779
-0.0468724
-0.0442915
-0.0403743
-0.0348712
-0.0275073
-0.018785
-0.0114394
-0.00773148
-0.00549639
-0.00681059
-0.00999329
-0.0154875
-0.0228109
-0.0307408
-0.0380339
-0.0439603
-0.0482875
-0.0510618
-0.0524157
-0.0524656
-0.0512893
-0.04894
-0.0454144
-0.0405333
-0.033858
-0.0251999
-0.016206
-0.00967012
-0.00860195
-0.00988936
-0.0132257
-0.0188914
-0.0263081
-0.0341936
-0.0413341
-0.0470771
-0.0512586
-0.0539511
-0.0552848
-0.0553577
-0.0542378
-0.051993
-0.0486911
-0.044297
-0.0384653
-0.0306313
-0.0216743
-0.0138671
-0.0113014
-0.0124902
-0.0157739
-0.0213272
-0.0285472
-0.0362049
-0.0431467
-0.0487515
-0.052864
-0.0555386
-0.0568825
-0.056971
-0.0558605
-0.0536255
-0.0503946
-0.0462741
-0.0411668
-0.0343998
-0.0264467
-0.0185756
-0.0133085
-0.0143136
-0.0173787
-0.0225648
-0.0293523
-0.0366572
-0.0434092
-0.0489664
-0.0531095
-0.0558403
-0.057227
-0.0573257
-0.0561846
-0.0538799
-0.0505924
-0.0465417
-0.0419369
-0.0360693
-0.0292562
-0.0217584
-0.0145886
-0.0152651
-0.0178912
-0.0224948
-0.0286647
-0.0355274
-0.0421082
-0.047707
-0.0519846
-0.0548516
-0.0563216
-0.0564283
-0.0552155
-0.0527809
-0.0493306
-0.0451483
-0.0407946
-0.0354121
-0.0295202
-0.0222857
-0.015231
-0.0154531
-0.0173785
-0.0211246
-0.0264808
-0.0328121
-0.0392283
-0.0449416
-0.0494583
-0.0525578
-0.0541772
-0.0543203
-0.0530153
-0.0503852
-0.0466791
-0.0422655
-0.0377671
-0.0324582
-0.0275479
-0.0198325
-0.0153601
-0.0150803
-0.0160355
-0.0186118
-0.0229302
-0.0286213
-0.034861
-0.0407472
-0.0456025
-0.0490411
-0.0508943
-0.0511126
-0.0497389
-0.0468709
-0.0428249
-0.03802
-0.0331127
-0.0276846
-0.0239339
-0.0142119
-0.0150957
-0.0143896
-0.0140724
-0.0151333
-0.0182017
-0.0231516
-0.029198
-0.0352998
-0.0405812
-0.044469
-0.0466699
-0.0470652
-0.0456846
-0.0426
-0.0381662
-0.0328247
-0.0273222
-0.0215905
-0.0181674
-0.00400548
-0.0145262
-0.0135176
-0.0116425
-0.0109962
-0.0127432
-0.0169451
-0.0228176
-0.0291668
-0.0349374
-0.0393705
-0.0420441
-0.0427432
-0.0414671
-0.0382558
-0.0334211
-0.0273387
-0.0207358
-0.0136508
-0.00736935
0.0155241
-0.0145168
-0.0126247
-0.00870802
-0.00635614
-0.00696686
-0.0106123
-0.0164143
-0.0230452
-0.0293401
-0.0343827
-0.0376434
-0.0387876
-0.037766
-0.0345857
-0.0293922
-0.0222111
-0.0132658
-0.00146417
0.0157101
0.0562314
-0.0118
-0.0118843
-0.00593272
-0.00208391
-0.00203453
-0.00550395
-0.0114112
-0.0183547
-0.0251395
-0.0307405
-0.0345975
-0.0362906
-0.0357281
-0.032642
-0.0268818
-0.0176524
-0.00374365
0.0194899
0.059551
0.128864
-0.0295049
-0.0107436
-0.000900735
0.00268608
0.00208579
-0.00175484
-0.00793764
-0.0151938
-0.0223349
-0.0283117
-0.0325398
-0.0345777
-0.0342953
-0.0312795
-0.0248906
-0.0129474
0.00885781
0.0502345
0.121838
0.225204
)
;

boundaryField
{
    movingWall
    {
        type            zeroGradient;
    }
    fixedWalls
    {
        type            zeroGradient;
    }
    frontAndBack
    {
        type            empty;
    }
}


// ************************************************************************* //
