/*--------------------------------*- C++ -*----------------------------------*\
| =========                 |                                                 |
| \\      /  F ield         | OpenFOAM: The Open Source CFD Toolbox           |
|  \\    /   O peration     | Version:  2212                                  |
|   \\  /    A nd           | Website:  www.openfoam.com                      |
|    \\/     M anipulation  |                                                 |
\*---------------------------------------------------------------------------*/
FoamFile
{
    version     2.0;
    format      ascii;
    arch        "LSB;label=32;scalar=64";
    class       volScalarField;
    location    "4.385";
    object      p;
}
// * * * * * * * * * * * * * * * * * * * * * * * * * * * * * * * * * * * * * //

dimensions      [0 2 -2 0 0 0 0];

internalField   nonuniform List<scalar> 
400
(
1.51932e-07
-0.000150013
-0.000531305
-0.00106508
-0.00172178
-0.00247793
-0.00316465
-0.00357471
-0.00354178
-0.00291223
-0.00153222
0.000626504
0.00324938
0.00551519
0.00654898
0.00596265
0.0040647
0.00222472
0.00118756
0.00111621
0.000116544
-5.68379e-05
-0.000373299
-0.000758388
-0.00123603
-0.00187593
-0.00268734
-0.00351708
-0.00404812
-0.00390612
-0.0028197
-0.000807383
0.00169919
0.00397153
0.00514849
0.00478944
0.00317353
0.00145365
0.000672894
0.000760046
0.000533396
0.00026458
-7.50161e-05
-0.000554472
-0.00133656
-0.00255944
-0.00418285
-0.00593066
-0.00733605
-0.00787261
-0.007198
-0.00540553
-0.00284576
-0.000154006
0.00183723
0.00248718
0.00178518
0.000586373
-0.000310865
-0.000312191
0.00114184
0.000734412
0.000190443
-0.000767501
-0.00242785
-0.00489008
-0.00791719
-0.0110118
-0.01357
-0.0150308
-0.0150613
-0.0137046
-0.011175
-0.00792742
-0.00466226
-0.00212437
-0.000785141
-0.000620378
-0.00120166
-0.00183294
0.00156123
0.000957944
-2.6878e-05
-0.00190684
-0.00495585
-0.00908497
-0.0137694
-0.0182883
-0.0219867
-0.0243997
-0.0252689
-0.0244745
-0.0221397
-0.0185509
-0.0141438
-0.00952345
-0.00548322
-0.00285675
-0.00210934
-0.00392613
0.00126368
0.000424971
-0.00119626
-0.00426523
-0.00891093
-0.0147206
-0.0208445
-0.0264241
-0.0308488
-0.0338022
-0.0351566
-0.0348122
-0.0328505
-0.0294162
-0.0246471
-0.0187601
-0.012353
-0.00683605
-0.00430895
-0.00642187
-7.56738e-05
-0.00116169
-0.00348172
-0.00772339
-0.0137833
-0.0208799
-0.0279166
-0.0340102
-0.0386666
-0.0417254
-0.0431946
-0.0430953
-0.0414932
-0.0384548
-0.0339543
-0.0278726
-0.0203252
-0.0125525
-0.0077463
-0.00765554
-0.00246299
-0.0037384
-0.00665312
-0.0117968
-0.0188304
-0.0266711
-0.0340936
-0.0402762
-0.0448694
-0.0478389
-0.0492746
-0.0492729
-0.047912
-0.045237
-0.0411955
-0.0355507
-0.0280385
-0.0191675
-0.0116898
-0.0078936
-0.00552537
-0.00688471
-0.0101842
-0.01586
-0.0233905
-0.0315081
-0.0389574
-0.0450133
-0.049446
-0.0522975
-0.0536912
-0.053735
-0.0525038
-0.0500533
-0.046389
-0.0413472
-0.0345067
-0.0256836
-0.0165334
-0.00988182
-0.00869401
-0.0100269
-0.0134852
-0.0193401
-0.0269701
-0.0350483
-0.0423511
-0.0482326
-0.0525302
-0.0553105
-0.0566925
-0.0567648
-0.0555912
-0.0532412
-0.0497912
-0.0452223
-0.039212
-0.031206
-0.0220936
-0.014175
-0.0114419
-0.012676
-0.0160819
-0.0218246
-0.0292593
-0.0371133
-0.044223
-0.0499733
-0.0542088
-0.0569774
-0.0583744
-0.0584655
-0.0573021
-0.0549595
-0.0515745
-0.0472702
-0.0419739
-0.0350326
-0.0269338
-0.0189686
-0.0134745
-0.0145241
-0.0177066
-0.0230757
-0.0300743
-0.0375781
-0.0445035
-0.050211
-0.0544807
-0.057308
-0.0587493
-0.058851
-0.057656
-0.0552409
-0.0517943
-0.0475525
-0.0427509
-0.036708
-0.0297618
-0.022189
-0.0147591
-0.0154729
-0.0182066
-0.0229808
-0.0293534
-0.036415
-0.0431739
-0.0489271
-0.0533336
-0.0562971
-0.0578208
-0.0579282
-0.0566576
-0.0541076
-0.0504922
-0.0461104
-0.041552
-0.0359931
-0.0299854
-0.0226886
-0.0153924
-0.0156366
-0.017651
-0.0215474
-0.0270918
-0.0336185
-0.0402165
-0.0460888
-0.0507367
-0.0539325
-0.0556032
-0.0557446
-0.0543742
-0.0516198
-0.0477389
-0.043116
-0.0384008
-0.0329146
-0.0279189
-0.020134
-0.0155054
-0.0152278
-0.0162415
-0.0189364
-0.0234196
-0.0292981
-0.0357227
-0.0417746
-0.0467661
-0.0503019
-0.052203
-0.0524112
-0.0509678
-0.0479642
-0.0437288
-0.0387004
-0.0335656
-0.0279566
-0.0241446
-0.0143391
-0.0152177
-0.0144968
-0.0141993
-0.0153333
-0.0185319
-0.0236549
-0.0298882
-0.0361645
-0.0415904
-0.0455799
-0.0478293
-0.0482111
-0.04675
-0.0435162
-0.0388766
-0.0332946
-0.0275542
-0.0216402
-0.0181124
-0.00390767
-0.0146164
-0.0135826
-0.0116827
-0.0110529
-0.0128889
-0.0172454
-0.0233049
-0.0298385
-0.0357656
-0.0403099
-0.0430372
-0.0437235
-0.042363
-0.0389892
-0.0339327
-0.0275896
-0.0207264
-0.0134294
-0.00700304
0.0158603
-0.0145584
-0.0126415
-0.00866068
-0.00626871
-0.00692881
-0.0107091
-0.0166954
-0.0235183
-0.0299816
-0.035147
-0.0384693
-0.0396026
-0.0384943
-0.0351569
-0.0297365
-0.0222743
-0.01303
-0.000971718
0.0163507
0.056777
-0.0117911
-0.0118391
-0.00577996
-0.00186399
-0.00184855
-0.00544151
-0.0115313
-0.0186735
-0.0256377
-0.0313719
-0.0353005
-0.0369945
-0.0363577
-0.0331157
-0.0271184
-0.0175961
-0.00336837
0.0201391
0.0603122
0.129502
-0.0295056
-0.0106537
-0.000686976
0.00296673
0.00233685
-0.00162403
-0.007988
-0.0154451
-0.0227708
-0.0288882
-0.0331963
-0.0352427
-0.0348918
-0.0317286
-0.0251217
-0.0129027
0.00921844
0.0508477
0.122528
0.22579
)
;

boundaryField
{
    movingWall
    {
        type            zeroGradient;
    }
    fixedWalls
    {
        type            zeroGradient;
    }
    frontAndBack
    {
        type            empty;
    }
}


// ************************************************************************* //
