/*--------------------------------*- C++ -*----------------------------------*\
| =========                 |                                                 |
| \\      /  F ield         | OpenFOAM: The Open Source CFD Toolbox           |
|  \\    /   O peration     | Version:  2212                                  |
|   \\  /    A nd           | Website:  www.openfoam.com                      |
|    \\/     M anipulation  |                                                 |
\*---------------------------------------------------------------------------*/
FoamFile
{
    version     2.0;
    format      ascii;
    arch        "LSB;label=32;scalar=64";
    class       surfaceScalarField;
    location    "3.74";
    object      phi;
}
// * * * * * * * * * * * * * * * * * * * * * * * * * * * * * * * * * * * * * //

dimensions      [0 3 -1 0 0 0 0];

oriented        oriented;

internalField   nonuniform List<scalar> 
760
(
1.52251e-07
-1.52251e-07
2.85455e-07
-1.33204e-07
2.99983e-07
-1.45276e-08
1.74046e-07
1.25937e-07
-1.27138e-07
3.01184e-07
-6.66046e-07
5.38908e-07
-1.47415e-06
8.08107e-07
-2.46689e-06
9.92737e-07
-3.44652e-06
9.79628e-07
-4.18296e-06
7.36437e-07
-4.50934e-06
3.26382e-07
-4.32889e-06
-1.8045e-07
-3.58324e-06
-7.45644e-07
-2.38429e-06
-1.19896e-06
-9.5926e-07
-1.42503e-06
3.20241e-07
-1.2795e-06
1.06475e-06
-7.44506e-07
1.01792e-06
4.68226e-08
4.55662e-07
5.62262e-07
4.55663e-07
1.18682e-07
-2.70933e-07
6.34427e-08
-7.79646e-08
-3.06485e-07
3.554e-07
-1.07939e-06
8.98845e-07
-2.29997e-06
1.52176e-06
-3.89029e-06
2.12923e-06
-5.60564e-06
2.52346e-06
-7.13745e-06
2.52454e-06
-8.26187e-06
2.10405e-06
-8.86823e-06
1.3428e-06
-8.9088e-06
3.66956e-07
-8.3601e-06
-7.29151e-07
-7.25305e-06
-1.85269e-06
-5.61948e-06
-2.83253e-06
-3.60138e-06
-3.44312e-06
-1.50044e-06
-3.38044e-06
1.59308e-07
-2.40426e-06
8.43115e-07
-6.36985e-07
5.19264e-07
8.86112e-07
9.74927e-07
-1.31817e-07
-1.39116e-07
-6.36543e-07
4.26761e-07
-1.61667e-06
1.33553e-06
-3.11302e-06
2.39519e-06
-5.00412e-06
3.41286e-06
-6.99734e-06
4.12245e-06
-8.78132e-06
4.30744e-06
-1.01756e-05
3.91885e-06
-1.11273e-05
3.05569e-06
-1.16282e-05
1.84369e-06
-1.16285e-05
3.67308e-07
-1.11781e-05
-1.17955e-06
-1.02583e-05
-2.77254e-06
-8.81452e-06
-4.27628e-06
-6.82617e-06
-5.43148e-06
-4.38098e-06
-5.82563e-06
-1.87482e-06
-4.91042e-06
-9.24354e-08
-2.41937e-06
2.91849e-07
5.01828e-07
1.26678e-06
-4.97334e-07
3.58217e-07
-1.54605e-06
1.47547e-06
-3.08532e-06
2.8748e-06
-5.02152e-06
4.33139e-06
-7.10077e-06
5.49211e-06
-9.01982e-06
6.0415e-06
-1.05769e-05
5.86452e-06
-1.17276e-05
5.06957e-06
-1.24993e-05
3.82731e-06
-1.29266e-05
2.27105e-06
-1.29962e-05
4.36916e-07
-1.27636e-05
-1.41213e-06
-1.21919e-05
-3.34428e-06
-1.1179e-05
-5.28918e-06
-9.59361e-06
-7.01687e-06
-7.31119e-06
-8.10805e-06
-4.36995e-06
-7.85165e-06
-1.37357e-06
-5.41575e-06
1.18106e-07
-9.89843e-07
1.38488e-06
-8.51065e-07
1.20928e-06
-2.33108e-06
2.95549e-06
-4.17704e-06
4.72076e-06
-6.19903e-06
6.35338e-06
-8.12084e-06
7.41391e-06
-9.72104e-06
7.6417e-06
-1.09212e-05
7.06465e-06
-1.17463e-05
5.89467e-06
-1.2258e-05
4.33905e-06
-1.25295e-05
2.54258e-06
-1.26509e-05
5.5834e-07
-1.26117e-05
-1.45137e-06
-1.24015e-05
-3.55451e-06
-1.19402e-05
-5.75043e-06
-1.10411e-05
-7.91603e-06
-9.41644e-06
-9.73268e-06
-6.76947e-06
-1.04986e-05
-3.20039e-06
-8.98483e-06
-2.62292e-07
-3.92794e-06
1.12259e-06
-1.06983e-06
2.27911e-06
-2.74332e-06
4.62899e-06
-4.61183e-06
6.58928e-06
-6.44782e-06
8.18937e-06
-8.02936e-06
8.99545e-06
-9.22448e-06
8.83682e-06
-1.00268e-05
7.86692e-06
-1.05001e-05
6.36805e-06
-1.0735e-05
4.57395e-06
-1.08324e-05
2.63992e-06
-1.09139e-05
6.39875e-07
-1.09704e-05
-1.39486e-06
-1.10157e-05
-3.5092e-06
-1.10193e-05
-5.74688e-06
-1.08254e-05
-8.10987e-06
-1.01057e-05
-1.04524e-05
-8.36779e-06
-1.22366e-05
-5.20092e-06
-1.21517e-05
-1.15083e-06
-7.97803e-06
-2.8244e-08
-1.09122e-06
3.37032e-06
-2.71494e-06
6.25271e-06
-4.39048e-06
8.26482e-06
-5.90808e-06
9.70697e-06
-7.10836e-06
1.01957e-05
-7.92696e-06
9.65542e-06
-8.39914e-06
8.33911e-06
-8.611e-06
6.57991e-06
-8.66673e-06
4.62968e-06
-8.66542e-06
2.63861e-06
-8.69225e-06
6.66705e-07
-8.76805e-06
-1.31906e-06
-8.91208e-06
-3.36516e-06
-9.13464e-06
-5.52432e-06
-9.37599e-06
-7.86853e-06
-9.40099e-06
-1.04274e-05
-8.68901e-06
-1.29486e-05
-6.48767e-06
-1.4353e-05
-2.40244e-06
-1.20633e-05
-2.43069e-06
-9.18119e-07
4.28844e-06
-2.30876e-06
7.64335e-06
-3.67807e-06
9.63413e-06
-4.84299e-06
1.08719e-05
-5.70207e-06
1.10548e-05
-6.2363e-06
1.01896e-05
-6.50079e-06
8.60359e-06
-6.58606e-06
6.66518e-06
-6.58969e-06
4.63331e-06
-6.58717e-06
2.6361e-06
-6.61704e-06
6.96572e-07
-6.69765e-06
-1.23845e-06
-6.85076e-06
-3.21205e-06
-7.1068e-06
-5.26828e-06
-7.48082e-06
-7.49451e-06
-7.87698e-06
-1.00312e-05
-7.88033e-06
-1.29452e-05
-6.6736e-06
-1.55598e-05
-3.55498e-06
-1.51819e-05
-5.98567e-06
-6.12175e-07
4.90062e-06
-1.65871e-06
8.68989e-06
-2.67861e-06
1.0654e-05
-3.50687e-06
1.17002e-05
-4.08704e-06
1.1635e-05
-4.42758e-06
1.05302e-05
-4.58602e-06
8.76203e-06
-4.64091e-06
6.72007e-06
-4.66608e-06
4.65848e-06
-4.70732e-06
2.67733e-06
-4.77604e-06
7.65289e-07
-4.8795e-06
-1.13498e-06
-5.02849e-06
-3.06307e-06
-5.2526e-06
-5.04416e-06
-5.60712e-06
-7.13999e-06
-6.10259e-06
-9.53574e-06
-6.51345e-06
-1.25344e-05
-6.09449e-06
-1.59787e-05
-3.8992e-06
-1.73772e-05
-9.88486e-06
-2.26574e-07
5.12719e-06
-8.76921e-07
9.34023e-06
-1.5398e-06
1.13169e-05
-2.06206e-06
1.22224e-05
-2.41496e-06
1.19879e-05
-2.62187e-06
1.07371e-05
-2.73053e-06
8.87069e-06
-2.79456e-06
6.7841e-06
-2.85984e-06
4.72376e-06
-2.94941e-06
2.76691e-06
-3.0662e-06
8.82083e-07
-3.21016e-06
-9.91029e-07
-3.38213e-06
-2.8911e-06
-3.59568e-06
-4.83061e-06
-3.90417e-06
-6.8315e-06
-4.3894e-06
-9.05051e-06
-4.99244e-06
-1.19313e-05
-5.10329e-06
-1.58679e-05
-3.54442e-06
-1.8936e-05
-1.34293e-05
1.61872e-07
4.96532e-06
-6.72529e-08
9.56936e-06
-3.95705e-07
1.16454e-05
-6.42917e-07
1.24696e-05
-7.94038e-07
1.2139e-05
-8.79793e-07
1.08229e-05
-9.39851e-07
8.93075e-06
-1.00648e-06
6.85072e-06
-1.09668e-06
4.81396e-06
-1.21801e-06
2.88825e-06
-1.37239e-06
1.03646e-06
-1.56178e-06
-8.01637e-07
-1.78535e-06
-2.66753e-06
-2.04245e-06
-4.57352e-06
-2.36304e-06
-6.51091e-06
-2.84291e-06
-8.57065e-06
-3.54237e-06
-1.12318e-05
-4.01629e-06
-1.5394e-05
-3.01966e-06
-1.99327e-05
-1.64489e-05
4.92329e-07
4.47299e-06
6.87683e-07
9.374e-06
7.30175e-07
1.16029e-05
7.65801e-07
1.2434e-05
8.11423e-07
1.20934e-05
8.41074e-07
1.07932e-05
8.34267e-07
8.93756e-06
7.82463e-07
6.90253e-06
6.8777e-07
4.90865e-06
5.5266e-07
3.02336e-06
3.73171e-07
1.21595e-06
1.43215e-07
-5.71681e-07
-1.39824e-07
-2.38449e-06
-4.82414e-07
-4.23093e-06
-8.91383e-07
-6.10194e-06
-1.41557e-06
-8.04646e-06
-2.20243e-06
-1.0445e-05
-2.95728e-06
-1.46391e-05
-2.46284e-06
-2.04271e-05
-1.89118e-05
7.41736e-07
3.73125e-06
1.33079e-06
8.78495e-06
1.71846e-06
1.12152e-05
2.04453e-06
1.21079e-05
2.31563e-06
1.18223e-05
2.50022e-06
1.06086e-05
2.58893e-06
8.84885e-06
2.59248e-06
6.89898e-06
2.52601e-06
4.97512e-06
2.3984e-06
3.15096e-06
2.20388e-06
1.41047e-06
1.92863e-06
-2.96425e-07
1.57122e-06
-2.02708e-06
1.1265e-06
-3.78621e-06
5.88787e-07
-5.56422e-06
-9.6698e-08
-7.36098e-06
-9.71244e-07
-9.57044e-06
-1.9348e-06
-1.36756e-05
-1.93266e-06
-2.04293e-05
-2.08444e-05
8.52756e-07
2.8785e-06
1.77749e-06
7.86022e-06
2.50944e-06
1.04832e-05
3.14332e-06
1.1474e-05
3.68565e-06
1.128e-05
4.0919e-06
1.02023e-05
4.34497e-06
8.59578e-06
4.45879e-06
6.78516e-06
4.45769e-06
4.97622e-06
4.35847e-06
3.25018e-06
4.16019e-06
1.60875e-06
3.83721e-06
2.65586e-08
3.39923e-06
-1.58911e-06
2.82592e-06
-3.21291e-06
2.11616e-06
-4.85446e-06
1.28545e-06
-6.53026e-06
2.39934e-07
-8.52493e-06
-9.81643e-07
-1.2454e-05
-1.43837e-06
-1.99725e-05
-2.22828e-05
7.88814e-07
2.08968e-06
1.91638e-06
6.73265e-06
2.94458e-06
9.45504e-06
3.90707e-06
1.05115e-05
4.77543e-06
1.04116e-05
5.48262e-06
9.49516e-06
5.98844e-06
8.08995e-06
6.2957e-06
6.4779e-06
6.42657e-06
4.84535e-06
6.40113e-06
3.27562e-06
6.22013e-06
1.78976e-06
5.8763e-06
3.70382e-07
5.34516e-06
-1.05796e-06
4.62806e-06
-2.49581e-06
3.71715e-06
-3.94355e-06
2.64035e-06
-5.45346e-06
1.35261e-06
-7.23718e-06
-1.75112e-07
-1.09263e-05
-9.28493e-07
-1.92192e-05
-2.32113e-05
5.64232e-07
1.52545e-06
1.7234e-06
5.57348e-06
3.04262e-06
8.13583e-06
4.37729e-06
9.17688e-06
5.63016e-06
9.15874e-06
6.70212e-06
8.4232e-06
7.52692e-06
7.26515e-06
8.09158e-06
5.91324e-06
8.40927e-06
4.52766e-06
8.49841e-06
3.18649e-06
8.36649e-06
1.92168e-06
8.01192e-06
7.24944e-07
7.39175e-06
-4.37786e-07
6.52188e-06
-1.62595e-06
5.38922e-06
-2.81089e-06
4.03507e-06
-4.09931e-06
2.52454e-06
-5.72665e-06
9.21682e-07
-9.32339e-06
-1.60848e-07
-1.81366e-05
-2.33722e-05
1.4448e-07
1.38097e-06
1.01092e-06
4.70704e-06
2.46645e-06
6.68029e-06
4.16766e-06
7.47566e-06
5.87153e-06
7.45487e-06
7.39114e-06
6.9036e-06
8.62318e-06
6.03311e-06
9.5377e-06
4.99872e-06
1.013e-05
3.93535e-06
1.04131e-05
2.90338e-06
1.03934e-05
1.94142e-06
1.00772e-05
1.04112e-06
9.42422e-06
2.15192e-07
8.44761e-06
-6.49337e-07
7.14345e-06
-1.50673e-06
5.56137e-06
-2.51722e-06
3.85861e-06
-4.0239e-06
2.20904e-06
-7.67382e-06
6.40892e-07
-1.65685e-05
-2.27313e-05
-5.11616e-07
1.89259e-06
1.89627e-07
4.0058e-06
1.71981e-06
5.15011e-06
3.75637e-06
5.4391e-06
5.88712e-06
5.32412e-06
7.82793e-06
4.96279e-06
9.44177e-06
4.41927e-06
1.06875e-05
3.75303e-06
1.15473e-05
3.07553e-06
1.20388e-05
2.41186e-06
1.21668e-05
1.81346e-06
1.19518e-05
1.25606e-06
1.14141e-05
7.52937e-07
1.05305e-05
2.34186e-07
9.30507e-06
-2.81251e-07
7.80484e-06
-1.01698e-06
6.21592e-06
-2.43498e-06
4.42906e-06
-5.88695e-06
2.0441e-06
-1.41835e-05
-2.06872e-05
-4.17331e-06
6.0659e-06
-3.63937e-06
3.47187e-06
-1.26154e-06
2.77228e-06
1.51368e-06
2.66388e-06
4.22938e-06
2.60842e-06
6.74191e-06
2.45026e-06
8.9402e-06
2.22098e-06
1.07649e-05
1.92834e-06
1.21984e-05
1.64199e-06
1.32679e-05
1.34239e-06
1.39905e-05
1.09084e-06
1.44105e-05
8.36115e-07
1.4517e-05
6.46433e-07
1.43214e-05
4.29773e-07
1.38118e-05
2.28365e-07
1.3003e-05
-2.08176e-07
1.18877e-05
-1.3197e-06
1.00984e-05
-4.09762e-06
5.63214e-06
-9.71731e-06
-1.5055e-05
6.0659e-06
9.53776e-06
1.231e-05
1.49739e-05
1.75823e-05
2.00326e-05
2.22536e-05
2.41819e-05
2.58239e-05
2.71663e-05
2.82571e-05
2.90933e-05
2.97397e-05
3.01695e-05
3.03978e-05
3.01896e-05
2.88699e-05
2.47723e-05
1.5055e-05
)
;

boundaryField
{
    movingWall
    {
        type            calculated;
        value           uniform 0;
    }
    fixedWalls
    {
        type            calculated;
        value           uniform 0;
    }
    frontAndBack
    {
        type            empty;
        value           nonuniform List<scalar> 0();
    }
}


// ************************************************************************* //
