/*--------------------------------*- C++ -*----------------------------------*\
| =========                 |                                                 |
| \\      /  F ield         | OpenFOAM: The Open Source CFD Toolbox           |
|  \\    /   O peration     | Version:  2212                                  |
|   \\  /    A nd           | Website:  www.openfoam.com                      |
|    \\/     M anipulation  |                                                 |
\*---------------------------------------------------------------------------*/
FoamFile
{
    version     2.0;
    format      ascii;
    arch        "LSB;label=32;scalar=64";
    class       volScalarField;
    location    "2.98";
    object      p;
}
// * * * * * * * * * * * * * * * * * * * * * * * * * * * * * * * * * * * * * //

dimensions      [0 2 -2 0 0 0 0];

internalField   nonuniform List<scalar> 
400
(
-6.9157e-09
-0.000146033
-0.000511096
-0.00102386
-0.00165574
-0.00238026
-0.00304114
-0.0034359
-0.00339658
-0.0027727
-0.00141965
0.000688111
0.00325568
0.00549171
0.00654689
0.00603364
0.00422404
0.00244053
0.00141743
0.00133776
0.000116982
-5.02873e-05
-0.000352051
-0.000724269
-0.00118716
-0.00180075
-0.00257211
-0.00335764
-0.00385597
-0.00370758
-0.00264766
-0.000686255
0.00176475
0.0040053
0.00519752
0.00490001
0.00336867
0.00169087
0.000917181
0.00098956
0.000512438
0.000259119
-6.41343e-05
-0.000524275
-0.00127083
-0.00243272
-0.00397461
-0.00563791
-0.00697966
-0.00749443
-0.00684371
-0.00510024
-0.00260232
3.77524e-05
0.00200967
0.00267806
0.00201902
0.00084679
-4.46296e-05
-6.07544e-05
0.00107936
0.00069167
0.000180969
-0.000722829
-0.00229135
-0.0046251
-0.00750849
-0.0104711
-0.0129341
-0.0143528
-0.0143942
-0.0130862
-0.0106341
-0.00747327
-0.00428362
-0.00179822
-0.000490863
-0.000344537
-0.000930172
-0.00156023
0.00143795
0.000870996
-4.51016e-05
-0.00180586
-0.00468041
-0.00859993
-0.0130787
-0.0174278
-0.0210101
-0.0233657
-0.024234
-0.0234948
-0.0212553
-0.017784
-0.0135024
-0.00900598
-0.00508002
-0.00254314
-0.00184322
-0.00362585
0.0011095
0.000323758
-0.00118184
-0.00405463
-0.00843914
-0.01397
-0.0198478
-0.0252403
-0.0295443
-0.0324402
-0.0337972
-0.0335155
-0.0316592
-0.0283598
-0.0237455
-0.0180276
-0.0117974
-0.00644105
-0.00400397
-0.00609009
-0.000208186
-0.00122514
-0.00338191
-0.00735791
-0.0130881
-0.0198623
-0.0266345
-0.0325362
-0.0370704
-0.0400708
-0.0415434
-0.0415074
-0.0400181
-0.0371312
-0.0328109
-0.0269293
-0.0195959
-0.0120347
-0.00738125
-0.00736274
-0.0025158
-0.00371099
-0.00642604
-0.0112542
-0.0179158
-0.0254128
-0.0325631
-0.0385486
-0.0430122
-0.0459148
-0.0473475
-0.0474062
-0.0461642
-0.0436577
-0.0398218
-0.0344046
-0.0271309
-0.0185052
-0.0112539
-0.00761345
-0.00546073
-0.00673529
-0.00981456
-0.0151466
-0.0222838
-0.0300486
-0.0372205
-0.0430709
-0.0473621
-0.0501347
-0.0515166
-0.0516183
-0.0505114
-0.048243
-0.0448056
-0.0400165
-0.0334337
-0.0248711
-0.0159733
-0.00951284
-0.00850935
-0.00975742
-0.0129878
-0.0184882
-0.0257178
-0.0334393
-0.040459
-0.0461253
-0.0502701
-0.0529623
-0.0543276
-0.0544574
-0.0534119
-0.0512525
-0.0480427
-0.0437445
-0.0380075
-0.0302654
-0.0213925
-0.0136477
-0.0111665
-0.0123164
-0.0154964
-0.0208874
-0.0279238
-0.0354191
-0.0422388
-0.0477647
-0.051839
-0.0545141
-0.0558929
-0.056043
-0.0550113
-0.0528648
-0.0497278
-0.0457046
-0.0406933
-0.0340151
-0.0261351
-0.0183107
-0.0131518
-0.01412
-0.0170867
-0.0221195
-0.028731
-0.0358754
-0.0425026
-0.0479766
-0.0520783
-0.0548084
-0.056231
-0.0563943
-0.0553358
-0.0531225
-0.04993
-0.0459774
-0.0414696
-0.0356898
-0.0289416
-0.0214786
-0.0144281
-0.0150751
-0.0176132
-0.0220772
-0.0280821
-0.0347871
-0.0412394
-0.0467485
-0.0509787
-0.0538405
-0.0553444
-0.0555164
-0.0543886
-0.0520486
-0.048696
-0.0446138
-0.0403597
-0.0350665
-0.0292314
-0.0220262
-0.0150785
-0.0152844
-0.0171395
-0.0207659
-0.0259723
-0.0321513
-0.0384352
-0.0440504
-0.0485103
-0.0515968
-0.053244
-0.0534476
-0.052231
-0.0496997
-0.0460964
-0.0417876
-0.037395
-0.0321775
-0.0273107
-0.0196318
-0.0152221
-0.0149423
-0.015853
-0.0183379
-0.0225285
-0.0280758
-0.0341797
-0.0399575
-0.0447438
-0.0481584
-0.0500323
-0.0503098
-0.0490195
-0.0462541
-0.0423185
-0.0376266
-0.0328324
-0.0274994
-0.0237845
-0.0141104
-0.0149787
-0.0142855
-0.0139553
-0.0149621
-0.0179318
-0.0227503
-0.0286586
-0.0346409
-0.0398391
-0.0436888
-0.0458987
-0.0463447
-0.0450477
-0.0420703
-0.037756
-0.0325385
-0.027158
-0.0215256
-0.018168
-0.00403632
-0.0144372
-0.0134493
-0.0115959
-0.0109392
-0.0126194
-0.0167038
-0.0224364
-0.0286547
-0.0343263
-0.038705
-0.041373
-0.0421121
-0.0409143
-0.0378168
-0.0331123
-0.0271695
-0.0207059
-0.0137422
-0.0075577
0.015344
-0.0144684
-0.0125969
-0.00873234
-0.00641223
-0.00698446
-0.0105251
-0.0161869
-0.0226775
-0.028859
-0.0338313
-0.0370723
-0.0382477
-0.0373013
-0.0342284
-0.0291712
-0.0221483
-0.0133714
-0.00172566
0.0153415
0.0559089
-0.011793
-0.0119083
-0.0060424
-0.00224433
-0.00216547
-0.00553567
-0.0113014
-0.0180971
-0.0247567
-0.0302749
-0.0340994
-0.0358112
-0.0353138
-0.0323361
-0.0267227
-0.0176644
-0.00394208
0.0191193
0.0590929
0.128469
-0.0294926
-0.0108053
-0.00105967
0.00247781
0.00190524
-0.00183749
-0.00787855
-0.0149838
-0.0219943
-0.027881
-0.0320689
-0.0341188
-0.0338972
-0.0309854
-0.0247344
-0.012957
0.00865771
0.0498741
0.121417
0.224831
)
;

boundaryField
{
    movingWall
    {
        type            zeroGradient;
    }
    fixedWalls
    {
        type            zeroGradient;
    }
    frontAndBack
    {
        type            empty;
    }
}


// ************************************************************************* //
