/*--------------------------------*- C++ -*----------------------------------*\
| =========                 |                                                 |
| \\      /  F ield         | OpenFOAM: The Open Source CFD Toolbox           |
|  \\    /   O peration     | Version:  2212                                  |
|   \\  /    A nd           | Website:  www.openfoam.com                      |
|    \\/     M anipulation  |                                                 |
\*---------------------------------------------------------------------------*/
FoamFile
{
    version     2.0;
    format      ascii;
    arch        "LSB;label=32;scalar=64";
    class       surfaceScalarField;
    location    "1.38";
    object      phi;
}
// * * * * * * * * * * * * * * * * * * * * * * * * * * * * * * * * * * * * * //

dimensions      [0 3 -1 0 0 0 0];

oriented        oriented;

internalField   nonuniform List<scalar> 
760
(
3.3781e-08
-3.37807e-08
1.7756e-08
1.60249e-08
-4.21781e-08
5.9934e-08
-1.52774e-07
1.10596e-07
-3.39068e-07
1.86294e-07
-6.3047e-07
2.91402e-07
-1.04576e-06
4.15287e-07
-1.57156e-06
5.25798e-07
-2.14014e-06
5.68582e-07
-2.63082e-06
4.90682e-07
-2.90919e-06
2.78369e-07
-2.89271e-06
-1.64757e-08
-2.48258e-06
-4.10135e-07
-1.74696e-06
-7.35617e-07
-8.38565e-07
-9.08395e-07
-3.34137e-09
-8.35223e-07
5.33413e-07
-5.36755e-07
5.74093e-07
-4.06798e-08
2.72985e-07
3.01107e-07
2.72986e-07
-6.30653e-08
2.92846e-08
-2.52079e-07
2.05039e-07
-5.51753e-07
3.59608e-07
-9.85644e-07
5.44486e-07
-1.59921e-06
7.99859e-07
-2.41659e-06
1.10879e-06
-3.40238e-06
1.40107e-06
-4.44184e-06
1.56526e-06
-5.36153e-06
1.48827e-06
-5.98974e-06
1.11889e-06
-6.21686e-06
5.05491e-07
-5.97569e-06
-2.57649e-07
-5.26659e-06
-1.11923e-06
-4.12491e-06
-1.8773e-06
-2.67849e-06
-2.35482e-06
-1.16832e-06
-2.34539e-06
-3.06458e-10
-1.70477e-06
5.22944e-07
-5.6393e-07
3.42192e-07
4.8186e-07
6.15177e-07
-2.05241e-07
2.34525e-07
-6.26891e-07
6.2669e-07
-1.20557e-06
9.38282e-07
-1.97374e-06
1.31266e-06
-2.97267e-06
1.79878e-06
-4.18656e-06
2.32268e-06
-5.51138e-06
2.72589e-06
-6.7745e-06
2.82838e-06
-7.8002e-06
2.51398e-06
-8.46929e-06
1.78797e-06
-8.7145e-06
7.50701e-07
-8.49464e-06
-4.77508e-07
-7.82952e-06
-1.78435e-06
-6.69816e-06
-3.00867e-06
-5.11715e-06
-3.93583e-06
-3.20903e-06
-4.25351e-06
-1.31245e-06
-3.60135e-06
-3.20944e-08
-1.84428e-06
2.43486e-07
2.0628e-07
8.58663e-07
-3.56969e-07
5.91494e-07
-1.00657e-06
1.27629e-06
-1.8441e-06
1.77582e-06
-2.89916e-06
2.36772e-06
-4.19404e-06
3.09367e-06
-5.66969e-06
3.79833e-06
-7.17644e-06
4.23264e-06
-8.52842e-06
4.18037e-06
-9.58503e-06
3.57058e-06
-1.02842e-05
2.48718e-06
-1.0593e-05
1.05942e-06
-1.04897e-05
-5.8079e-07
-1.0021e-05
-2.25304e-06
-9.11781e-06
-3.91182e-06
-7.69548e-06
-5.35816e-06
-5.69469e-06
-6.2543e-06
-3.24984e-06
-6.0462e-06
-9.45657e-07
-4.14847e-06
1.27895e-07
-8.67271e-07
9.86558e-07
-4.8448e-07
1.07597e-06
-1.3194e-06
2.11121e-06
-2.35803e-06
2.81444e-06
-3.61757e-06
3.62726e-06
-5.0909e-06
4.567e-06
-6.67384e-06
5.38127e-06
-8.18469e-06
5.74348e-06
-9.44818e-06
5.44386e-06
-1.03755e-05
4.49795e-06
-1.09677e-05
3.07936e-06
-1.1251e-05
1.34272e-06
-1.12461e-05
-5.85729e-07
-1.10099e-05
-2.48926e-06
-1.04739e-05
-4.44782e-06
-9.49873e-06
-6.33331e-06
-7.87645e-06
-7.87658e-06
-5.42871e-06
-8.49394e-06
-2.39324e-06
-7.18393e-06
-1.58964e-07
-3.10155e-06
8.27594e-07
-5.60597e-07
1.63657e-06
-1.50723e-06
3.05784e-06
-2.65547e-06
3.96269e-06
-3.99464e-06
4.96642e-06
-5.478e-06
6.05037e-06
-6.96452e-06
6.86778e-06
-8.27167e-06
7.05063e-06
-9.26888e-06
6.44107e-06
-9.9289e-06
5.15797e-06
-1.03009e-05
3.45132e-06
-1.04679e-05
1.50979e-06
-1.05155e-05
-5.3812e-07
-1.04515e-05
-2.5533e-06
-1.02804e-05
-4.6189e-06
-9.88621e-06
-6.72751e-06
-8.98156e-06
-8.78123e-06
-7.16016e-06
-1.03153e-05
-4.18308e-06
-1.0161e-05
-8.44208e-07
-6.44043e-06
-1.66132e-08
-5.6443e-07
2.201e-06
-1.52542e-06
4.01884e-06
-2.6663e-06
5.10357e-06
-3.93793e-06
6.23805e-06
-5.26306e-06
7.3755e-06
-6.49686e-06
8.10158e-06
-7.49327e-06
8.04705e-06
-8.17772e-06
7.12552e-06
-8.568e-06
5.54825e-06
-8.73708e-06
3.62039e-06
-8.77941e-06
1.55212e-06
-8.78752e-06
-5.30008e-07
-8.77725e-06
-2.56357e-06
-8.81484e-06
-4.58131e-06
-8.87293e-06
-6.66942e-06
-8.71673e-06
-8.93742e-06
-7.8401e-06
-1.1192e-05
-5.61058e-06
-1.23905e-05
-1.90255e-06
-1.01485e-05
-1.91917e-06
-4.89085e-07
2.69009e-06
-1.36123e-06
4.89098e-06
-2.38139e-06
6.12372e-06
-3.4647e-06
7.32135e-06
-4.5266e-06
8.43741e-06
-5.45297e-06
9.02795e-06
-6.15177e-06
8.74585e-06
-6.59715e-06
7.5709e-06
-6.82908e-06
5.78018e-06
-6.91642e-06
3.70774e-06
-6.92372e-06
1.55941e-06
-6.89824e-06
-5.55491e-07
-6.87326e-06
-2.58855e-06
-6.93002e-06
-4.52454e-06
-7.1448e-06
-6.45465e-06
-7.44047e-06
-8.64175e-06
-7.35705e-06
-1.12754e-05
-6.07519e-06
-1.36724e-05
-2.97367e-06
-1.325e-05
-4.89284e-06
-3.47202e-07
3.03729e-06
-1.04092e-06
5.5847e-06
-1.85518e-06
6.93799e-06
-2.67788e-06
8.14405e-06
-3.4361e-06
9.19563e-06
-4.0643e-06
9.65615e-06
-4.52585e-06
9.2074e-06
-4.82902e-06
7.87407e-06
-5.01345e-06
5.9646e-06
-5.12238e-06
3.81667e-06
-5.18044e-06
1.61748e-06
-5.18477e-06
-5.5116e-07
-5.15838e-06
-2.61495e-06
-5.16989e-06
-4.51302e-06
-5.35393e-06
-6.27061e-06
-5.78213e-06
-8.21355e-06
-6.17824e-06
-1.08793e-05
-5.7117e-06
-1.41389e-05
-3.52445e-06
-1.54372e-05
-8.41729e-06
-1.61151e-07
3.19844e-06
-6.15472e-07
6.03902e-06
-1.17333e-06
7.49584e-06
-1.70298e-06
8.67371e-06
-2.15119e-06
9.64383e-06
-2.50422e-06
1.00092e-05
-2.77222e-06
9.47539e-06
-2.9804e-06
8.08225e-06
-3.15454e-06
6.13874e-06
-3.30714e-06
3.96928e-06
-3.43288e-06
1.74322e-06
-3.5096e-06
-4.74439e-07
-3.5372e-06
-2.58735e-06
-3.5546e-06
-4.49562e-06
-3.69084e-06
-6.13437e-06
-4.12437e-06
-7.78002e-06
-4.77463e-06
-1.0229e-05
-4.89962e-06
-1.40139e-05
-3.35816e-06
-1.69787e-05
-1.17755e-05
4.09344e-08
3.1575e-06
-1.47791e-07
6.22775e-06
-4.29284e-07
7.77733e-06
-6.60673e-07
8.90509e-06
-8.06229e-07
9.78939e-06
-9.00379e-07
1.01033e-05
-9.80917e-07
9.55593e-06
-1.07875e-06
8.18009e-06
-1.21072e-06
6.2707e-06
-1.36993e-06
4.12849e-06
-1.53763e-06
1.91092e-06
-1.70052e-06
-3.11548e-07
-1.83772e-06
-2.45015e-06
-1.9593e-06
-4.37404e-06
-2.14809e-06
-5.94559e-06
-2.59277e-06
-7.33534e-06
-3.38056e-06
-9.44124e-06
-3.92074e-06
-1.34738e-05
-2.93301e-06
-1.79664e-05
-1.47085e-05
2.03248e-07
2.95426e-06
2.76733e-07
6.15426e-06
2.77436e-07
7.77663e-06
3.39676e-07
8.84286e-06
4.95306e-07
9.63376e-06
6.82578e-07
9.91606e-06
8.26577e-07
9.41193e-06
8.76975e-07
8.12969e-06
8.28407e-07
6.31927e-06
7.05367e-07
4.25153e-06
5.31102e-07
2.08518e-06
3.006e-07
-8.10456e-08
5.50005e-08
-2.20455e-06
-2.55751e-07
-4.06329e-06
-6.41969e-07
-5.55937e-06
-1.19579e-06
-6.78152e-06
-2.11308e-06
-8.52395e-06
-2.95982e-06
-1.2627e-05
-2.46671e-06
-1.84595e-05
-1.71752e-05
3.13487e-07
2.64077e-06
6.10084e-07
5.85767e-06
8.56772e-07
7.52994e-06
1.18478e-06
8.51485e-06
1.63529e-06
9.18325e-06
2.12744e-06
9.42391e-06
2.53832e-06
9.00105e-06
2.7917e-06
7.87631e-06
2.87828e-06
6.2327e-06
2.82481e-06
4.305e-06
2.64973e-06
2.26027e-06
2.35211e-06
2.16568e-07
1.9399e-06
-1.79233e-06
1.42907e-06
-3.55247e-06
8.20143e-07
-4.95044e-06
3.20198e-08
-5.9934e-06
-9.85915e-07
-7.50601e-06
-2.07615e-06
-1.15368e-05
-2.00621e-06
-1.85295e-05
-1.91814e-05
3.49609e-07
2.29116e-06
8.04685e-07
5.40259e-06
1.26197e-06
7.07265e-06
1.81857e-06
7.95825e-06
2.51787e-06
8.48395e-06
3.28318e-06
8.65861e-06
3.97161e-06
8.31261e-06
4.47353e-06
7.3744e-06
4.7509e-06
5.95533e-06
4.8133e-06
4.24259e-06
4.67481e-06
2.39876e-06
4.33824e-06
5.53135e-07
3.79145e-06
-1.24554e-06
3.07299e-06
-2.834e-06
2.21448e-06
-4.09194e-06
1.25149e-06
-5.03041e-06
3.07535e-08
-6.28527e-06
-1.26136e-06
-1.02447e-05
-1.57189e-06
-1.82189e-05
-2.07533e-05
2.96524e-07
1.99464e-06
8.00142e-07
4.89897e-06
1.39962e-06
6.47317e-06
2.13874e-06
7.21913e-06
3.04246e-06
7.58023e-06
4.04204e-06
7.65903e-06
4.99134e-06
7.3633e-06
5.75253e-06
6.61321e-06
6.25047e-06
5.45739e-06
6.4647e-06
4.02837e-06
6.39719e-06
2.46626e-06
6.05462e-06
8.95709e-07
5.41135e-06
-6.02267e-07
4.52612e-06
-1.94878e-06
3.44752e-06
-3.01334e-06
2.26289e-06
-3.84577e-06
9.20157e-07
-4.94255e-06
-5.03089e-07
-8.82142e-06
-1.14162e-06
-1.75804e-05
-2.18949e-05
1.66554e-07
1.82808e-06
6.16716e-07
4.44881e-06
1.30721e-06
5.78268e-06
2.18111e-06
6.34522e-06
3.2323e-06
6.52904e-06
4.39654e-06
6.49479e-06
5.54116e-06
6.21868e-06
6.51959e-06
5.63478e-06
7.22599e-06
4.75099e-06
7.60711e-06
3.64725e-06
7.64153e-06
2.43184e-06
7.33363e-06
1.20361e-06
6.66334e-06
6.80274e-08
5.68163e-06
-9.67068e-07
4.45779e-06
-1.7895e-06
3.12161e-06
-2.50959e-06
1.72517e-06
-3.5461e-06
2.0393e-07
-7.30019e-06
-5.55432e-07
-1.6821e-05
-2.24503e-05
-1.27876e-07
1.95596e-06
8.52862e-08
4.23565e-06
7.75205e-07
5.09276e-06
1.80273e-06
5.3177e-06
3.02487e-06
5.3069e-06
4.34318e-06
5.17648e-06
5.64251e-06
4.91935e-06
6.7933e-06
4.48399e-06
7.67599e-06
3.8683e-06
8.21851e-06
3.10473e-06
8.37405e-06
2.27629e-06
8.13596e-06
1.4417e-06
7.52337e-06
6.80623e-07
6.5476e-06
8.69894e-09
5.31019e-06
-5.52089e-07
3.96813e-06
-1.16753e-06
2.6816e-06
-2.25957e-06
1.45186e-06
-6.07044e-06
3.11784e-07
-1.5681e-05
-2.21385e-05
-3.88844e-07
2.3448e-06
-3.24528e-07
4.17133e-06
3.19871e-07
4.44836e-06
1.37722e-06
4.26036e-06
2.66776e-06
4.01636e-06
4.05251e-06
3.79172e-06
5.41488e-06
3.55698e-06
6.65058e-06
3.2483e-06
7.6426e-06
2.87628e-06
8.32236e-06
2.42497e-06
8.63639e-06
1.96225e-06
8.58836e-06
1.48973e-06
8.18559e-06
1.0834e-06
7.48618e-06
7.08106e-07
6.56445e-06
3.69643e-07
5.58525e-06
-1.88332e-07
4.67483e-06
-1.34916e-06
3.56648e-06
-4.96209e-06
1.69105e-06
-1.38055e-05
-2.04475e-05
-4.00085e-06
6.34565e-06
-3.6338e-06
3.80429e-06
-1.91551e-06
2.73007e-06
-2.60064e-08
2.37086e-06
1.82824e-06
2.16211e-06
3.6406e-06
1.97936e-06
5.37678e-06
1.8208e-06
6.9817e-06
1.64338e-06
8.3817e-06
1.47628e-06
9.53465e-06
1.27202e-06
1.0402e-05
1.09492e-06
1.09953e-05
8.96465e-07
1.13119e-05
7.66732e-07
1.14123e-05
6.07749e-07
1.13083e-05
4.73644e-07
1.09757e-05
1.4424e-07
1.05154e-05
-8.88856e-07
9.42632e-06
-3.87301e-06
5.36031e-06
-9.73951e-06
-1.50872e-05
6.34565e-06
1.01499e-05
1.288e-05
1.52509e-05
1.7413e-05
1.93923e-05
2.12131e-05
2.28565e-05
2.43328e-05
2.56048e-05
2.66997e-05
2.75962e-05
2.83629e-05
2.89707e-05
2.94443e-05
2.95886e-05
2.86997e-05
2.48267e-05
1.50872e-05
)
;

boundaryField
{
    movingWall
    {
        type            calculated;
        value           uniform 0;
    }
    fixedWalls
    {
        type            calculated;
        value           uniform 0;
    }
    frontAndBack
    {
        type            empty;
        value           nonuniform List<scalar> 0();
    }
}


// ************************************************************************* //
