/*--------------------------------*- C++ -*----------------------------------*\
| =========                 |                                                 |
| \\      /  F ield         | OpenFOAM: The Open Source CFD Toolbox           |
|  \\    /   O peration     | Version:  2212                                  |
|   \\  /    A nd           | Website:  www.openfoam.com                      |
|    \\/     M anipulation  |                                                 |
\*---------------------------------------------------------------------------*/
FoamFile
{
    version     2.0;
    format      ascii;
    arch        "LSB;label=32;scalar=64";
    class       volScalarField;
    location    "4.415";
    object      p;
}
// * * * * * * * * * * * * * * * * * * * * * * * * * * * * * * * * * * * * * //

dimensions      [0 2 -2 0 0 0 0];

internalField   nonuniform List<scalar> 
400
(
5.3031e-08
-0.000150195
-0.000531615
-0.00106553
-0.00172237
-0.00247871
-0.0031656
-0.00357575
-0.00354287
-0.00291328
-0.0015331
0.000625924
0.00324908
0.00551496
0.00654844
0.00596146
0.00406283
0.00222244
0.00118519
0.0011139
0.00011637
-5.70642e-05
-0.000373632
-0.000758802
-0.00123653
-0.00187659
-0.00268824
-0.00351825
-0.00404948
-0.00390752
-0.00282092
-0.000808306
0.00169856
0.00397098
0.00514766
0.00478802
0.00317142
0.00145124
0.000670427
0.000757683
0.000533311
0.000264397
-7.53088e-05
-0.000554874
-0.00133717
-0.00256041
-0.00418432
-0.00593266
-0.00733847
-0.00787517
-0.00720041
-0.00540764
-0.00284751
-0.000155521
0.00183567
0.0024853
0.00178284
0.000583783
-0.000313512
-0.000314716
0.00114199
0.000734443
0.000190265
-0.000767998
-0.0024289
-0.00489193
-0.00791996
-0.0110155
-0.0135744
-0.0150354
-0.0150659
-0.013709
-0.0111788
-0.00793072
-0.00466516
-0.00212709
-0.000787822
-0.000623067
-0.00120438
-0.00183563
0.00156178
0.000958271
-2.69833e-05
-0.00190768
-0.0049578
-0.00908827
-0.0137741
-0.0182943
-0.0219936
-0.0244071
-0.0252765
-0.0244818
-0.0221463
-0.0185567
-0.0141487
-0.00952753
-0.00548663
-0.00285967
-0.00211201
-0.00392904
0.00126448
0.000425433
-0.00119654
-0.00426678
-0.00891421
-0.0147258
-0.0208515
-0.0264326
-0.0308586
-0.0338127
-0.0351674
-0.0348227
-0.0328603
-0.0294249
-0.0246545
-0.0187661
-0.0123577
-0.00683956
-0.00431189
-0.00642508
-7.49608e-05
-0.00116143
-0.00348254
-0.00772599
-0.0137882
-0.0208871
-0.027926
-0.0340214
-0.0386792
-0.041739
-0.0432087
-0.0431092
-0.0415063
-0.0384665
-0.0339644
-0.0278808
-0.0203315
-0.012557
-0.00774971
-0.00765848
-0.00246275
-0.0037387
-0.00665479
-0.0118007
-0.0188369
-0.0266804
-0.0341052
-0.0402899
-0.0448849
-0.0478557
-0.0492922
-0.0492904
-0.0479287
-0.0452521
-0.0412086
-0.0355614
-0.0280468
-0.0191736
-0.0116939
-0.00789641
-0.00552591
-0.00688584
-0.0101869
-0.0158652
-0.0233986
-0.0315192
-0.0389711
-0.0450294
-0.0494642
-0.0523174
-0.053712
-0.0537559
-0.0525238
-0.0500716
-0.0464049
-0.0413603
-0.0345171
-0.0256914
-0.0165386
-0.00988536
-0.00869539
-0.0100289
-0.0134888
-0.0193465
-0.0269796
-0.0350608
-0.0423665
-0.0482506
-0.0525506
-0.0553329
-0.0567161
-0.0567886
-0.0556141
-0.0532622
-0.0498096
-0.0452376
-0.0392242
-0.0312153
-0.0221004
-0.0141801
-0.011444
-0.0126787
-0.0160862
-0.0218317
-0.0292696
-0.0371268
-0.0442396
-0.0499927
-0.0542308
-0.0570016
-0.0583998
-0.0584912
-0.057327
-0.0549824
-0.0515945
-0.0472869
-0.0419872
-0.035043
-0.0269417
-0.018975
-0.0134769
-0.0145271
-0.0177113
-0.0230831
-0.0300849
-0.037592
-0.0445205
-0.050231
-0.0545034
-0.0573328
-0.0587755
-0.0588776
-0.0576816
-0.0552644
-0.0518149
-0.0475695
-0.0427644
-0.0367185
-0.02977
-0.022196
-0.0147616
-0.0154759
-0.0182111
-0.0229879
-0.0293637
-0.0364285
-0.0431906
-0.0489468
-0.053356
-0.0563217
-0.0578467
-0.0579544
-0.0566828
-0.0541306
-0.0505121
-0.0461265
-0.0415645
-0.0360026
-0.029993
-0.0226951
-0.0153948
-0.0156393
-0.017655
-0.0215536
-0.0271009
-0.0336308
-0.040232
-0.0461073
-0.0507578
-0.0539557
-0.0556277
-0.0557694
-0.0543979
-0.0516411
-0.0477569
-0.0431301
-0.0384111
-0.0329219
-0.0279248
-0.0201388
-0.0155076
-0.01523
-0.0162446
-0.0189412
-0.0234269
-0.0293084
-0.0357361
-0.041791
-0.0467851
-0.0503229
-0.0522252
-0.0524335
-0.0509889
-0.0479828
-0.0437439
-0.0387114
-0.0335727
-0.0279608
-0.0241478
-0.014341
-0.0152195
-0.0144985
-0.0142013
-0.0153363
-0.0185368
-0.0236625
-0.0298988
-0.036178
-0.0416066
-0.0455981
-0.0478486
-0.0482305
-0.046768
-0.0435316
-0.0388883
-0.0333019
-0.0275576
-0.0216407
-0.0181113
-0.00390596
-0.0146178
-0.0135837
-0.0116834
-0.0110539
-0.0128911
-0.0172498
-0.0233122
-0.0298488
-0.0357786
-0.040325
-0.0430534
-0.0437397
-0.0423779
-0.0390012
-0.0339409
-0.0275934
-0.0207258
-0.0134255
-0.00699708
0.0158656
-0.0145592
-0.012642
-0.00866028
-0.00626767
-0.00692836
-0.0107105
-0.0166994
-0.0235253
-0.0299915
-0.035159
-0.0384825
-0.0396158
-0.0385062
-0.0351662
-0.0297419
-0.022275
-0.0130259
-0.000963746
0.0163607
0.0567853
-0.0117912
-0.0118388
-0.00577818
-0.00186115
-0.001846
-0.00544056
-0.0115329
-0.0186781
-0.0256452
-0.0313816
-0.0353116
-0.0370058
-0.0363678
-0.0331233
-0.0271221
-0.0175951
-0.00336229
0.0201493
0.0603238
0.129511
-0.0295059
-0.0106529
-0.000684382
0.0029704
0.00234031
-0.0016221
-0.0079886
-0.0154487
-0.0227773
-0.028897
-0.0332066
-0.0352533
-0.0349014
-0.0317359
-0.0251254
-0.012902
0.00922414
0.0508572
0.122538
0.225798
)
;

boundaryField
{
    movingWall
    {
        type            zeroGradient;
    }
    fixedWalls
    {
        type            zeroGradient;
    }
    frontAndBack
    {
        type            empty;
    }
}


// ************************************************************************* //
