/*--------------------------------*- C++ -*----------------------------------*\
| =========                 |                                                 |
| \\      /  F ield         | OpenFOAM: The Open Source CFD Toolbox           |
|  \\    /   O peration     | Version:  2212                                  |
|   \\  /    A nd           | Website:  www.openfoam.com                      |
|    \\/     M anipulation  |                                                 |
\*---------------------------------------------------------------------------*/
FoamFile
{
    version     2.0;
    format      ascii;
    arch        "LSB;label=32;scalar=64";
    class       surfaceScalarField;
    location    "4.415";
    object      phi;
}
// * * * * * * * * * * * * * * * * * * * * * * * * * * * * * * * * * * * * * //

dimensions      [0 3 -1 0 0 0 0];

oriented        oriented;

internalField   nonuniform List<scalar> 
760
(
1.54463e-07
-1.54468e-07
2.90126e-07
-1.35663e-07
3.05671e-07
-1.55451e-08
1.79474e-07
1.26197e-07
-1.2337e-07
3.02845e-07
-6.66158e-07
5.42788e-07
-1.48067e-06
8.14511e-07
-2.48069e-06
1.00002e-06
-3.46593e-06
9.85244e-07
-4.20453e-06
7.38601e-07
-4.52963e-06
3.25101e-07
-4.3441e-06
-1.85531e-07
-3.59097e-06
-7.53127e-07
-2.38354e-06
-1.20744e-06
-9.50784e-07
-1.43275e-06
3.33647e-07
-1.28443e-06
1.07764e-06
-7.43989e-07
1.02594e-06
5.16926e-08
4.58536e-07
5.67407e-07
4.58536e-07
1.2225e-07
-2.76718e-07
6.96039e-08
-8.30168e-08
-3.01484e-07
3.55543e-07
-1.07969e-06
9.04399e-07
-2.30971e-06
1.53287e-06
-3.91195e-06
2.14502e-06
-5.6381e-06
2.54066e-06
-7.17686e-06
2.53877e-06
-8.30409e-06
2.11248e-06
-8.9098e-06
1.34431e-06
-8.94675e-06
3.62046e-07
-8.39207e-06
-7.40205e-07
-7.27691e-06
-1.86829e-06
-5.63386e-06
-2.85049e-06
-3.60604e-06
-3.46057e-06
-1.4969e-06
-3.39357e-06
1.68345e-07
-2.40923e-06
8.51016e-07
-6.30977e-07
5.22576e-07
8.95848e-07
9.81111e-07
-1.2964e-07
-1.47078e-07
-6.35575e-07
4.22919e-07
-1.62212e-06
1.34209e-06
-3.12997e-06
2.41225e-06
-5.03488e-06
3.43778e-06
-7.04022e-06
4.15036e-06
-8.83241e-06
4.33285e-06
-1.02314e-05
3.93777e-06
-1.11851e-05
3.06621e-06
-1.16859e-05
1.84505e-06
-1.16826e-05
3.58786e-07
-1.12277e-05
-1.19507e-06
-1.03014e-05
-2.79464e-06
-8.84917e-06
-4.30272e-06
-6.85076e-06
-5.45898e-06
-4.39455e-06
-5.84979e-06
-1.87841e-06
-4.92537e-06
-9.00416e-08
-2.41935e-06
2.93167e-07
5.1264e-07
1.27428e-06
-4.99441e-07
3.52363e-07
-1.55454e-06
1.47801e-06
-3.10526e-06
2.89281e-06
-5.05551e-06
4.3625e-06
-7.14771e-06
5.52999e-06
-9.07611e-06
6.07877e-06
-1.06389e-05
5.89563e-06
-1.17929e-05
5.0918e-06
-1.25661e-05
3.83936e-06
-1.29933e-05
2.27224e-06
-1.30601e-05
4.25611e-07
-1.2824e-05
-1.4312e-06
-1.22469e-05
-3.37169e-06
-1.1227e-05
-5.32266e-06
-9.63292e-06
-7.05303e-06
-7.34001e-06
-8.14269e-06
-4.38635e-06
-7.87904e-06
-1.37697e-06
-5.42873e-06
1.19217e-07
-9.83546e-07
1.39349e-06
-8.57415e-07
1.20978e-06
-2.34859e-06
2.96918e-06
-4.20824e-06
4.75247e-06
-6.24347e-06
6.39773e-06
-8.17535e-06
7.46186e-06
-9.78192e-06
7.68534e-06
-1.09859e-05
7.09959e-06
-1.18133e-05
5.91918e-06
-1.2326e-05
4.35213e-06
-1.25973e-05
2.54349e-06
-1.27178e-05
5.46089e-07
-1.26753e-05
-1.47367e-06
-1.24603e-05
-3.58664e-06
-1.19933e-05
-5.78966e-06
-1.10876e-05
-7.95882e-06
-9.45498e-06
-9.77527e-06
-6.79715e-06
-1.05369e-05
-3.21307e-06
-9.0128e-06
-2.62163e-07
-3.93446e-06
1.13133e-06
-1.07947e-06
2.28925e-06
-2.7661e-06
4.65581e-06
-4.6479e-06
6.63427e-06
-6.49482e-06
8.24465e-06
-8.08375e-06
9.05079e-06
-9.28338e-06
8.88497e-06
-1.00887e-05
7.90495e-06
-1.05645e-05
6.39499e-06
-1.08013e-05
4.58893e-06
-1.08997e-05
2.64184e-06
-1.09814e-05
6.27806e-07
-1.10349e-05
-1.42018e-06
-1.10753e-05
-3.54622e-06
-1.10728e-05
-5.79219e-06
-1.08726e-05
-8.15904e-06
-1.01467e-05
-1.05011e-05
-8.40166e-06
-1.22819e-05
-5.22373e-06
-1.21907e-05
-1.15538e-06
-8.00281e-06
-2.40463e-08
-1.10202e-06
3.39126e-06
-2.73866e-06
6.29245e-06
-4.42557e-06
8.32118e-06
-5.95186e-06
9.77095e-06
-7.15788e-06
1.02568e-05
-7.98043e-06
9.70753e-06
-8.45623e-06
8.38074e-06
-8.67196e-06
6.61072e-06
-8.73167e-06
4.64864e-06
-8.73352e-06
2.64368e-06
-8.76146e-06
6.55746e-07
-8.83502e-06
-1.34661e-06
-8.9739e-06
-3.40734e-06
-9.18891e-06
-5.57718e-06
-9.42188e-06
-7.92607e-06
-9.43955e-06
-1.04834e-05
-8.72202e-06
-1.29995e-05
-6.51383e-06
-1.43989e-05
-2.41399e-06
-1.21026e-05
-2.43804e-06
-9.27793e-07
4.31906e-06
-2.32961e-06
7.69427e-06
-3.70805e-06
9.69961e-06
-4.8798e-06
1.09427e-05
-5.74375e-06
1.11207e-05
-6.28211e-06
1.02459e-05
-6.55114e-06
8.64977e-06
-6.64172e-06
6.7013e-06
-6.65076e-06
4.65768e-06
-6.6526e-06
2.64552e-06
-6.68445e-06
6.876e-07
-6.76408e-06
-1.26698e-06
-6.9129e-06
-3.25852e-06
-7.16134e-06
-5.32874e-06
-7.52541e-06
-7.56201e-06
-7.91171e-06
-1.00971e-05
-7.90792e-06
-1.30032e-05
-6.69648e-06
-1.56104e-05
-3.57213e-06
-1.5227e-05
-6.01016e-06
-6.19169e-07
4.93823e-06
-1.67428e-06
8.74939e-06
-2.70099e-06
1.07263e-05
-3.53447e-06
1.17762e-05
-4.11881e-06
1.17051e-05
-4.46339e-06
1.05905e-05
-4.6265e-06
8.81288e-06
-4.68666e-06
6.76146e-06
-4.71698e-06
4.68799e-06
-4.76218e-06
2.69072e-06
-4.83308e-06
7.58506e-07
-4.93669e-06
-1.16337e-06
-5.08336e-06
-3.11186e-06
-5.30214e-06
-5.10996e-06
-5.64802e-06
-7.21613e-06
-6.13288e-06
-9.61229e-06
-6.5351e-06
-1.2601e-05
-6.11178e-06
-1.60337e-05
-3.91218e-06
-1.74266e-05
-9.92235e-06
-2.29656e-07
5.16788e-06
-8.85525e-07
9.40526e-06
-1.55285e-06
1.13936e-05
-2.07863e-06
1.2302e-05
-2.4347e-06
1.20611e-05
-2.64494e-06
1.08007e-05
-2.75733e-06
8.92528e-06
-2.8253e-06
6.82944e-06
-2.89413e-06
4.75682e-06
-2.98639e-06
2.78297e-06
-3.10502e-06
8.77136e-07
-3.25e-06
-1.01839e-06
-3.42189e-06
-2.93997e-06
-3.63354e-06
-4.8983e-06
-3.93678e-06
-6.91289e-06
-4.41333e-06
-9.13574e-06
-5.00749e-06
-1.20069e-05
-5.11361e-06
-1.59276e-05
-3.55164e-06
-1.89886e-05
-1.3474e-05
1.6323e-07
5.00465e-06
-6.81623e-08
9.63665e-06
-3.98825e-07
1.17243e-05
-6.47776e-07
1.25509e-05
-8.00605e-07
1.2214e-05
-8.88269e-07
1.08884e-05
-9.503e-07
8.98731e-06
-1.01875e-06
6.89789e-06
-1.1104e-06
4.84847e-06
-1.23295e-06
2.90552e-06
-1.38867e-06
1.03286e-06
-1.57975e-06
-8.27314e-07
-1.80515e-06
-2.71457e-06
-2.06346e-06
-4.64e-06
-2.3833e-06
-6.59305e-06
-2.85824e-06
-8.6608e-06
-3.55063e-06
-1.13145e-05
-4.02059e-06
-1.54576e-05
-3.02265e-06
-1.99865e-05
-1.64966e-05
4.97955e-07
4.5067e-06
6.95132e-07
9.43947e-06
7.38313e-07
1.16811e-05
7.74177e-07
1.2515e-05
8.19557e-07
1.21686e-05
8.48806e-07
1.08591e-05
8.41875e-07
8.99424e-06
7.90421e-07
6.94934e-06
6.96043e-07
4.94285e-06
5.60851e-07
3.04072e-06
3.80303e-07
1.21341e-06
1.48207e-07
-5.95219e-07
-1.37589e-07
-2.42877e-06
-4.83769e-07
-4.29382e-06
-8.9566e-07
-6.18115e-06
-1.41957e-06
-8.13689e-06
-2.20272e-06
-1.05313e-05
-2.95526e-06
-1.47051e-05
-2.46169e-06
-2.04801e-05
-1.89583e-05
7.51345e-07
3.75535e-06
1.34619e-06
8.84463e-06
1.73737e-06
1.12899e-05
2.06582e-06
1.21866e-05
2.33833e-06
1.18961e-05
2.52408e-06
1.06734e-05
2.61435e-06
8.90396e-06
2.61991e-06
6.94378e-06
2.5554e-06
5.00736e-06
2.42865e-06
3.16746e-06
2.23312e-06
1.40894e-06
1.95495e-06
-3.17048e-07
1.59359e-06
-2.06741e-06
1.14393e-06
-3.84416e-06
6.00807e-07
-5.63803e-06
-8.88662e-08
-7.44722e-06
-9.62969e-07
-9.65722e-06
-1.92625e-06
-1.37418e-05
-1.92857e-06
-2.04778e-05
-2.08869e-05
8.64687e-07
2.89066e-06
1.79924e-06
7.91008e-06
2.53781e-06
1.05514e-05
3.17649e-06
1.15479e-05
3.72235e-06
1.13502e-05
4.13156e-06
1.02642e-05
4.38767e-06
8.64785e-06
4.50469e-06
6.82676e-06
4.50633e-06
5.00572e-06
4.40868e-06
3.2651e-06
4.21046e-06
1.60716e-06
3.88266e-06
1.07533e-08
3.44055e-06
-1.6253e-06
2.861e-06
-3.26461e-06
2.14387e-06
-4.92091e-06
1.30618e-06
-6.60952e-06
2.55653e-07
-8.60669e-06
-9.68394e-07
-1.25177e-05
-1.43206e-06
-2.00141e-05
-2.2319e-05
8.00559e-07
2.09011e-06
1.94157e-06
6.76907e-06
2.97957e-06
9.51337e-06
3.94947e-06
1.0578e-05
4.82368e-06
1.0476e-05
5.53573e-06
9.55212e-06
6.046e-06
8.13758e-06
6.35744e-06
6.51532e-06
6.49166e-06
4.8715e-06
6.46785e-06
3.28892e-06
6.28569e-06
1.78932e-06
5.94044e-06
3.56011e-07
5.40346e-06
-1.08832e-06
4.67903e-06
-2.54019e-06
3.75916e-06
-4.00103e-06
2.67202e-06
-5.52238e-06
1.37495e-06
-7.30963e-06
-1.62904e-07
-1.09799e-05
-9.19411e-07
-1.92576e-05
-2.32384e-05
5.73171e-07
1.51693e-06
1.74765e-06
5.59458e-06
3.08003e-06
8.181e-06
4.42595e-06
9.2321e-06
5.68801e-06
9.21396e-06
6.76738e-06
8.47275e-06
7.59834e-06
7.30663e-06
8.16813e-06
5.94553e-06
8.48966e-06
4.54997e-06
8.58066e-06
3.19792e-06
8.44841e-06
1.92157e-06
8.09093e-06
7.13492e-07
7.46484e-06
-4.62225e-07
6.58673e-06
-1.66208e-06
5.44362e-06
-2.85792e-06
4.07641e-06
-4.15517e-06
2.55399e-06
-5.7872e-06
9.43841e-07
-9.36973e-06
-1.50511e-07
-1.81632e-05
-2.33889e-05
1.49602e-07
1.36733e-06
1.03054e-06
4.71365e-06
2.50105e-06
6.71049e-06
4.21666e-06
7.51649e-06
5.93303e-06
7.49758e-06
7.46281e-06
6.94297e-06
8.70313e-06
6.06631e-06
9.62424e-06
5.02442e-06
1.02215e-05
3.95274e-06
1.05072e-05
2.91217e-06
1.04878e-05
1.94096e-06
1.01695e-05
1.03185e-06
9.50909e-06
1.9816e-07
8.52432e-06
-6.77301e-07
7.2081e-06
-1.54171e-06
5.61101e-06
-2.55808e-06
3.89178e-06
-4.06797e-06
2.2289e-06
-7.70685e-06
6.48597e-07
-1.65829e-05
-2.27403e-05
-5.15476e-07
1.88281e-06
1.97334e-07
4.00084e-06
1.74536e-06
5.16247e-06
3.80087e-06
5.46098e-06
5.94887e-06
5.34958e-06
7.90383e-06
4.98802e-06
9.52907e-06
4.44106e-06
1.07834e-05
3.77009e-06
1.16494e-05
3.08676e-06
1.21441e-05
2.4175e-06
1.22718e-05
1.81323e-06
1.20529e-05
1.25068e-06
1.15096e-05
7.41475e-07
1.06157e-05
2.16632e-07
9.37527e-06
-3.01279e-07
7.85829e-06
-1.04109e-06
6.25041e-06
-2.4601e-06
4.44763e-06
-5.90407e-06
2.05184e-06
-1.41871e-05
-2.06884e-05
-4.1774e-06
6.0602e-06
-3.64113e-06
3.46457e-06
-1.25117e-06
2.77251e-06
1.54038e-06
2.66943e-06
4.27272e-06
2.61723e-06
6.80047e-06
2.46027e-06
9.01126e-06
2.23028e-06
1.08453e-05
1.93603e-06
1.22848e-05
1.64728e-06
1.33569e-05
1.34536e-06
1.4079e-05
1.09116e-06
1.44956e-05
8.34111e-07
1.45952e-05
6.41873e-07
1.43881e-05
4.23737e-07
1.38658e-05
2.2097e-07
1.30436e-05
-2.18881e-07
1.19116e-05
-1.32805e-06
1.0108e-05
-4.10055e-06
5.6361e-06
-9.7152e-06
-1.50523e-05
6.0602e-06
9.52477e-06
1.22973e-05
1.49667e-05
1.75839e-05
2.00442e-05
2.22745e-05
2.42105e-05
2.58578e-05
2.72032e-05
2.82943e-05
2.91284e-05
2.97703e-05
3.0194e-05
3.0415e-05
3.01961e-05
2.88681e-05
2.47675e-05
1.50523e-05
)
;

boundaryField
{
    movingWall
    {
        type            calculated;
        value           uniform 0;
    }
    fixedWalls
    {
        type            calculated;
        value           uniform 0;
    }
    frontAndBack
    {
        type            empty;
        value           nonuniform List<scalar> 0();
    }
}


// ************************************************************************* //
