/*--------------------------------*- C++ -*----------------------------------*\
| =========                 |                                                 |
| \\      /  F ield         | OpenFOAM: The Open Source CFD Toolbox           |
|  \\    /   O peration     | Version:  2212                                  |
|   \\  /    A nd           | Website:  www.openfoam.com                      |
|    \\/     M anipulation  |                                                 |
\*---------------------------------------------------------------------------*/
FoamFile
{
    version     2.0;
    format      ascii;
    arch        "LSB;label=32;scalar=64";
    class       volVectorField;
    location    "4.275";
    object      U;
}
// * * * * * * * * * * * * * * * * * * * * * * * * * * * * * * * * * * * * * //

dimensions      [0 1 -1 0 0 0 0];

internalField   nonuniform List<vector> 
400
(
(0.00166214 -0.00166739 0)
(0.00477557 -0.00187148 0)
(0.00649315 -0.00118908 0)
(0.00556728 -0.000567312 0)
(0.00147657 0.000191089 0)
(-0.00687907 0.00173758 0)
(-0.0205667 0.00475304 0)
(-0.0393674 0.00866295 0)
(-0.060505 0.0112107 0)
(-0.0787607 0.0104636 0)
(-0.0894482 0.00677004 0)
(-0.0901791 0.00169928 0)
(-0.0800803 -0.00355989 0)
(-0.0600064 -0.00820885 0)
(-0.0336853 -0.0107892 0)
(-0.00556515 -0.00976541 0)
(0.0164169 -0.00480514 0)
(0.0242256 0.00272165 0)
(0.016068 0.00641742 0)
(0.0042976 0.00468866 0)
(0.00168455 -0.00499219 0)
(0.00306375 -0.00395423 0)
(-0.0005448 0.000619793 0)
(-0.0114165 0.00642608 0)
(-0.0313864 0.0139739 0)
(-0.0608984 0.0236106 0)
(-0.0963588 0.0328247 0)
(-0.130792 0.0368604 0)
(-0.15821 0.0333618 0)
(-0.175329 0.0233525 0)
(-0.180731 0.00916576 0)
(-0.174461 -0.00684678 0)
(-0.157092 -0.0229638 0)
(-0.129353 -0.0366787 0)
(-0.0934974 -0.0443545 0)
(-0.0522546 -0.0417103 0)
(-0.0115863 -0.0263473 0)
(0.0166507 -0.00141784 0)
(0.0177322 0.016065 0)
(0.005517 0.0147266 0)
(-0.000272927 -0.00564305 0)
(-0.00544206 0.000918895 0)
(-0.0196255 0.0142813 0)
(-0.0443669 0.0310602 0)
(-0.0799471 0.0491158 0)
(-0.12153 0.0638931 0)
(-0.161453 0.0701217 0)
(-0.194228 0.0656951 0)
(-0.217737 0.0519973 0)
(-0.231384 0.0315018 0)
(-0.235176 0.0065475 0)
(-0.229769 -0.0208338 0)
(-0.215474 -0.0484787 0)
(-0.191788 -0.0727783 0)
(-0.158438 -0.0886038 0)
(-0.115391 -0.088926 0)
(-0.0644452 -0.0669342 0)
(-0.0139167 -0.0228385 0)
(0.00939705 0.0176695 0)
(0.00415198 0.0234302 0)
(-0.0034699 0.000609888 0)
(-0.0174602 0.0172959 0)
(-0.0433174 0.0413048 0)
(-0.0792306 0.0677554 0)
(-0.122203 0.0905585 0)
(-0.164837 0.103208 0)
(-0.200725 0.10234 0)
(-0.227918 0.0892529 0)
(-0.246673 0.0670889 0)
(-0.257593 0.038548 0)
(-0.261517 0.00550327 0)
(-0.259247 -0.0307192 0)
(-0.250721 -0.0678885 0)
(-0.23489 -0.103073 0)
(-0.209762 -0.130811 0)
(-0.172635 -0.142317 0)
(-0.12096 -0.125425 0)
(-0.0567096 -0.0708549 0)
(-0.0010505 0.00329604 0)
(0.00473862 0.0280543 0)
(-0.00662451 0.0148709 0)
(-0.0285497 0.043995 0)
(-0.0628734 0.0766464 0)
(-0.103746 0.108206 0)
(-0.146279 0.130372 0)
(-0.183369 0.137385 0)
(-0.211558 0.128816 0)
(-0.231222 0.108232 0)
(-0.243651 0.0794935 0)
(-0.250572 0.0453865 0)
(-0.25368 0.00744576 0)
(-0.253908 -0.0335295 0)
(-0.251034 -0.0763948 0)
(-0.244495 -0.119843 0)
(-0.231477 -0.15992 0)
(-0.207358 -0.188184 0)
(-0.166102 -0.189318 0)
(-0.10304 -0.142551 0)
(-0.0221691 -0.0390021 0)
(0.00733327 0.0268847 0)
(-0.00844198 0.0348054 0)
(-0.0349019 0.0762885 0)
(-0.072532 0.114237 0)
(-0.112407 0.146736 0)
(-0.149427 0.164996 0)
(-0.178125 0.165005 0)
(-0.197515 0.148942 0)
(-0.209132 0.121872 0)
(-0.214962 0.0881428 0)
(-0.217494 0.0507463 0)
(-0.218716 0.0111475 0)
(-0.219646 -0.0302471 0)
(-0.220489 -0.0739292 0)
(-0.221329 -0.120301 0)
(-0.219958 -0.168157 0)
(-0.211265 -0.21201 0)
(-0.18716 -0.237659 0)
(-0.139068 -0.217848 0)
(-0.0625572 -0.118671 0)
(0.00576475 0.014043 0)
(-0.00821136 0.0567426 0)
(-0.0350249 0.109409 0)
(-0.0712264 0.14953 0)
(-0.106201 0.180002 0)
(-0.135637 0.192667 0)
(-0.155902 0.185372 0)
(-0.167671 0.162362 0)
(-0.173046 0.129766 0)
(-0.174442 0.0923664 0)
(-0.174383 0.053191 0)
(-0.174408 0.0134808 0)
(-0.175214 -0.0267326 0)
(-0.177357 -0.0686235 0)
(-0.181367 -0.113514 0)
(-0.186574 -0.162545 0)
(-0.189306 -0.214562 0)
(-0.181643 -0.260548 0)
(-0.15359 -0.27424 0)
(-0.0988953 -0.205268 0)
(-0.00888369 -0.0147202 0)
(-0.00606409 0.0771359 0)
(-0.0294956 0.139719 0)
(-0.0608605 0.180043 0)
(-0.0891054 0.206967 0)
(-0.110952 0.21356 0)
(-0.124358 0.199344 0)
(-0.130889 0.170255 0)
(-0.132844 0.133267 0)
(-0.132689 0.0933997 0)
(-0.132398 0.0533905 0)
(-0.132689 0.0139688 0)
(-0.13376 -0.0252574 0)
(-0.13608 -0.0653555 0)
(-0.140342 -0.107608 0)
(-0.147142 -0.154043 0)
(-0.155126 -0.207034 0)
(-0.158255 -0.264574 0)
(-0.14614 -0.307011 0)
(-0.111773 -0.276308 0)
(-0.0307805 -0.0750952 0)
(-0.00268586 0.0929739 0)
(-0.0201878 0.164595 0)
(-0.0446982 0.204245 0)
(-0.0657126 0.227072 0)
(-0.0808494 0.228056 0)
(-0.0892214 0.208178 0)
(-0.0926971 0.174545 0)
(-0.0934128 0.134655 0)
(-0.0934812 0.0935522 0)
(-0.0941011 0.0535031 0)
(-0.0953402 0.0146068 0)
(-0.0971112 -0.0239486 0)
(-0.099596 -0.0629931 0)
(-0.103307 -0.103282 0)
(-0.109393 -0.146514 0)
(-0.118569 -0.196687 0)
(-0.127619 -0.258211 0)
(-0.126042 -0.322166 0)
(-0.107097 -0.333619 0)
(-0.0371746 -0.162664 0)
(0.00122224 0.101991 0)
(-0.00881432 0.182265 0)
(-0.0253541 0.221652 0)
(-0.0392234 0.241123 0)
(-0.0486061 0.237914 0)
(-0.0533845 0.214037 0)
(-0.0552255 0.177376 0)
(-0.0557814 0.135807 0)
(-0.0565852 0.0943 0)
(-0.0582031 0.0545941 0)
(-0.0604143 0.0162285 0)
(-0.0630715 -0.0218884 0)
(-0.0661749 -0.0604576 0)
(-0.0699171 -0.0997732 0)
(-0.0752452 -0.140617 0)
(-0.0837456 -0.186735 0)
(-0.0954793 -0.246497 0)
(-0.100336 -0.322894 0)
(-0.0949327 -0.370999 0)
(-0.0308365 -0.241574 0)
(0.00507036 0.103109 0)
(0.00296108 0.191756 0)
(-0.00529578 0.232047 0)
(-0.0123367 0.249064 0)
(-0.01667 0.243003 0)
(-0.0185 0.216875 0)
(-0.0191122 0.178897 0)
(-0.0195523 0.136941 0)
(-0.0207721 0.0957362 0)
(-0.0229529 0.0566382 0)
(-0.0258003 0.0189095 0)
(-0.0292442 -0.0186357 0)
(-0.0333038 -0.0567373 0)
(-0.0379371 -0.0955305 0)
(-0.0437062 -0.135027 0)
(-0.0518843 -0.177753 0)
(-0.0653712 -0.233539 0)
(-0.0740828 -0.31652 0)
(-0.0810866 -0.395424 0)
(-0.0229057 -0.306003 0)
(0.00835043 0.0966809 0)
(0.0140843 0.192712 0)
(0.0139823 0.235528 0)
(0.0136017 0.251802 0)
(0.0142322 0.244738 0)
(0.015438 0.218111 0)
(0.0163115 0.180146 0)
(0.0163787 0.138556 0)
(0.0152402 0.0978696 0)
(0.012949 0.0593811 0)
(0.00978038 0.022383 0)
(0.00570423 -0.0143056 0)
(0.000575102 -0.0515427 0)
(-0.00548158 -0.0895048 0)
(-0.0128735 -0.127889 0)
(-0.0218111 -0.167817 0)
(-0.0375937 -0.218431 0)
(-0.0487961 -0.302814 0)
(-0.0679258 -0.407198 0)
(-0.0144722 -0.358871 0)
(0.0101709 0.0838517 0)
(0.0231419 0.18517 0)
(0.0307457 0.231672 0)
(0.0366286 0.248358 0)
(0.0422461 0.241525 0)
(0.0471584 0.215824 0)
(0.0505493 0.179162 0)
(0.0521684 0.138899 0)
(0.0519672 0.0993882 0)
(0.0501649 0.0619906 0)
(0.0470134 0.0261833 0)
(0.0424267 -0.00915024 0)
(0.0362289 -0.0449531 0)
(0.02852 -0.0814706 0)
(0.0185257 -0.118383 0)
(0.00732694 -0.156005 0)
(-0.0119912 -0.202091 0)
(-0.0245055 -0.284783 0)
(-0.0559786 -0.409758 0)
(-0.00618384 -0.400795 0)
(0.00970731 0.0668412 0)
(0.0286422 0.169519 0)
(0.0438286 0.220685 0)
(0.056259 0.239602 0)
(0.0674508 0.234661 0)
(0.0770411 0.211379 0)
(0.0841614 0.177201 0)
(0.0885043 0.139019 0)
(0.0901493 0.101108 0)
(0.0894141 0.065051 0)
(0.0866401 0.0306994 0)
(0.0816103 -0.00297788 0)
(0.0741789 -0.0366163 0)
(0.0646154 -0.0708391 0)
(0.0515815 -0.105482 0)
(0.0368616 -0.140491 0)
(0.0126432 -0.182017 0)
(-0.000361421 -0.261609 0)
(-0.0450262 -0.405571 0)
(0.00268715 -0.435328 0)
(0.00680373 0.0492801 0)
(0.028927 0.148055 0)
(0.0504493 0.202274 0)
(0.069152 0.222973 0)
(0.0864724 0.220081 0)
(0.102019 0.2 0)
(0.114541 0.169536 0)
(0.123351 0.134821 0)
(0.128367 0.099869 0)
(0.129856 0.0663852 0)
(0.128098 0.0346085 0)
(0.123167 0.00371285 0)
(0.114591 -0.0266739 0)
(0.103001 -0.0574265 0)
(0.086172 -0.0886253 0)
(0.0672537 -0.120922 0)
(0.0375144 -0.158821 0)
(0.0233251 -0.235657 0)
(-0.0347305 -0.397971 0)
(0.0133557 -0.463712 0)
(0.0023379 0.0347369 0)
(0.0232569 0.123321 0)
(0.0502563 0.178857 0)
(0.0757338 0.20159 0)
(0.100176 0.201205 0)
(0.122849 0.184857 0)
(0.142101 0.158922 0)
(0.156716 0.128663 0)
(0.16628 0.0976967 0)
(0.17102 0.0677294 0)
(0.170899 0.0393476 0)
(0.166642 0.0121291 0)
(0.156881 -0.0142977 0)
(0.143297 -0.0406873 0)
(0.12228 -0.0673686 0)
(0.0990544 -0.0959074 0)
(0.0635889 -0.131009 0)
(0.0464191 -0.206254 0)
(-0.0230513 -0.386405 0)
(0.0283627 -0.485093 0)
(-0.00339573 0.0288944 0)
(0.0097971 0.101268 0)
(0.0364794 0.147911 0)
(0.0680379 0.168384 0)
(0.100651 0.169506 0)
(0.132103 0.157247 0)
(0.159847 0.136919 0)
(0.182155 0.112677 0)
(0.197998 0.0875939 0)
(0.207744 0.0632018 0)
(0.21057 0.0402459 0)
(0.208258 0.0185826 0)
(0.198083 -0.00215529 0)
(0.183606 -0.0224855 0)
(0.159091 -0.0428968 0)
(0.13283 -0.0664954 0)
(0.0917645 -0.100404 0)
(0.0692937 -0.179046 0)
(-0.00469647 -0.369628 0)
(0.0519978 -0.491411 0)
(-0.0138223 0.0187928 0)
(-0.00749981 0.0882187 0)
(0.0188301 0.12381 0)
(0.0556933 0.136646 0)
(0.096474 0.136099 0)
(0.1365 0.126898 0)
(0.172428 0.112301 0)
(0.201973 0.0946333 0)
(0.223637 0.0763149 0)
(0.238528 0.0583464 0)
(0.244476 0.0416931 0)
(0.245351 0.0262186 0)
(0.236137 0.0120994 0)
(0.224471 -0.00150525 0)
(0.199807 -0.0153699 0)
(0.176242 -0.0342248 0)
(0.132384 -0.0669955 0)
(0.107237 -0.145529 0)
(0.0371994 -0.326057 0)
(0.0922576 -0.455844 0)
(-0.105887 0.0826127 0)
(-0.0776494 0.0691464 0)
(-0.048621 0.0732259 0)
(0.00343791 0.0775613 0)
(0.0566038 0.0777927 0)
(0.108981 0.0735006 0)
(0.155825 0.0661961 0)
(0.197882 0.0568558 0)
(0.229775 0.0472773 0)
(0.257748 0.0377275 0)
(0.273417 0.029188 0)
(0.28856 0.0213174 0)
(0.289037 0.01468 0)
(0.293317 0.00838127 0)
(0.277348 0.00149941 0)
(0.270468 -0.00963884 0)
(0.231507 -0.0352377 0)
(0.217772 -0.0952705 0)
(0.150137 -0.22972 0)
(0.170659 -0.341488 0)
(0.130043 0.103797 0)
(0.158478 0.0753722 0)
(0.212417 0.0533894 0)
(0.270911 0.0417485 0)
(0.323372 0.0359924 0)
(0.375622 0.0319879 0)
(0.420006 0.0289339 0)
(0.465109 0.0255891 0)
(0.498033 0.0229158 0)
(0.533151 0.0197327 0)
(0.552526 0.0175863 0)
(0.578333 0.0146627 0)
(0.584534 0.0132366 0)
(0.602993 0.0104309 0)
(0.594588 0.00947983 0)
(0.603289 0.00508648 0)
(0.567682 0.000160518 0)
(0.54771 -0.0182724 0)
(0.43589 -0.0504111 0)
(0.33685 -0.101403 0)
)
;

boundaryField
{
    movingWall
    {
        type            fixedValue;
        value           uniform (1 0 0);
    }
    fixedWalls
    {
        type            noSlip;
    }
    frontAndBack
    {
        type            empty;
    }
}


// ************************************************************************* //
