/*--------------------------------*- C++ -*----------------------------------*\
| =========                 |                                                 |
| \\      /  F ield         | OpenFOAM: The Open Source CFD Toolbox           |
|  \\    /   O peration     | Version:  2212                                  |
|   \\  /    A nd           | Website:  www.openfoam.com                      |
|    \\/     M anipulation  |                                                 |
\*---------------------------------------------------------------------------*/
FoamFile
{
    version     2.0;
    format      ascii;
    arch        "LSB;label=32;scalar=64";
    class       volVectorField;
    location    "0.96";
    object      U;
}
// * * * * * * * * * * * * * * * * * * * * * * * * * * * * * * * * * * * * * //

dimensions      [0 1 -1 0 0 0 0];

internalField   nonuniform List<vector> 
400
(
(-8.79304e-05 -3.70645e-05 0)
(-0.00125311 0.000470478 0)
(-0.00363524 0.000688459 0)
(-0.00633602 0.000777075 0)
(-0.00932328 0.00091196 0)
(-0.0127854 0.00115568 0)
(-0.0169087 0.00151097 0)
(-0.0217534 0.00192464 0)
(-0.0270879 0.00225324 0)
(-0.0322181 0.00225485 0)
(-0.035972 0.00167388 0)
(-0.0369226 0.000396431 0)
(-0.0338675 -0.00140828 0)
(-0.0265889 -0.0031982 0)
(-0.0163967 -0.00416521 0)
(-0.0054263 -0.0037477 0)
(0.00320978 -0.00212121 0)
(0.00676174 0.000190754 0)
(0.00512366 0.0017175 0)
(0.0016118 0.00150672 0)
(-0.000999272 0.00145606 0)
(-0.00487282 0.00385651 0)
(-0.0111461 0.00492123 0)
(-0.0181894 0.00551542 0)
(-0.0258936 0.00623541 0)
(-0.0344607 0.00723687 0)
(-0.0439469 0.00839829 0)
(-0.0540677 0.00934657 0)
(-0.0639961 0.00943531 0)
(-0.0723063 0.00787787 0)
(-0.0772473 0.00413118 0)
(-0.0772074 -0.00168061 0)
(-0.0710947 -0.00861964 0)
(-0.058669 -0.0148537 0)
(-0.0414642 -0.0182167 0)
(-0.0220667 -0.0169234 0)
(-0.00445652 -0.0108248 0)
(0.00597989 -0.00209026 0)
(0.00665821 0.0047416 0)
(0.00238953 0.00520261 0)
(-0.00177941 0.00532417 0)
(-0.0078447 0.0109544 0)
(-0.0170744 0.0134175 0)
(-0.0272659 0.0149152 0)
(-0.0382643 0.0165375 0)
(-0.0502057 0.0184445 0)
(-0.0629764 0.020231 0)
(-0.076126 0.0210824 0)
(-0.0887973 0.0198865 0)
(-0.0997247 0.0155036 0)
(-0.107338 0.00727375 0)
(-0.109915 -0.00442986 0)
(-0.105769 -0.0180129 0)
(-0.0936426 -0.0306746 0)
(-0.0742535 -0.0388284 0)
(-0.0492898 -0.0387556 0)
(-0.0226443 -0.0283765 0)
(-0.00152851 -0.0104592 0)
(0.0058164 0.0058182 0)
(0.00268315 0.00949687 0)
(-0.00228031 0.0105658 0)
(-0.00981947 0.0201606 0)
(-0.0210345 0.02422 0)
(-0.033281 0.0267139 0)
(-0.0463984 0.0292753 0)
(-0.0605408 0.0320504 0)
(-0.0756685 0.0344201 0)
(-0.0916552 0.0353569 0)
(-0.108277 0.0335593 0)
(-0.124816 0.0275099 0)
(-0.139339 0.0158118 0)
(-0.148635 -0.00179294 0)
(-0.149732 -0.0232119 0)
(-0.140614 -0.0448973 0)
(-0.12141 -0.0615131 0)
(-0.0924272 -0.0672526 0)
(-0.0560545 -0.0567263 0)
(-0.0190881 -0.0294456 0)
(0.00293052 0.001453 0)
(0.00323446 0.0133261 0)
(-0.00249907 0.0166549 0)
(-0.0107971 0.0306752 0)
(-0.0230928 0.0364613 0)
(-0.0364934 0.0400329 0)
(-0.0509006 0.043661 0)
(-0.0666428 0.0475975 0)
(-0.0840579 0.0512507 0)
(-0.10374 0.0536684 0)
(-0.126286 0.0533136 0)
(-0.150842 0.0473856 0)
(-0.173452 0.0322693 0)
(-0.188504 0.00665959 0)
(-0.193603 -0.0256637 0)
(-0.188395 -0.0588853 0)
(-0.172221 -0.0872199 0)
(-0.143914 -0.103549 0)
(-0.102757 -0.0992743 0)
(-0.0514982 -0.067141 0)
(-0.00475943 -0.0139812 0)
(0.0046448 0.0155287 0)
(-0.00244813 0.023032 0)
(-0.0108351 0.0417433 0)
(-0.0233967 0.0494027 0)
(-0.0371806 0.0542103 0)
(-0.0521957 0.0592228 0)
(-0.0690332 0.0650111 0)
(-0.0884895 0.0712322 0)
(-0.111755 0.0768972 0)
(-0.139591 0.0792523 0)
(-0.169779 0.0727284 0)
(-0.195856 0.0516611 0)
(-0.211768 0.0161858 0)
(-0.217869 -0.0270669 0)
(-0.216428 -0.0715364 0)
(-0.2062 -0.112435 0)
(-0.185159 -0.142728 0)
(-0.148858 -0.152219 0)
(-0.0942786 -0.125859 0)
(-0.0260579 -0.0522456 0)
(0.00519876 0.0127861 0)
(-0.00214956 0.0291497 0)
(-0.0100042 0.0526275 0)
(-0.0220672 0.0623167 0)
(-0.0354693 0.0685598 0)
(-0.050286 0.0753403 0)
(-0.0672817 0.0837043 0)
(-0.0874589 0.0934745 0)
(-0.112021 0.10294 0)
(-0.141011 0.107095 0)
(-0.170438 0.0978509 0)
(-0.192999 0.0698595 0)
(-0.205145 0.0263601 0)
(-0.210361 -0.0242489 0)
(-0.211568 -0.0762869 0)
(-0.207727 -0.126269 0)
(-0.197819 -0.170111 0)
(-0.174867 -0.19902 0)
(-0.131529 -0.19331 0)
(-0.0643952 -0.122478 0)
(0.000577301 -0.00224638 0)
(-0.00163916 0.0345052 0)
(-0.00839515 0.0626254 0)
(-0.0192187 0.0744571 0)
(-0.0313973 0.0822466 0)
(-0.0449237 0.0909516 0)
(-0.0604661 0.10209 0)
(-0.0788166 0.115348 0)
(-0.100763 0.12776 0)
(-0.125748 0.132142 0)
(-0.149283 0.119267 0)
(-0.165108 0.0853495 0)
(-0.172263 0.0363095 0)
(-0.175298 -0.0181162 0)
(-0.177073 -0.0724156 0)
(-0.177511 -0.125005 0)
(-0.177468 -0.17608 0)
(-0.170343 -0.222423 0)
(-0.146149 -0.246003 0)
(-0.0977751 -0.201734 0)
(-0.0152811 -0.0360071 0)
(-0.000977633 0.0386732 0)
(-0.00616503 0.0710883 0)
(-0.0150774 0.0850542 0)
(-0.025198 0.0942728 0)
(-0.0362644 0.104592 0)
(-0.0485988 0.117904 0)
(-0.0625851 0.133581 0)
(-0.078723 0.147491 0)
(-0.0966274 0.151027 0)
(-0.112658 0.134781 0)
(-0.122418 0.0964221 0)
(-0.126415 0.0435201 0)
(-0.128315 -0.0132089 0)
(-0.129989 -0.0677447 0)
(-0.132275 -0.118916 0)
(-0.137466 -0.169281 0)
(-0.141947 -0.2236 0)
(-0.134483 -0.272969 0)
(-0.105904 -0.267423 0)
(-0.0325262 -0.103215 0)
(-0.000258431 0.0413622 0)
(-0.00357806 0.0774935 0)
(-0.0100809 0.0934316 0)
(-0.0174944 0.103713 0)
(-0.025216 0.114901 0)
(-0.0331229 0.129203 0)
(-0.0412032 0.145808 0)
(-0.0499188 0.159989 0)
(-0.0596392 0.162595 0)
(-0.0684019 0.144514 0)
(-0.0738807 0.104065 0)
(-0.077039 0.0490653 0)
(-0.0799635 -0.00949434 0)
(-0.083134 -0.0649544 0)
(-0.0870988 -0.114837 0)
(-0.0946129 -0.161133 0)
(-0.105981 -0.214612 0)
(-0.109967 -0.280264 0)
(-0.0973713 -0.315175 0)
(-0.0334784 -0.187845 0)
(0.000401605 0.042474 0)
(-0.000989601 0.0815203 0)
(-0.00485985 0.099095 0)
(-0.00925769 0.109906 0)
(-0.0132595 0.121012 0)
(-0.016314 0.134959 0)
(-0.0180492 0.150945 0)
(-0.0189865 0.164581 0)
(-0.0203538 0.166951 0)
(-0.0220249 0.149221 0)
(-0.0237126 0.109555 0)
(-0.0264489 0.0552225 0)
(-0.0308852 -0.00352558 0)
(-0.0366173 -0.0594682 0)
(-0.043126 -0.108406 0)
(-0.0527058 -0.150617 0)
(-0.0693032 -0.19921 0)
(-0.0818828 -0.273127 0)
(-0.0837494 -0.341726 0)
(-0.0250533 -0.255441 0)
(0.000876665 0.0421424 0)
(0.00119025 0.0831519 0)
(-0.000139856 0.101974 0)
(-0.00155576 0.112731 0)
(-0.00194554 0.122786 0)
(-0.000536129 0.135036 0)
(0.00348103 0.149161 0)
(0.00976613 0.161419 0)
(0.0163035 0.164109 0)
(0.0215987 0.148701 0)
(0.0244311 0.112454 0)
(0.0235203 0.0614127 0)
(0.0186191 0.00472793 0)
(0.0102408 -0.0500468 0)
(-0.000418032 -0.0975197 0)
(-0.0135312 -0.136556 0)
(-0.0353036 -0.179463 0)
(-0.0545604 -0.257263 0)
(-0.0702983 -0.355527 0)
(-0.0168856 -0.309882 0)
(0.00105597 0.0407496 0)
(0.00261086 0.0826793 0)
(0.00338658 0.1021 0)
(0.00452516 0.112196 0)
(0.00724518 0.120487 0)
(0.0125029 0.1301 0)
(0.0210477 0.141308 0)
(0.0327791 0.151153 0)
(0.0457582 0.153755 0)
(0.0573506 0.141675 0)
(0.0651553 0.111189 0)
(0.0672976 0.0661587 0)
(0.0633155 0.014244 0)
(0.0537672 -0.0376324 0)
(0.0389881 -0.0827909 0)
(0.0207972 -0.118475 0)
(-0.00667935 -0.155644 0)
(-0.0299271 -0.233802 0)
(-0.0585039 -0.357194 0)
(-0.0082246 -0.353076 0)
(0.000864196 0.0389364 0)
(0.00292094 0.0809626 0)
(0.00515814 0.100426 0)
(0.0083447 0.1094 0)
(0.0135447 0.115408 0)
(0.0216289 0.121825 0)
(0.0332026 0.129241 0)
(0.0482596 0.135782 0)
(0.06533 0.137263 0)
(0.0815664 0.128032 0)
(0.0938068 0.104108 0)
(0.0994209 0.0670493 0)
(0.0974562 0.0227225 0)
(0.08789 -0.0229687 0)
(0.0706653 -0.063769 0)
(0.0487463 -0.0959415 0)
(0.0160731 -0.12818 0)
(-0.00789549 -0.206343 0)
(-0.0488235 -0.353347 0)
(0.000253016 -0.389365 0)
(0.000209471 0.0374263 0)
(0.0017518 0.0785232 0)
(0.00449346 0.0964847 0)
(0.00915935 0.103629 0)
(0.016359 0.107238 0)
(0.0265093 0.110577 0)
(0.0399049 0.114367 0)
(0.0564931 0.117516 0)
(0.0752557 0.117295 0)
(0.093818 0.109885 0)
(0.108941 0.0919872 0)
(0.117526 0.0635839 0)
(0.117814 0.0284645 0)
(0.109414 -0.00896703 0)
(0.0916941 -0.0431518 0)
(0.0682261 -0.07086 0)
(0.0324648 -0.0985129 0)
(0.0120634 -0.176243 0)
(-0.0405704 -0.347367 0)
(0.0101189 -0.422662 0)
(-0.00107691 0.0369687 0)
(-0.000968432 0.0773163 0)
(0.00158795 0.0940282 0)
(0.0072944 0.098376 0)
(0.0159963 0.0987685 0)
(0.0276068 0.0987726 0)
(0.042029 0.0991788 0)
(0.0590358 0.0992737 0)
(0.0778525 0.0973217 0)
(0.0967356 0.0909052 0)
(0.112884 0.0777767 0)
(0.123386 0.0573377 0)
(0.125542 0.0316763 0)
(0.119213 0.0038256 0)
(0.102687 -0.022398 0)
(0.0798412 -0.0450009 0)
(0.0439942 -0.0694213 0)
(0.029867 -0.148407 0)
(-0.0325317 -0.343927 0)
(0.0233843 -0.452719 0)
(-0.00355274 0.0426189 0)
(-0.0084037 0.0766072 0)
(-0.00724451 0.08567 0)
(0.000383907 0.0867622 0)
(0.0117998 0.0852826 0)
(0.0255429 0.0833865 0)
(0.0411831 0.0817944 0)
(0.0584612 0.0801064 0)
(0.0767838 0.0773254 0)
(0.0949491 0.07202 0)
(0.110777 0.0629466 0)
(0.121981 0.0494657 0)
(0.125617 0.0327703 0)
(0.121589 0.0145289 0)
(0.106975 -0.00315424 0)
(0.0874122 -0.0204518 0)
(0.0549302 -0.0436253 0)
(0.0471581 -0.124637 0)
(-0.01846 -0.337888 0)
(0.0451681 -0.470179 0)
(-0.00394413 0.0353537 0)
(-0.00898146 0.0856541 0)
(-0.01213 0.0918268 0)
(-0.00582889 0.0846563 0)
(0.00583668 0.077514 0)
(0.019965 0.0722133 0)
(0.0359295 0.0681985 0)
(0.0531559 0.0646848 0)
(0.0711192 0.0611531 0)
(0.0888386 0.0565475 0)
(0.104531 0.0505743 0)
(0.117138 0.0423977 0)
(0.123151 0.033131 0)
(0.124637 0.0227821 0)
(0.115019 0.0127792 0)
(0.105665 -0.000787088 0)
(0.0785043 -0.0262047 0)
(0.0752394 -0.112421 0)
(0.0201012 -0.314788 0)
(0.0857313 -0.447091 0)
(-0.098447 0.0947277 0)
(-0.0733442 0.0761201 0)
(-0.0585285 0.0604573 0)
(-0.0298745 0.053692 0)
(-0.00242014 0.0484983 0)
(0.0246944 0.0442591 0)
(0.0505006 0.0408151 0)
(0.0766478 0.0377468 0)
(0.100496 0.0353386 0)
(0.125535 0.0325967 0)
(0.145413 0.0300255 0)
(0.167452 0.0265893 0)
(0.179018 0.0234685 0)
(0.195218 0.0198015 0)
(0.192698 0.015974 0)
(0.202438 0.00727595 0)
(0.176948 -0.016905 0)
(0.183837 -0.0830926 0)
(0.136567 -0.227293 0)
(0.167483 -0.339609 0)
(0.134716 0.10831 0)
(0.169245 0.0851548 0)
(0.228465 0.063525 0)
(0.28439 0.0497672 0)
(0.328444 0.0410365 0)
(0.367898 0.0345381 0)
(0.398812 0.0298432 0)
(0.431262 0.0257037 0)
(0.454768 0.0228734 0)
(0.483961 0.0199077 0)
(0.500959 0.0181869 0)
(0.528066 0.0157031 0)
(0.537382 0.0147771 0)
(0.562101 0.0124739 0)
(0.559863 0.0122274 0)
(0.577856 0.00842882 0)
(0.550007 0.00403355 0)
(0.539976 -0.014941 0)
(0.437594 -0.0477894 0)
(0.339026 -0.0995816 0)
)
;

boundaryField
{
    movingWall
    {
        type            fixedValue;
        value           uniform (1 0 0);
    }
    fixedWalls
    {
        type            noSlip;
    }
    frontAndBack
    {
        type            empty;
    }
}


// ************************************************************************* //
