/*--------------------------------*- C++ -*----------------------------------*\
| =========                 |                                                 |
| \\      /  F ield         | OpenFOAM: The Open Source CFD Toolbox           |
|  \\    /   O peration     | Version:  2212                                  |
|   \\  /    A nd           | Website:  www.openfoam.com                      |
|    \\/     M anipulation  |                                                 |
\*---------------------------------------------------------------------------*/
FoamFile
{
    version     2.0;
    format      ascii;
    arch        "LSB;label=32;scalar=64";
    class       surfaceScalarField;
    location    "3.445";
    object      phi;
}
// * * * * * * * * * * * * * * * * * * * * * * * * * * * * * * * * * * * * * //

dimensions      [0 3 -1 0 0 0 0];

oriented        oriented;

internalField   nonuniform List<scalar> 
760
(
1.50249e-07
-1.50249e-07
2.81229e-07
-1.3098e-07
2.94907e-07
-1.36783e-08
1.69314e-07
1.25593e-07
-1.30338e-07
2.99653e-07
-6.65897e-07
5.35559e-07
-1.46865e-06
8.02753e-07
-2.45537e-06
9.86723e-07
-3.43024e-06
9.74863e-07
-4.16448e-06
7.3424e-07
-4.49131e-06
3.26833e-07
-4.31421e-06
-1.77102e-07
-3.57403e-06
-7.4018e-07
-2.38176e-06
-1.19226e-06
-9.634e-07
-1.41836e-06
3.11189e-07
-1.27459e-06
1.05481e-06
-7.43621e-07
1.01109e-06
4.37161e-08
4.5305e-07
5.58044e-07
4.5305e-07
1.15387e-07
-2.65637e-07
5.77529e-08
-7.33458e-08
-3.11044e-07
3.55119e-07
-1.07914e-06
8.93688e-07
-2.29147e-06
1.51199e-06
-3.87189e-06
2.11598e-06
-5.57871e-06
2.50957e-06
-7.10533e-06
2.51335e-06
-8.22776e-06
2.09729e-06
-8.83455e-06
1.34104e-06
-8.87769e-06
3.69969e-07
-8.33322e-06
-7.21571e-07
-7.23203e-06
-1.84137e-06
-5.60563e-06
-2.81867e-06
-3.5953e-06
-3.42869e-06
-1.50147e-06
-3.36843e-06
1.53098e-07
-2.39818e-06
8.36869e-07
-6.40055e-07
5.16446e-07
8.78467e-07
9.69497e-07
-1.33834e-07
-1.31802e-07
-6.37447e-07
4.30267e-07
-1.6118e-06
1.32947e-06
-3.09819e-06
2.38009e-06
-4.97809e-06
3.39189e-06
-6.96248e-06
4.10036e-06
-8.74142e-06
4.28851e-06
-1.01335e-05
3.90545e-06
-1.10845e-05
3.04831e-06
-1.15859e-05
1.84243e-06
-1.15887e-05
3.72763e-07
-1.11412e-05
-1.16912e-06
-1.02256e-05
-2.75698e-06
-8.78759e-06
-4.25665e-06
-6.80637e-06
-5.40991e-06
-4.36946e-06
-5.80534e-06
-1.87121e-06
-4.89643e-06
-9.40101e-08
-2.41726e-06
2.90733e-07
4.93725e-07
1.26023e-06
-4.95414e-07
3.63612e-07
-1.53844e-06
1.47329e-06
-3.06788e-06
2.85891e-06
-4.9929e-06
4.3051e-06
-7.06315e-06
5.46214e-06
-8.97718e-06
6.01439e-06
-1.05324e-05
5.84374e-06
-1.16826e-05
5.0556e-06
-1.24542e-05
3.81991e-06
-1.28819e-05
2.27018e-06
-1.29528e-05
4.43677e-07
-1.27219e-05
-1.40006e-06
-1.2153e-05
-3.32588e-06
-1.11443e-05
-5.26537e-06
-9.5645e-06
-6.98967e-06
-7.28929e-06
-8.08055e-06
-4.35701e-06
-7.82871e-06
-1.37051e-06
-5.40376e-06
1.17304e-07
-9.9409e-07
1.37753e-06
-8.45465e-07
1.20908e-06
-2.3159e-06
2.94372e-06
-4.15085e-06
4.69386e-06
-6.16355e-06
6.31781e-06
-8.08004e-06
7.37863e-06
-9.67851e-06
7.61286e-06
-1.08786e-05
7.04379e-06
-1.17038e-05
5.88088e-06
-1.22156e-05
4.33168e-06
-1.2487e-05
2.54161e-06
-1.2608e-05
5.64607e-07
-1.25695e-05
-1.43855e-06
-1.23611e-05
-3.53428e-06
-1.19027e-05
-5.72375e-06
-1.10075e-05
-7.88489e-06
-9.38806e-06
-9.69996e-06
-6.74873e-06
-1.0468e-05
-3.19052e-06
-8.96196e-06
-2.62225e-07
-3.92239e-06
1.11531e-06
-1.0616e-06
2.27067e-06
-2.72428e-06
4.60641e-06
-4.58291e-06
6.55249e-06
-6.41238e-06
8.14728e-06
-7.99134e-06
8.95759e-06
-9.1864e-06
8.80792e-06
-9.98912e-06
7.84651e-06
-1.04624e-05
6.35415e-06
-1.06963e-05
4.56562e-06
-1.07921e-05
2.63741e-06
-1.08719e-05
6.44395e-07
-1.09283e-05
-1.38214e-06
-1.09749e-05
-3.48768e-06
-1.09811e-05
-5.71753e-06
-1.07909e-05
-8.07515e-06
-1.00752e-05
-1.04156e-05
-8.34243e-06
-1.22009e-05
-5.18381e-06
-1.21206e-05
-1.1474e-06
-7.9588e-06
-3.20957e-08
-1.08231e-06
3.35299e-06
-2.69586e-06
6.21995e-06
-4.36362e-06
8.22025e-06
-5.87677e-06
9.66043e-06
-7.07584e-06
1.01567e-05
-7.89473e-06
9.62681e-06
-8.36688e-06
8.31866e-06
-8.57751e-06
6.56478e-06
-8.63068e-06
4.61879e-06
-8.62609e-06
2.63282e-06
-8.65004e-06
6.68346e-07
-8.7246e-06
-1.30759e-06
-8.86952e-06
-3.34276e-06
-9.09524e-06
-5.49181e-06
-9.34127e-06
-7.82912e-06
-9.37113e-06
-1.03857e-05
-8.66342e-06
-1.29086e-05
-6.46772e-06
-1.43163e-05
-2.39389e-06
-1.20326e-05
-2.42598e-06
-9.1039e-07
4.26338e-06
-2.29252e-06
7.60208e-06
-3.6559e-06
9.58363e-06
-4.81773e-06
1.08223e-05
-5.67598e-06
1.10149e-05
-6.21011e-06
1.01609e-05
-6.4738e-06
8.58235e-06
-6.55686e-06
6.64783e-06
-6.55693e-06
4.61886e-06
-6.55027e-06
2.62616e-06
-6.57654e-06
6.9462e-07
-6.65492e-06
-1.22921e-06
-6.80802e-06
-3.18967e-06
-7.06689e-06
-5.23294e-06
-7.44635e-06
-7.44965e-06
-7.84898e-06
-9.9831e-06
-7.85769e-06
-1.28999e-05
-6.65512e-06
-1.55189e-05
-3.54181e-06
-1.51459e-05
-5.96779e-06
-6.06696e-07
4.87007e-06
-1.64679e-06
8.64217e-06
-2.66232e-06
1.05992e-05
-3.48822e-06
1.16482e-05
-4.06747e-06
1.15942e-05
-4.40744e-06
1.05009e-05
-4.56469e-06
8.7396e-06
-4.61724e-06
6.70038e-06
-4.63904e-06
4.64065e-06
-4.67646e-06
2.66359e-06
-4.74158e-06
7.59739e-07
-4.84229e-06
-1.1285e-06
-4.99013e-06
-3.04183e-06
-5.21568e-06
-5.00739e-06
-5.57486e-06
-7.09047e-06
-6.07738e-06
-9.48058e-06
-6.4947e-06
-1.24825e-05
-6.07954e-06
-1.5934e-05
-3.88841e-06
-1.73371e-05
-9.8562e-06
-2.24111e-07
5.09418e-06
-8.70201e-07
9.28826e-06
-1.52999e-06
1.1259e-05
-2.05037e-06
1.21685e-05
-2.40217e-06
1.19459e-05
-2.60816e-06
1.07069e-05
-2.71566e-06
8.8471e-06
-2.77794e-06
6.76266e-06
-2.84087e-06
4.70358e-06
-2.92774e-06
2.75045e-06
-3.04163e-06
8.7363e-07
-3.18284e-06
-9.87289e-07
-3.35278e-06
-2.87188e-06
-3.56598e-06
-4.79419e-06
-3.87719e-06
-6.77927e-06
-4.36849e-06
-8.98928e-06
-4.97839e-06
-1.18726e-05
-5.09337e-06
-1.5819e-05
-3.53767e-06
-1.88928e-05
-1.33939e-05
1.60985e-07
4.9332e-06
-6.58353e-08
9.51508e-06
-3.92296e-07
1.15854e-05
-6.38084e-07
1.24143e-05
-7.88097e-07
1.2096e-05
-8.72867e-07
1.07917e-05
-9.32011e-07
8.90624e-06
-9.97808e-07
6.82846e-06
-1.08707e-06
4.79285e-06
-1.20719e-06
2.87057e-06
-1.35984e-06
1.02627e-06
-1.54702e-06
-8.00109e-07
-1.76826e-06
-2.65064e-06
-2.02358e-06
-4.53887e-06
-2.3444e-06
-6.45845e-06
-2.8281e-06
-8.50558e-06
-3.53344e-06
-1.11673e-05
-4.01105e-06
-1.53414e-05
-3.01621e-06
-1.98876e-05
-1.64101e-05
4.88159e-07
4.44504e-06
6.82771e-07
9.32047e-06
7.2594e-07
1.15422e-05
7.62814e-07
1.23775e-05
8.09936e-07
1.20488e-05
8.40822e-07
1.07608e-05
8.34582e-07
8.91248e-06
7.82692e-07
6.88035e-06
6.87605e-07
4.88793e-06
5.5231e-07
3.00587e-06
3.73317e-07
1.20527e-06
1.44694e-07
-5.71486e-07
-1.36282e-07
-2.36966e-06
-4.76658e-07
-4.1985e-06
-8.83972e-07
-6.05113e-06
-1.40915e-06
-7.9804e-06
-2.19983e-06
-1.03766e-05
-2.95714e-06
-1.45841e-05
-2.46277e-06
-2.0382e-05
-1.88728e-05
7.34346e-07
3.71069e-06
1.3198e-06
8.73502e-06
1.70642e-06
1.11556e-05
2.03304e-06
1.20508e-05
2.30581e-06
1.17761e-05
2.49202e-06
1.05746e-05
2.58131e-06
8.82319e-06
2.58421e-06
6.87745e-06
2.51629e-06
4.95586e-06
2.38721e-06
3.13495e-06
2.19193e-06
1.40055e-06
1.91701e-06
-2.96566e-07
1.56098e-06
-2.01364e-06
1.11865e-06
-3.75617e-06
5.83649e-07
-5.51613e-06
-1.00067e-07
-7.29668e-06
-9.75793e-07
-9.50089e-06
-1.94033e-06
-1.36196e-05
-1.93521e-06
-2.03871e-05
-2.08081e-05
8.43253e-07
2.86744e-06
1.76112e-06
7.81715e-06
2.48974e-06
1.0427e-05
3.12283e-06
1.14178e-05
3.66609e-06
1.12328e-05
4.07379e-06
1.01669e-05
4.32754e-06
8.56944e-06
4.44072e-06
6.76427e-06
4.43788e-06
4.95869e-06
4.33651e-06
3.23632e-06
4.13653e-06
1.60053e-06
3.81307e-06
2.68868e-08
3.37582e-06
-1.57639e-06
2.80479e-06
-3.18514e-06
2.09865e-06
-4.80999e-06
1.27181e-06
-6.46983e-06
2.28711e-07
-8.45779e-06
-9.91611e-07
-1.23993e-05
-1.44303e-06
-1.99357e-05
-2.22511e-05
7.791e-07
2.08834e-06
1.89643e-06
6.69982e-06
2.9185e-06
9.40493e-06
3.87812e-06
1.04581e-05
4.74587e-06
1.0365e-05
5.45362e-06
9.45914e-06
5.95983e-06
8.06323e-06
6.26643e-06
6.45767e-06
6.39553e-06
4.8296e-06
6.3677e-06
3.26415e-06
6.18452e-06
1.78371e-06
5.83953e-06
3.71872e-07
5.30871e-06
-1.04556e-06
4.59385e-06
-2.47028e-06
3.68727e-06
-3.90341e-06
2.61673e-06
-5.3993e-06
1.33519e-06
-7.17625e-06
-1.84988e-07
-1.08791e-05
-9.35809e-07
-1.91849e-05
-2.31869e-05
5.56499e-07
1.53184e-06
1.7031e-06
5.55321e-06
3.01268e-06
8.09536e-06
4.34056e-06
9.13026e-06
5.58963e-06
9.11598e-06
6.65996e-06
8.38881e-06
7.48398e-06
7.2392e-06
8.04757e-06
5.89408e-06
8.3635e-06
4.51367e-06
8.45045e-06
3.1772e-06
8.31649e-06
1.91768e-06
7.96087e-06
7.27489e-07
7.34127e-06
-4.2597e-07
6.47425e-06
-1.60326e-06
5.34717e-06
-2.77632e-06
4.00182e-06
-4.05395e-06
2.50016e-06
-5.67459e-06
9.03107e-07
-9.28202e-06
-1.69598e-07
-1.81122e-05
-2.33565e-05
1.39774e-07
1.39207e-06
9.935e-07
4.69949e-06
2.43679e-06
6.65207e-06
4.12737e-06
7.43968e-06
5.82353e-06
7.41981e-06
7.33832e-06
6.87402e-06
8.56726e-06
6.01027e-06
9.4793e-06
4.98204e-06
1.00691e-05
3.9239e-06
1.03498e-05
2.8965e-06
1.03279e-05
1.93957e-06
1.00106e-05
1.0448e-06
9.3597e-06
2.24899e-07
8.38667e-06
-6.30228e-07
7.09005e-06
-1.4797e-06
5.51911e-06
-2.48301e-06
3.82978e-06
-3.98526e-06
2.19159e-06
-7.64382e-06
6.34098e-07
-1.65547e-05
-2.27224e-05
-5.0871e-07
1.90078e-06
1.81764e-07
4.00901e-06
1.69591e-06
5.13792e-06
3.71649e-06
5.4191e-06
5.83406e-06
5.30224e-06
7.76544e-06
4.94263e-06
9.37261e-06
4.4031e-06
1.06136e-05
3.74106e-06
1.14697e-05
3.06781e-06
1.19586e-05
2.40756e-06
1.20854e-05
1.81277e-06
1.18714e-05
1.25883e-06
1.13358e-05
7.60456e-07
1.04586e-05
2.47031e-07
9.24409e-06
-2.65218e-07
7.75748e-06
-9.96397e-07
6.18491e-06
-2.41269e-06
4.41219e-06
-5.87111e-06
2.03708e-06
-1.41796e-05
-2.06853e-05
-4.17021e-06
6.07099e-06
-3.63927e-06
3.47807e-06
-1.2728e-06
2.77145e-06
1.4879e-06
2.6584e-06
4.18968e-06
2.60046e-06
6.69047e-06
2.44185e-06
8.87991e-06
2.21365e-06
1.06984e-05
1.92258e-06
1.21281e-05
1.63809e-06
1.31956e-05
1.34008e-06
1.3918e-05
1.09034e-06
1.43396e-05
8.37257e-07
1.44504e-05
6.49638e-07
1.42631e-05
4.34356e-07
1.37634e-05
2.34447e-07
1.29659e-05
-1.98823e-07
1.18653e-05
-1.31215e-06
1.00889e-05
-4.09467e-06
5.62825e-06
-9.71892e-06
-1.50571e-05
6.07099e-06
9.54906e-06
1.23205e-05
1.49789e-05
1.75794e-05
2.00212e-05
2.22349e-05
2.41574e-05
2.57955e-05
2.71356e-05
2.82259e-05
2.90632e-05
2.97128e-05
3.01472e-05
3.03816e-05
3.01828e-05
2.88707e-05
2.4776e-05
1.50571e-05
)
;

boundaryField
{
    movingWall
    {
        type            calculated;
        value           uniform 0;
    }
    fixedWalls
    {
        type            calculated;
        value           uniform 0;
    }
    frontAndBack
    {
        type            empty;
        value           nonuniform List<scalar> 0();
    }
}


// ************************************************************************* //
