/*--------------------------------*- C++ -*----------------------------------*\
| =========                 |                                                 |
| \\      /  F ield         | OpenFOAM: The Open Source CFD Toolbox           |
|  \\    /   O peration     | Version:  2212                                  |
|   \\  /    A nd           | Website:  www.openfoam.com                      |
|    \\/     M anipulation  |                                                 |
\*---------------------------------------------------------------------------*/
FoamFile
{
    version     2.0;
    format      ascii;
    arch        "LSB;label=32;scalar=64";
    class       surfaceScalarField;
    location    "1.84";
    object      phi;
}
// * * * * * * * * * * * * * * * * * * * * * * * * * * * * * * * * * * * * * //

dimensions      [0 3 -1 0 0 0 0];

oriented        oriented;

internalField   nonuniform List<scalar> 
760
(
8.22127e-08
-8.22154e-08
1.33465e-07
-5.12525e-08
1.12001e-07
2.14645e-08
-2.31012e-09
1.14311e-07
-2.41989e-07
2.39678e-07
-6.52855e-07
4.10867e-07
-1.26146e-06
6.08599e-07
-2.02782e-06
7.66364e-07
-2.8223e-06
7.94476e-07
-3.46356e-06
6.4127e-07
-3.79063e-06
3.27067e-07
-3.7109e-06
-7.97273e-08
-3.13889e-06
-5.7201e-07
-2.16173e-06
-9.77164e-07
-9.69894e-07
-1.19184e-06
1.2122e-07
-1.09111e-06
7.95708e-07
-6.74488e-07
8.11922e-07
-1.62141e-08
3.74998e-07
4.36924e-07
3.74998e-07
1.27744e-08
-9.49897e-08
-1.13491e-07
7.50135e-08
-4.37334e-07
3.45308e-07
-1.02843e-06
7.05409e-07
-1.94245e-06
1.1537e-06
-3.16261e-06
1.63103e-06
-4.55287e-06
1.99885e-06
-5.88498e-06
2.09848e-06
-6.93795e-06
1.84745e-06
-7.5676e-06
1.27092e-06
-7.70496e-06
4.64426e-07
-7.30398e-06
-4.80707e-07
-6.39012e-06
-1.48588e-06
-4.99026e-06
-2.37703e-06
-3.23388e-06
-2.94821e-06
-1.39288e-06
-2.93212e-06
5.79904e-08
-2.12536e-06
6.90481e-07
-6.48705e-07
4.40924e-07
6.86481e-07
8.15922e-07
-1.7427e-07
7.92802e-08
-6.24415e-07
5.25159e-07
-1.38468e-06
1.10557e-06
-2.51367e-06
1.8344e-06
-3.98933e-06
2.62937e-06
-5.65128e-06
3.29297e-06
-7.25463e-06
3.6022e-06
-8.59387e-06
3.43772e-06
-9.56427e-06
2.81785e-06
-1.01259e-05
1.83259e-06
-1.0239e-05
5.77437e-07
-9.89754e-06
-8.22121e-07
-9.10894e-06
-2.27447e-06
-7.8295e-06
-3.65647e-06
-6.04496e-06
-4.73275e-06
-3.85994e-06
-5.11714e-06
-1.63511e-06
-4.35019e-06
-7.57105e-08
-2.20811e-06
2.7111e-07
3.39661e-07
1.08703e-06
-4.12367e-07
4.91648e-07
-1.23666e-06
1.34945e-06
-2.41292e-06
2.28183e-06
-3.93699e-06
3.35847e-06
-5.68602e-06
4.3784e-06
-7.43432e-06
5.04127e-06
-8.96787e-06
5.13575e-06
-1.01732e-05
4.64309e-06
-1.10306e-05
3.67521e-06
-1.15521e-05
2.3541e-06
-1.1723e-05
7.4832e-07
-1.15611e-05
-9.84042e-07
-1.10619e-05
-2.77366e-06
-1.01327e-05
-4.58568e-06
-8.66018e-06
-6.20524e-06
-6.53991e-06
-7.23741e-06
-3.84985e-06
-7.04025e-06
-1.18754e-06
-4.87041e-06
1.16786e-07
-9.64668e-07
1.20382e-06
-6.40831e-07
1.13248e-06
-1.7719e-06
2.48052e-06
-3.22172e-06
3.73165e-06
-4.9117e-06
5.04845e-06
-6.66102e-06
6.12771e-06
-8.25272e-06
6.63297e-06
-9.54564e-06
6.42867e-06
-1.05039e-05
5.60131e-06
-1.11533e-05
4.32465e-06
-1.15432e-05
2.74398e-06
-1.17321e-05
9.37251e-07
-1.17382e-05
-9.77936e-07
-1.1554e-05
-2.95789e-06
-1.11011e-05
-5.03854e-06
-1.02108e-05
-7.09556e-06
-8.62508e-06
-8.82314e-06
-6.10726e-06
-9.55806e-06
-2.81705e-06
-8.16063e-06
-2.19779e-07
-3.56194e-06
9.8404e-07
-7.83878e-07
1.91636e-06
-2.07728e-06
3.77392e-06
-3.60518e-06
5.25955e-06
-5.2345e-06
6.67778e-06
-6.77722e-06
7.67043e-06
-8.06521e-06
7.92096e-06
-9.02166e-06
7.38512e-06
-9.65976e-06
6.23941e-06
-1.00395e-05
4.70438e-06
-1.0242e-05
2.9465e-06
-1.03691e-05
1.06434e-06
-1.04607e-05
-8.86322e-07
-1.05061e-05
-2.91246e-06
-1.04844e-05
-5.06026e-06
-1.0249e-05
-7.33103e-06
-9.4841e-06
-9.588e-06
-7.73866e-06
-1.13035e-05
-4.6874e-06
-1.12119e-05
-1.00165e-06
-7.24769e-06
-1.7608e-08
-7.9887e-07
2.71523e-06
-2.08381e-06
5.05886e-06
-3.51092e-06
6.68666e-06
-4.92223e-06
8.08909e-06
-6.15946e-06
8.90766e-06
-7.10776e-06
8.86925e-06
-7.73896e-06
8.01633e-06
-8.09739e-06
6.59784e-06
-8.26423e-06
4.87122e-06
-8.33046e-06
3.01273e-06
-8.38175e-06
1.11563e-06
-8.46699e-06
-8.0108e-07
-8.5994e-06
-2.78006e-06
-8.80084e-06
-4.85882e-06
-9.01536e-06
-7.1165e-06
-8.99852e-06
-9.60485e-06
-8.23434e-06
-1.20677e-05
-6.03472e-06
-1.34115e-05
-2.14764e-06
-1.11348e-05
-2.16525e-06
-6.83817e-07
3.39905e-06
-1.81072e-06
6.18577e-06
-3.01572e-06
7.89166e-06
-4.13644e-06
9.20981e-06
-5.05705e-06
9.82827e-06
-5.71181e-06
9.52402e-06
-6.10626e-06
8.41077e-06
-6.3005e-06
6.79209e-06
-6.37783e-06
4.94854e-06
-6.41547e-06
3.05037e-06
-6.45952e-06
1.15968e-06
-6.52986e-06
-7.30742e-07
-6.6539e-06
-2.65602e-06
-6.87924e-06
-4.63347e-06
-7.23633e-06
-6.75941e-06
-7.62776e-06
-9.21342e-06
-7.6114e-06
-1.2084e-05
-6.3714e-06
-1.46515e-05
-3.2517e-06
-1.42545e-05
-5.41695e-06
-4.67831e-07
3.86688e-06
-1.33513e-06
7.05306e-06
-2.25533e-06
8.81187e-06
-3.07079e-06
1.00253e-05
-3.7068e-06
1.04643e-05
-4.13805e-06
9.95527e-06
-4.38984e-06
8.66257e-06
-4.52224e-06
6.92449e-06
-4.60416e-06
5.03046e-06
-4.68321e-06
3.12942e-06
-4.77028e-06
1.24676e-06
-4.85797e-06
-6.43055e-07
-4.96361e-06
-2.55038e-06
-5.13211e-06
-4.46497e-06
-5.45149e-06
-6.44003e-06
-5.94983e-06
-8.71508e-06
-6.3699e-06
-1.1664e-05
-5.9254e-06
-1.5096e-05
-3.7239e-06
-1.6456e-05
-9.14085e-06
-1.90681e-07
4.05756e-06
-7.41091e-07
7.60347e-06
-1.35185e-06
9.42262e-06
-1.87318e-06
1.05466e-05
-2.26207e-06
1.08532e-05
-2.52322e-06
1.02164e-05
-2.68899e-06
8.82834e-06
-2.80644e-06
7.04194e-06
-2.91934e-06
5.14336e-06
-3.04916e-06
3.25924e-06
-3.1898e-06
1.3874e-06
-3.32276e-06
-5.10095e-07
-3.4477e-06
-2.42543e-06
-3.58866e-06
-4.32402e-06
-3.83336e-06
-6.19532e-06
-4.30689e-06
-8.24155e-06
-4.93541e-06
-1.10354e-05
-5.04531e-06
-1.49861e-05
-3.47884e-06
-1.80224e-05
-1.26197e-05
9.61817e-08
3.96138e-06
-1.09126e-07
7.80878e-06
-4.14517e-07
9.72801e-06
-6.63462e-07
1.07955e-05
-8.31283e-07
1.1021e-05
-9.39033e-07
1.03242e-05
-1.02274e-06
8.91205e-06
-1.11608e-06
7.13527e-06
-1.23792e-06
5.2652e-06
-1.39046e-06
3.41178e-06
-1.56585e-06
1.56279e-06
-1.75149e-06
-3.24456e-07
-1.93642e-06
-2.2405e-06
-2.12468e-06
-4.13576e-06
-2.36892e-06
-5.95108e-06
-2.81505e-06
-7.79543e-06
-3.53759e-06
-1.03129e-05
-4.02316e-06
-1.45006e-05
-3.00898e-06
-1.90366e-05
-1.56287e-05
3.31867e-07
3.62951e-06
4.63014e-07
7.67763e-06
4.82764e-07
9.70826e-06
5.15033e-07
1.07633e-05
5.72241e-07
1.09638e-05
6.23423e-07
1.0273e-05
6.35366e-07
8.90011e-06
5.93159e-07
7.17748e-06
4.97635e-07
5.36072e-06
3.56483e-07
3.55293e-06
1.74725e-07
1.74455e-06
-4.86046e-08
-1.01127e-07
-3.09189e-07
-1.97992e-06
-6.06348e-07
-3.8386e-06
-9.57361e-07
-5.60007e-06
-1.44322e-06
-7.30957e-06
-2.24616e-06
-9.50995e-06
-3.01762e-06
-1.37291e-05
-2.4974e-06
-1.95568e-05
-1.81261e-05
5.02569e-07
3.12694e-06
9.40768e-07
7.23944e-06
1.26077e-06
9.38826e-06
1.57779e-06
1.04463e-05
1.88808e-06
1.06535e-05
2.13401e-06
1.00271e-05
2.28115e-06
8.75296e-06
2.32979e-06
7.12883e-06
2.29686e-06
5.39366e-06
2.19491e-06
3.65488e-06
2.02123e-06
1.91823e-06
1.75684e-06
1.63263e-07
1.41309e-06
-1.63617e-06
9.8805e-07
-3.41356e-06
4.82979e-07
-5.095e-06
-1.76231e-07
-6.65036e-06
-1.06776e-06
-8.61842e-06
-2.05308e-06
-1.27438e-05
-1.99316e-06
-1.96167e-05
-2.01192e-05
5.73302e-07
2.55364e-06
1.25946e-06
6.55327e-06
1.86239e-06
8.78534e-06
2.45987e-06
9.84878e-06
3.03738e-06
1.0076e-05
3.52331e-06
9.54114e-06
3.86757e-06
8.4087e-06
4.06522e-06
6.93118e-06
4.13613e-06
5.32275e-06
4.09672e-06
3.69428e-06
3.94237e-06
2.07259e-06
3.65622e-06
4.49414e-07
3.22363e-06
-1.20358e-06
2.65091e-06
-2.84084e-06
1.94618e-06
-4.39027e-06
1.12698e-06
-5.83116e-06
7.53798e-08
-7.56682e-06
-1.14726e-06
-1.15211e-05
-1.51932e-06
-1.92447e-05
-2.16385e-05
5.19585e-07
2.03405e-06
1.32983e-06
5.74303e-06
2.16093e-06
7.95423e-06
3.03223e-06
8.97748e-06
3.90474e-06
9.20346e-06
4.68318e-06
8.7627e-06
5.29187e-06
7.80002e-06
5.70667e-06
6.51637e-06
5.9374e-06
5.09202e-06
5.99894e-06
3.63275e-06
5.88935e-06
2.18217e-06
5.58964e-06
7.49128e-07
5.07375e-06
-6.87697e-07
4.35535e-06
-2.12244e-06
3.43988e-06
-3.4748e-06
2.3787e-06
-4.76998e-06
1.11788e-06
-6.306e-06
-3.35689e-07
-1.00676e-05
-1.04352e-06
-1.85369e-05
-2.26821e-05
3.53602e-07
1.68045e-06
1.14705e-06
4.94959e-06
2.1747e-06
6.92658e-06
3.31794e-06
7.83423e-06
4.49671e-06
8.0247e-06
5.59262e-06
7.66678e-06
6.50334e-06
6.88929e-06
7.18054e-06
5.83918e-06
7.61534e-06
4.65721e-06
7.8134e-06
3.43469e-06
7.77388e-06
2.22169e-06
7.48861e-06
1.0344e-06
6.89971e-06
-9.87955e-08
6.04734e-06
-1.27007e-06
4.9256e-06
-2.35306e-06
3.6127e-06
-3.45708e-06
2.16747e-06
-4.86078e-06
6.14104e-07
-8.5142e-06
-3.23886e-07
-1.75989e-05
-2.3006e-05
7.65844e-09
1.67279e-06
5.24787e-07
4.43246e-06
1.6222e-06
5.82917e-06
3.03257e-06
6.42386e-06
4.55566e-06
6.50161e-06
6.01373e-06
6.20871e-06
7.2736e-06
5.62943e-06
8.26756e-06
4.84522e-06
8.96149e-06
3.96329e-06
9.35007e-06
3.04612e-06
9.42047e-06
2.15129e-06
9.17103e-06
1.28383e-06
8.59688e-06
4.75354e-07
7.65311e-06
-3.26303e-07
6.40443e-06
-1.10437e-06
4.91539e-06
-1.96805e-06
3.37192e-06
-3.31731e-06
1.89137e-06
-7.03365e-06
5.14439e-07
-1.62219e-05
-2.24915e-05
-4.42202e-07
2.115e-06
-6.70703e-08
4.05733e-06
1.00318e-06
4.75891e-06
2.58774e-06
4.8393e-06
4.38043e-06
4.70893e-06
6.13054e-06
4.4586e-06
7.67677e-06
4.08319e-06
8.94094e-06
3.58105e-06
9.86897e-06
3.03526e-06
1.04551e-05
2.45999e-06
1.06846e-05
1.92182e-06
1.05713e-05
1.39708e-06
1.01092e-05
9.37484e-07
9.31542e-06
4.67468e-07
8.23801e-06
-2.69649e-08
6.92331e-06
-6.53338e-07
5.59536e-06
-1.98936e-06
4.07378e-06
-5.51207e-06
1.89445e-06
-1.40426e-05
-2.05971e-05
-4.09794e-06
6.21294e-06
-3.67692e-06
3.6363e-06
-1.64541e-06
2.7274e-06
7.02701e-07
2.49119e-06
3.03667e-06
2.37496e-06
5.27007e-06
2.2252e-06
7.30748e-06
2.04579e-06
9.07494e-06
1.81359e-06
1.05252e-05
1.58501e-06
1.16571e-05
1.32812e-06
1.24667e-05
1.11213e-06
1.29846e-05
8.79232e-07
1.32073e-05
7.14739e-07
1.31653e-05
5.09532e-07
1.28048e-05
3.33497e-07
1.21799e-05
-2.83873e-08
1.13421e-05
-1.15155e-06
9.83662e-06
-4.00664e-06
5.52315e-06
-9.72914e-06
-1.50739e-05
6.21294e-06
9.84924e-06
1.25766e-05
1.50678e-05
1.74428e-05
1.9668e-05
2.17138e-05
2.35274e-05
2.51124e-05
2.64405e-05
2.75526e-05
2.84319e-05
2.91466e-05
2.96561e-05
2.99896e-05
2.99612e-05
2.88097e-05
2.4803e-05
1.50739e-05
)
;

boundaryField
{
    movingWall
    {
        type            calculated;
        value           uniform 0;
    }
    fixedWalls
    {
        type            calculated;
        value           uniform 0;
    }
    frontAndBack
    {
        type            empty;
        value           nonuniform List<scalar> 0();
    }
}


// ************************************************************************* //
