/*--------------------------------*- C++ -*----------------------------------*\
| =========                 |                                                 |
| \\      /  F ield         | OpenFOAM: The Open Source CFD Toolbox           |
|  \\    /   O peration     | Version:  2212                                  |
|   \\  /    A nd           | Website:  www.openfoam.com                      |
|    \\/     M anipulation  |                                                 |
\*---------------------------------------------------------------------------*/
FoamFile
{
    version     2.0;
    format      ascii;
    arch        "LSB;label=32;scalar=64";
    class       volScalarField;
    location    "1.235";
    object      p;
}
// * * * * * * * * * * * * * * * * * * * * * * * * * * * * * * * * * * * * * //

dimensions      [0 2 -2 0 0 0 0];

internalField   nonuniform List<scalar> 
400
(
6.82563e-10
-0.000106698
-0.000246114
-0.000428918
-0.000647741
-0.000872101
-0.00104603
-0.00108791
-0.000898029
-0.000382823
0.000505198
0.00173371
0.00317246
0.00443279
0.00514265
0.00512032
0.00439047
0.00354968
0.00296389
0.00284729
0.000118343
7.67783e-06
-0.000106131
-0.000259226
-0.000450932
-0.000657716
-0.000843492
-0.000952818
-0.000896731
-0.00055897
0.000158739
0.00127532
0.0026283
0.00388494
0.00464717
0.00468094
0.00407587
0.00323528
0.00273351
0.00267459
0.000238129
9.55358e-05
-2.00385e-05
-0.00019005
-0.000435878
-0.000756304
-0.00114007
-0.00154096
-0.00184329
-0.00185916
-0.00139248
-0.000374017
0.00102342
0.00248243
0.00357354
0.00394542
0.00357681
0.00285028
0.00218083
0.00206292
0.000250468
7.51577e-05
-6.50273e-05
-0.00030144
-0.000690615
-0.00127656
-0.00209388
-0.00311009
-0.00416149
-0.00493496
-0.00506557
-0.00438121
-0.00303113
-0.0012443
0.000569755
0.00191383
0.00244078
0.00219449
0.00152371
0.00105416
2.36125e-05
-0.000185225
-0.000380625
-0.000745852
-0.00139095
-0.00244138
-0.00401055
-0.0060691
-0.00832946
-0.0102576
-0.0113
-0.0111966
-0.0100421
-0.00796752
-0.00529104
-0.00252465
-0.000295553
0.000850708
0.000811848
-0.000458757
-0.000549721
-0.000797274
-0.00108754
-0.0016565
-0.00269021
-0.00442885
-0.00706279
-0.0104927
-0.0142033
-0.0174155
-0.0194755
-0.0200782
-0.0191801
-0.0169317
-0.0135713
-0.00945201
-0.00519473
-0.00185409
-0.000616982
-0.0024257
-0.00152083
-0.0018144
-0.00224104
-0.0030839
-0.00461293
-0.00718123
-0.0110036
-0.0158211
-0.0208157
-0.0249921
-0.0277051
-0.0287079
-0.0279643
-0.0257132
-0.0221656
-0.0174277
-0.0117495
-0.00621587
-0.00318117
-0.0040943
-0.00286323
-0.00320494
-0.00379378
-0.00494226
-0.00698432
-0.0103439
-0.0151954
-0.0210987
-0.0269661
-0.0316624
-0.0345988
-0.0356433
-0.0349023
-0.0326668
-0.0292087
-0.024549
-0.018546
-0.0117125
-0.00644433
-0.00450771
-0.00446806
-0.00484671
-0.00559108
-0.0070155
-0.00947736
-0.0134211
-0.0189593
-0.0255329
-0.0318931
-0.0368425
-0.0398412
-0.0408266
-0.0399933
-0.0376715
-0.0342564
-0.0298974
-0.0243008
-0.0172772
-0.0102605
-0.00556516
-0.00617353
-0.00655757
-0.00741428
-0.00902605
-0.0117307
-0.0159629
-0.0217959
-0.0286524
-0.0352356
-0.0403281
-0.0433902
-0.0443384
-0.0434046
-0.0409078
-0.0373937
-0.0332509
-0.0283082
-0.0219223
-0.0146197
-0.00828515
-0.0078143
-0.00815465
-0.00905162
-0.0107209
-0.0134534
-0.0176648
-0.0234241
-0.030218
-0.0367941
-0.0419485
-0.0450934
-0.0461129
-0.045043
-0.0423549
-0.0386638
-0.0346339
-0.0303407
-0.0249435
-0.0184476
-0.0117249
-0.00924484
-0.00950582
-0.0103466
-0.0119195
-0.014471
-0.0183838
-0.0237498
-0.0301358
-0.0364444
-0.0415294
-0.0447084
-0.045754
-0.0446887
-0.0419245
-0.0380814
-0.0341626
-0.0304723
-0.0260556
-0.0206429
-0.0141052
-0.0104011
-0.0105452
-0.0112207
-0.012547
-0.0147405
-0.018118
-0.0228097
-0.0284915
-0.0342767
-0.0391104
-0.0422359
-0.0433139
-0.0423419
-0.0396517
-0.0359559
-0.0321557
-0.0289797
-0.0252991
-0.0208368
-0.0144713
-0.011272
-0.0112771
-0.011682
-0.0126185
-0.0143037
-0.0169991
-0.0208466
-0.0256427
-0.0307105
-0.0351235
-0.0381065
-0.0392386
-0.0384661
-0.0360494
-0.0326632
-0.0291498
-0.0262788
-0.023069
-0.0194906
-0.0128096
-0.0118921
-0.0117521
-0.0117964
-0.0122335
-0.013332
-0.0153208
-0.0183232
-0.022217
-0.0265032
-0.0304093
-0.0331986
-0.0343983
-0.0338967
-0.0318675
-0.0288917
-0.0257123
-0.0230661
-0.0200556
-0.017693
-0.00942259
-0.0123482
-0.0120535
-0.0115934
-0.0114432
-0.0119585
-0.0133356
-0.0156521
-0.0188079
-0.0224252
-0.0258766
-0.0284959
-0.0297802
-0.0295644
-0.0279615
-0.025397
-0.0224946
-0.0199354
-0.0169262
-0.015799
-0.00322719
-0.0126883
-0.0122913
-0.0112022
-0.0104307
-0.0104167
-0.0113282
-0.0131818
-0.0158518
-0.0190229
-0.0221728
-0.0247177
-0.0261515
-0.0262445
-0.0249951
-0.0227484
-0.0199314
-0.0171304
-0.0136876
-0.0109335
0.0111405
-0.013933
-0.0125905
-0.0104042
-0.00900875
-0.00864343
-0.00932185
-0.0109763
-0.0134408
-0.0164338
-0.0194888
-0.0220982
-0.0237455
-0.0241686
-0.0232322
-0.0211516
-0.0180145
-0.0141164
-0.00753512
0.0052029
0.0463814
-0.0124283
-0.0134978
-0.0102024
-0.00799231
-0.00725097
-0.00778982
-0.00939551
-0.0118296
-0.01484
-0.0179566
-0.0207411
-0.0226343
-0.0233846
-0.022662
-0.0204738
-0.0160769
-0.00815796
0.00880696
0.0449674
0.115595
-0.029958
-0.0134882
-0.00672092
-0.00473159
-0.00456
-0.0054207
-0.00723847
-0.00984862
-0.0130242
-0.0162903
-0.0192426
-0.0213528
-0.0223619
-0.0217808
-0.0190012
-0.0118651
0.00399669
0.0392987
0.107841
0.212124
)
;

boundaryField
{
    movingWall
    {
        type            zeroGradient;
    }
    fixedWalls
    {
        type            zeroGradient;
    }
    frontAndBack
    {
        type            empty;
    }
}


// ************************************************************************* //
