/*--------------------------------*- C++ -*----------------------------------*\
| =========                 |                                                 |
| \\      /  F ield         | OpenFOAM: The Open Source CFD Toolbox           |
|  \\    /   O peration     | Version:  2212                                  |
|   \\  /    A nd           | Website:  www.openfoam.com                      |
|    \\/     M anipulation  |                                                 |
\*---------------------------------------------------------------------------*/
FoamFile
{
    version     2.0;
    format      ascii;
    arch        "LSB;label=32;scalar=64";
    class       volVectorField;
    location    "0.675";
    object      U;
}
// * * * * * * * * * * * * * * * * * * * * * * * * * * * * * * * * * * * * * //

dimensions      [0 1 -1 0 0 0 0];

internalField   nonuniform List<vector> 
400
(
(-0.00024811 0.000200805 0)
(-0.00153886 0.00065788 0)
(-0.00380627 0.000842835 0)
(-0.00630129 0.000905768 0)
(-0.00890436 0.000955426 0)
(-0.0116324 0.00102297 0)
(-0.0145046 0.00110619 0)
(-0.0175056 0.00118716 0)
(-0.0205523 0.00123258 0)
(-0.0234548 0.00118898 0)
(-0.0258795 0.000983804 0)
(-0.0273341 0.000542059 0)
(-0.0272001 -0.00018086 0)
(-0.0249323 -0.00113681 0)
(-0.020397 -0.00206754 0)
(-0.0141562 -0.00260457 0)
(-0.00751437 -0.00243335 0)
(-0.00208163 -0.00154781 0)
(0.00080022 -0.000351995 0)
(0.000731923 0.000530236 0)
(-0.000867606 0.00163838 0)
(-0.00396294 0.00356308 0)
(-0.00877176 0.00435296 0)
(-0.0140367 0.0046742 0)
(-0.0195167 0.00489653 0)
(-0.0251894 0.00512517 0)
(-0.0310137 0.00533959 0)
(-0.0368792 0.00545164 0)
(-0.042553 0.00531373 0)
(-0.0476281 0.00471605 0)
(-0.0514914 0.00340813 0)
(-0.0533475 0.00117253 0)
(-0.0523117 -0.00203771 0)
(-0.0476335 -0.00587628 0)
(-0.0392008 -0.00941139 0)
(-0.0279736 -0.0113366 0)
(-0.0160291 -0.0105678 0)
(-0.00604349 -0.00712488 0)
(-0.000191403 -0.0024422 0)
(0.00074512 0.00105035 0)
(-0.00123423 0.00447251 0)
(-0.00538765 0.0086457 0)
(-0.0116356 0.0103409 0)
(-0.0184092 0.0110717 0)
(-0.025422 0.0115364 0)
(-0.0326364 0.0119288 0)
(-0.0399777 0.0121955 0)
(-0.0472929 0.0121444 0)
(-0.0542977 0.0114725 0)
(-0.060524 0.0097755 0)
(-0.0652842 0.0065976 0)
(-0.0676765 0.00156975 0)
(-0.0666258 -0.0053366 0)
(-0.0611075 -0.0134401 0)
(-0.0507105 -0.0209246 0)
(-0.0363361 -0.0250941 0)
(-0.0205283 -0.0235418 0)
(-0.00706695 -0.0161602 0)
(0.000425865 -0.00604369 0)
(0.00112907 0.001372 0)
(-0.00139447 0.00784328 0)
(-0.00607338 0.014602 0)
(-0.0130695 0.0172923 0)
(-0.0206193 0.0184604 0)
(-0.0284276 0.0191812 0)
(-0.0364769 0.0197464 0)
(-0.0447151 0.020072 0)
(-0.0530252 0.0198681 0)
(-0.0611786 0.0186847 0)
(-0.0687769 0.0159256 0)
(-0.0751864 0.0109016 0)
(-0.0794723 0.00299653 0)
(-0.0803291 -0.00798442 0)
(-0.0760907 -0.0212947 0)
(-0.0653851 -0.0342036 0)
(-0.0484714 -0.0421407 0)
(-0.0279782 -0.0403979 0)
(-0.00889996 -0.0278923 0)
(0.001877 -0.0100436 0)
(0.00197895 0.00277009 0)
(-0.00142512 0.0114352 0)
(-0.00627731 0.0209493 0)
(-0.0135704 0.0246907 0)
(-0.0214553 0.0263295 0)
(-0.0296525 0.0273591 0)
(-0.0381948 0.0281901 0)
(-0.0471048 0.0287308 0)
(-0.0563781 0.0286222 0)
(-0.0659467 0.0272981 0)
(-0.0756303 0.0239919 0)
(-0.085036 0.0177381 0)
(-0.0933512 0.00746086 0)
(-0.0990239 -0.00761551 0)
(-0.0992927 -0.027021 0)
(-0.0909438 -0.0475915 0)
(-0.0729418 -0.0623745 0)
(-0.0471749 -0.0631611 0)
(-0.0185967 -0.0458326 0)
(0.00166561 -0.0165174 0)
(0.00315315 0.00536415 0)
(-0.00136905 0.0150331 0)
(-0.00615353 0.0273817 0)
(-0.0134359 0.0322339 0)
(-0.0213647 0.0344057 0)
(-0.0296908 0.0358465 0)
(-0.0385167 0.0371234 0)
(-0.0479823 0.0381813 0)
(-0.0582632 0.0386483 0)
(-0.0695611 0.0379132 0)
(-0.0821098 0.0351206 0)
(-0.09608 0.0290584 0)
(-0.111044 0.0179126 0)
(-0.124916 -0.000533566 0)
(-0.133207 -0.0270572 0)
(-0.130304 -0.0583008 0)
(-0.113922 -0.0845187 0)
(-0.0845413 -0.0932835 0)
(-0.044405 -0.0754467 0)
(-0.00492968 -0.0307163 0)
(0.00447001 0.00740581 0)
(-0.0012484 0.0184703 0)
(-0.00578515 0.0336557 0)
(-0.0128227 0.0396743 0)
(-0.0205617 0.0424553 0)
(-0.0287847 0.0444353 0)
(-0.0376682 0.0463873 0)
(-0.0474894 0.0483602 0)
(-0.0586509 0.0500653 0)
(-0.0717088 0.0509808 0)
(-0.0874777 0.0503269 0)
(-0.107018 0.0467033 0)
(-0.130508 0.0370388 0)
(-0.154516 0.0161339 0)
(-0.171416 -0.0198122 0)
(-0.174501 -0.0656794 0)
(-0.162592 -0.107928 0)
(-0.134131 -0.130946 0)
(-0.0869545 -0.120919 0)
(-0.0265715 -0.0632114 0)
(0.0042497 0.00471374 0)
(-0.00107618 0.0216157 0)
(-0.00521813 0.0395733 0)
(-0.0118087 0.046796 0)
(-0.0191308 0.0502476 0)
(-0.0269846 0.052876 0)
(-0.0356009 0.0557169 0)
(-0.045381 0.0590077 0)
(-0.0569494 0.0626727 0)
(-0.0712066 0.0664531 0)
(-0.089493 0.0697577 0)
(-0.113634 0.0707028 0)
(-0.144034 0.0637875 0)
(-0.175203 0.0394973 0)
(-0.195765 -0.00822108 0)
(-0.201885 -0.0717887 0)
(-0.196419 -0.131151 0)
(-0.175296 -0.172937 0)
(-0.133107 -0.180824 0)
(-0.0676067 -0.125611 0)
(-0.00102053 -0.0115107 0)
(-0.000864755 0.0243637 0)
(-0.00449061 0.0449651 0)
(-0.0104511 0.0533929 0)
(-0.0171206 0.0575275 0)
(-0.0242854 0.0608396 0)
(-0.0321831 0.0646784 0)
(-0.0412686 0.069548 0)
(-0.0522801 0.0757008 0)
(-0.0662598 0.0832429 0)
(-0.0846571 0.0915959 0)
(-0.109411 0.0975587 0)
(-0.140385 0.0922114 0)
(-0.170286 0.0627529 0)
(-0.188649 0.00416638 0)
(-0.194861 -0.0720187 0)
(-0.194903 -0.144482 0)
(-0.185624 -0.205126 0)
(-0.159586 -0.238995 0)
(-0.108164 -0.206027 0)
(-0.0175815 -0.0492503 0)
(-0.000632978 0.0266359 0)
(-0.00365825 0.0496901 0)
(-0.00883642 0.0592682 0)
(-0.0146252 0.064016 0)
(-0.0207559 0.0679189 0)
(-0.0274042 0.0726652 0)
(-0.0349612 0.0790544 0)
(-0.044072 0.0876791 0)
(-0.0555801 0.0989277 0)
(-0.0704951 0.111875 0)
(-0.090284 0.121547 0)
(-0.11461 0.116314 0)
(-0.136652 0.0824802 0)
(-0.148613 0.0176508 0)
(-0.15303 -0.0627023 0)
(-0.157063 -0.140904 0)
(-0.158606 -0.213327 0)
(-0.14994 -0.274007 0)
(-0.11933 -0.281133 0)
(-0.0356319 -0.128675 0)
(-0.000410938 0.0283973 0)
(-0.00281186 0.0536531 0)
(-0.00711636 0.0642513 0)
(-0.0118428 0.0694363 0)
(-0.0166299 0.0736781 0)
(-0.02153 0.0789877 0)
(-0.0267569 0.0864089 0)
(-0.0326639 0.0967534 0)
(-0.0396471 0.110503 0)
(-0.0480792 0.126282 0)
(-0.0590343 0.137827 0)
(-0.0729748 0.132208 0)
(-0.0854777 0.0963727 0)
(-0.0919425 0.0300216 0)
(-0.0951988 -0.0503301 0)
(-0.101749 -0.12855 0)
(-0.111716 -0.203036 0)
(-0.116789 -0.280844 0)
(-0.106351 -0.333155 0)
(-0.0348801 -0.228789 0)
(-0.000243845 0.029685 0)
(-0.00209 0.0568514 0)
(-0.00552628 0.0682593 0)
(-0.0090964 0.0735941 0)
(-0.0123374 0.07777 0)
(-0.0151609 0.0830728 0)
(-0.0175672 0.0906845 0)
(-0.0195519 0.101454 0)
(-0.0210416 0.115833 0)
(-0.0218761 0.13221 0)
(-0.0229231 0.144155 0)
(-0.0258446 0.139063 0)
(-0.0294523 0.104356 0)
(-0.032454 0.039721 0)
(-0.0374218 -0.038768 0)
(-0.0469295 -0.114995 0)
(-0.0640611 -0.186086 0)
(-0.0794361 -0.269731 0)
(-0.0867928 -0.355008 0)
(-0.0223724 -0.298513 0)
(-0.000191649 0.0306268 0)
(-0.001674 0.0593613 0)
(-0.00438211 0.0712357 0)
(-0.00682732 0.0763245 0)
(-0.00846665 0.0799499 0)
(-0.00912221 0.0845956 0)
(-0.00864702 0.0914647 0)
(-0.00673998 0.101227 0)
(-0.00303546 0.114288 0)
(0.00295956 0.129277 0)
(0.0108379 0.140593 0)
(0.0180143 0.136926 0)
(0.0224356 0.106068 0)
(0.0231511 0.046646 0)
(0.0162127 -0.0268923 0)
(0.00401664 -0.0977551 0)
(-0.0197973 -0.163416 0)
(-0.0431844 -0.24888 0)
(-0.0685452 -0.363287 0)
(-0.0119212 -0.35071 0)
(-0.000351541 0.0315267 0)
(-0.00182755 0.0615733 0)
(-0.00406805 0.0735437 0)
(-0.00549812 0.0778708 0)
(-0.00559338 0.0803583 0)
(-0.00419431 0.0836804 0)
(-0.00118523 0.0889251 0)
(0.00394513 0.0966968 0)
(0.011849 0.107061 0)
(0.0230071 0.11901 0)
(0.0371202 0.128364 0)
(0.0515608 0.126197 0)
(0.0624467 0.101772 0)
(0.0669481 0.0519453 0)
(0.060707 -0.0137246 0)
(0.0473814 -0.0776988 0)
(0.0172193 -0.135096 0)
(-0.0101872 -0.217188 0)
(-0.0522472 -0.357488 0)
(-0.000585917 -0.390625 0)
(-0.000847504 0.0327602 0)
(-0.00288714 0.0635579 0)
(-0.00513111 0.0746348 0)
(-0.005746 0.077629 0)
(-0.00436218 0.0786443 0)
(-0.00111857 0.0802975 0)
(0.00412144 0.0835404 0)
(0.0117699 0.0888391 0)
(0.0223477 0.0959639 0)
(0.0363961 0.104006 0)
(0.0536832 0.110138 0)
(0.0720038 0.108339 0)
(0.0870372 0.0905064 0)
(0.0946996 0.0522406 0)
(0.0903642 -0.000584546 0)
(0.0768374 -0.0555313 0)
(0.0427567 -0.105653 0)
(0.015587 -0.18579 0)
(-0.0408836 -0.350835 0)
(0.0103705 -0.423711 0)
(-0.00193017 0.0349928 0)
(-0.00517986 0.0671772 0)
(-0.00777793 0.0773 0)
(-0.00771581 0.0777843 0)
(-0.00497425 0.0762732 0)
(-5.99669e-05 0.075616 0)
(0.00696544 0.0765444 0)
(0.0163681 0.0790661 0)
(0.0284956 0.0829008 0)
(0.0436808 0.0872038 0)
(0.0616876 0.0900758 0)
(0.0809294 0.087838 0)
(0.0976152 0.0754491 0)
(0.107568 0.04868 0)
(0.105309 0.0104688 0)
(0.0929396 -0.0328852 0)
(0.0586019 -0.0738094 0)
(0.0358551 -0.15246 0)
(-0.0311481 -0.343678 0)
(0.0243385 -0.453011 0)
(-0.00398677 0.0426978 0)
(-0.0115588 0.0703743 0)
(-0.0150951 0.0739754 0)
(-0.0131237 0.0721695 0)
(-0.00793845 0.0694824 0)
(-0.000938357 0.0675134 0)
(0.00770718 0.066745 0)
(0.018341 0.0670664 0)
(0.0312834 0.0682605 0)
(0.0466839 0.0696823 0)
(0.0642111 0.0702134 0)
(0.082692 0.0677029 0)
(0.0990488 0.05963 0)
(0.110146 0.0427809 0)
(0.109194 0.0183899 0)
(0.0991411 -0.0118451 0)
(0.0674932 -0.0454004 0)
(0.0515355 -0.126202 0)
(-0.0175094 -0.336883 0)
(0.0460131 -0.469277 0)
(-0.00320928 0.0367969 0)
(-0.0105777 0.0837531 0)
(-0.0189481 0.0858808 0)
(-0.0187657 0.0762237 0)
(-0.0136105 0.0683622 0)
(-0.00608205 0.0631616 0)
(0.00353166 0.0596145 0)
(0.015296 0.0571434 0)
(0.0292365 0.0555959 0)
(0.0451905 0.0543557 0)
(0.0625382 0.0531308 0)
(0.0806733 0.0503836 0)
(0.0964599 0.0456165 0)
(0.109709 0.036247 0)
(0.111399 0.02337 0)
(0.109397 0.00414166 0)
(0.084024 -0.0254057 0)
(0.0765206 -0.111254 0)
(0.0195931 -0.313684 0)
(0.0859173 -0.446714 0)
(-0.0979115 0.0961065 0)
(-0.0737882 0.076313 0)
(-0.0616362 0.0586354 0)
(-0.0368612 0.050911 0)
(-0.0136901 0.0453122 0)
(0.00907942 0.0407969 0)
(0.0307337 0.0371753 0)
(0.0531134 0.034198 0)
(0.0740456 0.0322066 0)
(0.0970823 0.0304207 0)
(0.116831 0.0293969 0)
(0.140614 0.0277961 0)
(0.156191 0.0264631 0)
(0.178044 0.0234924 0)
(0.181966 0.0191925 0)
(0.197204 0.00900482 0)
(0.175073 -0.0162966 0)
(0.181649 -0.0824463 0)
(0.134909 -0.226753 0)
(0.16734 -0.339131 0)
(0.135233 0.109164 0)
(0.170788 0.086464 0)
(0.23054 0.0648207 0)
(0.286044 0.0508399 0)
(0.329031 0.0418373 0)
(0.366981 0.035043 0)
(0.396231 0.0300655 0)
(0.426866 0.0256939 0)
(0.4487 0.022685 0)
(0.476459 0.0196353 0)
(0.492546 0.017942 0)
(0.519526 0.0155978 0)
(0.529512 0.0148488 0)
(0.555706 0.0126989 0)
(0.555419 0.012437 0)
(0.575272 0.0085572 0)
(0.548764 0.00405182 0)
(0.539157 -0.0148149 0)
(0.437121 -0.0472919 0)
(0.338834 -0.0994866 0)
)
;

boundaryField
{
    movingWall
    {
        type            fixedValue;
        value           uniform (1 0 0);
    }
    fixedWalls
    {
        type            noSlip;
    }
    frontAndBack
    {
        type            empty;
    }
}


// ************************************************************************* //
