/*--------------------------------*- C++ -*----------------------------------*\
| =========                 |                                                 |
| \\      /  F ield         | OpenFOAM: The Open Source CFD Toolbox           |
|  \\    /   O peration     | Version:  2212                                  |
|   \\  /    A nd           | Website:  www.openfoam.com                      |
|    \\/     M anipulation  |                                                 |
\*---------------------------------------------------------------------------*/
FoamFile
{
    version     2.0;
    format      ascii;
    arch        "LSB;label=32;scalar=64";
    class       surfaceScalarField;
    location    "1.64";
    object      phi;
}
// * * * * * * * * * * * * * * * * * * * * * * * * * * * * * * * * * * * * * //

dimensions      [0 3 -1 0 0 0 0];

oriented        oriented;

internalField   nonuniform List<scalar> 
760
(
6.20199e-08
-6.20199e-08
8.72576e-08
-2.52376e-08
5.22431e-08
3.50147e-08
-5.87578e-08
1.11001e-07
-2.77086e-07
2.18328e-07
-6.41383e-07
3.64297e-07
-1.17654e-06
5.35157e-07
-1.8557e-06
6.79162e-07
-2.57342e-06
7.17717e-07
-3.16826e-06
5.94839e-07
-3.48597e-06
3.17709e-07
-3.43858e-06
-4.73893e-08
-2.93174e-06
-5.06841e-07
-2.04522e-06
-8.86521e-07
-9.54381e-07
-1.09084e-06
5.10297e-08
-1.00541e-06
6.89827e-07
-6.38797e-07
7.22388e-07
-3.25613e-08
3.38443e-07
3.83945e-07
3.38444e-07
-1.69713e-08
-4.50484e-08
-1.62888e-07
1.2068e-07
-4.70244e-07
3.4237e-07
-9.95236e-07
6.35994e-07
-1.7935e-06
1.01659e-06
-2.86992e-06
1.44072e-06
-4.12871e-06
1.79395e-06
-5.37598e-06
1.92643e-06
-6.39614e-06
1.73788e-06
-7.03201e-06
1.2307e-06
-7.20457e-06
4.90274e-07
-6.86064e-06
-3.91323e-07
-6.02304e-06
-1.34444e-06
-4.71861e-06
-2.19096e-06
-3.07334e-06
-2.73611e-06
-1.34537e-06
-2.73338e-06
1.06534e-08
-1.99482e-06
6.22039e-07
-6.43946e-07
4.04866e-07
6.01119e-07
7.4331e-07
-1.80739e-07
1.35691e-07
-6.1014e-07
5.50081e-07
-1.28966e-06
1.02189e-06
-2.2788e-06
1.62514e-06
-3.58935e-06
2.32713e-06
-5.11582e-06
2.96719e-06
-6.64974e-06
3.32788e-06
-7.97596e-06
3.25264e-06
-8.96183e-06
2.72375e-06
-9.5509e-06
1.81977e-06
-9.70236e-06
6.41729e-07
-9.3985e-06
-6.95182e-07
-8.65546e-06
-2.08748e-06
-7.43558e-06
-3.41083e-06
-5.73249e-06
-4.4392e-06
-3.65275e-06
-4.81312e-06
-1.54181e-06
-4.10576e-06
-7.17059e-08
-2.11405e-06
2.60285e-07
2.69128e-07
1.0036e-06
-3.82289e-07
5.1798e-07
-1.12528e-06
1.29307e-06
-2.16482e-06
2.06142e-06
-3.52461e-06
2.98494e-06
-5.13969e-06
3.94221e-06
-6.82642e-06
4.65392e-06
-8.36727e-06
4.86873e-06
-9.61314e-06
4.49851e-06
-1.05139e-05
3.62456e-06
-1.10708e-05
2.37661e-06
-1.12687e-05
8.39645e-07
-1.11186e-05
-8.45266e-07
-1.06328e-05
-2.57333e-06
-9.72609e-06
-4.31751e-06
-8.2916e-06
-5.87369e-06
-6.23591e-06
-6.8688e-06
-3.64801e-06
-6.69366e-06
-1.11638e-06
-4.64569e-06
1.16775e-07
-9.64022e-07
1.12037e-06
-5.70361e-07
1.08834e-06
-1.5773e-06
2.30001e-06
-2.87541e-06
3.35953e-06
-4.43236e-06
4.54189e-06
-6.11986e-06
5.6297e-06
-7.73036e-06
6.26442e-06
-9.08692e-06
6.22529e-06
-1.01144e-05
5.52599e-06
-1.08205e-05
4.33064e-06
-1.12464e-05
2.8025e-06
-1.1443e-05
1.03626e-06
-1.1439e-05
-8.49192e-07
-1.12391e-05
-2.77323e-06
-1.07713e-05
-4.78531e-06
-9.87547e-06
-6.76955e-06
-8.30654e-06
-8.43773e-06
-5.84642e-06
-9.15378e-06
-2.67195e-06
-7.82016e-06
-2.05206e-07
-3.43076e-06
9.15164e-07
-6.90548e-07
1.77889e-06
-1.84898e-06
3.45844e-06
-3.24839e-06
4.75895e-06
-4.80198e-06
6.09547e-06
-6.34994e-06
7.17766e-06
-7.70652e-06
7.62099e-06
-8.75273e-06
7.27151e-06
-9.46984e-06
6.2431e-06
-9.90535e-06
4.76615e-06
-1.01337e-05
3.03087e-06
-1.02528e-05
1.15539e-06
-1.03199e-05
-7.82166e-07
-1.03273e-05
-2.76579e-06
-1.02655e-05
-4.84716e-06
-9.99704e-06
-7.03798e-06
-9.21316e-06
-9.22161e-06
-7.47595e-06
-1.0891e-05
-4.48747e-06
-1.08086e-05
-9.4878e-07
-6.96945e-06
-3.36158e-08
-7.06357e-07
2.48525e-06
-1.87363e-06
4.62571e-06
-3.2123e-06
6.09763e-06
-4.59858e-06
7.48175e-06
-5.87968e-06
8.45876e-06
-6.91503e-06
8.65635e-06
-7.63909e-06
7.99556e-06
-8.07183e-06
6.67584e-06
-8.28413e-06
4.97844e-06
-8.36321e-06
3.10995e-06
-8.39489e-06
1.18708e-06
-8.43923e-06
-7.37835e-07
-8.5167e-06
-2.68831e-06
-8.66498e-06
-4.69888e-06
-8.83928e-06
-6.86368e-06
-8.79571e-06
-9.26518e-06
-8.01786e-06
-1.16688e-05
-5.8379e-06
-1.29886e-05
-2.05264e-06
-1.07547e-05
-2.08625e-06
-6.12547e-07
3.09779e-06
-1.65348e-06
5.66664e-06
-2.80755e-06
7.2517e-06
-3.93371e-06
8.6079e-06
-4.91116e-06
9.43621e-06
-5.65025e-06
9.39544e-06
-6.12832e-06
8.47363e-06
-6.38755e-06
6.93506e-06
-6.5027e-06
5.0936e-06
-6.54665e-06
3.15389e-06
-6.56816e-06
1.20859e-06
-6.58884e-06
-7.17154e-07
-6.64497e-06
-2.63218e-06
-6.8017e-06
-4.54215e-06
-7.11019e-06
-6.55519e-06
-7.47949e-06
-8.89588e-06
-7.45459e-06
-1.16937e-05
-6.21626e-06
-1.42269e-05
-3.12758e-06
-1.38434e-05
-5.21383e-06
-4.29671e-07
3.52746e-06
-1.24384e-06
6.48082e-06
-2.1401e-06
8.14796e-06
-2.97326e-06
9.44106e-06
-3.6611e-06
1.0124e-05
-4.16187e-06
9.89621e-06
-4.48309e-06
8.79485e-06
-4.67202e-06
7.12399e-06
-4.7894e-06
5.21099e-06
-4.87917e-06
3.24366e-06
-4.94985e-06
1.27927e-06
-4.99087e-06
-6.76135e-07
-5.02412e-06
-2.59892e-06
-5.11175e-06
-4.45453e-06
-5.3688e-06
-6.29814e-06
-5.84255e-06
-8.42213e-06
-6.26217e-06
-1.12741e-05
-5.81655e-06
-1.46726e-05
-3.62841e-06
-1.60315e-05
-8.84224e-06
-1.89161e-07
3.71662e-06
-7.15723e-07
7.00738e-06
-1.31966e-06
8.75189e-06
-1.85733e-06
9.97874e-06
-2.28115e-06
1.05479e-05
-2.58974e-06
1.02048e-05
-2.80679e-06
9.0119e-06
-2.97085e-06
7.28805e-06
-3.11779e-06
5.35793e-06
-3.26348e-06
3.38934e-06
-3.3962e-06
1.41199e-06
-3.49211e-06
-5.8022e-07
-3.55251e-06
-2.53852e-06
-3.61292e-06
-4.39412e-06
-3.78688e-06
-6.12419e-06
-4.23126e-06
-7.97775e-06
-4.86601e-06
-1.06394e-05
-4.98164e-06
-1.45569e-05
-3.42465e-06
-1.75885e-05
-1.22669e-05
6.71674e-08
3.64946e-06
-1.42343e-07
7.21689e-06
-4.48221e-07
9.05777e-06
-7.01218e-07
1.02317e-05
-8.82989e-07
1.07296e-05
-1.01409e-06
1.03359e-05
-1.12662e-06
9.12442e-06
-1.25034e-06
7.41178e-06
-1.39827e-06
5.50586e-06
-1.56649e-06
3.55755e-06
-1.74139e-06
1.58689e-06
-1.90579e-06
-4.15822e-07
-2.04343e-06
-2.40088e-06
-2.16606e-06
-4.27148e-06
-2.34625e-06
-5.944e-06
-2.76136e-06
-7.56265e-06
-3.49492e-06
-9.9058e-06
-3.99377e-06
-1.40581e-05
-2.98273e-06
-1.85996e-05
-1.52496e-05
2.7683e-07
3.37263e-06
3.79621e-07
7.1141e-06
3.88493e-07
9.0489e-06
4.26179e-07
1.0194e-05
4.94523e-07
1.06613e-05
5.55835e-07
1.02746e-05
5.70234e-07
9.11002e-06
5.21123e-07
7.46089e-06
4.14872e-07
5.61211e-06
2.65545e-07
3.70688e-06
8.25052e-08
1.76993e-06
-1.30782e-07
-2.02535e-07
-3.67768e-07
-2.16389e-06
-6.30285e-07
-4.00896e-06
-9.43154e-07
-5.63113e-06
-1.40896e-06
-7.09684e-06
-2.22892e-06
-9.08584e-06
-3.01556e-06
-1.32714e-05
-2.49561e-06
-1.91195e-05
-1.77452e-05
4.27786e-07
2.94484e-06
8.10825e-07
6.73106e-06
1.10747e-06
8.75225e-06
1.4346e-06
9.86692e-06
1.78585e-06
1.031e-05
2.08283e-06
9.97762e-06
2.27012e-06
8.92274e-06
2.34032e-06
7.39068e-06
2.3146e-06
5.63783e-06
2.21236e-06
3.80912e-06
2.03517e-06
1.94712e-06
1.75994e-06
7.26895e-08
1.41523e-06
-1.81918e-06
9.92034e-07
-3.58577e-06
4.92288e-07
-5.13139e-06
-1.68967e-07
-6.43559e-06
-1.07815e-06
-8.17666e-06
-2.08785e-06
-1.22617e-05
-2.01075e-06
-1.91966e-05
-1.9756e-05
4.88767e-07
2.45607e-06
1.09227e-06
6.12756e-06
1.65352e-06
8.191e-06
2.25453e-06
9.26591e-06
2.88452e-06
9.68005e-06
3.44842e-06
9.41371e-06
3.86818e-06
8.50297e-06
4.12183e-06
7.13703e-06
4.22598e-06
5.53369e-06
4.20014e-06
3.83496e-06
4.04184e-06
2.10543e-06
3.7387e-06
3.75829e-07
3.27681e-06
-1.35729e-06
2.67175e-06
-2.98071e-06
1.93929e-06
-4.39893e-06
1.10072e-06
-5.59701e-06
1.80901e-08
-7.09403e-06
-1.21481e-06
-1.10288e-05
-1.55005e-06
-1.88614e-05
-2.1306e-05
4.3728e-07
2.01879e-06
1.14012e-06
5.42472e-06
1.90405e-06
7.42707e-06
2.75827e-06
8.41169e-06
3.67354e-06
8.76478e-06
4.53725e-06
8.55e-06
5.24294e-06
7.79728e-06
5.74134e-06
6.63863e-06
6.02982e-06
5.2452e-06
6.1198e-06
3.74498e-06
6.01029e-06
2.21495e-06
5.68563e-06
7.00484e-07
5.12079e-06
-7.9244e-07
4.34322e-06
-2.20314e-06
3.37481e-06
-3.43052e-06
2.28393e-06
-4.50613e-06
1.01146e-06
-5.82157e-06
-4.14689e-07
-9.60268e-06
-1.08805e-06
-1.8188e-05
-2.23941e-05
2.85661e-07
1.73313e-06
9.58505e-07
4.75187e-06
1.87905e-06
6.50652e-06
2.96032e-06
7.33042e-06
4.1415e-06
7.58361e-06
5.29922e-06
7.39228e-06
6.30315e-06
6.79336e-06
7.07413e-06
5.86764e-06
7.58228e-06
4.73706e-06
7.82195e-06
3.50531e-06
7.78866e-06
2.24823e-06
7.47689e-06
1.01226e-06
6.83486e-06
-1.50416e-07
5.9141e-06
-1.28238e-06
4.73593e-06
-2.25235e-06
3.40617e-06
-3.17637e-06
1.98223e-06
-4.39764e-06
4.50856e-07
-8.07131e-06
-4.24763e-07
-1.73124e-05
-2.28188e-05
-4.16322e-08
1.77476e-06
3.62395e-07
4.34785e-06
1.32227e-06
5.54665e-06
2.62459e-06
6.0281e-06
4.09002e-06
6.11818e-06
5.55414e-06
5.92815e-06
6.86817e-06
5.47933e-06
7.93436e-06
4.80145e-06
8.69298e-06
3.97844e-06
9.12159e-06
3.0767e-06
9.19988e-06
2.16994e-06
8.92599e-06
1.28614e-06
8.30078e-06
4.74795e-07
7.30412e-06
-2.85718e-07
6.02324e-06
-9.71474e-07
4.56008e-06
-1.7132e-06
3.10493e-06
-2.94249e-06
1.72001e-06
-6.68638e-06
4.44598e-07
-1.6037e-05
-2.23742e-05
-4.24732e-07
2.1995e-06
-1.72662e-07
4.09578e-06
7.46414e-07
4.62757e-06
2.15505e-06
4.61946e-06
3.80626e-06
4.46697e-06
5.48148e-06
4.25293e-06
7.01567e-06
3.94514e-06
8.30599e-06
3.51113e-06
9.27201e-06
3.01242e-06
9.88734e-06
2.46137e-06
1.01274e-05
1.9299e-06
1.00052e-05
1.40834e-06
9.52244e-06
9.57544e-07
8.71689e-06
5.19832e-07
7.65479e-06
9.06265e-08
6.43717e-06
-4.95581e-07
5.25473e-06
-1.76005e-06
3.88621e-06
-5.31787e-06
1.82006e-06
-1.39708e-05
-2.05542e-05
-4.06411e-06
6.2636e-06
-3.66812e-06
3.69979e-06
-1.76144e-06
2.7209e-06
4.20231e-07
2.43779e-06
2.59498e-06
2.29222e-06
4.70799e-06
2.13992e-06
6.67622e-06
1.97692e-06
8.41962e-06
1.76773e-06
9.87333e-06
1.55871e-06
1.10193e-05
1.31536e-06
1.1842e-05
1.1072e-06
1.23688e-05
8.81575e-07
1.25994e-05
7.26984e-07
1.25821e-05
5.37039e-07
1.22937e-05
3.79123e-07
1.17572e-05
4.08233e-08
1.10562e-05
-1.05904e-06
9.70006e-06
-3.96169e-06
5.46824e-06
-9.739e-06
-1.50859e-05
6.2636e-06
9.96339e-06
1.26843e-05
1.51221e-05
1.74143e-05
1.95542e-05
2.15311e-05
2.32989e-05
2.48576e-05
2.61729e-05
2.72801e-05
2.81617e-05
2.88887e-05
2.94257e-05
2.98048e-05
2.98457e-05
2.87866e-05
2.48249e-05
1.50859e-05
)
;

boundaryField
{
    movingWall
    {
        type            calculated;
        value           uniform 0;
    }
    fixedWalls
    {
        type            calculated;
        value           uniform 0;
    }
    frontAndBack
    {
        type            empty;
        value           nonuniform List<scalar> 0();
    }
}


// ************************************************************************* //
