/*--------------------------------*- C++ -*----------------------------------*\
| =========                 |                                                 |
| \\      /  F ield         | OpenFOAM: The Open Source CFD Toolbox           |
|  \\    /   O peration     | Version:  2212                                  |
|   \\  /    A nd           | Website:  www.openfoam.com                      |
|    \\/     M anipulation  |                                                 |
\*---------------------------------------------------------------------------*/
FoamFile
{
    version     2.0;
    format      ascii;
    arch        "LSB;label=32;scalar=64";
    class       surfaceScalarField;
    location    "2.46";
    object      phi;
}
// * * * * * * * * * * * * * * * * * * * * * * * * * * * * * * * * * * * * * //

dimensions      [0 3 -1 0 0 0 0];

oriented        oriented;

internalField   nonuniform List<scalar> 
760
(
1.29153e-07
-1.2915e-07
2.36984e-07
-1.0783e-07
2.40867e-07
-3.88347e-09
1.1938e-07
1.21487e-07
-1.63086e-07
2.82467e-07
-6.62186e-07
4.991e-07
-1.40767e-06
7.45483e-07
-2.33019e-06
9.22522e-07
-3.25343e-06
9.2324e-07
-3.96193e-06
7.08498e-07
-4.28982e-06
3.27892e-07
-4.14186e-06
-1.47962e-07
-3.45225e-06
-6.89614e-07
-2.32481e-06
-1.12744e-06
-9.74731e-07
-1.35008e-06
2.44759e-07
-1.21949e-06
9.68774e-07
-7.24015e-07
9.47273e-07
2.15014e-08
4.27849e-07
5.19424e-07
4.27849e-07
8.16886e-08
-2.10839e-07
-5.17656e-10
-2.56235e-08
-3.53933e-07
3.49531e-07
-1.06872e-06
8.36275e-07
-2.19232e-06
1.40607e-06
-3.66768e-06
1.97446e-06
-5.28503e-06
2.36283e-06
-6.75875e-06
2.39624e-06
-7.86245e-06
2.02694e-06
-8.47492e-06
1.32097e-06
-8.54399e-06
3.96961e-07
-8.03993e-06
-6.5202e-07
-6.99314e-06
-1.73641e-06
-5.43404e-06
-2.68653e-06
-3.49968e-06
-3.28444e-06
-1.48076e-06
-3.23841e-06
1.14524e-07
-2.3193e-06
7.85599e-07
-6.49573e-07
4.91231e-07
8.13793e-07
9.1908e-07
-1.52339e-07
-5.85004e-08
-6.3964e-07
4.61679e-07
-1.55052e-06
1.26041e-06
-2.93085e-06
2.2166e-06
-4.69393e-06
3.16915e-06
-6.58925e-06
3.86978e-06
-8.32183e-06
4.09541e-06
-9.7001e-06
3.77451e-06
-1.06545e-05
2.98135e-06
-1.11691e-05
1.83553e-06
-1.12e-05
4.27922e-07
-1.078e-05
-1.07201e-06
-9.90057e-06
-2.61587e-06
-8.51052e-06
-4.07659e-06
-6.58988e-06
-5.20508e-06
-4.22945e-06
-5.59885e-06
-1.81193e-06
-4.73682e-06
-9.6108e-08
-2.36539e-06
2.82747e-07
4.34938e-07
1.20183e-06
-4.71303e-07
4.12802e-07
-1.45134e-06
1.44171e-06
-2.87689e-06
2.68597e-06
-4.687e-06
4.02671e-06
-6.66928e-06
5.15142e-06
-8.54146e-06
5.74196e-06
-1.00929e-05
5.64683e-06
-1.12553e-05
4.93696e-06
-1.20447e-05
3.7707e-06
-1.24908e-05
2.28168e-06
-1.25822e-05
5.19281e-07
-1.23666e-05
-1.28765e-06
-1.18169e-05
-3.1655e-06
-1.08342e-05
-5.05929e-06
-9.29187e-06
-6.74743e-06
-7.06949e-06
-7.82122e-06
-4.21378e-06
-7.59253e-06
-1.32451e-06
-5.25466e-06
1.13957e-07
-1.00353e-06
1.31578e-06
-7.84506e-07
1.19731e-06
-2.15431e-06
2.81151e-06
-3.87744e-06
4.4091e-06
-5.80096e-06
5.95023e-06
-7.67496e-06
7.02542e-06
-9.27407e-06
7.34107e-06
-1.04974e-05
6.87015e-06
-1.13516e-05
5.7912e-06
-1.189e-05
4.30906e-06
-1.21815e-05
2.57323e-06
-1.23091e-05
6.46863e-07
-1.22774e-05
-1.31934e-06
-1.20753e-05
-3.36762e-06
-1.16237e-05
-5.51093e-06
-1.07399e-05
-7.63115e-06
-9.14321e-06
-9.41795e-06
-6.55298e-06
-1.01828e-05
-3.08385e-06
-8.72379e-06
-2.53988e-07
-3.83339e-06
1.0618e-06
-9.77026e-07
2.17433e-06
-2.53033e-06
4.36482e-06
-4.29366e-06
6.17243e-06
-6.06863e-06
7.72519e-06
-7.63962e-06
8.59641e-06
-8.85908e-06
8.56053e-06
-9.69707e-06
7.70813e-06
-1.02031e-05
6.29728e-06
-1.04607e-05
4.56659e-06
-1.05683e-05
2.6809e-06
-1.06466e-05
7.25084e-07
-1.07037e-05
-1.26219e-06
-1.07488e-05
-3.32248e-06
-1.07543e-05
-5.50548e-06
-1.05648e-05
-7.82066e-06
-9.85274e-06
-1.013e-05
-8.13589e-06
-1.18996e-05
-5.02769e-06
-1.1832e-05
-1.10761e-06
-7.75348e-06
-4.58132e-08
-9.94814e-07
3.16915e-06
-2.51005e-06
5.88005e-06
-4.1085e-06
7.77088e-06
-5.592e-06
9.20869e-06
-6.80037e-06
9.80478e-06
-7.65031e-06
9.41047e-06
-8.15619e-06
8.21401e-06
-8.39211e-06
6.53319e-06
-8.45734e-06
4.63182e-06
-8.45208e-06
2.67564e-06
-8.4668e-06
7.39809e-07
-8.53289e-06
-1.19611e-06
-8.67231e-06
-3.18306e-06
-8.89876e-06
-5.27903e-06
-9.15109e-06
-7.56833e-06
-9.18754e-06
-1.00935e-05
-8.48531e-06
-1.26019e-05
-6.31178e-06
-1.40055e-05
-2.31688e-06
-1.17484e-05
-2.3627e-06
-8.382e-07
4.00735e-06
-2.14205e-06
7.1839e-06
-3.45731e-06
9.08614e-06
-4.60458e-06
1.0356e-05
-5.47632e-06
1.06765e-05
-6.03716e-06
9.97131e-06
-6.32605e-06
8.5029e-06
-6.4243e-06
6.63144e-06
-6.42657e-06
4.63409e-06
-6.41207e-06
2.66114e-06
-6.42558e-06
7.53318e-07
-6.4894e-06
-1.13228e-06
-6.63104e-06
-3.04142e-06
-6.88767e-06
-5.0224e-06
-7.27711e-06
-7.1789e-06
-7.69743e-06
-9.67322e-06
-7.72047e-06
-1.25788e-05
-6.52855e-06
-1.51974e-05
-3.43706e-06
-1.48399e-05
-5.79976e-06
-5.59052e-07
4.5664e-06
-1.54321e-06
8.16807e-06
-2.52646e-06
1.00694e-05
-3.34405e-06
1.11736e-05
-3.93345e-06
1.12659e-05
-4.29154e-06
1.03294e-05
-4.46512e-06
8.67649e-06
-4.52619e-06
6.69252e-06
-4.54764e-06
4.65554e-06
-4.57781e-06
2.69131e-06
-4.63113e-06
8.06635e-07
-4.71582e-06
-1.04759e-06
-4.84755e-06
-2.9097e-06
-5.06353e-06
-4.80642e-06
-5.42831e-06
-6.81412e-06
-5.95253e-06
-9.149e-06
-6.39278e-06
-1.21386e-05
-5.98776e-06
-1.56024e-05
-3.81429e-06
-1.70133e-05
-9.61405e-06
-2.06844e-07
4.77324e-06
-8.18277e-07
8.7795e-06
-1.45699e-06
1.07081e-05
-1.97065e-06
1.16872e-05
-2.32598e-06
1.16213e-05
-2.53998e-06
1.05434e-05
-2.65547e-06
8.79198e-06
-2.72285e-06
6.7599e-06
-2.78625e-06
4.71893e-06
-2.86951e-06
2.77457e-06
-2.97533e-06
9.1246e-07
-3.10274e-06
-9.20183e-07
-3.25497e-06
-2.75747e-06
-3.45241e-06
-4.60897e-06
-3.76052e-06
-6.50602e-06
-4.26996e-06
-8.63955e-06
-4.90827e-06
-1.15003e-05
-5.03922e-06
-1.54715e-05
-3.49679e-06
-1.85558e-05
-1.31108e-05
1.476e-07
4.62564e-06
-6.28335e-08
8.98993e-06
-3.75739e-07
1.1021e-05
-6.15006e-07
1.19265e-05
-7.62601e-07
1.17689e-05
-8.46768e-07
1.06276e-05
-9.06216e-07
8.85143e-06
-9.73495e-07
6.82718e-06
-1.06426e-06
4.8097e-06
-1.18426e-06
2.89457e-06
-1.33298e-06
1.06118e-06
-1.51079e-06
-7.42373e-07
-1.7174e-06
-2.55086e-06
-1.95553e-06
-4.37084e-06
-2.26589e-06
-6.19566e-06
-2.75908e-06
-8.14636e-06
-3.49094e-06
-1.07684e-05
-3.98571e-06
-1.49767e-05
-2.99724e-06
-1.95442e-05
-1.61081e-05
4.44942e-07
4.1807e-06
6.28635e-07
8.80624e-06
6.75031e-07
1.09746e-05
7.2108e-07
1.18804e-05
7.81003e-07
1.17089e-05
8.2432e-07
1.05842e-05
8.26306e-07
8.84944e-06
7.7803e-07
6.87545e-06
6.82294e-07
4.90543e-06
5.46031e-07
3.03083e-06
3.68405e-07
1.23881e-06
1.45023e-07
-5.18991e-07
-1.26059e-07
-2.27977e-06
-4.54761e-07
-4.04214e-06
-8.51026e-07
-5.7994e-06
-1.37807e-06
-7.61931e-06
-2.18934e-06
-9.95713e-06
-2.96103e-06
-1.4205e-05
-2.46497e-06
-2.00403e-05
-1.8573e-05
6.6349e-07
3.51721e-06
1.21268e-06
8.25705e-06
1.58961e-06
1.05977e-05
1.92385e-06
1.15462e-05
2.21753e-06
1.14152e-05
2.42755e-06
1.03742e-05
2.53472e-06
8.74227e-06
2.54684e-06
6.86333e-06
2.48152e-06
4.97075e-06
2.35143e-06
3.16092e-06
2.15528e-06
1.43496e-06
1.88027e-06
-2.43975e-07
1.52696e-06
-1.92647e-06
1.09129e-06
-3.60646e-06
5.65365e-07
-5.27348e-06
-1.14183e-07
-6.93977e-06
-1.00224e-06
-9.06908e-06
-1.97748e-06
-1.32298e-05
-1.95287e-06
-2.00649e-05
-2.05259e-05
7.55236e-07
2.76198e-06
1.6082e-06
7.40408e-06
2.30759e-06
9.8983e-06
2.93975e-06
1.0914e-05
3.50217e-06
1.08528e-05
3.93833e-06
9.93805e-06
4.21825e-06
8.46235e-06
4.3492e-06
6.73239e-06
4.35522e-06
4.96473e-06
4.25603e-06
3.26011e-06
4.0542e-06
1.63679e-06
3.73112e-06
7.90978e-08
3.29108e-06
-1.48642e-06
2.72162e-06
-3.03701e-06
2.02253e-06
-4.57439e-06
1.20512e-06
-6.12236e-06
1.63198e-07
-8.02715e-06
-1.0563e-06
-1.20103e-05
-1.47391e-06
-1.96473e-05
-2.19998e-05
6.90536e-07
2.07144e-06
1.71426e-06
6.38036e-06
2.68363e-06
8.92893e-06
3.62459e-06
9.97306e-06
4.50004e-06
9.97739e-06
5.23208e-06
9.206e-06
5.76648e-06
7.92796e-06
6.09587e-06
6.403e-06
6.23903e-06
4.82157e-06
6.21714e-06
3.28199e-06
6.03499e-06
1.81895e-06
5.68697e-06
4.27114e-07
5.15315e-06
-9.526e-07
4.43879e-06
-2.32265e-06
3.54032e-06
-3.67591e-06
2.48928e-06
-5.07132e-06
1.23051e-06
-6.76838e-06
-2.51494e-07
-1.05283e-05
-9.85328e-07
-1.89135e-05
-2.29851e-05
4.85425e-07
1.58602e-06
1.5173e-06
5.34848e-06
2.74145e-06
7.70477e-06
4.01528e-06
8.69924e-06
5.24452e-06
8.74815e-06
6.32158e-06
8.12894e-06
7.16605e-06
7.08349e-06
7.75178e-06
5.81727e-06
8.08506e-06
4.48828e-06
8.1828e-06
3.18425e-06
8.05379e-06
1.94796e-06
7.70031e-06
7.80601e-07
7.08209e-06
-3.3438e-07
6.22171e-06
-1.46228e-06
5.1115e-06
-2.56569e-06
3.80164e-06
-3.76147e-06
2.34204e-06
-5.30878e-06
7.74633e-07
-8.96087e-06
-2.3197e-07
-1.79069e-05
-2.32171e-05
9.65617e-08
1.48945e-06
8.32527e-07
4.61252e-06
2.16559e-06
6.37171e-06
3.7655e-06
7.09932e-06
5.4048e-06
7.10886e-06
6.89661e-06
6.63713e-06
8.12496e-06
5.85513e-06
9.04651e-06
4.89573e-06
9.64715e-06
3.88763e-06
9.9369e-06
2.8945e-06
9.91968e-06
1.96518e-06
9.60516e-06
1.09512e-06
8.96916e-06
3.0162e-07
8.01066e-06
-5.03778e-07
6.74867e-06
-1.30371e-06
5.23471e-06
-2.2475e-06
3.62422e-06
-3.69829e-06
2.06169e-06
-7.39834e-06
5.82347e-07
-1.64275e-05
-2.26348e-05
-4.84252e-07
1.97371e-06
1.02344e-07
4.02592e-06
1.46306e-06
5.011e-06
3.33812e-06
5.22426e-06
5.34667e-06
5.10031e-06
7.21144e-06
4.77236e-06
8.78506e-06
4.28151e-06
1.00142e-05
3.66656e-06
1.08697e-05
3.03213e-06
1.1365e-05
2.39927e-06
1.15026e-05
1.82753e-06
1.1306e-05
1.29175e-06
1.07881e-05
8.19483e-07
9.94811e-06
3.36235e-07
8.80022e-06
-1.55815e-07
7.39984e-06
-8.47122e-07
5.94006e-06
-2.23852e-06
4.27382e-06
-5.7321e-06
1.9785e-06
-1.41322e-05
-2.06563e-05
-4.14633e-06
6.12003e-06
-3.65357e-06
3.53317e-06
-1.39943e-06
2.75686e-06
1.22365e-06
2.60118e-06
3.80067e-06
2.52329e-06
6.20658e-06
2.36645e-06
8.33499e-06
2.1531e-06
1.01218e-05
1.87977e-06
1.15409e-05
1.61304e-06
1.26117e-05
1.3284e-06
1.33475e-05
1.09175e-06
1.37908e-05
8.48492e-07
1.39367e-05
6.7354e-07
1.38071e-05
4.65873e-07
1.33739e-05
2.77362e-07
1.26527e-05
-1.2595e-07
1.16641e-05
-1.24993e-06
9.99555e-06
-4.0635e-06
5.5893e-06
-9.72596e-06
-1.5067e-05
6.12003e-06
9.6532e-06
1.24101e-05
1.50112e-05
1.75345e-05
1.9901e-05
2.20541e-05
2.39339e-05
2.55469e-05
2.68753e-05
2.79671e-05
2.88155e-05
2.94891e-05
2.9955e-05
3.02323e-05
3.01064e-05
2.88564e-05
2.47929e-05
1.5067e-05
)
;

boundaryField
{
    movingWall
    {
        type            calculated;
        value           uniform 0;
    }
    fixedWalls
    {
        type            calculated;
        value           uniform 0;
    }
    frontAndBack
    {
        type            empty;
        value           nonuniform List<scalar> 0();
    }
}


// ************************************************************************* //
