/*--------------------------------*- C++ -*----------------------------------*\
| =========                 |                                                 |
| \\      /  F ield         | OpenFOAM: The Open Source CFD Toolbox           |
|  \\    /   O peration     | Version:  2212                                  |
|   \\  /    A nd           | Website:  www.openfoam.com                      |
|    \\/     M anipulation  |                                                 |
\*---------------------------------------------------------------------------*/
FoamFile
{
    version     2.0;
    format      ascii;
    arch        "LSB;label=32;scalar=64";
    class       surfaceScalarField;
    location    "1.685";
    object      phi;
}
// * * * * * * * * * * * * * * * * * * * * * * * * * * * * * * * * * * * * * //

dimensions      [0 3 -1 0 0 0 0];

oriented        oriented;

internalField   nonuniform List<scalar> 
760
(
6.67165e-08
-6.67169e-08
9.81827e-08
-3.14661e-08
6.65467e-08
3.16362e-08
-4.4998e-08
1.11545e-07
-2.68456e-07
2.23458e-07
-6.44012e-07
3.75556e-07
-1.19715e-06
5.53137e-07
-1.89805e-06
7.00904e-07
-2.6353e-06
7.37243e-07
-3.24234e-06
6.07048e-07
-3.56316e-06
3.20812e-07
-3.50868e-06
-5.44733e-08
-2.98653e-06
-5.22155e-07
-2.07801e-06
-9.08514e-07
-9.61985e-07
-1.11603e-06
6.55492e-08
-1.02753e-06
7.14607e-07
-6.49058e-07
7.44237e-07
-2.96295e-08
3.47625e-07
3.96611e-07
3.47626e-07
-1.00518e-08
-5.6665e-08
-1.50989e-07
1.09472e-07
-4.61892e-07
3.42539e-07
-1.00279e-06
6.52443e-07
-1.82956e-06
1.05023e-06
-2.94233e-06
1.48833e-06
-4.23511e-06
1.84592e-06
-5.5045e-06
1.9703e-06
-6.53312e-06
1.76587e-06
-7.16736e-06
1.24128e-06
-7.33113e-06
4.84582e-07
-6.97309e-06
-4.1251e-07
-6.11712e-06
-1.37813e-06
-4.78965e-06
-2.23599e-06
-3.11701e-06
-2.78867e-06
-1.36044e-06
-2.78411e-06
2.03942e-08
-2.02989e-06
6.38559e-07
-6.47795e-07
4.13911e-07
6.21259e-07
7.61536e-07
-1.7877e-07
1.22105e-07
-6.12587e-07
5.4329e-07
-1.31129e-06
1.04125e-06
-2.33517e-06
1.67632e-06
-3.68811e-06
2.40316e-06
-5.25041e-06
3.05063e-06
-6.80273e-06
3.39824e-06
-8.13113e-06
3.29869e-06
-9.11133e-06
2.74607e-06
-9.69186e-06
1.82181e-06
-9.83278e-06
6.255e-07
-9.5194e-06
-7.2589e-07
-8.76578e-06
-2.13175e-06
-7.53256e-06
-3.4692e-06
-5.81069e-06
-4.51055e-06
-3.70607e-06
-4.88872e-06
-1.56717e-06
-4.16879e-06
-7.38865e-08
-2.14108e-06
2.62909e-07
2.84464e-07
1.02445e-06
-3.88848e-07
5.10953e-07
-1.15063e-06
1.30508e-06
-2.22371e-06
2.11433e-06
-3.62578e-06
3.07839e-06
-5.27667e-06
4.05405e-06
-6.97986e-06
4.75382e-06
-8.5172e-06
4.93558e-06
-9.74946e-06
4.53095e-06
-1.06356e-05
3.63226e-06
-1.11809e-05
2.36711e-06
-1.13708e-05
8.15327e-07
-1.1218e-05
-8.78687e-07
-1.073e-05
-2.61973e-06
-9.81967e-06
-4.37952e-06
-8.37845e-06
-5.95177e-06
-6.30949e-06
-6.95768e-06
-3.69836e-06
-6.77992e-06
-1.13522e-06
-4.70422e-06
1.16408e-07
-9.67161e-07
1.14085e-06
-5.86511e-07
1.09746e-06
-1.6231e-06
2.34167e-06
-2.95947e-06
3.45069e-06
-4.55163e-06
4.67055e-06
-6.25605e-06
5.75847e-06
-7.86035e-06
6.35811e-06
-9.19655e-06
6.27178e-06
-1.02017e-05
5.53614e-06
-1.08897e-05
4.32019e-06
-1.13039e-05
2.78133e-06
-1.14976e-05
1.00905e-06
-1.1497e-05
-8.79343e-07
-1.13026e-05
-2.81415e-06
-1.08408e-05
-4.84129e-06
-9.9492e-06
-6.84335e-06
-8.37919e-06
-8.52769e-06
-5.908e-06
-9.25112e-06
-2.70767e-06
-7.90455e-06
-2.09338e-07
-3.46549e-06
9.31515e-07
-7.12438e-07
1.8099e-06
-1.90378e-06
3.53301e-06
-3.33622e-06
4.88313e-06
-4.91039e-06
6.24472e-06
-6.45656e-06
7.30465e-06
-7.79247e-06
7.69401e-06
-8.81092e-06
7.29024e-06
-9.50348e-06
6.2287e-06
-9.92171e-06
4.73842e-06
-1.01418e-05
3.00144e-06
-1.02627e-05
1.1299e-06
-1.03368e-05
-8.05261e-07
-1.03555e-05
-2.79544e-06
-1.0306e-05
-4.89075e-06
-1.00484e-05
-7.10092e-06
-9.27193e-06
-9.30419e-06
-7.53534e-06
-1.09877e-05
-4.53416e-06
-1.09057e-05
-9.61691e-07
-7.03796e-06
-3.01766e-08
-7.28352e-07
2.53825e-06
-1.92481e-06
4.72947e-06
-3.28651e-06
6.24482e-06
-4.67977e-06
7.63798e-06
-5.94842e-06
8.57331e-06
-6.95821e-06
8.7038e-06
-7.65448e-06
7.98652e-06
-8.06506e-06
6.63928e-06
-8.26396e-06
4.93732e-06
-8.33922e-06
3.07669e-06
-8.37614e-06
1.16683e-06
-8.43165e-06
-7.49751e-07
-8.52444e-06
-2.70265e-06
-8.68791e-06
-4.72728e-06
-8.87427e-06
-6.91455e-06
-8.83918e-06
-9.33928e-06
-8.06607e-06
-1.17608e-05
-5.88261e-06
-1.30892e-05
-2.07479e-06
-1.08458e-05
-2.10496e-06
-6.29961e-07
3.16822e-06
-1.69243e-06
5.79193e-06
-2.85994e-06
7.41234e-06
-3.98499e-06
8.76303e-06
-4.94694e-06
9.53526e-06
-5.66228e-06
9.41913e-06
-6.11663e-06
8.44087e-06
-6.35783e-06
6.88048e-06
-6.46304e-06
5.04253e-06
-6.5059e-06
3.11955e-06
-6.53383e-06
1.19476e-06
-6.56742e-06
-7.16158e-07
-6.64113e-06
-2.62895e-06
-6.8158e-06
-4.55262e-06
-7.1375e-06
-6.59285e-06
-7.51339e-06
-8.96339e-06
-7.49112e-06
-1.17831e-05
-6.25225e-06
-1.43281e-05
-3.15614e-06
-1.39419e-05
-5.2611e-06
-4.39317e-07
3.60753e-06
-1.26717e-06
6.61979e-06
-2.17011e-06
8.31527e-06
-2.99939e-06
9.59231e-06
-3.674e-06
1.02099e-05
-4.15661e-06
9.90174e-06
-4.45986e-06
8.74411e-06
-4.6348e-06
7.05543e-06
-4.74437e-06
5.15209e-06
-4.83293e-06
3.20812e-06
-4.90871e-06
1.27054e-06
-4.96148e-06
-6.63386e-07
-5.01212e-06
-2.57831e-06
-5.11881e-06
-4.44592e-06
-5.39074e-06
-6.32093e-06
-5.8705e-06
-8.48363e-06
-6.29014e-06
-1.13634e-05
-5.84396e-06
-1.47743e-05
-3.65137e-06
-1.61345e-05
-8.91247e-06
-1.90149e-07
3.79768e-06
-7.23313e-07
7.15295e-06
-1.32977e-06
8.92173e-06
-1.86457e-06
1.01271e-05
-2.28084e-06
1.06261e-05
-2.57898e-06
1.01999e-05
-2.78484e-06
8.94996e-06
-2.9392e-06
7.20979e-06
-3.0799e-06
5.2928e-06
-3.22381e-06
3.35203e-06
-3.3598e-06
1.40653e-06
-3.46474e-06
-5.58451e-07
-3.53974e-06
-2.50331e-06
-3.6175e-06
-4.36816e-06
-3.80612e-06
-6.13231e-06
-4.25557e-06
-8.03417e-06
-4.88748e-06
-1.07315e-05
-5.00032e-06
-1.46614e-05
-3.43932e-06
-1.76955e-05
-1.23518e-05
7.35935e-08
3.72409e-06
-1.35556e-07
7.3621e-06
-4.42499e-07
9.22867e-06
-6.96252e-07
1.03809e-05
-8.77332e-07
1.08072e-05
-1.00582e-06
1.03284e-05
-1.11463e-06
9.05877e-06
-1.23418e-06
7.32934e-06
-1.37865e-06
5.43727e-06
-1.54545e-06
3.51883e-06
-1.72204e-06
1.58312e-06
-1.89151e-06
-3.88983e-07
-2.03917e-06
-2.35564e-06
-2.17446e-06
-4.23287e-06
-2.36568e-06
-5.94109e-06
-2.78414e-06
-7.6157e-06
-3.51209e-06
-1.00036e-05
-4.00545e-06
-1.41681e-05
-2.99148e-06
-1.87095e-05
-1.53433e-05
2.8958e-07
3.43451e-06
3.98682e-07
7.253e-06
4.09252e-07
9.2181e-06
4.43413e-07
1.03467e-05
5.04806e-07
1.07458e-05
5.58649e-07
1.02745e-05
5.67477e-07
9.04995e-06
5.15933e-07
7.38088e-06
4.09141e-07
5.54406e-06
2.59489e-07
3.66848e-06
7.5396e-08
1.76721e-06
-1.40867e-07
-1.7272e-07
-3.81648e-07
-2.11486e-06
-6.48604e-07
-3.96592e-06
-9.65024e-07
-5.62467e-06
-1.42961e-06
-7.15112e-06
-2.2406e-06
-9.1926e-06
-3.02091e-06
-1.33877e-05
-2.49868e-06
-1.92317e-05
-1.78419e-05
4.45598e-07
2.98891e-06
8.41887e-07
6.85671e-06
1.1441e-06
8.91589e-06
1.46741e-06
1.00234e-05
1.80427e-06
1.0409e-05
2.08222e-06
9.99659e-06
2.25297e-06
8.87919e-06
2.31266e-06
7.32119e-06
2.28188e-06
5.57483e-06
2.17794e-06
3.77243e-06
2.00085e-06
1.9443e-06
1.7294e-06
9.87316e-08
1.38678e-06
-1.77224e-06
9.67005e-07
-3.54614e-06
4.71595e-07
-5.12926e-06
-1.82642e-07
-6.49688e-06
-1.08286e-06
-8.29238e-06
-2.08355e-06
-1.23871e-05
-2.00863e-06
-1.93066e-05
-1.98506e-05
5.09376e-07
2.47953e-06
1.13353e-06
6.23255e-06
1.70567e-06
8.34376e-06
2.3056e-06
9.42345e-06
2.91933e-06
9.79525e-06
3.45784e-06
9.45807e-06
3.85191e-06
8.48513e-06
4.0859e-06
7.0872e-06
4.17831e-06
5.48243e-06
4.14775e-06
3.80298e-06
3.99062e-06
2.10143e-06
3.69246e-06
3.9689e-07
3.24015e-06
-1.31993e-06
2.64642e-06
-2.95242e-06
1.9252e-06
-4.40804e-06
1.09636e-06
-5.66804e-06
2.67709e-08
-7.2228e-06
-1.20094e-06
-1.11593e-05
-1.54373e-06
-1.89638e-05
-2.13943e-05
4.57726e-07
2.02181e-06
1.18786e-06
5.50242e-06
1.96997e-06
7.56165e-06
2.82976e-06
8.56365e-06
3.73368e-06
8.89134e-06
4.57212e-06
8.61962e-06
5.24784e-06
7.80942e-06
5.72011e-06
6.61493e-06
5.99084e-06
5.21169e-06
6.07263e-06
3.72119e-06
5.9636e-06
2.21046e-06
5.64645e-06
7.14041e-07
5.09595e-06
-7.69436e-07
4.33548e-06
-2.19195e-06
3.38272e-06
-3.45527e-06
2.3021e-06
-4.58742e-06
1.0353e-06
-5.956e-06
-3.95899e-07
-9.72814e-06
-1.07745e-06
-1.82823e-05
-2.24718e-05
3.02851e-07
1.71896e-06
1.00652e-06
4.79875e-06
1.95575e-06
6.61243e-06
3.05562e-06
7.46378e-06
4.23856e-06
7.70839e-06
5.38043e-06
7.47776e-06
6.35827e-06
6.83157e-06
7.10249e-06
5.87071e-06
7.58998e-06
4.72421e-06
7.81853e-06
3.49264e-06
7.78431e-06
2.24468e-06
7.48027e-06
1.01808e-06
6.85275e-06
-1.41922e-07
5.94964e-06
-1.28884e-06
4.78535e-06
-2.29098e-06
3.45925e-06
-3.26132e-06
2.02963e-06
-4.52638e-06
4.927e-07
-8.19121e-06
-4.01245e-07
-1.73883e-05
-2.2873e-05
-2.91107e-08
1.74807e-06
4.03497e-07
4.36614e-06
1.39954e-06
5.61638e-06
2.73284e-06
6.13048e-06
4.21756e-06
6.22368e-06
5.68378e-06
6.01155e-06
6.98562e-06
5.52973e-06
8.03369e-06
4.82264e-06
8.77585e-06
3.98205e-06
9.19459e-06
3.0739e-06
9.2716e-06
2.16768e-06
9.00458e-06
1.2851e-06
8.39141e-06
4.7125e-07
7.40632e-06
-3.03749e-07
6.13087e-06
-1.01553e-06
4.6568e-06
-1.78725e-06
3.17632e-06
-3.04591e-06
1.76561e-06
-6.78049e-06
4.66604e-07
-1.60893e-05
-2.24064e-05
-4.29761e-07
2.17783e-06
-1.48289e-07
4.08467e-06
8.1032e-07
4.65777e-06
2.26633e-06
4.67447e-06
3.95882e-06
4.53119e-06
5.65933e-06
4.31103e-06
7.20171e-06
3.98734e-06
8.48887e-06
3.53547e-06
9.44752e-06
3.0234e-06
1.00569e-05
2.46456e-06
1.02949e-05
1.92966e-06
1.01745e-05
1.40553e-06
9.69486e-06
9.50841e-07
8.88779e-06
5.03323e-07
7.81877e-06
5.34877e-08
6.5707e-06
-5.39172e-07
5.34698e-06
-1.82219e-06
3.93716e-06
-5.37067e-06
1.83999e-06
-1.39921e-05
-2.05664e-05
-4.07322e-06
6.25105e-06
-3.67214e-06
3.68359e-06
-1.73537e-06
2.72101e-06
4.89081e-07
2.45002e-06
2.70741e-06
2.31285e-06
4.85583e-06
2.16262e-06
6.84675e-06
1.99642e-06
8.60061e-06
1.78161e-06
1.00566e-05
1.56738e-06
1.12011e-05
1.32011e-06
1.20213e-05
1.10939e-06
1.25456e-05
8.81265e-07
1.2773e-05
7.23491e-07
1.27474e-05
5.28932e-07
1.24347e-05
3.66102e-07
1.18733e-05
2.22824e-08
1.11348e-05
-1.08372e-06
9.73826e-06
-3.97411e-06
5.48308e-06
-9.73697e-06
-1.50833e-05
6.25105e-06
9.93464e-06
1.26556e-05
1.51057e-05
1.74185e-05
1.95811e-05
2.15776e-05
2.33592e-05
2.49266e-05
2.62467e-05
2.7356e-05
2.82373e-05
2.89608e-05
2.94897e-05
2.98558e-05
2.98781e-05
2.87944e-05
2.48203e-05
1.50833e-05
)
;

boundaryField
{
    movingWall
    {
        type            calculated;
        value           uniform 0;
    }
    fixedWalls
    {
        type            calculated;
        value           uniform 0;
    }
    frontAndBack
    {
        type            empty;
        value           nonuniform List<scalar> 0();
    }
}


// ************************************************************************* //
