/*--------------------------------*- C++ -*----------------------------------*\
| =========                 |                                                 |
| \\      /  F ield         | OpenFOAM: The Open Source CFD Toolbox           |
|  \\    /   O peration     | Version:  2212                                  |
|   \\  /    A nd           | Website:  www.openfoam.com                      |
|    \\/     M anipulation  |                                                 |
\*---------------------------------------------------------------------------*/
FoamFile
{
    version     2.0;
    format      ascii;
    arch        "LSB;label=32;scalar=64";
    class       volVectorField;
    location    "3.97";
    object      U;
}
// * * * * * * * * * * * * * * * * * * * * * * * * * * * * * * * * * * * * * //

dimensions      [0 1 -1 0 0 0 0];

internalField   nonuniform List<vector> 
400
(
(0.00165267 -0.0016593 0)
(0.00474554 -0.00186139 0)
(0.00644685 -0.00118323 0)
(0.00551664 -0.000563254 0)
(0.00143204 0.000194563 0)
(-0.00690137 0.00173641 0)
(-0.0205456 0.00473659 0)
(-0.0392848 0.00862769 0)
(-0.0603611 0.0111714 0)
(-0.0785836 0.0104393 0)
(-0.0892739 0.00676523 0)
(-0.0900357 0.00170919 0)
(-0.0799911 -0.0035389 0)
(-0.0599801 -0.00818302 0)
(-0.0337213 -0.0107649 0)
(-0.00565001 -0.00975049 0)
(0.0163093 -0.00481285 0)
(0.0241337 0.00270201 0)
(0.0160246 0.0063964 0)
(0.00429001 0.00467721 0)
(0.00166825 -0.00495772 0)
(0.00301964 -0.00391798 0)
(-0.000599964 0.000634211 0)
(-0.01145 0.00641764 0)
(-0.0313585 0.0139362 0)
(-0.0607712 0.0235323 0)
(-0.0961241 0.0327143 0)
(-0.130479 0.036755 0)
(-0.15786 0.0332928 0)
(-0.174976 0.0233309 0)
(-0.180404 0.00918792 0)
(-0.174177 -0.0067899 0)
(-0.156867 -0.0228799 0)
(-0.129196 -0.0365831 0)
(-0.0934114 -0.0442645 0)
(-0.0522415 -0.0416482 0)
(-0.0116321 -0.026338 0)
(0.0165709 -0.00146227 0)
(0.0176818 0.016007 0)
(0.00550776 0.0146906 0)
(-0.000286522 -0.00558102 0)
(-0.00546429 0.000969111 0)
(-0.0196224 0.014268 0)
(-0.0442895 0.0309735 0)
(-0.079751 0.04896 0)
(-0.12121 0.0636975 0)
(-0.161042 0.0699344 0)
(-0.193763 0.0655553 0)
(-0.217249 0.0519226 0)
(-0.2309 0.0314961 0)
(-0.234715 0.0066068 0)
(-0.229345 -0.0207177 0)
(-0.215097 -0.0483189 0)
(-0.191469 -0.0725958 0)
(-0.158188 -0.0884262 0)
(-0.11522 -0.0887873 0)
(-0.0643659 -0.0668714 0)
(-0.0139294 -0.0228818 0)
(0.00937118 0.0175843 0)
(0.00415104 0.0233749 0)
(-0.00346652 0.000675608 0)
(-0.0174274 0.0173118 0)
(-0.0432141 0.041206 0)
(-0.0790114 0.0675486 0)
(-0.121852 0.0902846 0)
(-0.16438 0.102928 0)
(-0.200205 0.102107 0)
(-0.227365 0.0890931 0)
(-0.246109 0.067012 0)
(-0.257038 0.0385555 0)
(-0.260983 0.00559253 0)
(-0.258744 -0.0305542 0)
(-0.250258 -0.0676651 0)
(-0.234476 -0.102811 0)
(-0.209406 -0.130541 0)
(-0.17235 -0.142075 0)
(-0.120766 -0.12526 0)
(-0.0566306 -0.0708163 0)
(-0.00106488 0.00321377 0)
(0.00473634 0.0279883 0)
(-0.00660499 0.0149002 0)
(-0.0284618 0.0439289 0)
(-0.0626774 0.0764338 0)
(-0.10342 0.107881 0)
(-0.145837 0.130005 0)
(-0.182855 0.137046 0)
(-0.211007 0.12855 0)
(-0.230655 0.108056 0)
(-0.243082 0.0794126 0)
(-0.25001 0.0454007 0)
(-0.253134 0.00755272 0)
(-0.253388 -0.0333385 0)
(-0.250552 -0.0761368 0)
(-0.244054 -0.119536 0)
(-0.231084 -0.159589 0)
(-0.207019 -0.187859 0)
(-0.165832 -0.189042 0)
(-0.10287 -0.142383 0)
(-0.0221448 -0.0390165 0)
(0.00731574 0.0268145 0)
(-0.00841039 0.0347622 0)
(-0.0347767 0.0761169 0)
(-0.0722827 0.11391 0)
(-0.112036 0.14631 0)
(-0.148967 0.164557 0)
(-0.177619 0.164623 0)
(-0.196987 0.14865 0)
(-0.208592 0.121679 0)
(-0.214413 0.0880533 0)
(-0.21694 0.0507605 0)
(-0.218168 0.0112637 0)
(-0.21912 -0.0300392 0)
(-0.220003 -0.0736452 0)
(-0.22089 -0.119964 0)
(-0.21957 -0.167792 0)
(-0.210926 -0.211643 0)
(-0.186871 -0.237312 0)
(-0.138844 -0.21756 0)
(-0.0624321 -0.118521 0)
(0.00573946 0.0139974 0)
(-0.00817652 0.0566133 0)
(-0.0348883 0.109129 0)
(-0.0709673 0.149101 0)
(-0.105838 0.179494 0)
(-0.135208 0.192174 0)
(-0.155442 0.184955 0)
(-0.167187 0.162044 0)
(-0.172537 0.129553 0)
(-0.173905 0.0922612 0)
(-0.173819 0.0531997 0)
(-0.173835 0.0136085 0)
(-0.174657 -0.026491 0)
(-0.17684 -0.0682848 0)
(-0.18091 -0.113113 0)
(-0.186187 -0.162123 0)
(-0.188986 -0.214153 0)
(-0.181376 -0.260166 0)
(-0.153368 -0.273889 0)
(-0.0987158 -0.204999 0)
(-0.00886331 -0.0147324 0)
(-0.00603559 0.0769213 0)
(-0.0293734 0.139339 0)
(-0.0606296 0.179527 0)
(-0.0887908 0.206391 0)
(-0.110586 0.213018 0)
(-0.123962 0.198891 0)
(-0.130461 0.169905 0)
(-0.132374 0.13302 0)
(-0.13217 0.0932619 0)
(-0.131839 0.0533779 0)
(-0.132111 0.0140975 0)
(-0.13319 -0.0249842 0)
(-0.135544 -0.0649552 0)
(-0.139868 -0.107121 0)
(-0.14675 -0.153526 0)
(-0.15482 -0.206545 0)
(-0.15802 -0.26414 0)
(-0.145959 -0.306619 0)
(-0.11162 -0.275967 0)
(-0.0307108 -0.0749735 0)
(-0.00267045 0.0926864 0)
(-0.0200977 0.164129 0)
(-0.0445206 0.203658 0)
(-0.0654703 0.226441 0)
(-0.0805668 0.227472 0)
(-0.0889087 0.207687 0)
(-0.092345 0.174152 0)
(-0.0930104 0.134359 0)
(-0.0930255 0.0933662 0)
(-0.0936051 0.053455 0)
(-0.0948258 0.0147227 0)
(-0.0965995 -0.0236616 0)
(-0.0991084 -0.0625523 0)
(-0.102866 -0.102728 0)
(-0.109023 -0.145907 0)
(-0.118286 -0.196103 0)
(-0.127418 -0.257709 0)
(-0.125907 -0.321735 0)
(-0.106984 -0.333211 0)
(-0.0371207 -0.162367 0)
(0.0012196 0.101655 0)
(-0.00876947 0.181735 0)
(-0.0252484 0.221012 0)
(-0.0390729 0.240448 0)
(-0.0484255 0.23729 0)
(-0.0531761 0.213504 0)
(-0.0549788 0.176935 0)
(-0.0554885 0.135459 0)
(-0.0562482 0.0940661 0)
(-0.0578364 0.0545124 0)
(-0.0600343 0.0163295 0)
(-0.0626906 -0.0215987 0)
(-0.0658042 -0.0599961 0)
(-0.0695715 -0.0991749 0)
(-0.0749435 -0.139938 0)
(-0.0835126 -0.18606 0)
(-0.0953215 -0.245919 0)
(-0.100256 -0.322431 0)
(-0.0948666 -0.370578 0)
(-0.0308141 -0.241219 0)
(0.00504641 0.102761 0)
(0.0029532 0.191187 0)
(-0.0052725 0.231372 0)
(-0.0122891 0.248358 0)
(-0.0166039 0.242348 0)
(-0.0184133 0.216307 0)
(-0.018997 0.178416 0)
(-0.0194052 0.136553 0)
(-0.0205981 0.0954677 0)
(-0.0227631 0.0565304 0)
(-0.0256027 0.0189932 0)
(-0.029041 -0.0183557 0)
(-0.0330966 -0.0562773 0)
(-0.0377331 -0.0949217 0)
(-0.0435152 -0.134314 0)
(-0.0517301 -0.177012 0)
(-0.0652674 -0.232886 0)
(-0.074053 -0.316014 0)
(-0.0810583 -0.394982 0)
(-0.0228981 -0.305612 0)
(0.00830307 0.0963581 0)
(0.0140198 0.192135 0)
(0.0139187 0.234841 0)
(0.0135393 0.251083 0)
(0.0141719 0.244063 0)
(0.0153853 0.217517 0)
(0.016272 0.179637 0)
(0.0163539 0.138141 0)
(0.0152247 0.0975787 0)
(0.0129368 0.0592549 0)
(0.00977254 0.0224494 0)
(0.00570803 -0.0140433 0)
(0.000595742 -0.0510989 0)
(-0.00544601 -0.0889093 0)
(-0.012822 -0.127179 0)
(-0.0217628 -0.167051 0)
(-0.0375624 -0.217732 0)
(-0.0488249 -0.30229 0)
(-0.0679368 -0.40677 0)
(-0.0144791 -0.358482 0)
(0.0101048 0.0835955 0)
(0.0230227 0.184622 0)
(0.0305981 0.230999 0)
(0.0364594 0.247644 0)
(0.0420607 0.240847 0)
(0.0469639 0.215223 0)
(0.0503504 0.178648 0)
(0.0519652 0.138482 0)
(0.0517568 0.0990957 0)
(0.0499461 0.0618582 0)
(0.0467953 0.0262355 0)
(0.0422261 -0.00891148 0)
(0.0360567 -0.0445347 0)
(0.028378 -0.0809032 0)
(0.018425 -0.117698 0)
(0.00725574 -0.155247 0)
(-0.0120421 -0.201371 0)
(-0.0245903 -0.284243 0)
(-0.0560216 -0.409345 0)
(-0.00619985 -0.40043 0)
(0.00963865 0.0666855 0)
(0.0284819 0.169041 0)
(0.0436084 0.220057 0)
(0.0559917 0.23892 0)
(0.0671456 0.234 0)
(0.0767065 0.210786 0)
(0.0838031 0.176693 0)
(0.0881239 0.13861 0)
(0.0897477 0.10082 0)
(0.0889967 0.0649149 0)
(0.0862114 0.0307343 0)
(0.0812095 -0.00275635 0)
(0.0738176 -0.0362311 0)
(0.0642976 -0.0703184 0)
(0.0513265 -0.104851 0)
(0.036663 -0.13978 0)
(0.0125007 -0.18132 0)
(-0.000497841 -0.261086 0)
(-0.0450973 -0.405192 0)
(0.00266151 -0.435012 0)
(0.00675453 0.0492358 0)
(0.0287509 0.147685 0)
(0.0501797 0.20172 0)
(0.0688105 0.222346 0)
(0.0860715 0.219462 0)
(0.101568 0.19944 0)
(0.114046 0.169059 0)
(0.122818 0.134442 0)
(0.1278 0.0996051 0)
(0.129267 0.06626 0)
(0.127501 0.0346354 0)
(0.122593 0.00390522 0)
(0.114049 -0.0263408 0)
(0.102516 -0.0569716 0)
(0.085773 -0.0880699 0)
(0.0669337 -0.120288 0)
(0.0372819 -0.158182 0)
(0.0231602 -0.235171 0)
(-0.0348211 -0.397636 0)
(0.0133174 -0.463465 0)
(0.00231957 0.034782 0)
(0.023105 0.123087 0)
(0.0499757 0.178418 0)
(0.0753512 0.201053 0)
(0.0997068 0.200657 0)
(0.122305 0.184351 0)
(0.141491 0.158487 0)
(0.156049 0.128317 0)
(0.165568 0.0974545 0)
(0.170279 0.0676073 0)
(0.170149 0.0393543 0)
(0.165909 0.0122648 0)
(0.156194 -0.0140408 0)
(0.142675 -0.0403197 0)
(0.121757 -0.0669103 0)
(0.0986289 -0.0953821 0)
(0.0632735 -0.130466 0)
(0.0462344 -0.205857 0)
(-0.0231619 -0.38617 0)
(0.0283078 -0.484928 0)
(-0.00338289 0.0290051 0)
(0.0096901 0.101171 0)
(0.0362306 0.147593 0)
(0.0676681 0.167958 0)
(0.100172 0.169055 0)
(0.131526 0.156825 0)
(0.159181 0.136556 0)
(0.181414 0.112391 0)
(0.197199 0.0873981 0)
(0.206902 0.0631048 0)
(0.209717 0.0402542 0)
(0.207411 0.0186926 0)
(0.197289 -0.00194383 0)
(0.182881 -0.0221911 0)
(0.158472 -0.0425375 0)
(0.132326 -0.0660937 0)
(0.0913987 -0.0999861 0)
(0.0691047 -0.178721 0)
(-0.00480554 -0.369477 0)
(0.0519439 -0.491324 0)
(-0.0137476 0.018901 0)
(-0.00749378 0.0882319 0)
(0.0186753 0.123654 0)
(0.0553935 0.136379 0)
(0.0960309 0.135785 0)
(0.135924 0.126589 0)
(0.171735 0.112027 0)
(0.201181 0.0944116 0)
(0.222774 0.076159 0)
(0.237613 0.0582613 0)
(0.243551 0.0416863 0)
(0.244434 0.0262836 0)
(0.235281 0.0122393 0)
(0.223679 -0.00131402 0)
(0.199135 -0.0151307 0)
(0.175708 -0.0339637 0)
(0.132002 -0.0667295 0)
(0.107032 -0.145366 0)
(0.0371035 -0.32603 0)
(0.09222 -0.455827 0)
(-0.105836 0.082688 0)
(-0.0776089 0.0692023 0)
(-0.0486468 0.0731627 0)
(0.00329756 0.0774275 0)
(0.0563284 0.0776231 0)
(0.108572 0.0733256 0)
(0.155297 0.0660387 0)
(0.197247 0.0567281 0)
(0.229071 0.0471897 0)
(0.256993 0.0376809 0)
(0.272655 0.0291866 0)
(0.287808 0.021354 0)
(0.28834 0.0147537 0)
(0.292688 0.00847931 0)
(0.276836 0.00162301 0)
(0.270065 -0.00951651 0)
(0.231217 -0.0351273 0)
(0.217633 -0.0952168 0)
(0.150103 -0.229717 0)
(0.170652 -0.341495 0)
(0.130072 0.103819 0)
(0.158541 0.0754299 0)
(0.212515 0.0534524 0)
(0.271001 0.0417962 0)
(0.323415 0.0360213 0)
(0.375589 0.0320013 0)
(0.419893 0.0289393 0)
(0.464915 0.0255914 0)
(0.497779 0.0229202 0)
(0.532854 0.0197406 0)
(0.552212 0.0176 0)
(0.578022 0.0146811 0)
(0.58425 0.0132608 0)
(0.602753 0.010459 0)
(0.594409 0.00951132 0)
(0.603176 0.00511478 0)
(0.567636 0.000184726 0)
(0.54773 -0.0182561 0)
(0.435948 -0.0504075 0)
(0.33688 -0.101407 0)
)
;

boundaryField
{
    movingWall
    {
        type            fixedValue;
        value           uniform (1 0 0);
    }
    fixedWalls
    {
        type            noSlip;
    }
    frontAndBack
    {
        type            empty;
    }
}


// ************************************************************************* //
