/*--------------------------------*- C++ -*----------------------------------*\
| =========                 |                                                 |
| \\      /  F ield         | OpenFOAM: The Open Source CFD Toolbox           |
|  \\    /   O peration     | Version:  2212                                  |
|   \\  /    A nd           | Website:  www.openfoam.com                      |
|    \\/     M anipulation  |                                                 |
\*---------------------------------------------------------------------------*/
FoamFile
{
    version     2.0;
    format      ascii;
    arch        "LSB;label=32;scalar=64";
    class       volVectorField;
    location    "2.835";
    object      U;
}
// * * * * * * * * * * * * * * * * * * * * * * * * * * * * * * * * * * * * * //

dimensions      [0 1 -1 0 0 0 0];

internalField   nonuniform List<vector> 
400
(
(0.00153295 -0.00155786 0)
(0.00436998 -0.00173513 0)
(0.00587548 -0.00111289 0)
(0.00490604 -0.00051424 0)
(0.000919397 0.000236324 0)
(-0.00712062 0.00171571 0)
(-0.0202194 0.00451987 0)
(-0.0381954 0.00817047 0)
(-0.058503 0.0106513 0)
(-0.0762672 0.0100891 0)
(-0.0869172 0.0066482 0)
(-0.0879793 0.00177643 0)
(-0.0785202 -0.00332344 0)
(-0.0592397 -0.00788082 0)
(-0.0337488 -0.0104465 0)
(-0.00635084 -0.00951622 0)
(0.0152007 -0.00481902 0)
(0.0230728 0.0025071 0)
(0.0154801 0.00614706 0)
(0.00418468 0.00452793 0)
(0.00146772 -0.00452959 0)
(0.00248669 -0.0034774 0)
(-0.00123595 0.000785013 0)
(-0.0117623 0.00627234 0)
(-0.0308606 0.0134251 0)
(-0.059032 0.0225342 0)
(-0.093099 0.0313544 0)
(-0.126558 0.0354772 0)
(-0.153515 0.0324457 0)
(-0.170604 0.0230229 0)
(-0.176312 0.00938269 0)
(-0.170555 -0.00617985 0)
(-0.153897 -0.0219224 0)
(-0.12698 -0.035425 0)
(-0.0920221 -0.0430921 0)
(-0.0517283 -0.0407297 0)
(-0.0119069 -0.0260027 0)
(0.0157496 -0.00183891 0)
(0.0171007 0.0153513 0)
(0.00539262 0.0142438 0)
(-0.000440574 -0.00483251 0)
(-0.00568034 0.00153445 0)
(-0.0194594 0.0140053 0)
(-0.0431536 0.0297994 0)
(-0.0771656 0.0469978 0)
(-0.117225 0.0613629 0)
(-0.156125 0.0677931 0)
(-0.188385 0.0640028 0)
(-0.211732 0.0511026 0)
(-0.225486 0.0314221 0)
(-0.229583 0.00723384 0)
(-0.22459 -0.0194546 0)
(-0.210809 -0.046526 0)
(-0.187758 -0.0704609 0)
(-0.155161 -0.0862264 0)
(-0.113023 -0.0869099 0)
(-0.0631895 -0.065804 0)
(-0.0138692 -0.0230896 0)
(0.00912175 0.0166807 0)
(0.0041426 0.0227177 0)
(-0.00339957 0.0014141 0)
(-0.016936 0.0173803 0)
(-0.0418054 0.0398476 0)
(-0.0762133 0.0649505 0)
(-0.117601 0.0870476 0)
(-0.159144 0.0997912 0)
(-0.19453 0.0996191 0)
(-0.221555 0.0874588 0)
(-0.240352 0.0662612 0)
(-0.251459 0.0386606 0)
(-0.255651 0.00651878 0)
(-0.253698 -0.0288471 0)
(-0.245547 -0.0653045 0)
(-0.230156 -0.0999469 0)
(-0.205568 -0.127437 0)
(-0.169129 -0.139117 0)
(-0.118437 -0.123029 0)
(-0.0555298 -0.0700027 0)
(-0.0011366 0.00243552 0)
(0.00471644 0.0272464 0)
(-0.00634559 0.0151409 0)
(-0.0273298 0.0429639 0)
(-0.0602496 0.073748 0)
(-0.0995782 0.104038 0)
(-0.140913 0.125922 0)
(-0.177463 0.133504 0)
(-0.205553 0.125937 0)
(-0.225305 0.106434 0)
(-0.237927 0.0787474 0)
(-0.245057 0.04563 0)
(-0.248369 0.00863 0)
(-0.248818 -0.03148 0)
(-0.246231 -0.0736049 0)
(-0.239959 -0.116425 0)
(-0.227263 -0.156072 0)
(-0.203546 -0.184209 0)
(-0.16292 -0.185722 0)
(-0.100899 -0.140143 0)
(-0.0217389 -0.0388917 0)
(0.0071474 0.0260956 0)
(-0.00803036 0.0341164 0)
(-0.033281 0.0739216 0)
(-0.0693956 0.110004 0)
(-0.107961 0.141535 0)
(-0.144238 0.159968 0)
(-0.172798 0.160919 0)
(-0.192305 0.146049 0)
(-0.204108 0.120136 0)
(-0.210116 0.0874843 0)
(-0.212759 0.0510808 0)
(-0.214084 0.0124131 0)
(-0.215169 -0.0281441 0)
(-0.216249 -0.0710755 0)
(-0.217334 -0.116829 0)
(-0.216228 -0.164234 0)
(-0.207801 -0.207835 0)
(-0.184031 -0.233483 0)
(-0.136492 -0.214175 0)
(-0.0609979 -0.116573 0)
(0.00551522 0.0135698 0)
(-0.00779234 0.05498 0)
(-0.0333615 0.105751 0)
(-0.0681488 0.144207 0)
(-0.102125 0.174083 0)
(-0.131168 0.187321 0)
(-0.15149 0.181236 0)
(-0.163404 0.159522 0)
(-0.168888 0.128102 0)
(-0.170291 0.0917675 0)
(-0.170157 0.0535903 0)
(-0.170141 0.0148561 0)
(-0.171009 -0.0244255 0)
(-0.173333 -0.065458 0)
(-0.17765 -0.109694 0)
(-0.183244 -0.158342 0)
(-0.186359 -0.210237 0)
(-0.179005 -0.256241 0)
(-0.151237 -0.270069 0)
(-0.0968697 -0.201913 0)
(-0.00860195 -0.0147373 0)
(-0.00575225 0.0743681 0)
(-0.0280941 0.134938 0)
(-0.0582656 0.173866 0)
(-0.0857934 0.200527 0)
(-0.107449 0.208006 0)
(-0.120947 0.195184 0)
(-0.127546 0.167433 0)
(-0.12947 0.131587 0)
(-0.129159 0.0927351 0)
(-0.128678 0.0537221 0)
(-0.128851 0.0153462 0)
(-0.129901 -0.0228072 0)
(-0.132311 -0.0618809 0)
(-0.136829 -0.103308 0)
(-0.144056 -0.149267 0)
(-0.152561 -0.202215 0)
(-0.156144 -0.259985 0)
(-0.14438 -0.302594 0)
(-0.110167 -0.272292 0)
(-0.0299927 -0.07356 0)
(-0.00254844 0.0893991 0)
(-0.0192228 0.158895 0)
(-0.042814 0.19742 0)
(-0.063336 0.220267 0)
(-0.0783832 0.222371 0)
(-0.0868197 0.203987 0)
(-0.090287 0.171673 0)
(-0.0908934 0.132852 0)
(-0.0907693 0.0927051 0)
(-0.0912204 0.0536537 0)
(-0.0923622 0.0158584 0)
(-0.0940802 -0.0215401 0)
(-0.096556 -0.0594529 0)
(-0.100364 -0.0987367 0)
(-0.106729 -0.141272 0)
(-0.116393 -0.19129 0)
(-0.125969 -0.253198 0)
(-0.124862 -0.31753 0)
(-0.105981 -0.329022 0)
(-0.0366215 -0.159261 0)
(0.00114452 0.0979389 0)
(-0.00839258 0.175921 0)
(-0.0243166 0.214385 0)
(-0.0378822 0.234053 0)
(-0.0472254 0.232083 0)
(-0.0520268 0.209742 0)
(-0.0538203 0.174381 0)
(-0.054266 0.133844 0)
(-0.0549331 0.0932835 0)
(-0.0564695 0.0546021 0)
(-0.0586426 0.0173676 0)
(-0.0612443 -0.0195832 0)
(-0.0642547 -0.0570026 0)
(-0.0679218 -0.0952047 0)
(-0.0732966 -0.135112 0)
(-0.0821005 -0.180812 0)
(-0.0943074 -0.240978 0)
(-0.0997454 -0.318103 0)
(-0.0943425 -0.36641 0)
(-0.0306479 -0.237661 0)
(0.00475445 0.0989798 0)
(0.00279693 0.185043 0)
(-0.00514642 0.224499 0)
(-0.0120416 0.241826 0)
(-0.016363 0.237076 0)
(-0.0181904 0.212508 0)
(-0.0187599 0.175827 0)
(-0.0191415 0.134899 0)
(-0.0203112 0.0946483 0)
(-0.0224908 0.0565838 0)
(-0.025341 0.0199659 0)
(-0.028726 -0.0164685 0)
(-0.0326367 -0.05348 0)
(-0.0370805 -0.0911586 0)
(-0.0426932 -0.129558 0)
(-0.0509297 -0.17153 0)
(-0.0646921 -0.227518 0)
(-0.0739833 -0.311417 0)
(-0.0808713 -0.390694 0)
(-0.022868 -0.301799 0)
(0.00778086 0.0928985 0)
(0.013318 0.185962 0)
(0.0132412 0.227909 0)
(0.0128373 0.244507 0)
(0.0134281 0.238731 0)
(0.0146367 0.213646 0)
(0.0155381 0.176988 0)
(0.0156207 0.136458 0)
(0.0144781 0.096761 0)
(0.0121596 0.059313 0)
(0.00899307 0.0233893 0)
(0.00499934 -0.012258 0)
(5.52509e-05 -0.0484824 0)
(-0.0057659 -0.085401 0)
(-0.0128809 -0.122649 0)
(-0.0216846 -0.161573 0)
(-0.0375118 -0.212127 0)
(-0.0492217 -0.297612 0)
(-0.068079 -0.40266 0)
(-0.0145751 -0.354719 0)
(0.00940124 0.0808531 0)
(0.0218035 0.178752 0)
(0.0291679 0.224174 0)
(0.0348728 0.241102 0)
(0.0403805 0.235495 0)
(0.0452662 0.211325 0)
(0.0486606 0.176008 0)
(0.0502635 0.136852 0)
(0.0500295 0.0983476 0)
(0.0481974 0.0619567 0)
(0.0450757 0.0271509 0)
(0.0406164 -0.00723988 0)
(0.0346353 -0.0420931 0)
(0.0271693 -0.0776403 0)
(0.0175139 -0.113446 0)
(0.00658125 -0.149916 0)
(-0.0125502 -0.19563 0)
(-0.0253986 -0.27944 0)
(-0.0564114 -0.405356 0)
(-0.00636805 -0.396886 0)
(0.00891236 0.0649821 0)
(0.0268599 0.163865 0)
(0.0415037 0.213608 0)
(0.0535599 0.232558 0)
(0.0645154 0.228667 0)
(0.0739995 0.206825 0)
(0.0810782 0.173992 0)
(0.085387 0.136949 0)
(0.0870028 0.100053 0)
(0.0862689 0.0649711 0)
(0.0835333 0.0315572 0)
(0.0787066 -0.00119085 0)
(0.0715453 -0.0339663 0)
(0.0622346 -0.0673086 0)
(0.0495771 -0.100924 0)
(0.0351902 -0.134764 0)
(0.0113433 -0.175713 0)
(-0.00168922 -0.256375 0)
(-0.0457101 -0.401484 0)
(0.0024131 -0.431884 0)
(0.00622653 0.0486744 0)
(0.0269447 0.143543 0)
(0.0475747 0.195868 0)
(0.0656934 0.216295 0)
(0.0826228 0.214253 0)
(0.0979379 0.195506 0)
(0.11033 0.166371 0)
(0.11906 0.132812 0)
(0.124032 0.0988644 0)
(0.125539 0.0663036 0)
(0.123873 0.0353801 0)
(0.11915 0.0053309 0)
(0.110826 -0.0242984 0)
(0.0995232 -0.0542525 0)
(0.0831489 -0.0845174 0)
(0.0646198 -0.115707 0)
(0.0354186 -0.152899 0)
(0.0217506 -0.230671 0)
(-0.0356028 -0.394291 0)
(0.0129557 -0.460943 0)
(0.00211148 0.0351632 0)
(0.0214869 0.120299 0)
(0.0471455 0.173575 0)
(0.0717066 0.195642 0)
(0.0954937 0.195764 0)
(0.117703 0.180498 0)
(0.136653 0.155751 0)
(0.151088 0.126583 0)
(0.160572 0.0965702 0)
(0.165323 0.0674613 0)
(0.165329 0.0398535 0)
(0.161286 0.0133577 0)
(0.151862 -0.0123838 0)
(0.138619 -0.0380157 0)
(0.118144 -0.0638405 0)
(0.0954054 -0.0914289 0)
(0.0606372 -0.125811 0)
(0.0446141 -0.202024 0)
(-0.024156 -0.383708 0)
(0.027792 -0.483147 0)
(-0.00325703 0.0300922 0)
(0.00848008 0.0997681 0)
(0.0335853 0.143863 0)
(0.0639515 0.163404 0)
(0.0956203 0.164755 0)
(0.126317 0.153329 0)
(0.153504 0.134013 0)
(0.175437 0.110753 0)
(0.191083 0.086549 0)
(0.200731 0.0629275 0)
(0.203662 0.0406664 0)
(0.201475 0.0196191 0)
(0.191705 -0.000483824 0)
(0.177626 -0.0202127 0)
(0.153766 -0.0399717 0)
(0.128174 -0.062915 0)
(0.0881215 -0.0962316 0)
(0.0673256 -0.175478 0)
(-0.00586026 -0.367844 0)
(0.0514174 -0.490312 0)
(-0.0129465 0.0200144 0)
(-0.00757894 0.0881327 0)
(0.0167592 0.121653 0)
(0.0520087 0.133331 0)
(0.0913338 0.132554 0)
(0.13013 0.123734 0)
(0.165132 0.109788 0)
(0.194004 0.0928305 0)
(0.215317 0.0752026 0)
(0.229981 0.0578481 0)
(0.236041 0.0417865 0)
(0.237065 0.0268172 0)
(0.228382 0.0132473 0)
(0.217148 6.65056e-05 0)
(0.193379 -0.0132779 0)
(0.170832 -0.0317598 0)
(0.128283 -0.0642291 0)
(0.104909 -0.143665 0)
(0.0360804 -0.32566 0)
(0.0918318 -0.455557 0)
(-0.10534 0.0834684 0)
(-0.0773645 0.0696064 0)
(-0.0492657 0.0721934 0)
(0.00138287 0.0757497 0)
(0.0530093 0.0756983 0)
(0.103972 0.071523 0)
(0.149704 0.0645631 0)
(0.190877 0.0556337 0)
(0.222311 0.0464958 0)
(0.249993 0.0373348 0)
(0.265774 0.0291858 0)
(0.281093 0.0216224 0)
(0.282126 0.0153074 0)
(0.286951 0.00923634 0)
(0.272014 0.00265311 0)
(0.266036 -0.00841971 0)
(0.228123 -0.0340294 0)
(0.215961 -0.0946045 0)
(0.149605 -0.229639 0)
(0.170557 -0.34151 0)
(0.130393 0.10412 0)
(0.159235 0.0761121 0)
(0.213544 0.0541446 0)
(0.271838 0.0422856 0)
(0.323659 0.0362904 0)
(0.374982 0.032114 0)
(0.418467 0.0289843 0)
(0.462754 0.0256187 0)
(0.495131 0.0229739 0)
(0.529893 0.0198241 0)
(0.549181 0.0177307 0)
(0.57506 0.0148427 0)
(0.581544 0.0134707 0)
(0.600395 0.0106968 0)
(0.592559 0.00978918 0)
(0.601869 0.00537875 0)
(0.566942 0.000439274 0)
(0.547698 -0.0180574 0)
(0.436386 -0.0503254 0)
(0.337151 -0.101398 0)
)
;

boundaryField
{
    movingWall
    {
        type            fixedValue;
        value           uniform (1 0 0);
    }
    fixedWalls
    {
        type            noSlip;
    }
    frontAndBack
    {
        type            empty;
    }
}


// ************************************************************************* //
