/*--------------------------------*- C++ -*----------------------------------*\
| =========                 |                                                 |
| \\      /  F ield         | OpenFOAM: The Open Source CFD Toolbox           |
|  \\    /   O peration     | Version:  2212                                  |
|   \\  /    A nd           | Website:  www.openfoam.com                      |
|    \\/     M anipulation  |                                                 |
\*---------------------------------------------------------------------------*/
FoamFile
{
    version     2.0;
    format      ascii;
    arch        "LSB;label=32;scalar=64";
    class       surfaceScalarField;
    location    "4.045";
    object      phi;
}
// * * * * * * * * * * * * * * * * * * * * * * * * * * * * * * * * * * * * * //

dimensions      [0 3 -1 0 0 0 0];

oriented        oriented;

internalField   nonuniform List<scalar> 
760
(
1.53462e-07
-1.53483e-07
2.8801e-07
-1.34548e-07
3.03071e-07
-1.50607e-08
1.76959e-07
1.26112e-07
-1.25183e-07
3.02142e-07
-6.66303e-07
5.4112e-07
-1.47805e-06
8.11751e-07
-2.47495e-06
9.969e-07
-3.45783e-06
9.82872e-07
-4.19554e-06
7.37712e-07
-4.52119e-06
3.25653e-07
-4.33778e-06
-1.83412e-07
-3.58775e-06
-7.50029e-07
-2.38381e-06
-1.20394e-06
-9.54258e-07
-1.42956e-06
3.28112e-07
-1.28237e-06
1.07229e-06
-7.4418e-07
1.0226e-06
4.96873e-08
4.57334e-07
5.65271e-07
4.57334e-07
1.20627e-07
-2.74109e-07
6.67533e-08
-8.06743e-08
-3.03925e-07
3.55617e-07
-1.07989e-06
9.02074e-07
-2.30581e-06
1.52807e-06
-3.90284e-06
2.13815e-06
-5.62428e-06
2.53319e-06
-7.16005e-06
2.53267e-06
-8.28613e-06
2.10895e-06
-8.89218e-06
1.34376e-06
-8.9307e-06
3.64174e-07
-8.37856e-06
-7.3555e-07
-7.26679e-06
-1.8618e-06
-5.62769e-06
-2.84304e-06
-3.60392e-06
-3.45332e-06
-1.49823e-06
-3.38806e-06
1.64659e-07
-2.40707e-06
8.47726e-07
-6.33378e-07
5.21181e-07
8.91816e-07
9.78515e-07
-1.30687e-07
-1.43423e-07
-6.36207e-07
4.24847e-07
-1.62003e-06
1.33944e-06
-3.12284e-06
2.40488e-06
-5.02162e-06
3.42684e-06
-7.02157e-06
4.1381e-06
-8.8102e-06
4.32182e-06
-1.02073e-05
3.92976e-06
-1.11603e-05
3.06195e-06
-1.16612e-05
1.84472e-06
-1.16597e-05
3.62599e-07
-1.12068e-05
-1.18845e-06
-1.02832e-05
-2.78537e-06
-8.83452e-06
-4.29171e-06
-6.84031e-06
-5.44753e-06
-4.38872e-06
-5.83965e-06
-1.87682e-06
-4.91897e-06
-9.10478e-08
-2.41915e-06
2.92567e-07
5.08201e-07
1.27108e-06
-4.98605e-07
3.55183e-07
-1.55098e-06
1.47722e-06
-3.09665e-06
2.88511e-06
-5.04059e-06
4.34882e-06
-7.12695e-06
5.51321e-06
-9.05125e-06
6.06239e-06
-1.06117e-05
5.8823e-06
-1.17646e-05
5.08264e-06
-1.25374e-05
3.83473e-06
-1.29649e-05
2.27224e-06
-1.30331e-05
4.30804e-07
-1.27986e-05
-1.42298e-06
-1.22238e-05
-3.36012e-06
-1.12069e-05
-5.30867e-06
-9.61644e-06
-7.03796e-06
-7.32788e-06
-8.12821e-06
-4.37941e-06
-7.86745e-06
-1.37553e-06
-5.42302e-06
1.18681e-07
-9.86011e-07
1.38976e-06
-8.54668e-07
1.20985e-06
-2.34091e-06
2.96346e-06
-4.19439e-06
4.73859e-06
-6.22359e-06
6.37802e-06
-8.15095e-06
7.44057e-06
-9.75487e-06
7.66631e-06
-1.09575e-05
7.08489e-06
-1.17842e-05
5.90938e-06
-1.22968e-05
4.34736e-06
-1.25684e-05
2.54384e-06
-1.26894e-05
5.51808e-07
-1.26485e-05
-1.46397e-06
-1.24356e-05
-3.57298e-06
-1.19711e-05
-5.77317e-06
-1.10681e-05
-7.94093e-06
-9.43886e-06
-9.75746e-06
-6.78554e-06
-1.05208e-05
-3.2077e-06
-9.00086e-06
-2.62217e-07
-3.9315e-06
1.12755e-06
-1.07518e-06
2.28503e-06
-2.75589e-06
4.64417e-06
-4.63162e-06
6.61432e-06
-6.47354e-06
8.21994e-06
-8.05919e-06
9.02622e-06
-9.25704e-06
8.86416e-06
-1.00613e-05
7.8892e-06
-1.05363e-05
6.38439e-06
-1.07725e-05
4.58351e-06
-1.08705e-05
2.64183e-06
-1.09522e-05
6.33496e-07
-1.10071e-05
-1.40907e-06
-1.10497e-05
-3.53033e-06
-1.10499e-05
-5.77296e-06
-1.08526e-05
-8.13829e-06
-1.01295e-05
-1.04806e-05
-8.38742e-06
-1.22628e-05
-5.21411e-06
-1.21742e-05
-1.15344e-06
-7.99217e-06
-2.58907e-08
-1.09712e-06
3.38215e-06
-2.72786e-06
6.27491e-06
-4.4095e-06
8.29596e-06
-5.93177e-06
9.7422e-06
-7.13521e-06
1.02297e-05
-7.95613e-06
9.68507e-06
-8.43045e-06
8.36352e-06
-8.6445e-06
6.59845e-06
-8.70238e-06
4.64138e-06
-8.70272e-06
2.64217e-06
-8.73013e-06
6.60908e-07
-8.80478e-06
-1.33442e-06
-8.94615e-06
-3.38896e-06
-9.16477e-06
-5.55433e-06
-9.40171e-06
-7.90135e-06
-9.42283e-06
-1.04595e-05
-8.7079e-06
-1.29777e-05
-6.50273e-06
-1.43793e-05
-2.40905e-06
-1.20858e-05
-2.43494e-06
-9.23331e-07
4.30549e-06
-2.31996e-06
7.67154e-06
-3.69408e-06
9.67008e-06
-4.86256e-06
1.09107e-05
-5.72419e-06
1.10913e-05
-6.2606e-06
1.02215e-05
-6.52743e-06
8.63035e-06
-6.61535e-06
6.68636e-06
-6.62161e-06
4.64764e-06
-6.62119e-06
2.64176e-06
-6.65208e-06
6.91794e-07
-6.73232e-06
-1.25417e-06
-6.88347e-06
-3.23781e-06
-7.13584e-06
-5.30196e-06
-7.50486e-06
-7.53233e-06
-7.89596e-06
-1.00684e-05
-7.89565e-06
-1.29781e-05
-6.68651e-06
-1.55885e-05
-3.56476e-06
-1.52076e-05
-5.9997e-06
-6.15861e-07
4.92135e-06
-1.6669e-06
8.72257e-06
-2.69027e-06
1.06935e-05
-3.5211e-06
1.17415e-05
-4.10324e-06
1.16734e-05
-4.44561e-06
1.05639e-05
-4.60612e-06
8.79086e-06
-4.6633e-06
6.74354e-06
-4.69066e-06
4.67501e-06
-4.73359e-06
2.68469e-06
-4.80335e-06
7.61554e-07
-4.90714e-06
-1.15039e-06
-5.05546e-06
-3.08949e-06
-5.27751e-06
-5.07992e-06
-5.62812e-06
-7.18171e-06
-6.11841e-06
-9.57809e-06
-6.52493e-06
-1.25715e-05
-6.10389e-06
-1.60095e-05
-3.90646e-06
-1.7405e-05
-9.90616e-06
-2.28094e-07
5.14944e-06
-8.81245e-07
9.37572e-06
-1.54626e-06
1.13585e-05
-2.07006e-06
1.22653e-05
-2.42419e-06
1.20276e-05
-2.63227e-06
1.07719e-05
-2.7422e-06
8.90079e-06
-2.80753e-06
6.80887e-06
-2.87394e-06
4.74141e-06
-2.96437e-06
2.77512e-06
-3.08192e-06
8.79107e-07
-3.22667e-06
-1.00565e-06
-3.39932e-06
-2.91684e-06
-3.61291e-06
-4.86633e-06
-3.91969e-06
-6.87493e-06
-4.4011e-06
-9.09668e-06
-4.99988e-06
-1.19727e-05
-5.10852e-06
-1.59009e-05
-3.54823e-06
-1.89653e-05
-1.34544e-05
1.62733e-07
4.98671e-06
-6.74342e-08
9.60589e-06
-3.96807e-07
1.16878e-05
-6.44531e-07
1.2513e-05
-7.95969e-07
1.2179e-05
-8.81961e-07
1.08579e-05
-9.42153e-07
8.96098e-06
-1.00881e-06
6.87552e-06
-1.09894e-06
4.83154e-06
-1.22031e-06
2.89649e-06
-1.37514e-06
1.03393e-06
-1.56561e-06
-8.15174e-07
-1.79091e-06
-2.69154e-06
-2.04976e-06
-4.60748e-06
-2.37122e-06
-6.55346e-06
-2.84953e-06
-8.61837e-06
-3.54588e-06
-1.12764e-05
-4.01807e-06
-1.54287e-05
-3.02103e-06
-1.99624e-05
-1.64754e-05
4.95463e-07
4.49124e-06
6.91948e-07
9.40941e-06
7.35039e-07
1.16448e-05
7.71209e-07
1.24769e-05
8.17335e-07
1.21329e-05
8.47578e-07
1.08277e-05
8.41592e-07
8.96697e-06
7.9083e-07
6.92629e-06
6.97041e-07
4.92533e-06
5.62402e-07
3.03113e-06
3.82567e-07
1.21377e-06
1.51276e-07
-5.83884e-07
-1.33691e-07
-2.40657e-06
-4.79164e-07
-4.26201e-06
-8.90847e-07
-6.14178e-06
-1.41597e-06
-8.09324e-06
-2.20161e-06
-1.04908e-05
-2.95562e-06
-1.46747e-05
-2.46193e-06
-2.0456e-05
-1.89374e-05
7.46945e-07
3.7443e-06
1.33917e-06
8.81718e-06
1.72883e-06
1.12551e-05
2.05641e-06
1.21493e-05
2.32874e-06
1.18605e-05
2.51464e-06
1.06418e-05
2.60495e-06
8.87666e-06
2.61025e-06
6.92099e-06
2.54533e-06
4.99025e-06
2.41849e-06
3.15797e-06
2.22358e-06
1.40868e-06
1.94669e-06
-3.06996e-07
1.58676e-06
-2.04663e-06
1.1388e-06
-3.81405e-06
5.97392e-07
-5.60037e-06
-9.11742e-08
-7.40468e-06
-9.66008e-07
-9.61593e-06
-1.9297e-06
-1.3711e-05
-1.93022e-06
-2.04555e-05
-2.08676e-05
8.59157e-07
2.88514e-06
1.7891e-06
7.88723e-06
2.52454e-06
1.05197e-05
3.16103e-06
1.15128e-05
3.70547e-06
1.13161e-05
4.11371e-06
1.02335e-05
4.36887e-06
8.62149e-06
4.48478e-06
6.80508e-06
4.48534e-06
4.98969e-06
4.38698e-06
3.25633e-06
4.18858e-06
1.60707e-06
3.8632e-06
1.83901e-08
3.42282e-06
-1.60625e-06
2.84602e-06
-3.23726e-06
2.1321e-06
-4.88645e-06
1.29736e-06
-6.56994e-06
2.48832e-07
-8.5674e-06
-9.74241e-07
-1.24879e-05
-1.43483e-06
-1.99949e-05
-2.23024e-05
7.95103e-07
2.09004e-06
1.92971e-06
6.75263e-06
2.96294e-06
9.48643e-06
3.92919e-06
1.05465e-05
4.80059e-06
1.04447e-05
5.51043e-06
9.52371e-06
6.01873e-06
8.1132e-06
6.32824e-06
6.49557e-06
6.4608e-06
4.85713e-06
6.43607e-06
3.28107e-06
6.25437e-06
1.78877e-06
5.90957e-06
3.63188e-07
5.37554e-06
-1.07221e-06
4.65481e-06
-2.51654e-06
3.73943e-06
-3.97107e-06
2.65731e-06
-5.48782e-06
1.36466e-06
-7.27475e-06
-1.68486e-07
-1.09548e-05
-9.23552e-07
-1.92399e-05
-2.32259e-05
5.69052e-07
1.52099e-06
1.73628e-06
5.5854e-06
3.06224e-06
8.16046e-06
4.40256e-06
9.20623e-06
5.65998e-06
9.18728e-06
6.73559e-06
8.4481e-06
7.56339e-06
7.28539e-06
8.13047e-06
5.92849e-06
8.44986e-06
4.53774e-06
8.53966e-06
3.19127e-06
8.40733e-06
1.9211e-06
8.05124e-06
7.1928e-07
7.4283e-06
-4.49273e-07
6.55466e-06
-1.64289e-06
5.41714e-06
-2.83356e-06
4.05663e-06
-4.1273e-06
2.54014e-06
-5.75826e-06
9.33552e-07
-9.3482e-06
-1.55295e-07
-1.8151e-05
-2.33812e-05
1.47272e-07
1.37372e-06
1.02145e-06
4.71122e-06
2.48476e-06
6.69715e-06
4.19329e-06
7.49771e-06
5.90334e-06
7.47723e-06
7.42782e-06
6.92362e-06
8.66373e-06
6.04949e-06
9.58122e-06
5.011e-06
1.01756e-05
3.94332e-06
1.04598e-05
2.90714e-06
1.044e-05
1.94085e-06
1.01227e-05
1.03654e-06
9.46642e-06
2.07048e-07
8.48621e-06
-6.62681e-07
7.17655e-06
-1.5239e-06
5.58725e-06
-2.538e-06
3.87617e-06
-4.04717e-06
2.21966e-06
-7.69169e-06
6.45023e-07
-1.65764e-05
-2.27362e-05
-5.13651e-07
1.88737e-06
1.94053e-07
4.00352e-06
1.73391e-06
5.1573e-06
3.78045e-06
5.45118e-06
5.91997e-06
5.33771e-06
7.8677e-06
4.97588e-06
9.48695e-06
4.43024e-06
1.07366e-05
3.76137e-06
1.15991e-05
3.0808e-06
1.20919e-05
2.41435e-06
1.22196e-05
1.81313e-06
1.20028e-05
1.25333e-06
1.14625e-05
7.4731e-07
1.05743e-05
2.25585e-07
9.34171e-06
-2.91326e-07
7.83319e-06
-1.02948e-06
6.23445e-06
-2.44844e-06
4.43912e-06
-5.89636e-06
2.0483e-06
-1.41856e-05
-2.06879e-05
-4.17536e-06
6.06273e-06
-3.63981e-06
3.46796e-06
-1.25517e-06
2.77266e-06
1.5289e-06
2.6671e-06
4.25334e-06
2.61327e-06
6.77363e-06
2.45559e-06
8.97808e-06
2.22579e-06
1.08072e-05
1.93222e-06
1.22434e-05
1.64458e-06
1.3314e-05
1.3438e-06
1.40362e-05
1.09094e-06
1.44544e-05
8.35096e-07
1.45576e-05
6.4415e-07
1.43564e-05
4.26743e-07
1.38406e-05
2.24554e-07
1.30249e-05
-2.13853e-07
1.19008e-05
-1.32427e-06
1.01037e-05
-4.0993e-06
5.63432e-06
-9.71618e-06
-1.50536e-05
6.06273e-06
9.53069e-06
1.23034e-05
1.49705e-05
1.75837e-05
2.00393e-05
2.22651e-05
2.41973e-05
2.58419e-05
2.71857e-05
2.82767e-05
2.91118e-05
2.97559e-05
3.01826e-05
3.04072e-05
3.01933e-05
2.88691e-05
2.47698e-05
1.50536e-05
)
;

boundaryField
{
    movingWall
    {
        type            calculated;
        value           uniform 0;
    }
    fixedWalls
    {
        type            calculated;
        value           uniform 0;
    }
    frontAndBack
    {
        type            empty;
        value           nonuniform List<scalar> 0();
    }
}


// ************************************************************************* //
