/*--------------------------------*- C++ -*----------------------------------*\
| =========                 |                                                 |
| \\      /  F ield         | OpenFOAM: The Open Source CFD Toolbox           |
|  \\    /   O peration     | Version:  2212                                  |
|   \\  /    A nd           | Website:  www.openfoam.com                      |
|    \\/     M anipulation  |                                                 |
\*---------------------------------------------------------------------------*/
FoamFile
{
    version     2.0;
    format      ascii;
    arch        "LSB;label=32;scalar=64";
    class       surfaceScalarField;
    location    "0.875";
    object      phi;
}
// * * * * * * * * * * * * * * * * * * * * * * * * * * * * * * * * * * * * * //

dimensions      [0 3 -1 0 0 0 0];

oriented        oriented;

internalField   nonuniform List<scalar> 
760
(
-3.55823e-08
3.55824e-08
-1.37946e-07
1.02364e-07
-2.68134e-07
1.30188e-07
-4.10747e-07
1.42612e-07
-5.6692e-07
1.56173e-07
-7.4236e-07
1.75441e-07
-9.41123e-07
1.98763e-07
-1.16069e-06
2.19562e-07
-1.38578e-06
2.25094e-07
-1.58264e-06
1.96863e-07
-1.69968e-06
1.1704e-07
-1.68003e-06
-1.96487e-08
-1.47117e-06
-2.08868e-07
-1.08878e-06
-3.82386e-07
-6.03974e-07
-4.84807e-07
-1.42817e-07
-4.61157e-07
1.64424e-07
-3.07242e-07
2.41654e-07
-7.72298e-08
1.32833e-07
1.08821e-07
1.32833e-07
-1.3557e-07
1.71152e-07
-3.967e-07
3.63493e-07
-7.1147e-07
4.44958e-07
-1.05618e-06
4.87322e-07
-1.4286e-06
5.28598e-07
-1.83057e-06
5.7741e-07
-2.25735e-06
6.25537e-07
-2.68968e-06
6.5189e-07
-3.08748e-06
6.22892e-07
-3.3884e-06
4.97785e-07
-3.51816e-06
2.46802e-07
-3.40947e-06
-1.28336e-07
-3.01551e-06
-6.02826e-07
-2.35129e-06
-1.04661e-06
-1.51351e-06
-1.32258e-06
-6.71218e-07
-1.30345e-06
-3.77989e-08
-9.40661e-07
2.39914e-07
-3.54943e-07
1.71793e-07
1.76943e-07
3.04626e-07
-2.09868e-07
3.81021e-07
-5.82973e-07
7.36598e-07
-1.02224e-06
8.84224e-07
-1.4989e-06
9.63984e-07
-2.00788e-06
1.03758e-06
-2.54627e-06
1.11579e-06
-3.10239e-06
1.18166e-06
-3.65028e-06
1.19978e-06
-4.14758e-06
1.12019e-06
-4.53582e-06
8.86023e-07
-4.74602e-06
4.57e-07
-4.71175e-06
-1.62601e-07
-4.34969e-06
-9.64883e-07
-3.63862e-06
-1.75768e-06
-2.63233e-06
-2.32888e-06
-1.48445e-06
-2.45133e-06
-4.61333e-07
-1.96378e-06
1.21935e-07
-9.3821e-07
1.76888e-07
1.21989e-07
4.81514e-07
-2.53924e-07
6.34944e-07
-6.95849e-07
1.17852e-06
-1.21106e-06
1.39944e-06
-1.76735e-06
1.52027e-06
-2.35927e-06
1.62949e-06
-2.98456e-06
1.74109e-06
-3.63531e-06
1.83242e-06
-4.29663e-06
1.8611e-06
-4.94775e-06
1.77131e-06
-5.55415e-06
1.49243e-06
-6.04191e-06
9.44759e-07
-6.31693e-06
1.12415e-07
-6.19586e-06
-1.08595e-06
-5.59656e-06
-2.35698e-06
-4.51048e-06
-3.41496e-06
-3.03241e-06
-3.9294e-06
-1.43978e-06
-3.5564e-06
-2.32046e-07
-2.14595e-06
1.55206e-07
-2.65263e-07
6.3672e-07
-2.72029e-07
9.06973e-07
-7.45816e-07
1.65231e-06
-1.29874e-06
1.95236e-06
-1.89757e-06
2.1191e-06
-2.54002e-06
2.27194e-06
-3.23198e-06
2.43305e-06
-3.98206e-06
2.5825e-06
-4.80349e-06
2.68253e-06
-5.7107e-06
2.67852e-06
-6.68745e-06
2.46918e-06
-7.62474e-06
1.88205e-06
-8.2685e-06
7.56173e-07
-8.4595e-06
-8.94954e-07
-8.06349e-06
-2.75299e-06
-7.0389e-06
-4.43955e-06
-5.37185e-06
-5.59645e-06
-3.21193e-06
-5.71632e-06
-1.07136e-06
-4.28652e-06
6.32426e-08
-1.39986e-06
6.99962e-07
-2.67897e-07
1.17487e-06
-7.42488e-07
2.1269e-06
-1.30211e-06
2.51199e-06
-1.91471e-06
2.7317e-06
-2.58397e-06
2.9412e-06
-3.32966e-06
3.17873e-06
-4.18456e-06
3.4374e-06
-5.1929e-06
3.69087e-06
-6.38691e-06
3.87253e-06
-7.71893e-06
3.8012e-06
-8.99295e-06
3.15607e-06
-9.90897e-06
1.67219e-06
-1.02581e-05
-5.45831e-07
-1.01001e-05
-2.911e-06
-9.35349e-06
-5.18614e-06
-7.87544e-06
-7.07449e-06
-5.55327e-06
-8.03849e-06
-2.61443e-06
-7.22536e-06
-2.79802e-07
-3.73449e-06
4.20161e-07
-2.44582e-07
1.41945e-06
-6.92883e-07
2.5752e-06
-1.23127e-06
3.05037e-06
-1.82941e-06
3.32984e-06
-2.4967e-06
3.6085e-06
-3.26597e-06
3.948e-06
-4.18892e-06
4.36035e-06
-5.32115e-06
4.8231e-06
-6.66949e-06
5.22087e-06
-8.11135e-06
5.24306e-06
-9.3923e-06
4.43701e-06
-1.0294e-05
2.57391e-06
-1.06552e-05
-1.84637e-07
-1.07179e-05
-2.84832e-06
-1.03754e-05
-5.52864e-06
-9.45789e-06
-7.99199e-06
-7.64854e-06
-9.84785e-06
-4.6637e-06
-1.02102e-05
-1.13655e-06
-7.26163e-06
-7.16392e-07
-2.05039e-07
1.62449e-06
-6.0277e-07
2.97293e-06
-1.0925e-06
3.5401e-06
-1.64382e-06
3.88116e-06
-2.26674e-06
4.23142e-06
-2.99704e-06
4.6783e-06
-3.88535e-06
5.24866e-06
-4.96693e-06
5.90467e-06
-6.19996e-06
6.45391e-06
-7.42109e-06
6.4642e-06
-8.41687e-06
5.43279e-06
-9.07276e-06
3.2298e-06
-9.49616e-06
2.38768e-07
-9.63768e-06
-2.70681e-06
-9.62064e-06
-5.54568e-06
-9.35896e-06
-8.25368e-06
-8.4623e-06
-1.07445e-05
-6.26883e-06
-1.24037e-05
-2.43443e-06
-1.1096e-05
-3.15082e-06
-1.53082e-07
1.77757e-06
-4.79419e-07
3.29927e-06
-8.94136e-07
3.95482e-06
-1.36327e-06
4.3503e-06
-1.88926e-06
4.7574e-06
-2.49716e-06
5.2862e-06
-3.21872e-06
5.97023e-06
-4.061e-06
6.74695e-06
-4.96398e-06
7.35689e-06
-5.79634e-06
7.29656e-06
-6.44099e-06
6.07743e-06
-6.8781e-06
3.66691e-06
-7.21193e-06
5.72597e-07
-7.40049e-06
-2.51825e-06
-7.55377e-06
-5.3924e-06
-7.72781e-06
-8.07964e-06
-7.6477e-06
-1.08246e-05
-6.5321e-06
-1.35193e-05
-3.57821e-06
-1.40499e-05
-6.72903e-06
-9.438e-08
1.87195e-06
-3.34567e-07
3.53946e-06
-6.52786e-07
4.27304e-06
-1.0087e-06
4.70621e-06
-1.39071e-06
5.13941e-06
-1.80473e-06
5.70022e-06
-2.25927e-06
6.42477e-06
-2.74663e-06
7.23431e-06
-3.22956e-06
7.83982e-06
-3.66036e-06
7.72735e-06
-4.02517e-06
6.44225e-06
-4.34686e-06
3.98859e-06
-4.65549e-06
8.81235e-07
-4.91307e-06
-2.26067e-06
-5.17275e-06
-5.13272e-06
-5.55142e-06
-7.70097e-06
-5.96873e-06
-1.04073e-05
-5.73377e-06
-1.37542e-05
-3.77773e-06
-1.6006e-05
-1.05068e-05
-3.65398e-08
1.90849e-06
-1.85127e-07
3.68805e-06
-3.95246e-07
4.48316e-06
-6.19895e-07
4.93086e-06
-8.31651e-07
5.35117e-06
-1.01618e-06
5.88475e-06
-1.16215e-06
6.57074e-06
-1.26065e-06
7.33282e-06
-1.31688e-06
7.89606e-06
-1.38308e-06
7.79355e-06
-1.51664e-06
6.57581e-06
-1.74757e-06
4.21952e-06
-2.08362e-06
1.21729e-06
-2.4758e-06
-1.86848e-06
-2.87571e-06
-4.73281e-06
-3.41626e-06
-7.16041e-06
-4.16217e-06
-9.66141e-06
-4.54193e-06
-1.33745e-05
-3.28055e-06
-1.72674e-05
-1.37873e-05
1.19353e-08
1.89656e-06
-5.14962e-08
3.75148e-06
-1.54777e-07
4.58644e-06
-2.4588e-07
5.02196e-06
-2.85147e-07
5.39044e-06
-2.42637e-07
5.84223e-06
-9.23156e-08
6.42042e-06
1.70661e-07
7.06984e-06
4.94817e-07
7.5719e-06
7.8426e-07
7.5041e-06
9.17824e-07
6.44224e-06
8.16046e-07
4.3213e-06
4.80773e-07
1.55256e-06
1.24727e-08
-1.40018e-06
-6.13984e-07
-4.10636e-06
-1.39266e-06
-6.38174e-06
-2.4281e-06
-8.62596e-06
-3.30924e-06
-1.24933e-05
-2.68962e-06
-1.7887e-05
-1.64769e-05
4.108e-08
1.85548e-06
4.45309e-08
3.74803e-06
3.55135e-08
4.59545e-06
6.53821e-08
4.9921e-06
1.74808e-07
5.28101e-06
3.98742e-07
5.6183e-06
7.69126e-07
6.05003e-06
1.30417e-06
6.5348e-06
1.96826e-06
6.90782e-06
2.61829e-06
6.85407e-06
3.04718e-06
6.01335e-06
3.11212e-06
4.25636e-06
2.8005e-06
1.86418e-06
2.15323e-06
-7.52922e-07
1.35275e-06
-3.30587e-06
3.43045e-07
-5.37204e-06
-9.40017e-07
-7.3429e-06
-2.17672e-06
-1.12566e-05
-2.10661e-06
-1.79571e-05
-1.85835e-05
4.16642e-08
1.81381e-06
7.7683e-08
3.71201e-06
1.37556e-07
4.53558e-06
2.65446e-07
4.86421e-06
4.95899e-07
5.05056e-06
8.60497e-07
5.2537e-06
1.38925e-06
5.52128e-06
2.09948e-06
5.82457e-06
2.95609e-06
6.0512e-06
3.826e-06
5.98417e-06
4.48738e-06
5.35197e-06
4.74825e-06
3.99549e-06
4.55712e-06
2.05531e-06
3.89567e-06
-9.14715e-08
2.92434e-06
-2.33453e-06
1.70919e-06
-4.15689e-06
2.30485e-07
-5.8642e-06
-1.25666e-06
-9.76947e-06
-1.6047e-06
-1.7609e-05
-2.01882e-05
2.28173e-09
1.81153e-06
3.15495e-08
3.68274e-06
1.27528e-07
4.4396e-06
3.36197e-07
4.65554e-06
6.66878e-07
4.71988e-06
1.13445e-06
4.78613e-06
1.75711e-06
4.89861e-06
2.54499e-06
5.03669e-06
3.47073e-06
5.12546e-06
4.42858e-06
5.02632e-06
5.22275e-06
4.5578e-06
5.63948e-06
3.57876e-06
5.56248e-06
2.1323e-06
5.03087e-06
4.40137e-07
4.00351e-06
-1.30717e-06
2.67908e-06
-2.83246e-06
1.10492e-06
-4.29004e-06
-4.9696e-07
-8.16759e-06
-1.15716e-06
-1.69488e-05
-2.13454e-05
-8.49857e-08
1.89652e-06
-1.09519e-07
3.70727e-06
1.67105e-08
4.31338e-06
2.82909e-07
4.38934e-06
6.90311e-07
4.31247e-06
1.22983e-06
4.24662e-06
1.90364e-06
4.2248e-06
2.71133e-06
4.229e-06
3.62828e-06
4.20851e-06
4.57635e-06
4.07825e-06
5.40383e-06
3.73033e-06
5.91795e-06
3.06463e-06
5.97e-06
2.08025e-06
5.52208e-06
8.88064e-07
4.57184e-06
-3.56931e-07
3.26888e-06
-1.52949e-06
1.75159e-06
-2.77275e-06
1.18893e-07
-6.5349e-06
-6.19154e-07
-1.62108e-05
-2.19645e-05
-3.04393e-07
2.20091e-06
-5.22408e-07
3.92529e-06
-3.68268e-07
4.15924e-06
3.48469e-08
3.98622e-06
5.65202e-07
3.78212e-06
1.19155e-06
3.62027e-06
1.9112e-06
3.50515e-06
2.72276e-06
3.41744e-06
3.60324e-06
3.32803e-06
4.49734e-06
3.18415e-06
5.29046e-06
2.93721e-06
5.83579e-06
2.5193e-06
5.97854e-06
1.93749e-06
5.64803e-06
1.21857e-06
4.8307e-06
4.60396e-07
3.68488e-06
-3.83674e-07
2.43931e-06
-1.52717e-06
1.24246e-06
-5.33805e-06
1.9886e-07
-1.51672e-05
-2.17657e-05
-3.65738e-07
2.56665e-06
-6.6247e-07
4.22202e-06
-5.91227e-07
4.08799e-06
-2.40947e-07
3.63594e-06
2.9245e-07
3.24872e-06
9.38793e-07
2.97392e-06
1.67419e-06
2.76975e-06
2.49102e-06
2.60061e-06
3.35424e-06
2.46481e-06
4.22525e-06
2.31314e-06
5.01141e-06
2.15105e-06
5.62084e-06
1.90988e-06
5.927e-06
1.63133e-06
5.87471e-06
1.27086e-06
5.43334e-06
9.01763e-07
4.75669e-06
2.92979e-07
4.09246e-06
-8.62944e-07
3.21291e-06
-4.4585e-06
1.53995e-06
-1.34942e-05
-2.02257e-05
-3.92253e-06
6.48918e-06
-3.66042e-06
3.95991e-06
-2.29731e-06
2.72489e-06
-9.22358e-07
2.26099e-06
3.57207e-07
1.96916e-06
1.60047e-06
1.73066e-06
2.8221e-06
1.54813e-06
4.03325e-06
1.38946e-06
5.21593e-06
1.28213e-06
6.36217e-06
1.1669e-06
7.42433e-06
1.08888e-06
8.36265e-06
9.71563e-07
9.09917e-06
8.94811e-07
9.61233e-06
7.5771e-07
9.89077e-06
6.23325e-07
9.91085e-06
2.72898e-07
9.72355e-06
-6.75643e-07
8.98646e-06
-3.72141e-06
5.18749e-06
-9.69528e-06
-1.50382e-05
6.48918e-06
1.04491e-05
1.3174e-05
1.5435e-05
1.74041e-05
1.91348e-05
2.06829e-05
2.20724e-05
2.33545e-05
2.45214e-05
2.56103e-05
2.65818e-05
2.74766e-05
2.82344e-05
2.88577e-05
2.91306e-05
2.84549e-05
2.47335e-05
1.50382e-05
)
;

boundaryField
{
    movingWall
    {
        type            calculated;
        value           uniform 0;
    }
    fixedWalls
    {
        type            calculated;
        value           uniform 0;
    }
    frontAndBack
    {
        type            empty;
        value           nonuniform List<scalar> 0();
    }
}


// ************************************************************************* //
