/*--------------------------------*- C++ -*----------------------------------*\
| =========                 |                                                 |
| \\      /  F ield         | OpenFOAM: The Open Source CFD Toolbox           |
|  \\    /   O peration     | Version:  2212                                  |
|   \\  /    A nd           | Website:  www.openfoam.com                      |
|    \\/     M anipulation  |                                                 |
\*---------------------------------------------------------------------------*/
FoamFile
{
    version     2.0;
    format      ascii;
    arch        "LSB;label=32;scalar=64";
    class       surfaceScalarField;
    location    "4.435";
    object      phi;
}
// * * * * * * * * * * * * * * * * * * * * * * * * * * * * * * * * * * * * * //

dimensions      [0 3 -1 0 0 0 0];

oriented        oriented;

internalField   nonuniform List<scalar> 
760
(
1.54503e-07
-1.54507e-07
2.90211e-07
-1.35707e-07
3.05774e-07
-1.55635e-08
1.79573e-07
1.26201e-07
-1.23299e-07
3.02873e-07
-6.66152e-07
5.42853e-07
-1.48077e-06
8.1462e-07
-2.48091e-06
1.00014e-06
-3.46625e-06
9.85338e-07
-4.20489e-06
7.38639e-07
-4.52997e-06
3.2508e-07
-4.34435e-06
-1.85618e-07
-3.5911e-06
-7.53257e-07
-2.38351e-06
-1.20758e-06
-9.50622e-07
-1.43289e-06
3.33896e-07
-1.28452e-06
1.07787e-06
-7.43978e-07
1.02609e-06
5.17814e-08
4.5859e-07
5.67502e-07
4.5859e-07
1.22317e-07
-2.76825e-07
6.97234e-08
-8.31136e-08
-3.0138e-07
3.5554e-07
-1.07967e-06
9.04493e-07
-2.30986e-06
1.53306e-06
-3.9123e-06
2.14529e-06
-5.63864e-06
2.54096e-06
-7.17752e-06
2.53902e-06
-8.3048e-06
2.11262e-06
-8.9105e-06
1.34434e-06
-8.94739e-06
3.61965e-07
-8.39261e-06
-7.40393e-07
-7.27731e-06
-1.86856e-06
-5.63409e-06
-2.8508e-06
-3.6061e-06
-3.46088e-06
-1.49681e-06
-3.39381e-06
1.68525e-07
-2.40932e-06
8.5117e-07
-6.30863e-07
5.2264e-07
8.96033e-07
9.8123e-07
-1.29593e-07
-1.47232e-07
-6.35541e-07
4.22835e-07
-1.6222e-06
1.3422e-06
-3.13024e-06
2.41254e-06
-5.0354e-06
3.43822e-06
-7.04095e-06
4.15084e-06
-8.83328e-06
4.33329e-06
-1.02324e-05
3.93809e-06
-1.11861e-05
3.06639e-06
-1.16869e-05
1.84508e-06
-1.16835e-05
3.58648e-07
-1.12286e-05
-1.19534e-06
-1.03021e-05
-2.79502e-06
-8.84976e-06
-4.30318e-06
-6.85117e-06
-5.45947e-06
-4.39476e-06
-5.85021e-06
-1.87845e-06
-4.92563e-06
-8.99824e-08
-2.41933e-06
2.93197e-07
5.12853e-07
1.27443e-06
-4.99471e-07
3.52239e-07
-1.55467e-06
1.47803e-06
-3.10559e-06
2.89312e-06
-5.05609e-06
4.36304e-06
-7.14852e-06
5.53065e-06
-9.07709e-06
6.07941e-06
-1.064e-05
5.89616e-06
-1.17941e-05
5.09218e-06
-1.25672e-05
3.83958e-06
-1.29945e-05
2.27228e-06
-1.30612e-05
4.25439e-07
-1.28251e-05
-1.43152e-06
-1.22479e-05
-3.37217e-06
-1.12278e-05
-5.32326e-06
-9.63362e-06
-7.05369e-06
-7.34051e-06
-8.14332e-06
-4.38662e-06
-7.87952e-06
-1.37701e-06
-5.42893e-06
1.19244e-07
-9.83401e-07
1.39367e-06
-8.57523e-07
1.20976e-06
-2.34889e-06
2.9694e-06
-4.20879e-06
4.75302e-06
-6.24426e-06
6.39851e-06
-8.17631e-06
7.4627e-06
-9.78299e-06
7.68609e-06
-1.0987e-05
7.10019e-06
-1.18145e-05
5.91962e-06
-1.23273e-05
4.35239e-06
-1.25985e-05
2.54356e-06
-1.2719e-05
5.45926e-07
-1.26765e-05
-1.47403e-06
-1.24615e-05
-3.5872e-06
-1.19944e-05
-5.79037e-06
-1.10884e-05
-7.95962e-06
-9.45569e-06
-9.77607e-06
-6.79764e-06
-1.05376e-05
-3.21328e-06
-9.01329e-06
-2.62151e-07
-3.93453e-06
1.13152e-06
-1.07964e-06
2.2894e-06
-2.76651e-06
4.65627e-06
-4.64855e-06
6.63507e-06
-6.49568e-06
8.24563e-06
-8.08474e-06
9.05175e-06
-9.28445e-06
8.8858e-06
-1.00899e-05
7.90561e-06
-1.05657e-05
6.3955e-06
-1.08026e-05
4.58926e-06
-1.0901e-05
2.64196e-06
-1.09828e-05
6.27681e-07
-1.10362e-05
-1.42057e-06
-1.10766e-05
-3.54687e-06
-1.10739e-05
-5.79304e-06
-1.08735e-05
-8.16e-06
-1.01475e-05
-1.05021e-05
-8.40231e-06
-1.22828e-05
-5.22414e-06
-1.21915e-05
-1.15545e-06
-8.00323e-06
-2.39296e-08
-1.10222e-06
3.39162e-06
-2.7391e-06
6.29315e-06
-4.42622e-06
8.32218e-06
-5.95268e-06
9.77209e-06
-7.1588e-06
1.02579e-05
-7.98143e-06
9.70844e-06
-8.45731e-06
8.38149e-06
-8.67315e-06
6.61134e-06
-8.73298e-06
4.64909e-06
-8.73494e-06
2.64392e-06
-8.76295e-06
6.55687e-07
-8.8365e-06
-1.34701e-06
-8.97528e-06
-3.40808e-06
-9.19014e-06
-5.57819e-06
-9.42291e-06
-7.92722e-06
-9.44039e-06
-1.04846e-05
-8.72272e-06
-1.30005e-05
-6.51434e-06
-1.43998e-05
-2.4142e-06
-1.21034e-05
-2.43813e-06
-9.27978e-07
4.3196e-06
-2.33001e-06
7.69519e-06
-3.70863e-06
9.7008e-06
-4.88051e-06
1.0944e-05
-5.74455e-06
1.11219e-05
-6.283e-06
1.02469e-05
-6.55214e-06
8.65063e-06
-6.64286e-06
6.70205e-06
-6.65206e-06
4.65828e-06
-6.65403e-06
2.6459e-06
-6.68598e-06
6.87629e-07
-6.76562e-06
-1.26737e-06
-6.91437e-06
-3.25934e-06
-7.16264e-06
-5.32991e-06
-7.52647e-06
-7.56339e-06
-7.91253e-06
-1.00985e-05
-7.90856e-06
-1.30045e-05
-6.69697e-06
-1.56114e-05
-3.57247e-06
-1.52279e-05
-6.0106e-06
-6.1931e-07
4.93891e-06
-1.6746e-06
8.75047e-06
-2.70144e-06
1.07276e-05
-3.53503e-06
1.17776e-05
-4.11946e-06
1.17063e-05
-4.46414e-06
1.05916e-05
-4.62736e-06
8.81386e-06
-4.68766e-06
6.76235e-06
-4.71813e-06
4.68875e-06
-4.76346e-06
2.69123e-06
-4.83446e-06
7.58629e-07
-4.93811e-06
-1.16372e-06
-5.08473e-06
-3.11271e-06
-5.30339e-06
-5.11126e-06
-5.64904e-06
-7.21773e-06
-6.13364e-06
-9.61393e-06
-6.53564e-06
-1.26025e-05
-6.1122e-06
-1.60348e-05
-3.91247e-06
-1.74276e-05
-9.92307e-06
-2.29728e-07
5.16864e-06
-8.85716e-07
9.40646e-06
-1.55314e-06
1.13951e-05
-2.079e-06
1.23034e-05
-2.43515e-06
1.20625e-05
-2.64547e-06
1.08019e-05
-2.75797e-06
8.92635e-06
-2.82605e-06
6.83044e-06
-2.895e-06
4.7577e-06
-2.98736e-06
2.78359e-06
-3.10607e-06
8.77341e-07
-3.2511e-06
-1.0187e-06
-3.42298e-06
-2.94082e-06
-3.63457e-06
-4.89967e-06
-3.93766e-06
-6.91464e-06
-4.41397e-06
-9.13762e-06
-5.0079e-06
-1.20085e-05
-5.11389e-06
-1.59289e-05
-3.55182e-06
-1.89897e-05
-1.34749e-05
1.63241e-07
5.0054e-06
-6.82132e-08
9.63791e-06
-3.98937e-07
1.17258e-05
-6.47942e-07
1.25524e-05
-8.00828e-07
1.22154e-05
-8.88554e-07
1.08896e-05
-9.50652e-07
8.98845e-06
-1.01917e-06
6.89896e-06
-1.11088e-06
4.8494e-06
-1.23348e-06
2.90619e-06
-1.38926e-06
1.03312e-06
-1.58039e-06
-8.27568e-07
-1.80582e-06
-2.71539e-06
-2.06413e-06
-4.64136e-06
-2.38391e-06
-6.59486e-06
-2.8587e-06
-8.66284e-06
-3.5509e-06
-1.13163e-05
-4.02074e-06
-1.5459e-05
-3.02274e-06
-1.99877e-05
-1.64976e-05
4.98049e-07
4.50735e-06
6.95241e-07
9.44072e-06
7.38412e-07
1.16826e-05
7.74251e-07
1.25166e-05
8.19596e-07
1.217e-05
8.4881e-07
1.08604e-05
8.41857e-07
8.9954e-06
7.90395e-07
6.95042e-06
6.96013e-07
4.94378e-06
5.60813e-07
3.04139e-06
3.80238e-07
1.21369e-06
1.481e-07
-5.9543e-07
-1.3775e-07
-2.42954e-06
-4.83981e-07
-4.29513e-06
-8.95901e-07
-6.18294e-06
-1.41976e-06
-8.13898e-06
-2.20279e-06
-1.05333e-05
-2.95526e-06
-1.47065e-05
-2.46169e-06
-2.04812e-05
-1.89593e-05
7.5152e-07
3.75583e-06
1.34646e-06
8.84578e-06
1.73769e-06
1.12914e-05
2.06615e-06
1.21881e-05
2.33865e-06
1.18975e-05
2.5244e-06
1.06747e-05
2.61469e-06
8.90511e-06
2.62028e-06
6.94482e-06
2.55582e-06
5.00825e-06
2.42911e-06
3.1681e-06
2.23359e-06
1.40922e-06
1.95538e-06
-3.1722e-07
1.59395e-06
-2.06811e-06
1.1442e-06
-3.84539e-06
6.00985e-07
-5.63972e-06
-8.87516e-08
-7.44924e-06
-9.62827e-07
-9.65923e-06
-1.92609e-06
-1.37433e-05
-1.9285e-06
-2.04788e-05
-2.08878e-05
8.64916e-07
2.89091e-06
1.79964e-06
7.91106e-06
2.53833e-06
1.05527e-05
3.17708e-06
1.15494e-05
3.72298e-06
1.13516e-05
4.13221e-06
1.02654e-05
4.38837e-06
8.64895e-06
4.50546e-06
6.82773e-06
4.50718e-06
5.00653e-06
4.40961e-06
3.26567e-06
4.21143e-06
1.60741e-06
3.88358e-06
1.06296e-08
3.44141e-06
-1.62593e-06
2.86174e-06
-3.26571e-06
2.14446e-06
-4.92244e-06
1.30662e-06
-6.6114e-06
2.55987e-07
-8.6086e-06
-9.68111e-07
-1.25192e-05
-1.43192e-06
-2.0015e-05
-2.23197e-05
8.00791e-07
2.09012e-06
1.94206e-06
6.76978e-06
2.98024e-06
9.51453e-06
3.95027e-06
1.05793e-05
4.82458e-06
1.04773e-05
5.5367e-06
9.5533e-06
6.04705e-06
8.1386e-06
6.35859e-06
6.51619e-06
6.49291e-06
4.8722e-06
6.46919e-06
3.2894e-06
6.28708e-06
1.78952e-06
5.94183e-06
3.55876e-07
5.40476e-06
-1.08887e-06
4.6802e-06
-2.54115e-06
3.76012e-06
-4.00237e-06
2.67274e-06
-5.52401e-06
1.37546e-06
-7.31132e-06
-1.62633e-07
-1.09811e-05
-9.19209e-07
-1.92584e-05
-2.3239e-05
5.73351e-07
1.51677e-06
1.74814e-06
5.595e-06
3.08077e-06
8.1819e-06
4.42691e-06
9.23321e-06
5.68914e-06
9.21509e-06
6.76865e-06
8.47378e-06
7.59973e-06
7.30753e-06
8.16965e-06
5.94628e-06
8.4913e-06
4.55056e-06
8.58239e-06
3.1983e-06
8.4502e-06
1.92171e-06
8.09271e-06
7.13364e-07
7.46653e-06
-4.62688e-07
6.58825e-06
-1.66287e-06
5.4449e-06
-2.85902e-06
4.07738e-06
-4.15649e-06
2.55467e-06
-5.7886e-06
9.44344e-07
-9.37077e-06
-1.50278e-07
-1.81638e-05
-2.33892e-05
1.49708e-07
1.36706e-06
1.03094e-06
4.71377e-06
2.50176e-06
6.71108e-06
4.21766e-06
7.51731e-06
5.93428e-06
7.49846e-06
7.46427e-06
6.9438e-06
8.70476e-06
6.06703e-06
9.62603e-06
5.02501e-06
1.02234e-05
3.95318e-06
1.05093e-05
2.91244e-06
1.04899e-05
1.94103e-06
1.01716e-05
1.03172e-06
9.51108e-06
1.97825e-07
8.52613e-06
-6.77923e-07
7.20963e-06
-1.54252e-06
5.61217e-06
-2.55903e-06
3.89254e-06
-4.06898e-06
2.22935e-06
-7.70758e-06
6.4877e-07
-1.65832e-05
-2.27405e-05
-5.15551e-07
1.88261e-06
1.97488e-07
4.00073e-06
1.74587e-06
5.1627e-06
3.80177e-06
5.46141e-06
5.95013e-06
5.35009e-06
7.90539e-06
4.98854e-06
9.53089e-06
4.44153e-06
1.07854e-05
3.77048e-06
1.16516e-05
3.08703e-06
1.21464e-05
2.41766e-06
1.22741e-05
1.81326e-06
1.20552e-05
1.2506e-06
1.15118e-05
7.4124e-07
1.06177e-05
2.1624e-07
9.37689e-06
-3.01739e-07
7.8595e-06
-1.04164e-06
6.25119e-06
-2.46066e-06
4.44804e-06
-5.90443e-06
2.05201e-06
-1.41872e-05
-2.06885e-05
-4.17748e-06
6.06009e-06
-3.64117e-06
3.46442e-06
-1.25098e-06
2.77251e-06
1.5409e-06
2.66953e-06
4.27359e-06
2.6174e-06
6.80166e-06
2.46047e-06
9.01271e-06
2.23048e-06
1.0847e-05
1.9362e-06
1.22866e-05
1.64741e-06
1.33588e-05
1.34544e-06
1.40809e-05
1.09117e-06
1.44975e-05
8.34076e-07
1.45969e-05
6.41776e-07
1.43896e-05
4.23603e-07
1.3867e-05
2.20803e-07
1.30445e-05
-2.19121e-07
1.19121e-05
-1.32823e-06
1.01082e-05
-4.10061e-06
5.63618e-06
-9.71515e-06
-1.50523e-05
6.06009e-06
9.52451e-06
1.2297e-05
1.49666e-05
1.7584e-05
2.00444e-05
2.22749e-05
2.42111e-05
2.58585e-05
2.72039e-05
2.82951e-05
2.91292e-05
2.9771e-05
3.01946e-05
3.04154e-05
3.01963e-05
2.8868e-05
2.47674e-05
1.50523e-05
)
;

boundaryField
{
    movingWall
    {
        type            calculated;
        value           uniform 0;
    }
    fixedWalls
    {
        type            calculated;
        value           uniform 0;
    }
    frontAndBack
    {
        type            empty;
        value           nonuniform List<scalar> 0();
    }
}


// ************************************************************************* //
