/*--------------------------------*- C++ -*----------------------------------*\
| =========                 |                                                 |
| \\      /  F ield         | OpenFOAM: The Open Source CFD Toolbox           |
|  \\    /   O peration     | Version:  2212                                  |
|   \\  /    A nd           | Website:  www.openfoam.com                      |
|    \\/     M anipulation  |                                                 |
\*---------------------------------------------------------------------------*/
FoamFile
{
    version     2.0;
    format      ascii;
    arch        "LSB;label=32;scalar=64";
    class       volScalarField;
    location    "4.485";
    object      p;
}
// * * * * * * * * * * * * * * * * * * * * * * * * * * * * * * * * * * * * * //

dimensions      [0 2 -2 0 0 0 0];

internalField   nonuniform List<scalar> 
400
(
-2.92961e-08
-0.000150955
-0.000532952
-0.00106737
-0.00172468
-0.00248155
-0.00316886
-0.00357928
-0.00354653
-0.0029169
-0.00153639
0.000623271
0.00324702
0.005513
0.00654574
0.00595727
0.0040571
0.00221578
0.00117832
0.00110716
0.000115632
-5.8131e-05
-0.000375123
-0.000760636
-0.00123868
-0.00187917
-0.00269142
-0.00352207
-0.00405377
-0.00391192
-0.002825
-0.000811739
0.00169574
0.00396829
0.0051443
0.0047833
0.00316512
0.00144428
0.00066334
0.000750829
0.000532435
0.0002632
-7.68552e-05
-0.000556777
-0.00133962
-0.00256373
-0.00418879
-0.00593836
-0.00734511
-0.00788218
-0.00720714
-0.00541373
-0.00285284
-0.000160364
0.00183068
0.00247953
0.001776
0.000576369
-0.000321043
-0.000321958
0.00114138
0.000733514
0.000188823
-0.00077021
-0.00243238
-0.00489721
-0.00792731
-0.0110249
-0.0135853
-0.0150472
-0.0150777
-0.0137201
-0.0111889
-0.00793961
-0.00467321
-0.00213475
-0.000795443
-0.000630736
-0.00121214
-0.00184329
0.00156185
0.000957817
-2.8406e-05
-0.00191076
-0.00496331
-0.0090968
-0.0137857
-0.0183088
-0.0220103
-0.0244253
-0.025295
-0.0244997
-0.0221628
-0.0185713
-0.0141613
-0.00953832
-0.00549592
-0.00286788
-0.00211968
-0.00393725
0.00126494
0.000425133
-0.00119847
-0.0042715
-0.00892271
-0.0147385
-0.0208683
-0.026453
-0.0308818
-0.0338379
-0.0351933
-0.0348481
-0.032884
-0.0294461
-0.0246727
-0.0187812
-0.0123698
-0.00684914
-0.00432017
-0.00643403
-7.48038e-05
-0.00116228
-0.00348575
-0.00773311
-0.0138003
-0.0209044
-0.0279481
-0.0340477
-0.0387091
-0.0417715
-0.0432424
-0.0431425
-0.0415379
-0.0384951
-0.0339891
-0.0279011
-0.0203475
-0.0125691
-0.00775912
-0.00766688
-0.00246375
-0.0037409
-0.00665997
-0.0118107
-0.0188529
-0.0267022
-0.0341325
-0.0403221
-0.0449214
-0.0478955
-0.0493337
-0.0493319
-0.0479684
-0.0452883
-0.0412399
-0.0355874
-0.0280674
-0.019189
-0.0117048
-0.00790447
-0.0055287
-0.00688994
-0.0101944
-0.0158782
-0.0234181
-0.0315452
-0.0390031
-0.045067
-0.0495068
-0.052364
-0.053761
-0.0538053
-0.0525712
-0.0501151
-0.0464429
-0.041392
-0.0345425
-0.0257107
-0.0165524
-0.00989506
-0.0087001
-0.010035
-0.0134986
-0.019362
-0.0270021
-0.0350902
-0.0424024
-0.0482926
-0.0525983
-0.0553851
-0.0567712
-0.0568443
-0.0556679
-0.0533118
-0.0498531
-0.045274
-0.0392536
-0.0312383
-0.0221176
-0.0141931
-0.0114502
-0.0126863
-0.0160976
-0.021849
-0.0292941
-0.0371585
-0.0442781
-0.0500377
-0.0542818
-0.0570575
-0.0584589
-0.0585511
-0.057385
-0.0550359
-0.0516416
-0.0473265
-0.0420192
-0.0350682
-0.0269614
-0.0189911
-0.013484
-0.0145356
-0.0177234
-0.0231011
-0.03011
-0.0376244
-0.04456
-0.0502772
-0.0545557
-0.0573902
-0.0588361
-0.058939
-0.0577412
-0.0553194
-0.0518631
-0.0476098
-0.0427967
-0.036744
-0.0297904
-0.0222135
-0.014769
-0.0154844
-0.0182231
-0.0230053
-0.0293879
-0.03646
-0.0432291
-0.0489921
-0.0534074
-0.056378
-0.0579063
-0.0580148
-0.0567411
-0.0541842
-0.0505587
-0.0461648
-0.0415945
-0.0360257
-0.0300117
-0.0227115
-0.015402
-0.0156472
-0.0176656
-0.0215691
-0.0271227
-0.0336596
-0.0402677
-0.0461497
-0.0508062
-0.054009
-0.055684
-0.0558262
-0.0544525
-0.0516907
-0.0477991
-0.0431637
-0.0384362
-0.0329402
-0.0279399
-0.0201514
-0.0155144
-0.0152369
-0.0162533
-0.0189537
-0.0234448
-0.0293328
-0.0357673
-0.0418288
-0.0468288
-0.0503712
-0.0522762
-0.0524848
-0.0510378
-0.0480263
-0.0437797
-0.0387382
-0.0335907
-0.027972
-0.024157
-0.0143473
-0.0152256
-0.0145042
-0.0142076
-0.0153449
-0.0185496
-0.023681
-0.0299238
-0.0362096
-0.0416441
-0.0456401
-0.0478932
-0.0482751
-0.0468099
-0.0435677
-0.0389163
-0.0333205
-0.0275672
-0.0216437
-0.0181108
-0.00390427
-0.014623
-0.0135882
-0.0116872
-0.011058
-0.012898
-0.0172616
-0.0233303
-0.0298734
-0.0358092
-0.0403601
-0.0430911
-0.0437774
-0.0424127
-0.03903
-0.0339612
-0.0276037
-0.0207266
-0.0134188
-0.00698582
0.0158754
-0.0145629
-0.012645
-0.0086614
-0.00626743
-0.00692945
-0.0107156
-0.0167105
-0.0235429
-0.0300152
-0.0351874
-0.0385137
-0.039647
-0.0385344
-0.0351887
-0.0297559
-0.0222786
-0.0130188
-0.00094792
0.0163809
0.0568019
-0.0117934
-0.01184
-0.00577624
-0.00185694
-0.00184252
-0.00544065
-0.0115387
-0.0186905
-0.0256639
-0.0314053
-0.0353382
-0.0370328
-0.0363924
-0.0331423
-0.0271324
-0.0175946
-0.00335062
0.0201701
0.0603478
0.129531
-0.0295086
-0.0106529
-0.000680688
0.0029764
0.00234576
-0.00162006
-0.00799213
-0.0154588
-0.0227938
-0.0289187
-0.0332315
-0.0352789
-0.0349247
-0.0317539
-0.0251356
-0.0129022
0.0092349
0.0508763
0.12256
0.225815
)
;

boundaryField
{
    movingWall
    {
        type            zeroGradient;
    }
    fixedWalls
    {
        type            zeroGradient;
    }
    frontAndBack
    {
        type            empty;
    }
}


// ************************************************************************* //
