/*--------------------------------*- C++ -*----------------------------------*\
| =========                 |                                                 |
| \\      /  F ield         | OpenFOAM: The Open Source CFD Toolbox           |
|  \\    /   O peration     | Version:  2212                                  |
|   \\  /    A nd           | Website:  www.openfoam.com                      |
|    \\/     M anipulation  |                                                 |
\*---------------------------------------------------------------------------*/
FoamFile
{
    version     2.0;
    format      ascii;
    arch        "LSB;label=32;scalar=64";
    class       volVectorField;
    location    "4.485";
    object      U;
}
// * * * * * * * * * * * * * * * * * * * * * * * * * * * * * * * * * * * * * //

dimensions      [0 1 -1 0 0 0 0];

internalField   nonuniform List<vector> 
400
(
(0.00166682 -0.00167104 0)
(0.0047903 -0.0018762 0)
(0.0065157 -0.00119168 0)
(0.00559176 -0.000568994 0)
(0.00149808 0.000189557 0)
(-0.00686791 0.001738 0)
(-0.0205755 0.00476045 0)
(-0.0394045 0.00867911 0)
(-0.0605702 0.0112289 0)
(-0.0788416 0.0104751 0)
(-0.0895284 0.00677257 0)
(-0.0902455 0.00169487 0)
(-0.0801215 -0.00356971 0)
(-0.0600176 -0.00822127 0)
(-0.0336662 -0.0108011 0)
(-0.00552219 -0.00977285 0)
(0.0164711 -0.00480156 0)
(0.0242723 0.00273127 0)
(0.0160905 0.00642809 0)
(0.00430182 0.00469466 0)
(0.00169281 -0.00500878 0)
(0.00308629 -0.003972 0)
(-0.000516052 0.000612793 0)
(-0.0113976 0.00643011 0)
(-0.0313962 0.0139914 0)
(-0.0609548 0.0236468 0)
(-0.0964651 0.0328757 0)
(-0.130934 0.0369089 0)
(-0.15837 0.0333937 0)
(-0.17549 0.0233633 0)
(-0.180881 0.00915636 0)
(-0.174592 -0.00687286 0)
(-0.157195 -0.0230034 0)
(-0.129424 -0.0367248 0)
(-0.0935339 -0.0443985 0)
(-0.052256 -0.0417409 0)
(-0.0115597 -0.026352 0)
(0.0166929 -0.00139574 0)
(0.017759 0.0160949 0)
(0.00552221 0.0147455 0)
(-0.000265573 -0.00567413 0)
(-0.00542908 0.000892819 0)
(-0.0196234 0.0142864 0)
(-0.0443996 0.0311008 0)
(-0.080036 0.0491889 0)
(-0.121677 0.0639838 0)
(-0.161642 0.0702074 0)
(-0.19444 0.0657589 0)
(-0.217959 0.0520323 0)
(-0.231606 0.0315062 0)
(-0.235389 0.00652215 0)
(-0.229967 -0.0208864 0)
(-0.21565 -0.0485534 0)
(-0.191936 -0.0728653 0)
(-0.158553 -0.0886896 0)
(-0.115467 -0.0889933 0)
(-0.0644773 -0.0669641 0)
(-0.0139053 -0.0228156 0)
(0.00941238 0.0177144 0)
(0.00415303 0.0234599 0)
(-0.00347077 0.0005753 0)
(-0.0174739 0.0172848 0)
(-0.043364 0.0413503 0)
(-0.0793323 0.067853 0)
(-0.122367 0.0906865 0)
(-0.165048 0.103337 0)
(-0.200962 0.102446 0)
(-0.22817 0.0893262 0)
(-0.246932 0.0671267 0)
(-0.257853 0.0385491 0)
(-0.261772 0.00546684 0)
(-0.259491 -0.0307923 0)
(-0.250946 -0.067992 0)
(-0.235092 -0.103197 0)
(-0.209934 -0.130942 0)
(-0.172771 -0.142433 0)
(-0.121049 -0.125503 0)
(-0.0567423 -0.0708688 0)
(-0.00104054 0.00334176 0)
(0.00473992 0.0280905 0)
(-0.00663336 0.0148525 0)
(-0.0285908 0.0440225 0)
(-0.0629662 0.0767463 0)
(-0.103901 0.108359 0)
(-0.146487 0.130542 0)
(-0.183607 0.137539 0)
(-0.211812 0.128936 0)
(-0.231485 0.108315 0)
(-0.243921 0.0795375 0)
(-0.250846 0.0453897 0)
(-0.253955 0.00740585 0)
(-0.254176 -0.033612 0)
(-0.251286 -0.0765145 0)
(-0.244726 -0.119992 0)
(-0.231682 -0.160084 0)
(-0.207531 -0.188344 0)
(-0.166235 -0.189452 0)
(-0.10312 -0.142627 0)
(-0.0221762 -0.0389851 0)
(0.00734233 0.0269249 0)
(-0.00845707 0.0348216 0)
(-0.0349622 0.0763668 0)
(-0.0726527 0.114392 0)
(-0.112586 0.146936 0)
(-0.149646 0.165198 0)
(-0.178361 0.165178 0)
(-0.197762 0.149077 0)
(-0.20939 0.121967 0)
(-0.215233 0.0881982 0)
(-0.217778 0.0507581 0)
(-0.219008 0.0111109 0)
(-0.219936 -0.0303333 0)
(-0.220764 -0.0740615 0)
(-0.22158 -0.120469 0)
(-0.220179 -0.168345 0)
(-0.211454 -0.212201 0)
(-0.187315 -0.237835 0)
(-0.139182 -0.217987 0)
(-0.0626149 -0.118733 0)
(0.00577926 0.0140722 0)
(-0.00822851 0.0568006 0)
(-0.0350921 0.10954 0)
(-0.071354 0.149734 0)
(-0.106378 0.180239 0)
(-0.135843 0.192894 0)
(-0.156121 0.185562 0)
(-0.167902 0.162511 0)
(-0.173295 0.129879 0)
(-0.174716 0.0924397 0)
(-0.174683 0.0532174 0)
(-0.174725 0.01345 0)
(-0.175534 -0.0268269 0)
(-0.177663 -0.0687792 0)
(-0.181643 -0.113716 0)
(-0.18681 -0.16277 0)
(-0.189501 -0.214786 0)
(-0.1818 -0.260755 0)
(-0.153714 -0.274421 0)
(-0.0989886 -0.205396 0)
(-0.00888984 -0.0147052 0)
(-0.00607859 0.0772363 0)
(-0.0295571 0.139899 0)
(-0.0609767 0.180288 0)
(-0.0892621 0.207237 0)
(-0.111131 0.213808 0)
(-0.124549 0.199552 0)
(-0.131098 0.170424 0)
(-0.13308 0.133404 0)
(-0.132959 0.0934996 0)
(-0.132702 0.0534404 0)
(-0.133015 0.0139504 0)
(-0.134094 -0.025357 0)
(-0.136403 -0.0655364 0)
(-0.140636 -0.107853 0)
(-0.14739 -0.15432 0)
(-0.155321 -0.207307 0)
(-0.158404 -0.264818 0)
(-0.146252 -0.307225 0)
(-0.111862 -0.276484 0)
(-0.0308144 -0.0751444 0)
(-0.00269436 0.0931112 0)
(-0.0202348 0.164818 0)
(-0.0447906 0.204526 0)
(-0.0658375 0.227368 0)
(-0.0809925 0.228324 0)
(-0.089378 0.208404 0)
(-0.0928748 0.174737 0)
(-0.093621 0.134822 0)
(-0.0937252 0.0936854 0)
(-0.0943773 0.0535825 0)
(-0.0956384 0.0146068 0)
(-0.0974194 -0.0240457 0)
(-0.0998993 -0.0631899 0)
(-0.103588 -0.103564 0)
(-0.109634 -0.146846 0)
(-0.118756 -0.197019 0)
(-0.127754 -0.258501 0)
(-0.126133 -0.322412 0)
(-0.10717 -0.33384 0)
(-0.0372063 -0.162811 0)
(0.00122234 0.102154 0)
(-0.00884028 0.182522 0)
(-0.0254134 0.22196 0)
(-0.0393069 0.241442 0)
(-0.0487046 0.238203 0)
(-0.0534965 0.214284 0)
(-0.055358 0.177594 0)
(-0.0559412 0.136004 0)
(-0.0567746 0.0944645 0)
(-0.0584171 0.0547002 0)
(-0.0606455 0.0162464 0)
(-0.0633128 -0.0219785 0)
(-0.0664168 -0.0606609 0)
(-0.0701473 -0.100078 0)
(-0.0754492 -0.140992 0)
(-0.0839061 -0.187125 0)
(-0.0955907 -0.246838 0)
(-0.100398 -0.323166 0)
(-0.09498 -0.371237 0)
(-0.030853 -0.241766 0)
(0.00508077 0.103282 0)
(0.00296048 0.192035 0)
(-0.00531602 0.232375 0)
(-0.0123729 0.249401 0)
(-0.0167177 0.243309 0)
(-0.0185591 0.21714 0)
(-0.0191868 0.179135 0)
(-0.0196456 0.13716 0)
(-0.0208834 0.0959228 0)
(-0.0230778 0.0567643 0)
(-0.0259354 0.018944 0)
(-0.0293877 -0.0187137 0)
(-0.0334523 -0.0569355 0)
(-0.0380846 -0.0958413 0)
(-0.0438444 -0.135425 0)
(-0.0519975 -0.178186 0)
(-0.0654496 -0.233928 0)
(-0.0741128 -0.316822 0)
(-0.0811108 -0.395679 0)
(-0.0229131 -0.306221 0)
(0.00837289 0.0968436 0)
(0.0141117 0.192999 0)
(0.0140043 0.235866 0)
(0.0136181 0.25215 0)
(0.014243 0.245057 0)
(0.0154419 0.218392 0)
(0.0163068 0.180399 0)
(0.0163654 0.138788 0)
(0.0152211 0.0980688 0)
(0.012928 0.059519 0)
(0.00975714 0.0224301 0)
(0.0056753 -0.01437 0)
(0.000538414 -0.0517285 0)
(-0.00552512 -0.0898074 0)
(-0.0129243 -0.128289 0)
(-0.0218575 -0.168271 0)
(-0.037626 -0.218852 0)
(-0.048789 -0.303131 0)
(-0.0679252 -0.40745 0)
(-0.0144705 -0.359095 0)
(0.0102039 0.0839837 0)
(0.0231979 0.185448 0)
(0.0308106 0.232009 0)
(0.0366983 0.248708 0)
(0.0423177 0.241851 0)
(0.0472294 0.216112 0)
(0.0506196 0.179419 0)
(0.0522402 0.13913 0)
(0.0520444 0.099585 0)
(0.0502506 0.0621285 0)
(0.0471052 0.0262355 0)
(0.0425166 -0.00920356 0)
(0.0363099 -0.0451243 0)
(0.0285888 -0.0817564 0)
(0.0185735 -0.118768 0)
(0.00735881 -0.156456 0)
(-0.0119695 -0.202527 0)
(-0.0244612 -0.285108 0)
(-0.0559567 -0.410003 0)
(-0.00617576 -0.401008 0)
(0.00974279 0.0669239 0)
(0.0287215 0.169766 0)
(0.0439331 0.221005 0)
(0.0563807 0.239944 0)
(0.0675847 0.234985 0)
(0.0771834 0.211668 0)
(0.0843115 0.177457 0)
(0.0886647 0.139245 0)
(0.0903235 0.101296 0)
(0.0896038 0.065182 0)
(0.0868451 0.0307522 0)
(0.0818149 -0.00302579 0)
(0.0743742 -0.0367722 0)
(0.0647947 -0.0711002 0)
(0.051729 -0.105838 0)
(0.0369772 -0.140915 0)
(0.0127248 -0.182441 0)
(-0.000283125 -0.261926 0)
(-0.0449856 -0.405797 0)
(0.00270163 -0.435514 0)
(0.00682989 0.0493059 0)
(0.0290177 0.14825 0)
(0.050584 0.202561 0)
(0.0693174 0.223295 0)
(0.0866613 0.220394 0)
(0.102227 0.200281 0)
(0.114766 0.16978 0)
(0.123595 0.13503 0)
(0.128631 0.100037 0)
(0.13014 0.0664986 0)
(0.128399 0.0346519 0)
(0.123472 0.00366794 0)
(0.114892 -0.0268111 0)
(0.103282 -0.057656 0)
(0.0864115 -0.0889383 0)
(0.0674488 -0.1213 0)
(0.0376549 -0.159209 0)
(0.0234236 -0.23595 0)
(-0.0346767 -0.398169 0)
(0.0133784 -0.463856 0)
(0.00234809 0.0347156 0)
(0.0233375 0.123447 0)
(0.050402 0.17909 0)
(0.0759284 0.201871 0)
(0.100409 0.20149 0)
(0.123116 0.185118 0)
(0.142398 0.159149 0)
(0.15704 0.128854 0)
(0.166631 0.0978471 0)
(0.171394 0.0678292 0)
(0.17129 0.0393863 0)
(0.167041 0.0120962 0)
(0.15727 -0.0144077 0)
(0.143663 -0.0408765 0)
(0.122598 -0.0676291 0)
(0.0993175 -0.0962218 0)
(0.0637822 -0.131338 0)
(0.0465305 -0.206493 0)
(-0.022985 -0.386544 0)
(0.0283956 -0.485189 0)
(-0.00340201 0.0288375 0)
(0.00985563 0.101321 0)
(0.0366131 0.148081 0)
(0.0682337 0.168612 0)
(0.1009 0.169746 0)
(0.132401 0.157471 0)
(0.160188 0.137114 0)
(0.182535 0.112837 0)
(0.198411 0.0877147 0)
(0.208187 0.0632776 0)
(0.21103 0.0402693 0)
(0.208731 0.0185492 0)
(0.198541 -0.00225211 0)
(0.184038 -0.0226414 0)
(0.159468 -0.0431031 0)
(0.133142 -0.0667357 0)
(0.0919885 -0.100656 0)
(0.0694076 -0.179239 0)
(-0.00463127 -0.369716 0)
(0.0520302 -0.491461 0)
(-0.0138615 0.0187363 0)
(-0.00750137 0.0882126 0)
(0.0189153 0.123895 0)
(0.055856 0.13679 0)
(0.0967125 0.136267 0)
(0.136808 0.127065 0)
(0.172797 0.112451 0)
(0.202396 0.0947583 0)
(0.2241 0.0764091 0)
(0.239027 0.0584065 0)
(0.24499 0.0417127 0)
(0.245872 0.0261973 0)
(0.236635 0.012032 0)
(0.224941 -0.00160909 0)
(0.200213 -0.0155086 0)
(0.176568 -0.0343809 0)
(0.132615 -0.0671548 0)
(0.107358 -0.145625 0)
(0.0372552 -0.326073 0)
(0.09228 -0.455852 0)
(-0.105914 0.0825725 0)
(-0.0776705 0.0691159 0)
(-0.048606 0.0732591 0)
(0.00351447 0.0776327 0)
(0.056753 0.0778836 0)
(0.109202 0.0735944 0)
(0.15611 0.0662812 0)
(0.198224 0.0569263 0)
(0.230157 0.0473282 0)
(0.258163 0.0377577 0)
(0.273841 0.0291941 0)
(0.288986 0.0213016 0)
(0.289438 0.0146412 0)
(0.293686 0.00832589 0)
(0.277652 0.00142679 0)
(0.270707 -0.00971203 0)
(0.231677 -0.0353033 0)
(0.21785 -0.0953015 0)
(0.150155 -0.229722 0)
(0.170663 -0.341483 0)
(0.130028 0.103786 0)
(0.158445 0.0753418 0)
(0.212365 0.0533558 0)
(0.270863 0.041723 0)
(0.32335 0.0359767 0)
(0.37564 0.0319803 0)
(0.420067 0.0289305 0)
(0.465213 0.0255874 0)
(0.49817 0.0229131 0)
(0.533313 0.0197282 0)
(0.5527 0.0175787 0)
(0.578506 0.0146525 0)
(0.584695 0.0132228 0)
(0.603132 0.0104147 0)
(0.594693 0.00946126 0)
(0.603355 0.0050697 0)
(0.567708 0.000146346 0)
(0.547695 -0.0182814 0)
(0.435854 -0.0504127 0)
(0.336833 -0.101401 0)
)
;

boundaryField
{
    movingWall
    {
        type            fixedValue;
        value           uniform (1 0 0);
    }
    fixedWalls
    {
        type            noSlip;
    }
    frontAndBack
    {
        type            empty;
    }
}


// ************************************************************************* //
