/*--------------------------------*- C++ -*----------------------------------*\
| =========                 |                                                 |
| \\      /  F ield         | OpenFOAM: The Open Source CFD Toolbox           |
|  \\    /   O peration     | Version:  2212                                  |
|   \\  /    A nd           | Website:  www.openfoam.com                      |
|    \\/     M anipulation  |                                                 |
\*---------------------------------------------------------------------------*/
FoamFile
{
    version     2.0;
    format      ascii;
    arch        "LSB;label=32;scalar=64";
    class       volVectorField;
    location    "0.345";
    object      U;
}
// * * * * * * * * * * * * * * * * * * * * * * * * * * * * * * * * * * * * * //

dimensions      [0 1 -1 0 0 0 0];

internalField   nonuniform List<vector> 
400
(
(-0.000145551 0.000137151 0)
(-0.00088133 0.000399276 0)
(-0.0021479 0.000501452 0)
(-0.00350275 0.000523755 0)
(-0.00485161 0.00052459 0)
(-0.00617298 0.000519297 0)
(-0.00744787 0.00050712 0)
(-0.00865 0.000483159 0)
(-0.00974204 0.000441279 0)
(-0.0106735 0.00037485 0)
(-0.0113805 0.000277468 0)
(-0.0117875 0.000143497 0)
(-0.01181 -3.11934e-05 0)
(-0.0113645 -0.000242976 0)
(-0.0103865 -0.000479902 0)
(-0.00885163 -0.000718654 0)
(-0.00680398 -0.000919943 0)
(-0.00438571 -0.00101761 0)
(-0.00192422 -0.000891765 0)
(-0.000369385 -0.000387401 0)
(-0.000438483 0.000900697 0)
(-0.00202795 0.0019438 0)
(-0.00447084 0.00233058 0)
(-0.00704694 0.00240691 0)
(-0.00958425 0.00237722 0)
(-0.0120311 0.00230205 0)
(-0.0143385 0.00218426 0)
(-0.0164514 0.00200972 0)
(-0.0183023 0.00175891 0)
(-0.0198076 0.00141045 0)
(-0.0208679 0.000943609 0)
(-0.0213716 0.000342329 0)
(-0.0211956 -0.000398753 0)
(-0.0202218 -0.00126281 0)
(-0.0183666 -0.00220243 0)
(-0.0156096 -0.00312693 0)
(-0.0120359 -0.003886 0)
(-0.00787633 -0.00423455 0)
(-0.00365162 -0.00375701 0)
(-0.000806058 -0.00185521 0)
(-0.000574709 0.00227893 0)
(-0.00256465 0.00444236 0)
(-0.00554406 0.00520743 0)
(-0.00865201 0.00534056 0)
(-0.0116936 0.005235 0)
(-0.0146118 0.00501433 0)
(-0.0173492 0.00469122 0)
(-0.019843 0.00424336 0)
(-0.0220188 0.00363696 0)
(-0.0237856 0.00283384 0)
(-0.025034 0.0017967 0)
(-0.0256374 0.000497456 0)
(-0.0254524 -0.00107027 0)
(-0.0243341 -0.00287586 0)
(-0.0221678 -0.00482472 0)
(-0.0189064 -0.00673399 0)
(-0.0146301 -0.00829526 0)
(-0.00960318 -0.00900928 0)
(-0.00445995 -0.00806068 0)
(-0.000984991 -0.00419933 0)
(-0.000621024 0.00382722 0)
(-0.00278427 0.00723221 0)
(-0.00602016 0.00839468 0)
(-0.0093819 0.00857558 0)
(-0.0126688 0.0083809 0)
(-0.0158299 0.00800156 0)
(-0.0188123 0.00746051 0)
(-0.0215575 0.00672735 0)
(-0.023995 0.00575308 0)
(-0.0260345 0.0044801 0)
(-0.0275619 0.00284956 0)
(-0.0284353 0.000812682 0)
(-0.0284822 -0.00165087 0)
(-0.0275057 -0.00451157 0)
(-0.0253198 -0.00763351 0)
(-0.0218043 -0.010733 0)
(-0.0169913 -0.0133052 0)
(-0.0111684 -0.0145195 0)
(-0.00512524 -0.0130468 0)
(-0.00109478 -0.00685907 0)
(-0.000638978 0.00544498 0)
(-0.00289809 0.0101648 0)
(-0.00629673 0.011743 0)
(-0.00982933 0.0119751 0)
(-0.0132941 0.0116986 0)
(-0.0166511 0.0111762 0)
(-0.0198584 0.0104418 0)
(-0.0228695 0.00945675 0)
(-0.0256246 0.00815469 0)
(-0.0280407 0.00645324 0)
(-0.0300017 0.00426133 0)
(-0.0313479 0.00149368 0)
(-0.0318691 -0.00190577 0)
(-0.0312884 -0.00594017 0)
(-0.0292972 -0.0104533 0)
(-0.025636 -0.0150574 0)
(-0.0202222 -0.0189908 0)
(-0.0133429 -0.0209502 0)
(-0.00602364 -0.018889 0)
(-0.00122142 -0.00986066 0)
(-0.000651995 0.00711328 0)
(-0.00299343 0.0132199 0)
(-0.00654108 0.0152409 0)
(-0.0102367 0.0155374 0)
(-0.0138789 0.0151982 0)
(-0.0174421 0.0145641 0)
(-0.0209009 0.0136821 0)
(-0.0242276 0.0125059 0)
(-0.027382 0.0109502 0)
(-0.0302979 0.00890145 0)
(-0.0328656 0.00622342 0)
(-0.0349132 0.00277173 0)
(-0.0361958 -0.00158134 0)
(-0.0363332 -0.00692363 0)
(-0.0348316 -0.0131272 0)
(-0.0311955 -0.0197212 0)
(-0.0250973 -0.0256121 0)
(-0.0167246 -0.028785 0)
(-0.007412 -0.0260808 0)
(-0.00138859 -0.0133705 0)
(-0.000666037 0.0088322 0)
(-0.00309629 0.0164021 0)
(-0.00680469 0.0188962 0)
(-0.010675 0.0192739 0)
(-0.0145065 0.0188962 0)
(-0.0182914 0.0181907 0)
(-0.0220265 0.0172226 0)
(-0.0257114 0.0159403 0)
(-0.0293374 0.0142402 0)
(-0.032871 0.0119738 0)
(-0.0362282 0.00894617 0)
(-0.0392452 0.00492045 0)
(-0.0416673 -0.000358565 0)
(-0.0430068 -0.00707375 0)
(-0.0425267 -0.015309 0)
(-0.0393594 -0.0245782 0)
(-0.0326866 -0.0334102 0)
(-0.0223005 -0.0387213 0)
(-0.00978216 -0.0354468 0)
(-0.00163638 -0.0176638 0)
(-0.000682204 0.0106079 0)
(-0.0032123 0.0197249 0)
(-0.00709752 0.0227221 0)
(-0.0111525 0.0231945 0)
(-0.0151763 0.022801 0)
(-0.0191825 0.022068 0)
(-0.0231964 0.0210854 0)
(-0.0272543 0.0198037 0)
(-0.0313948 0.0181068 0)
(-0.035641 0.0158135 0)
(-0.0399736 0.0126642 0)
(-0.0442866 0.00830749 0)
(-0.0483045 0.00231747 0)
(-0.0515556 -0.00572173 0)
(-0.0531012 -0.0162684 0)
(-0.0514699 -0.0290627 0)
(-0.044946 -0.0424029 0)
(-0.0321811 -0.0517377 0)
(-0.0144845 -0.04851 0)
(-0.00215334 -0.023392 0)
(-0.000701711 0.0124484 0)
(-0.00334486 0.0232043 0)
(-0.0074221 0.0267291 0)
(-0.0116632 0.0272999 0)
(-0.0158654 0.0269046 0)
(-0.0200667 0.0261829 0)
(-0.0243263 0.0252606 0)
(-0.0287269 0.0241022 0)
(-0.0333708 0.0225927 0)
(-0.038367 0.0205329 0)
(-0.0438061 0.0176092 0)
(-0.0497056 0.0133556 0)
(-0.0559266 0.00712402 0)
(-0.0621675 -0.00192478 0)
(-0.0674213 -0.0145809 0)
(-0.0695673 -0.0316239 0)
(-0.0652538 -0.0517282 0)
(-0.0503719 -0.0687871 0)
(-0.0247864 -0.0680414 0)
(-0.00356895 -0.0323326 0)
(-0.00072854 0.0143658 0)
(-0.00350422 0.0268589 0)
(-0.00778978 0.0309234 0)
(-0.0122091 0.0315768 0)
(-0.0165551 0.0311747 0)
(-0.0208927 0.030488 0)
(-0.0253184 0.0296921 0)
(-0.0299683 0.0287826 0)
(-0.0350221 0.0276699 0)
(-0.0407031 0.0261693 0)
(-0.0472708 0.0239536 0)
(-0.054993 0.0204845 0)
(-0.0640835 0.0149243 0)
(-0.0745196 0.00603899 0)
(-0.0859477 -0.00784719 0)
(-0.095787 -0.0290323 0)
(-0.0973577 -0.05873 0)
(-0.0813574 -0.0900449 0)
(-0.0458434 -0.0983447 0)
(-0.00731402 -0.0483003 0)
(-0.000772044 0.0163827 0)
(-0.003715 0.0307159 0)
(-0.00823268 0.0353083 0)
(-0.0128149 0.0359967 0)
(-0.0172478 0.0355513 0)
(-0.021626 0.0348939 0)
(-0.026084 0.034264 0)
(-0.0308104 0.0337095 0)
(-0.0360653 0.0332001 0)
(-0.0422012 0.0326195 0)
(-0.0496914 0.0317113 0)
(-0.0591528 0.0299936 0)
(-0.0713849 0.0266453 0)
(-0.0873887 0.0202099 0)
(-0.107613 0.00755791 0)
(-0.128923 -0.0171583 0)
(-0.139226 -0.0606094 0)
(-0.122534 -0.116555 0)
(-0.0791512 -0.144596 0)
(-0.0150355 -0.0772125 0)
(-0.000850848 0.0185452 0)
(-0.00402581 0.0348229 0)
(-0.00881699 0.0398907 0)
(-0.0135423 0.040517 0)
(-0.0179828 0.0399448 0)
(-0.0222684 0.0392653 0)
(-0.0265686 0.0387927 0)
(-0.0311128 0.0386463 0)
(-0.0362233 0.0388933 0)
(-0.0423644 0.0395573 0)
(-0.0502167 0.04058 0)
(-0.0607667 0.0417478 0)
(-0.0754889 0.0425526 0)
(-0.0966627 0.0414635 0)
(-0.126092 0.0330295 0)
(-0.158225 0.00395833 0)
(-0.173763 -0.0609362 0)
(-0.156007 -0.152591 0)
(-0.113738 -0.208717 0)
(-0.0253973 -0.129912 0)
(-0.000999461 0.0209428 0)
(-0.00452373 0.0392609 0)
(-0.009661 0.0446802 0)
(-0.0145074 0.0450763 0)
(-0.0188526 0.0442343 0)
(-0.022878 0.0434226 0)
(-0.0267832 0.0430285 0)
(-0.0308125 0.0432502 0)
(-0.035302 0.0442812 0)
(-0.0407549 0.0463547 0)
(-0.0479532 0.0497499 0)
(-0.0580616 0.0547414 0)
(-0.0728474 0.061281 0)
(-0.0953467 0.0672446 0)
(-0.127947 0.0629195 0)
(-0.162244 0.0263119 0)
(-0.174997 -0.0642796 0)
(-0.158541 -0.192579 0)
(-0.130541 -0.283367 0)
(-0.0308636 -0.221659 0)
(-0.0012835 0.0237581 0)
(-0.00536385 0.0442171 0)
(-0.0109589 0.0497577 0)
(-0.0158928 0.0496311 0)
(-0.0200113 0.0482846 0)
(-0.0235832 0.0471577 0)
(-0.0268343 0.046677 0)
(-0.0299839 0.0470968 0)
(-0.0333031 0.0487319 0)
(-0.0371949 0.0520459 0)
(-0.0423022 0.0577089 0)
(-0.0495405 0.066519 0)
(-0.0601588 0.0786088 0)
(-0.0767385 0.0903611 0)
(-0.101823 0.0877979 0)
(-0.127754 0.0444371 0)
(-0.134446 -0.0607496 0)
(-0.124709 -0.212956 0)
(-0.119495 -0.344765 0)
(-0.0228501 -0.333632 0)
(-0.00181182 0.027228 0)
(-0.00679829 0.0497114 0)
(-0.0130517 0.0548368 0)
(-0.0180197 0.0538708 0)
(-0.0217101 0.051827 0)
(-0.0245972 0.0502077 0)
(-0.0269425 0.0494245 0)
(-0.0288888 0.0497435 0)
(-0.0305472 0.0515511 0)
(-0.0320571 0.0554739 0)
(-0.0336449 0.0624598 0)
(-0.0355815 0.0736081 0)
(-0.038097 0.0888931 0)
(-0.0426096 0.103396 0)
(-0.0520891 0.101518 0)
(-0.0631843 0.0580036 0)
(-0.066111 -0.0448332 0)
(-0.0658211 -0.202221 0)
(-0.0885306 -0.369946 0)
(-0.00451449 -0.417033 0)
(-0.00284219 0.0319273 0)
(-0.00925024 0.0571839 0)
(-0.0162667 0.0615401 0)
(-0.0210492 0.0586008 0)
(-0.024081 0.0550951 0)
(-0.0260957 0.0525535 0)
(-0.0273713 0.0511168 0)
(-0.0279305 0.0508911 0)
(-0.0276566 0.0521993 0)
(-0.0263226 0.0556645 0)
(-0.0235958 0.0622795 0)
(-0.0190182 0.0731523 0)
(-0.0119544 0.0880497 0)
(-0.00286812 0.102567 0)
(0.00494592 0.102045 0)
(0.0108651 0.0626712 0)
(0.00809064 -0.0294163 0)
(0.00194781 -0.172154 0)
(-0.052041 -0.368386 0)
(0.017393 -0.464938 0)
(-0.00462208 0.0416281 0)
(-0.014727 0.0637906 0)
(-0.0226201 0.0630458 0)
(-0.0262298 0.0591823 0)
(-0.0276858 0.0556334 0)
(-0.0283842 0.0529142 0)
(-0.0284154 0.0510552 0)
(-0.0274879 0.0500994 0)
(-0.025212 0.0503185 0)
(-0.0210419 0.0522069 0)
(-0.0142242 0.0565933 0)
(-0.00393539 0.0641791 0)
(0.0113208 0.0754409 0)
(0.031736 0.0871341 0)
(0.052311 0.088816 0)
(0.0692776 0.0603779 0)
(0.067009 -0.0148747 0)
(0.0596885 -0.142154 0)
(-0.0167133 -0.354801 0)
(0.0452728 -0.483454 0)
(-0.0028164 0.0376215 0)
(-0.0131853 0.0815014 0)
(-0.0267456 0.0804243 0)
(-0.0321069 0.0694535 0)
(-0.0332554 0.0615885 0)
(-0.0324046 0.0563301 0)
(-0.02973 0.0523909 0)
(-0.0253091 0.0493106 0)
(-0.0191251 0.047211 0)
(-0.0108209 0.0461713 0)
(-0.000122386 0.0467956 0)
(0.014366 0.0494381 0)
(0.0334417 0.0551352 0)
(0.057687 0.0610232 0)
(0.0818946 0.0619951 0)
(0.105966 0.0431208 0)
(0.10364 -0.00830903 0)
(0.0999825 -0.118052 0)
(0.0326142 -0.319605 0)
(0.0898411 -0.455762 0)
(-0.0974432 0.0974273 0)
(-0.0744208 0.0764909 0)
(-0.0644124 0.0572006 0)
(-0.0427158 0.0493309 0)
(-0.0228078 0.0438633 0)
(-0.00317052 0.0393688 0)
(0.0154598 0.0356513 0)
(0.0343912 0.0324881 0)
(0.0518781 0.0302197 0)
(0.0709291 0.0283047 0)
(0.0879618 0.0274354 0)
(0.109004 0.0272751 0)
(0.126284 0.0288071 0)
(0.152105 0.0308008 0)
(0.163911 0.0299268 0)
(0.196746 0.0206808 0)
(0.185105 -0.0132528 0)
(0.202309 -0.0910068 0)
(0.14818 -0.233428 0)
(0.170057 -0.345152 0)
(0.135781 0.109884 0)
(0.172078 0.0876111 0)
(0.232283 0.0658668 0)
(0.287518 0.0516946 0)
(0.329793 0.0424728 0)
(0.367075 0.0355594 0)
(0.395395 0.030394 0)
(0.425315 0.0259978 0)
(0.446022 0.0227576 0)
(0.473039 0.0198319 0)
(0.487962 0.0178522 0)
(0.515223 0.0159323 0)
(0.524912 0.0151266 0)
(0.554515 0.0138529 0)
(0.555758 0.0137486 0)
(0.582737 0.0102174 0)
(0.558524 0.00456932 0)
(0.55394 -0.0166589 0)
(0.448652 -0.0479624 0)
(0.342254 -0.100068 0)
)
;

boundaryField
{
    movingWall
    {
        type            fixedValue;
        value           uniform (1 0 0);
    }
    fixedWalls
    {
        type            noSlip;
    }
    frontAndBack
    {
        type            empty;
    }
}


// ************************************************************************* //
