/*--------------------------------*- C++ -*----------------------------------*\
| =========                 |                                                 |
| \\      /  F ield         | OpenFOAM: The Open Source CFD Toolbox           |
|  \\    /   O peration     | Version:  2212                                  |
|   \\  /    A nd           | Website:  www.openfoam.com                      |
|    \\/     M anipulation  |                                                 |
\*---------------------------------------------------------------------------*/
FoamFile
{
    version     2.0;
    format      ascii;
    arch        "LSB;label=32;scalar=64";
    class       volScalarField;
    location    "4.39";
    object      p;
}
// * * * * * * * * * * * * * * * * * * * * * * * * * * * * * * * * * * * * * //

dimensions      [0 2 -2 0 0 0 0];

internalField   nonuniform List<scalar> 
400
(
-2.11809e-08
-0.000150585
-0.000532131
-0.00106609
-0.00172292
-0.00247919
-0.00316601
-0.00357614
-0.00354327
-0.00291376
-0.00153376
0.000624988
0.00324788
0.00551368
0.0065474
0.00596094
0.00406286
0.0022228
0.00118563
0.00111429
0.000115973
-5.7574e-05
-0.000374201
-0.000759427
-0.00123718
-0.00187718
-0.0026887
-0.00351854
-0.00404966
-0.00390771
-0.0028213
-0.000808968
0.00169762
0.00396996
0.00514686
0.00478768
0.00317164
0.0014517
0.00067092
0.0007581
0.000532597
0.000263692
-7.60128e-05
-0.000555576
-0.00133778
-0.00256079
-0.00418434
-0.00593229
-0.0073378
-0.00787442
-0.00719982
-0.00540734
-0.00284753
-0.000155762
0.00183545
0.00248534
0.00178324
0.000584378
-0.000312883
-0.000314185
0.00114091
0.000733423
0.000189364
-0.000768698
-0.0024292
-0.00489163
-0.00791894
-0.0110138
-0.0135721
-0.015033
-0.0150635
-0.0137069
-0.0111771
-0.00792951
-0.0046643
-0.00212639
-0.000787165
-0.000622411
-0.00120371
-0.00183499
0.00156023
0.000956886
-2.8044e-05
-0.00190818
-0.00495742
-0.00908682
-0.0137715
-0.0182907
-0.0219892
-0.0244024
-0.0252716
-0.0244773
-0.0221423
-0.0185534
-0.0141462
-0.00952574
-0.00548541
-0.00285885
-0.00211141
-0.00392825
0.00126262
0.000423832
-0.00119755
-0.00426677
-0.0089128
-0.0147229
-0.0208471
-0.026427
-0.030852
-0.0338055
-0.0351599
-0.0348155
-0.0328538
-0.0294193
-0.02465
-0.0187628
-0.0123555
-0.00683829
-0.00431111
-0.00642408
-7.68519e-05
-0.00116296
-0.00348319
-0.00772518
-0.0137855
-0.0208825
-0.0279197
-0.0340136
-0.0386702
-0.0417293
-0.0431986
-0.0430992
-0.0414971
-0.0384584
-0.0339577
-0.0278756
-0.0203279
-0.0125549
-0.00774858
-0.00765775
-0.00246434
-0.00373985
-0.00665482
-0.0117989
-0.018833
-0.0266742
-0.0340971
-0.0402801
-0.0448736
-0.0478433
-0.0492792
-0.0492775
-0.0479165
-0.0452413
-0.0411995
-0.0355542
-0.0280416
-0.0191703
-0.0116922
-0.00789583
-0.00552693
-0.00688638
-0.0101862
-0.0158624
-0.0233934
-0.0315115
-0.0389613
-0.0450176
-0.0494508
-0.0523026
-0.0536964
-0.0537402
-0.0525089
-0.0500581
-0.0463935
-0.0413512
-0.0345103
-0.0256867
-0.016536
-0.00988421
-0.00869579
-0.0100288
-0.0134874
-0.0193428
-0.0269733
-0.035052
-0.0423553
-0.0482373
-0.0525353
-0.055316
-0.0566983
-0.0567706
-0.0555968
-0.0532465
-0.0497961
-0.0452267
-0.0392158
-0.0312094
-0.0220966
-0.0141777
-0.0114439
-0.0126781
-0.0160842
-0.0218275
-0.0292627
-0.0371173
-0.0442276
-0.0499784
-0.0542143
-0.0569833
-0.0583805
-0.0584717
-0.0573081
-0.0549652
-0.0515797
-0.0472749
-0.041978
-0.0350362
-0.026937
-0.0189715
-0.0134766
-0.0145263
-0.0177091
-0.0230787
-0.0300778
-0.0375822
-0.0445082
-0.0502162
-0.0544864
-0.057314
-0.0587556
-0.0588574
-0.0576622
-0.0552468
-0.0517997
-0.0475573
-0.0427551
-0.0367117
-0.0297651
-0.0221921
-0.0147613
-0.0154751
-0.0182091
-0.0229838
-0.029357
-0.0364191
-0.0431786
-0.0489323
-0.0533393
-0.0563032
-0.0578271
-0.0579346
-0.0566638
-0.0541134
-0.0504975
-0.0461151
-0.0415561
-0.0359966
-0.0299887
-0.0226916
-0.0153946
-0.0156389
-0.0176535
-0.0215503
-0.0270951
-0.0336225
-0.040221
-0.0460938
-0.0507422
-0.0539384
-0.0556093
-0.0557508
-0.0543802
-0.0516254
-0.0477439
-0.0431204
-0.0384046
-0.0329178
-0.0279218
-0.0201368
-0.0155076
-0.01523
-0.0162439
-0.0189391
-0.0234227
-0.0293018
-0.0357269
-0.0417794
-0.0467713
-0.0503074
-0.0522087
-0.052417
-0.0509734
-0.0479694
-0.0437334
-0.0387043
-0.0335688
-0.0279593
-0.0241472
-0.0143415
-0.0152199
-0.014499
-0.0142016
-0.0153357
-0.0185346
-0.0236581
-0.0298919
-0.0361687
-0.0415951
-0.045585
-0.0478346
-0.0482164
-0.0467551
-0.0435209
-0.0388807
-0.0332979
-0.0275569
-0.0216424
-0.0181143
-0.00390943
-0.0146185
-0.0135847
-0.0116847
-0.011055
-0.0128913
-0.0172481
-0.0233082
-0.0298423
-0.0357698
-0.0403145
-0.043042
-0.0437283
-0.0423676
-0.0389933
-0.0339362
-0.0275924
-0.0207284
-0.0134308
-0.00700411
0.0158591
-0.0145604
-0.0126435
-0.00866255
-0.00627048
-0.00693069
-0.0107113
-0.016698
-0.0235215
-0.0299853
-0.035151
-0.0384736
-0.0396069
-0.0384984
-0.0351606
-0.0297395
-0.0222765
-0.0130314
-0.000972473
0.0163503
0.0567763
-0.011793
-0.0118409
-0.0057816
-0.00186546
-0.00185009
-0.00544334
-0.0115336
-0.0186763
-0.025641
-0.0313756
-0.0353044
-0.0369985
-0.0363615
-0.0331191
-0.0271212
-0.017598
-0.00336945
0.0201388
0.0603121
0.129501
-0.0295076
-0.0106555
-0.000688487
0.00296539
0.00233546
-0.00162569
-0.00799011
-0.0154478
-0.0227739
-0.0288917
-0.0332001
-0.0352466
-0.0348955
-0.0317319
-0.0251244
-0.0129047
0.0092173
0.0508472
0.122528
0.225789
)
;

boundaryField
{
    movingWall
    {
        type            zeroGradient;
    }
    fixedWalls
    {
        type            zeroGradient;
    }
    frontAndBack
    {
        type            empty;
    }
}


// ************************************************************************* //
