/*--------------------------------*- C++ -*----------------------------------*\
| =========                 |                                                 |
| \\      /  F ield         | OpenFOAM: The Open Source CFD Toolbox           |
|  \\    /   O peration     | Version:  2212                                  |
|   \\  /    A nd           | Website:  www.openfoam.com                      |
|    \\/     M anipulation  |                                                 |
\*---------------------------------------------------------------------------*/
FoamFile
{
    version     2.0;
    format      ascii;
    arch        "LSB;label=32;scalar=64";
    class       volScalarField;
    location    "1.465";
    object      p;
}
// * * * * * * * * * * * * * * * * * * * * * * * * * * * * * * * * * * * * * //

dimensions      [0 2 -2 0 0 0 0];

internalField   nonuniform List<scalar> 
400
(
-3.10421e-09
-0.000106178
-0.000286889
-0.000540672
-0.000851589
-0.00118807
-0.00148492
-0.00163344
-0.00149632
-0.00094918
7.6008e-05
0.00155951
0.00335362
0.00495701
0.00586021
0.00579464
0.00478935
0.0036686
0.00292438
0.00279536
0.000104144
8.81356e-07
-0.000145133
-0.000344685
-0.000593054
-0.000878808
-0.0011826
-0.0014456
-0.00153793
-0.00127388
-0.000484912
0.000870749
0.00255577
0.00415032
0.00512419
0.00515198
0.00433753
0.00321931
0.0026082
0.0025624
0.000304101
0.000144714
-7.67221e-06
-0.000232046
-0.000566934
-0.00104926
-0.00169402
-0.0024294
-0.00305679
-0.00327815
-0.00281449
-0.00160305
0.000127139
0.00198105
0.00341204
0.00395574
0.00355457
0.00268166
0.00191789
0.00179716
0.000428083
0.000223607
2.64369e-05
-0.000323271
-0.00093571
-0.00191592
-0.00329507
-0.00493122
-0.00648649
-0.00751511
-0.00764418
-0.00678843
-0.00512035
-0.00291933
-0.000658686
0.00109402
0.00191537
0.00180381
0.00115082
0.000595801
0.000330582
6.83857e-05
-0.00023594
-0.000849644
-0.00198313
-0.0038066
-0.00630551
-0.00917981
-0.0119079
-0.0139364
-0.0148682
-0.0145591
-0.0130736
-0.0105925
-0.00745558
-0.00418313
-0.00144847
0.000124918
0.000308926
-0.00112911
-0.000165657
-0.000500794
-0.00098755
-0.00201159
-0.00388645
-0.00680248
-0.0106184
-0.014796
-0.0186199
-0.0215014
-0.023107
-0.0232919
-0.0220507
-0.0195435
-0.0159498
-0.0115219
-0.00681802
-0.00296258
-0.00140008
-0.00327715
-0.00116979
-0.00159165
-0.00232198
-0.00384913
-0.00655801
-0.0105878
-0.0156034
-0.0208075
-0.0253475
-0.0286674
-0.0305351
-0.0309094
-0.0298533
-0.0275319
-0.0240273
-0.0192945
-0.0134632
-0.00759011
-0.0042092
-0.00482872
-0.00267284
-0.00318166
-0.00417303
-0.00619486
-0.00964969
-0.0145833
-0.0204668
-0.026299
-0.0311771
-0.0346272
-0.0365193
-0.0368939
-0.0358908
-0.033708
-0.03046
-0.0260091
-0.0200908
-0.013146
-0.00757987
-0.00524212
-0.00453328
-0.00510456
-0.00632009
-0.00873027
-0.0127115
-0.0182278
-0.0246191
-0.0307686
-0.0357838
-0.0392693
-0.0411472
-0.0414758
-0.0404179
-0.0382174
-0.0351114
-0.0310744
-0.0256787
-0.0186819
-0.0115078
-0.00651785
-0.00652464
-0.00710208
-0.00846397
-0.0110956
-0.0153318
-0.0211019
-0.027706
-0.0339902
-0.0390853
-0.0426297
-0.0445408
-0.0448452
-0.0436831
-0.0413334
-0.038173
-0.0343942
-0.0296855
-0.0233595
-0.0159963
-0.00950206
-0.00840695
-0.00892482
-0.0103279
-0.0129907
-0.0172139
-0.022942
-0.0295186
-0.0358153
-0.040976
-0.0446149
-0.0466011
-0.0469094
-0.0456291
-0.0430689
-0.0397289
-0.0360306
-0.0319337
-0.0265538
-0.0199816
-0.0131377
-0.00998534
-0.0103928
-0.0117145
-0.0142131
-0.0181787
-0.0235993
-0.0299153
-0.0360968
-0.0412878
-0.0450231
-0.0470914
-0.0474236
-0.0460355
-0.0432874
-0.0397576
-0.0360426
-0.0324483
-0.0279383
-0.0223619
-0.015675
-0.011187
-0.0114229
-0.0125158
-0.0146667
-0.0181519
-0.0230244
-0.028859
-0.0347773
-0.0399204
-0.0437182
-0.0458596
-0.0462226
-0.0448089
-0.0419678
-0.0383226
-0.0345449
-0.0313573
-0.0274339
-0.0226933
-0.016135
-0.0120073
-0.0120332
-0.0127468
-0.0143475
-0.0171383
-0.0212628
-0.0264427
-0.0319529
-0.0369472
-0.0407589
-0.0429715
-0.0433987
-0.0420723
-0.0392637
-0.0356256
-0.0319059
-0.028839
-0.0252548
-0.0213457
-0.0144115
-0.0124902
-0.0122975
-0.0125008
-0.013385
-0.0153407
-0.0185964
-0.0230064
-0.0279907
-0.0327424
-0.0365281
-0.0388387
-0.0394183
-0.0382649
-0.035614
-0.0321083
-0.0284791
-0.0254276
-0.0219821
-0.0192531
-0.0106357
-0.0127361
-0.0123355
-0.0118499
-0.0118837
-0.0129673
-0.0153709
-0.0190268
-0.0234658
-0.0279443
-0.0317003
-0.0341523
-0.0349671
-0.0341058
-0.0317285
-0.0284282
-0.0248657
-0.0217181
-0.0182314
-0.0165514
-0.00355053
-0.0128093
-0.0122642
-0.0109376
-0.0100799
-0.0103576
-0.0120544
-0.0151131
-0.0191156
-0.0233834
-0.0271561
-0.0298086
-0.03092
-0.0303976
-0.0283888
-0.0252925
-0.021639
-0.0180318
-0.0138878
-0.0103102
0.0121461
-0.0137108
-0.0122427
-0.00960569
-0.0078747
-0.00757487
-0.00886099
-0.0116094
-0.0154002
-0.019617
-0.0235114
-0.0264588
-0.0279632
-0.027866
-0.0261508
-0.0231316
-0.0189852
-0.0139532
-0.0062158
0.00769032
0.0489093
-0.0119087
-0.0127499
-0.00879104
-0.00606517
-0.00528621
-0.00638903
-0.00907371
-0.0128603
-0.0171844
-0.0212864
-0.0245787
-0.0264893
-0.0268272
-0.0253595
-0.0221186
-0.0164337
-0.00705346
0.0114577
0.0487093
0.119216
-0.029512
-0.0125049
-0.0049515
-0.00243755
-0.0022622
-0.00371321
-0.00662395
-0.0106031
-0.0151198
-0.0194246
-0.0229464
-0.0251248
-0.0257412
-0.024391
-0.0205212
-0.0120659
0.00526729
0.0421855
0.111658
0.215878
)
;

boundaryField
{
    movingWall
    {
        type            zeroGradient;
    }
    fixedWalls
    {
        type            zeroGradient;
    }
    frontAndBack
    {
        type            empty;
    }
}


// ************************************************************************* //
