/*--------------------------------*- C++ -*----------------------------------*\
| =========                 |                                                 |
| \\      /  F ield         | OpenFOAM: The Open Source CFD Toolbox           |
|  \\    /   O peration     | Version:  2212                                  |
|   \\  /    A nd           | Website:  www.openfoam.com                      |
|    \\/     M anipulation  |                                                 |
\*---------------------------------------------------------------------------*/
FoamFile
{
    version     2.0;
    format      ascii;
    arch        "LSB;label=32;scalar=64";
    class       volScalarField;
    location    "1.82";
    object      p;
}
// * * * * * * * * * * * * * * * * * * * * * * * * * * * * * * * * * * * * * //

dimensions      [0 2 -2 0 0 0 0];

internalField   nonuniform List<scalar> 
400
(
-2.40206e-08
-0.000118531
-0.000372008
-0.000732575
-0.0011905
-0.00169934
-0.00217132
-0.00244759
-0.00236148
-0.00177645
-0.000598187
0.00117405
0.00333555
0.00526042
0.00627496
0.00603757
0.00468126
0.00323417
0.00233284
0.00221611
0.00011527
-1.61639e-05
-0.000216172
-0.000489018
-0.000835181
-0.00126538
-0.00177315
-0.00227053
-0.00255394
-0.00235394
-0.00145129
0.000179421
0.00222563
0.00414459
0.00525722
0.00516618
0.00403502
0.00263153
0.00192295
0.00192282
0.000376614
0.000199433
-1.13193e-05
-0.000327602
-0.000831078
-0.00160217
-0.00264019
-0.00379471
-0.00475655
-0.00513098
-0.00460518
-0.00316209
-0.00107833
0.00115502
0.00286413
0.00348417
0.00296585
0.00193122
0.00108744
0.00100751
0.000669779
0.000407315
0.000106413
-0.000449132
-0.00144694
-0.00300678
-0.00505546
-0.00728463
-0.00924051
-0.0104437
-0.0105478
-0.00951065
-0.00750757
-0.00488444
-0.00221167
-0.000133746
0.000891958
0.000873161
0.000234421
-0.000358263
0.000719187
0.00035941
-0.000151993
-0.00120079
-0.00305164
-0.00577733
-0.00914301
-0.0126449
-0.0157095
-0.0178536
-0.0187648
-0.0183084
-0.0165414
-0.0136686
-0.0100611
-0.00627537
-0.00304237
-0.00106846
-0.000672675
-0.00226603
0.000260621
-0.000225804
-0.00107203
-0.00282071
-0.00574503
-0.00978429
-0.0144618
-0.0190784
-0.0230041
-0.0258222
-0.027319
-0.027369
-0.0259636
-0.0232187
-0.0192669
-0.0143363
-0.0090069
-0.00452689
-0.00260425
-0.00458863
-0.000885264
-0.00151582
-0.00276559
-0.00527895
-0.00925727
-0.0144447
-0.0201132
-0.0254292
-0.029781
-0.0328556
-0.0345571
-0.0348649
-0.0337958
-0.0314141
-0.0277081
-0.0225777
-0.0161501
-0.00957904
-0.00568337
-0.00606294
-0.00270937
-0.00346819
-0.00510122
-0.00827074
-0.0130685
-0.0190449
-0.0252777
-0.0308841
-0.0353315
-0.0384224
-0.040145
-0.040545
-0.0396858
-0.0376297
-0.0343514
-0.0296286
-0.0231937
-0.0155484
-0.00928418
-0.00639387
-0.00499491
-0.00582465
-0.007745
-0.011355
-0.0166485
-0.0230359
-0.0294859
-0.0351323
-0.0395369
-0.0425863
-0.0443063
-0.0447506
-0.0439891
-0.0421047
-0.0391512
-0.0349873
-0.0291672
-0.0215026
-0.0135674
-0.00791246
-0.0073999
-0.00822198
-0.0102952
-0.0141015
-0.0195758
-0.0260708
-0.0325267
-0.0381198
-0.0424793
-0.0455296
-0.0472904
-0.0477829
-0.0470511
-0.0451954
-0.0423694
-0.0386063
-0.0335583
-0.0266123
-0.0185307
-0.0114189
-0.00958719
-0.0103317
-0.0124107
-0.0161881
-0.0215774
-0.0279575
-0.0343054
-0.0398362
-0.044196
-0.0472991
-0.0491328
-0.049676
-0.0489361
-0.0470187
-0.0441587
-0.0405754
-0.0361871
-0.0302214
-0.0229839
-0.0156063
-0.0113284
-0.0119273
-0.0138762
-0.0174166
-0.0224905
-0.0285704
-0.0347327
-0.0402169
-0.0446269
-0.0478209
-0.0497395
-0.0503264
-0.0495485
-0.0475209
-0.0445274
-0.0409447
-0.0370243
-0.0319182
-0.0257167
-0.0185689
-0.0125605
-0.0129271
-0.0145683
-0.0176779
-0.022241
-0.0278655
-0.0337722
-0.039212
-0.043705
-0.047015
-0.0490191
-0.0496301
-0.0488047
-0.0466504
-0.0434824
-0.0397509
-0.0361037
-0.0315144
-0.0261641
-0.0192159
-0.0133058
-0.013377
-0.0145153
-0.0169533
-0.0208052
-0.0258423
-0.0314271
-0.0368101
-0.0414076
-0.0448643
-0.046976
-0.0476172
-0.046747
-0.0444567
-0.0410993
-0.0372065
-0.0335088
-0.0290817
-0.0246183
-0.0172808
-0.0136332
-0.0133908
-0.0138449
-0.0153724
-0.0183231
-0.0226461
-0.0278365
-0.0331389
-0.0378585
-0.0415044
-0.0437738
-0.04449
-0.0435996
-0.0411839
-0.0376368
-0.0335154
-0.0295619
-0.0251289
-0.021826
-0.0126611
-0.0136547
-0.0131344
-0.0126733
-0.0130669
-0.0149742
-0.0185047
-0.0232572
-0.0284641
-0.0333275
-0.0372164
-0.0397189
-0.0405912
-0.0397733
-0.0372952
-0.0335754
-0.0291528
-0.0248049
-0.0201972
-0.0176131
-0.00394381
-0.0134498
-0.012734
-0.0111363
-0.0103005
-0.011147
-0.0139153
-0.0182599
-0.0233868
-0.0284209
-0.0326073
-0.0354283
-0.0365479
-0.035878
-0.0334809
-0.0296193
-0.0247558
-0.0196026
-0.0139737
-0.00901797
0.0137914
-0.0139682
-0.0123617
-0.00912891
-0.00708165
-0.0070655
-0.00930115
-0.0134033
-0.018537
-0.0238015
-0.0283507
-0.0316005
-0.0331183
-0.0327578
-0.0304612
-0.0264259
-0.0207764
-0.0137219
-0.00389892
0.0117081
0.0526299
-0.011783
-0.012355
-0.00753565
-0.00422098
-0.00359526
-0.00561435
-0.00969776
-0.0149522
-0.0204956
-0.0254171
-0.0291252
-0.0311101
-0.0311962
-0.0291067
-0.0247099
-0.0171936
-0.00543039
0.0155447
0.0542551
0.124172
-0.0294961
-0.0117833
-0.00320295
-9.86495e-05
-0.00010269
-0.00248153
-0.00680324
-0.0122951
-0.0180994
-0.0233017
-0.0273007
-0.0295796
-0.0299221
-0.027879
-0.0227947
-0.0125676
0.00700736
0.0462646
0.116881
0.220675
)
;

boundaryField
{
    movingWall
    {
        type            zeroGradient;
    }
    fixedWalls
    {
        type            zeroGradient;
    }
    frontAndBack
    {
        type            empty;
    }
}


// ************************************************************************* //
