/*--------------------------------*- C++ -*----------------------------------*\
| =========                 |                                                 |
| \\      /  F ield         | OpenFOAM: The Open Source CFD Toolbox           |
|  \\    /   O peration     | Version:  2212                                  |
|   \\  /    A nd           | Website:  www.openfoam.com                      |
|    \\/     M anipulation  |                                                 |
\*---------------------------------------------------------------------------*/
FoamFile
{
    version     2.0;
    format      ascii;
    arch        "LSB;label=32;scalar=64";
    class       volVectorField;
    location    "0.39";
    object      U;
}
// * * * * * * * * * * * * * * * * * * * * * * * * * * * * * * * * * * * * * //

dimensions      [0 1 -1 0 0 0 0];

internalField   nonuniform List<vector> 
400
(
(-0.000169367 0.00015878 0)
(-0.000985698 0.000441112 0)
(-0.00238046 0.000554435 0)
(-0.00388622 0.000583671 0)
(-0.00540128 0.000590578 0)
(-0.00690362 0.000592268 0)
(-0.00837508 0.000587832 0)
(-0.00978822 0.00057105 0)
(-0.0111005 0.000533742 0)
(-0.0122506 0.000466605 0)
(-0.0131576 0.000360005 0)
(-0.0137215 0.000205023 0)
(-0.0138274 -4.66099e-06 0)
(-0.0133591 -0.000266683 0)
(-0.0122239 -0.000564059 0)
(-0.0103886 -0.000862319 0)
(-0.00792201 -0.00110445 0)
(-0.00503247 -0.00120368 0)
(-0.00214677 -0.00102507 0)
(-0.000387434 -0.000419842 0)
(-0.000490329 0.00101051 0)
(-0.00224519 0.00214305 0)
(-0.00494438 0.00258181 0)
(-0.00782149 0.00269209 0)
(-0.0106881 0.0026894 0)
(-0.0134882 0.00264063 0)
(-0.0161705 0.00254808 0)
(-0.0186736 0.00239237 0)
(-0.0209178 0.00214603 0)
(-0.022799 0.00177763 0)
(-0.0241873 0.00125513 0)
(-0.0249306 0.000551575 0)
(-0.0248596 -0.000345634 0)
(-0.0238062 -0.00141812 0)
(-0.0216456 -0.0025982 0)
(-0.0183482 -0.00375223 0)
(-0.0140415 -0.00466339 0)
(-0.00906294 -0.00501113 0)
(-0.00409877 -0.00432916 0)
(-0.000866856 -0.00203755 0)
(-0.000645121 0.0025432 0)
(-0.00285702 0.00490895 0)
(-0.00617413 0.00579039 0)
(-0.00967126 0.00599881 0)
(-0.0131323 0.00594928 0)
(-0.0164946 0.00577825 0)
(-0.0196967 0.00549764 0)
(-0.0226684 0.00507506 0)
(-0.0253214 0.00446104 0)
(-0.0275415 0.00359784 0)
(-0.0291857 0.00242651 0)
(-0.0300817 0.000898515 0)
(-0.0300306 -0.0010062 0)
(-0.0288233 -0.003254 0)
(-0.0262872 -0.00570946 0)
(-0.0223531 -0.00810218 0)
(-0.0171445 -0.0099843 0)
(-0.0110628 -0.0106947 0)
(-0.00497149 -0.00931074 0)
(-0.00103567 -0.00462118 0)
(-0.000699119 0.0042766 0)
(-0.00311074 0.00801762 0)
(-0.00672358 0.00936757 0)
(-0.0105161 0.00966677 0)
(-0.0142651 0.00955741 0)
(-0.0179156 0.00925122 0)
(-0.0214125 0.00877083 0)
(-0.0246925 0.00807118 0)
(-0.0276739 0.00707988 0)
(-0.0302459 0.00570946 0)
(-0.0322608 0.00386682 0)
(-0.0335279 0.00146995 0)
(-0.0338102 -0.00152631 0)
(-0.0328212 -0.00510233 0)
(-0.030279 -0.00906123 0)
(-0.0260036 -0.0129812 0)
(-0.0200513 -0.0161163 0)
(-0.0128812 -0.0173364 0)
(-0.00562222 -0.0151056 0)
(-0.00108757 -0.00749531 0)
(-0.000715603 0.00608757 0)
(-0.00322324 0.0112841 0)
(-0.00700318 0.0131241 0)
(-0.010974 0.0135196 0)
(-0.0149128 0.0133615 0)
(-0.0187789 0.0129424 0)
(-0.0225332 0.0122975 0)
(-0.0261299 0.0113694 0)
(-0.0295052 0.0100611 0)
(-0.032562 0.00824883 0)
(-0.0351544 0.00579121 0)
(-0.0370717 0.00254971 0)
(-0.0380336 -0.00157726 0)
(-0.0376351 -0.00664258 0)
(-0.0354026 -0.0124148 0)
(-0.0309431 -0.0183199 0)
(-0.0241335 -0.0232081 0)
(-0.0154527 -0.0252351 0)
(-0.00644843 -0.0219381 0)
(-0.00108758 -0.0106176 0)
(-0.000721031 0.00794 0)
(-0.00329286 0.0146624 0)
(-0.00720191 0.0170224 0)
(-0.0113206 0.0175327 0)
(-0.0154292 0.017353 0)
(-0.019506 0.0168654 0)
(-0.0235351 0.0161213 0)
(-0.0274987 0.0150533 0)
(-0.0313634 0.0135387 0)
(-0.0350614 0.0114109 0)
(-0.0384633 0.00846205 0)
(-0.0413478 0.00445651 0)
(-0.043414 -0.000835854 0)
(-0.0441037 -0.00751017 0)
(-0.0426559 -0.015508 0)
(-0.0383178 -0.0241171 0)
(-0.0305507 -0.0316537 0)
(-0.0196554 -0.0351298 0)
(-0.00774154 -0.0304649 0)
(-0.00100867 -0.0140645 0)
(-0.000723034 0.00982198 0)
(-0.00335223 0.0181383 0)
(-0.00738428 0.0210516 0)
(-0.0116453 0.0216999 0)
(-0.0159192 0.0215333 0)
(-0.0202075 0.0210347 0)
(-0.0245248 0.0202785 0)
(-0.0288921 0.0191931 0)
(-0.0333239 0.0176339 0)
(-0.0378064 0.0153893 0)
(-0.0422663 0.0121722 0)
(-0.0465258 0.00761635 0)
(-0.0501976 0.00131117 0)
(-0.0526906 -0.0070548 0)
(-0.052973 -0.0177332 0)
(-0.0495922 -0.0300618 0)
(-0.0411572 -0.0418082 0)
(-0.027179 -0.0481803 0)
(-0.0102487 -0.0419005 0)
(-0.000837496 -0.0180331 0)
(-0.000723114 0.0117301 0)
(-0.00340895 0.0217104 0)
(-0.00756395 0.0252084 0)
(-0.01196 0.0260146 0)
(-0.016384 0.0258946 0)
(-0.0208634 0.0254461 0)
(-0.0254499 0.0247778 0)
(-0.0302156 0.0238252 0)
(-0.0352424 0.0224338 0)
(-0.0406041 0.0203568 0)
(-0.046332 0.0172294 0)
(-0.0523499 0.0125428 0)
(-0.0583716 0.00564477 0)
(-0.0638683 -0.00425444 0)
(-0.0675488 -0.0177824 0)
(-0.0670731 -0.0350133 0)
(-0.059282 -0.0535496 0)
(-0.0414687 -0.0659951 0)
(-0.0162297 -0.0586263 0)
(-0.000816968 -0.0233723 0)
(-0.000722471 0.0136632 0)
(-0.00346648 0.0253802 0)
(-0.00774309 0.0294871 0)
(-0.0122566 0.0304587 0)
(-0.0167935 0.0304067 0)
(-0.0214092 0.0300614 0)
(-0.0261973 0.0295813 0)
(-0.03129 0.0289275 0)
(-0.0368569 0.0279593 0)
(-0.0430961 0.0264237 0)
(-0.0502134 0.0239094 0)
(-0.0583724 0.0197868 0)
(-0.0676195 0.0131401 0)
(-0.0776912 0.00269016 0)
(-0.0874999 -0.0131723 0)
(-0.0935755 -0.0362487 0)
(-0.089106 -0.065393 0)
(-0.0672562 -0.0899969 0)
(-0.0308045 -0.0848949 0)
(-0.00205909 -0.0327868 0)
(-0.000725316 0.015624 0)
(-0.00353564 0.0291513 0)
(-0.00793339 0.0338755 0)
(-0.0125354 0.0349966 0)
(-0.0171232 0.0350089 0)
(-0.0217793 0.0347967 0)
(-0.0266398 0.0345868 0)
(-0.0319008 0.0343916 0)
(-0.0378303 0.0341215 0)
(-0.0447814 0.0335726 0)
(-0.0532039 0.0323671 0)
(-0.06365 0.0298714 0)
(-0.0767794 0.0250721 0)
(-0.0932428 0.0161849 0)
(-0.112539 -0.00034641 0)
(-0.129167 -0.0299169 0)
(-0.130273 -0.0751904 0)
(-0.10537 -0.121429 0)
(-0.0601188 -0.126251 0)
(-0.00720823 -0.0514599 0)
(-0.000741888 0.0176269 0)
(-0.00364369 0.0330369 0)
(-0.00817103 0.0383588 0)
(-0.0128252 0.0395749 0)
(-0.0173769 0.0396069 0)
(-0.0219345 0.0395154 0)
(-0.0266714 0.0396143 0)
(-0.0318387 0.0399953 0)
(-0.0377944 0.0406691 0)
(-0.0450482 0.0415646 0)
(-0.0543213 0.0424782 0)
(-0.0666331 0.0429965 0)
(-0.083523 0.0422964 0)
(-0.107029 0.0380018 0)
(-0.136937 0.0230495 0)
(-0.163916 -0.0154558 0)
(-0.168905 -0.0849037 0)
(-0.144608 -0.16203 0)
(-0.100363 -0.185121 0)
(-0.0183304 -0.0879271 0)
(-0.000792598 0.0197118 0)
(-0.00384492 0.037074 0)
(-0.00853194 0.0429278 0)
(-0.0132003 0.0441266 0)
(-0.0176081 0.0440748 0)
(-0.0218901 0.0440285 0)
(-0.0262459 0.0444006 0)
(-0.0309559 0.0453845 0)
(-0.0364268 0.047138 0)
(-0.0432674 0.0498182 0)
(-0.0523888 0.0535676 0)
(-0.065107 0.0584317 0)
(-0.0835254 0.0638476 0)
(-0.110816 0.0660497 0)
(-0.146537 0.0522212 0)
(-0.176208 0.00103682 0)
(-0.180136 -0.0971957 0)
(-0.162201 -0.206262 0)
(-0.129265 -0.257671 0)
(-0.0301111 -0.161077 0)
(-0.000914627 0.021966 0)
(-0.00423508 0.0413358 0)
(-0.00915061 0.0475772 0)
(-0.0138002 0.0485672 0)
(-0.0179394 0.0482569 0)
(-0.0217417 0.0481036 0)
(-0.0254202 0.0486132 0)
(-0.0292426 0.050083 0)
(-0.0335838 0.0528394 0)
(-0.0390142 0.0573234 0)
(-0.0463943 0.0641222 0)
(-0.0568746 0.0737681 0)
(-0.0722173 0.085473 0)
(-0.0955278 0.0929428 0)
(-0.12602 0.0780078 0)
(-0.149637 0.0159226 0)
(-0.150709 -0.101093 0)
(-0.141992 -0.235132 0)
(-0.128037 -0.329407 0)
(-0.0309807 -0.27258 0)
(-0.00117815 0.0245789 0)
(-0.00498292 0.0460233 0)
(-0.0102431 0.0524028 0)
(-0.0148375 0.0528561 0)
(-0.0185672 0.0520036 0)
(-0.0216782 0.0514979 0)
(-0.024388 0.0518938 0)
(-0.0269013 0.0535518 0)
(-0.0294599 0.0569286 0)
(-0.0324076 0.0626985 0)
(-0.0362334 0.071788 0)
(-0.0414404 0.0849602 0)
(-0.0486934 0.100777 0)
(-0.0604619 0.110855 0)
(-0.0770393 0.0948793 0)
(-0.089991 0.0299225 0)
(-0.090448 -0.0880639 0)
(-0.0919251 -0.2329 0)
(-0.10268 -0.36809 0)
(-0.017477 -0.368911 0)
(-0.0016951 0.0277923 0)
(-0.0063537 0.0511404 0)
(-0.0121819 0.0570611 0)
(-0.0166839 0.0566245 0)
(-0.0198075 0.055005 0)
(-0.0219981 0.0539167 0)
(-0.0234944 0.0538944 0)
(-0.0243909 0.0552973 0)
(-0.0247129 0.0586226 0)
(-0.0244477 0.0646285 0)
(-0.0235458 0.0743301 0)
(-0.0218071 0.0884551 0)
(-0.0188316 0.10504 0)
(-0.0165342 0.115707 0)
(-0.0168697 0.101171 0)
(-0.0182377 0.0401407 0)
(-0.0207275 -0.0673047 0)
(-0.0299728 -0.206493 0)
(-0.0696521 -0.372636 0)
(0.00128281 -0.427345 0)
(-0.00272479 0.0322001 0)
(-0.00876813 0.0582132 0)
(-0.015292 0.0633711 0)
(-0.0195125 0.0608672 0)
(-0.0218252 0.0576227 0)
(-0.0229434 0.0554285 0)
(-0.0231182 0.0545347 0)
(-0.0223089 0.0551071 0)
(-0.0202951 0.0575261 0)
(-0.0166921 0.062442 0)
(-0.0109551 0.0707106 0)
(-0.00255168 0.0827163 0)
(0.00975426 0.0973242 0)
(0.0248043 0.107148 0)
(0.0378174 0.0961298 0)
(0.0461826 0.04376 0)
(0.0404266 -0.0472927 0)
(0.0280352 -0.171034 0)
(-0.0391049 -0.364965 0)
(0.0214837 -0.465704 0)
(-0.0045216 0.0416598 0)
(-0.0143795 0.0644453 0)
(-0.0217907 0.0642502 0)
(-0.0246688 0.0605963 0)
(-0.0252365 0.0571538 0)
(-0.024884 0.0546178 0)
(-0.0236832 0.0530826 0)
(-0.0212705 0.0526197 0)
(-0.0171578 0.0535169 0)
(-0.0107155 0.056227 0)
(-0.00129079 0.061305 0)
(0.0124078 0.069145 0)
(0.0313407 0.0792859 0)
(0.0540962 0.0863483 0)
(0.074789 0.0795697 0)
(0.0895275 0.0424467 0)
(0.0825679 -0.0279162 0)
(0.0679071 -0.14059 0)
(-0.0123846 -0.350037 0)
(0.0476503 -0.480034 0)
(-0.00292307 0.0374061 0)
(-0.0128124 0.081673 0)
(-0.0257416 0.0810001 0)
(-0.0305161 0.0701322 0)
(-0.0309247 0.0622419 0)
(-0.0292617 0.0570297 0)
(-0.0256688 0.0532204 0)
(-0.0201448 0.0503488 0)
(-0.012599 0.0485437 0)
(-0.00271359 0.0478623 0)
(0.0099966 0.04883 0)
(0.0267516 0.0516378 0)
(0.0475463 0.0561987 0)
(0.0722512 0.0587949 0)
(0.0939988 0.0546381 0)
(0.113989 0.0305881 0)
(0.106062 -0.0178013 0)
(0.0964234 -0.119751 0)
(0.0296368 -0.318834 0)
(0.0891309 -0.453346 0)
(-0.0976352 0.0971455 0)
(-0.0744904 0.0763201 0)
(-0.0643518 0.0573322 0)
(-0.0423499 0.0494291 0)
(-0.0221443 0.043898 0)
(-0.00223799 0.0393811 0)
(0.0167052 0.0356547 0)
(0.0360216 0.032494 0)
(0.0540124 0.0302683 0)
(0.0737131 0.0284198 0)
(0.0914844 0.0277549 0)
(0.113557 0.0276115 0)
(0.131169 0.028787 0)
(0.157617 0.029664 0)
(0.168164 0.0275668 0)
(0.197985 0.0161636 0)
(0.184122 -0.0159321 0)
(0.196675 -0.0891567 0)
(0.143421 -0.230836 0)
(0.169146 -0.343121 0)
(0.135634 0.109833 0)
(0.171934 0.0874624 0)
(0.232033 0.0657437 0)
(0.287286 0.0516087 0)
(0.329646 0.0423864 0)
(0.366878 0.0354962 0)
(0.395333 0.030316 0)
(0.42517 0.0259128 0)
(0.445973 0.0226873 0)
(0.473034 0.0196744 0)
(0.487948 0.0178135 0)
(0.515312 0.0156901 0)
(0.524874 0.0150509 0)
(0.554085 0.0133369 0)
(0.554974 0.013397 0)
(0.580397 0.00947624 0)
(0.555687 0.00432043 0)
(0.549041 -0.0160354 0)
(0.44399 -0.0473382 0)
(0.340557 -0.0993442 0)
)
;

boundaryField
{
    movingWall
    {
        type            fixedValue;
        value           uniform (1 0 0);
    }
    fixedWalls
    {
        type            noSlip;
    }
    frontAndBack
    {
        type            empty;
    }
}


// ************************************************************************* //
