/*--------------------------------*- C++ -*----------------------------------*\
| =========                 |                                                 |
| \\      /  F ield         | OpenFOAM: The Open Source CFD Toolbox           |
|  \\    /   O peration     | Version:  2212                                  |
|   \\  /    A nd           | Website:  www.openfoam.com                      |
|    \\/     M anipulation  |                                                 |
\*---------------------------------------------------------------------------*/
FoamFile
{
    version     2.0;
    format      ascii;
    arch        "LSB;label=32;scalar=64";
    class       surfaceScalarField;
    location    "4.865";
    object      phi;
}
// * * * * * * * * * * * * * * * * * * * * * * * * * * * * * * * * * * * * * //

dimensions      [0 3 -1 0 0 0 0];

oriented        oriented;

internalField   nonuniform List<scalar> 
760
(
1.55095e-07
-1.55129e-07
2.91494e-07
-1.36398e-07
3.07341e-07
-1.58478e-08
1.81077e-07
1.26265e-07
-1.22237e-07
3.03314e-07
-6.66146e-07
5.43909e-07
-1.48254e-06
8.16394e-07
-2.48472e-06
1.00218e-06
-3.47164e-06
9.86916e-07
-4.21085e-06
7.39214e-07
-4.53548e-06
3.24631e-07
-4.34824e-06
-1.87245e-07
-3.59262e-06
-7.55622e-07
-2.3824e-06
-1.21022e-06
-9.47205e-07
-1.4352e-06
3.38654e-07
-1.28586e-06
1.08218e-06
-7.43529e-07
1.02867e-06
5.3508e-08
4.595e-07
5.69174e-07
4.595e-07
1.23341e-07
-2.7847e-07
7.15293e-08
-8.45867e-08
-2.99834e-07
3.55515e-07
-1.07954e-06
9.05974e-07
-2.31234e-06
1.53611e-06
-3.91813e-06
2.1497e-06
-5.64758e-06
2.54585e-06
-7.18855e-06
2.54315e-06
-8.31676e-06
2.11513e-06
-8.92234e-06
1.3448e-06
-8.95818e-06
3.60473e-07
-8.40157e-06
-7.4386e-07
-7.28369e-06
-1.8735e-06
-5.63746e-06
-2.85644e-06
-3.60647e-06
-3.4662e-06
-1.49479e-06
-3.39754e-06
1.72008e-07
-2.41032e-06
8.53945e-07
-6.28428e-07
5.23756e-07
8.99365e-07
9.83255e-07
-1.28884e-07
-1.49586e-07
-6.35049e-07
4.21579e-07
-1.62342e-06
1.34388e-06
-3.13467e-06
2.41722e-06
-5.04379e-06
3.44523e-06
-7.05294e-06
4.15886e-06
-8.84789e-06
4.34079e-06
-1.02487e-05
3.94391e-06
-1.12034e-05
3.06985e-06
-1.17044e-05
1.84578e-06
-1.17001e-05
3.56248e-07
-1.12438e-05
-1.20015e-06
-1.03153e-05
-2.80209e-06
-8.86002e-06
-4.31167e-06
-6.85805e-06
-5.46816e-06
-4.39809e-06
-5.85749e-06
-1.87879e-06
-4.92962e-06
-8.88136e-08
-2.41841e-06
2.9371e-07
5.16842e-07
1.27696e-06
-4.99939e-07
3.50353e-07
-1.55682e-06
1.47846e-06
-3.11095e-06
2.89802e-06
-5.06554e-06
4.37181e-06
-7.1619e-06
5.54159e-06
-9.09355e-06
6.0905e-06
-1.06586e-05
5.90585e-06
-1.18143e-05
5.09959e-06
-1.25885e-05
3.84411e-06
-1.30162e-05
2.27344e-06
-1.30825e-05
4.22496e-07
-1.28452e-05
-1.43739e-06
-1.22662e-05
-3.38108e-06
-1.12436e-05
-5.33435e-06
-9.64614e-06
-7.06558e-06
-7.34924e-06
-8.15439e-06
-4.39115e-06
-7.88771e-06
-1.37755e-06
-5.43201e-06
1.19725e-07
-9.80436e-07
1.39669e-06
-8.59232e-07
1.20959e-06
-2.35374e-06
2.97297e-06
-4.21766e-06
4.76194e-06
-6.2572e-06
6.41135e-06
-8.1926e-06
7.47699e-06
-9.80175e-06
7.69966e-06
-1.10077e-05
7.11179e-06
-1.18367e-05
5.9286e-06
-1.23507e-05
4.3581e-06
-1.26226e-05
2.54536e-06
-1.27432e-05
5.43102e-07
-1.26998e-05
-1.48083e-06
-1.2483e-05
-3.59785e-06
-1.20135e-05
-5.80383e-06
-1.11047e-05
-7.97437e-06
-9.46866e-06
-9.79046e-06
-6.80643e-06
-1.05499e-05
-3.21688e-06
-9.02157e-06
-2.61869e-07
-3.93544e-06
1.13482e-06
-1.08241e-06
2.29199e-06
-2.77314e-06
4.6637e-06
-4.65926e-06
6.64806e-06
-6.50997e-06
8.26206e-06
-8.10178e-06
9.06879e-06
-9.3036e-06
8.90148e-06
-1.01109e-05
7.9191e-06
-1.05886e-05
6.40628e-06
-1.08271e-05
4.59662e-06
-1.09267e-05
2.64496e-06
-1.10091e-05
6.25452e-07
-1.10617e-05
-1.42814e-06
-1.11002e-05
-3.55936e-06
-1.10949e-05
-5.80911e-06
-1.08916e-05
-8.1777e-06
-1.01626e-05
-1.05194e-05
-8.41414e-06
-1.22984e-05
-5.23157e-06
-1.22041e-05
-1.15665e-06
-8.01036e-06
-2.18263e-08
-1.10545e-06
3.39745e-06
-2.74629e-06
6.30453e-06
-4.43706e-06
8.33883e-06
-5.96656e-06
9.79156e-06
-7.17502e-06
1.02773e-05
-7.99967e-06
9.72614e-06
-8.47766e-06
8.39708e-06
-8.69581e-06
6.62444e-06
-8.75801e-06
4.65881e-06
-8.76194e-06
2.64889e-06
-8.79092e-06
6.54439e-07
-8.864e-06
-1.35506e-06
-9.00088e-06
-3.42249e-06
-9.2126e-06
-5.59739e-06
-9.44169e-06
-7.94861e-06
-9.45574e-06
-1.05054e-05
-8.73527e-06
-1.30189e-05
-6.52373e-06
-1.44157e-05
-2.41798e-06
-1.21161e-05
-2.43981e-06
-9.31004e-07
4.32845e-06
-2.33659e-06
7.71011e-06
-3.71826e-06
9.7205e-06
-4.89265e-06
1.0966e-05
-5.75877e-06
1.11434e-05
-6.29923e-06
1.02666e-05
-6.57069e-06
8.66854e-06
-6.6641e-06
6.71784e-06
-6.67606e-06
4.67077e-06
-6.68039e-06
2.65322e-06
-6.71369e-06
6.87734e-07
-6.79335e-06
-1.2754e-06
-6.94055e-06
-3.27528e-06
-7.18572e-06
-5.35222e-06
-7.5453e-06
-7.58903e-06
-7.92704e-06
-1.01237e-05
-7.91977e-06
-1.30262e-05
-6.70582e-06
-1.56296e-05
-3.57853e-06
-1.52434e-05
-6.01834e-06
-6.21615e-07
4.95007e-06
-1.67973e-06
8.76823e-06
-2.70895e-06
1.07497e-05
-3.54453e-06
1.18015e-05
-4.13072e-06
1.17296e-05
-4.47724e-06
1.06131e-05
-4.64262e-06
8.83393e-06
-4.70539e-06
6.78062e-06
-4.73837e-06
4.70375e-06
-4.78583e-06
2.70067e-06
-4.85826e-06
7.60167e-07
-4.96238e-06
-1.17129e-06
-5.10827e-06
-3.12939e-06
-5.32472e-06
-5.13577e-06
-5.66665e-06
-7.24709e-06
-6.14668e-06
-9.64364e-06
-6.54486e-06
-1.2628e-05
-6.11929e-06
-1.60552e-05
-3.91753e-06
-1.74452e-05
-9.93587e-06
-2.30891e-07
5.18096e-06
-8.88794e-07
9.42613e-06
-1.55785e-06
1.14188e-05
-2.08509e-06
1.23288e-05
-2.44255e-06
1.2087e-05
-2.65427e-06
1.08248e-05
-2.76834e-06
8.948e-06
-2.83817e-06
6.85044e-06
-2.90882e-06
4.7744e-06
-3.00266e-06
2.79451e-06
-3.12257e-06
8.80083e-07
-3.26838e-06
-1.02548e-06
-3.44043e-06
-2.95734e-06
-3.65122e-06
-4.92498e-06
-3.95196e-06
-6.94635e-06
-4.42448e-06
-9.17111e-06
-5.0146e-06
-1.20379e-05
-5.11844e-06
-1.59514e-05
-3.55488e-06
-1.90087e-05
-1.34908e-05
1.63475e-07
5.01748e-06
-6.89078e-08
9.65851e-06
-4.00503e-07
1.17504e-05
-6.50237e-07
1.25785e-05
-8.03816e-07
1.22406e-05
-8.92261e-07
1.09133e-05
-9.55074e-07
9.01081e-06
-1.02428e-06
6.91965e-06
-1.11662e-06
4.86674e-06
-1.23988e-06
2.91776e-06
-1.39644e-06
1.03665e-06
-1.58851e-06
-8.33416e-07
-1.81486e-06
-2.73099e-06
-2.07369e-06
-4.66615e-06
-2.39303e-06
-6.62701e-06
-2.8656e-06
-8.69855e-06
-3.55477e-06
-1.13487e-05
-4.02287e-06
-1.54833e-05
-3.02414e-06
-2.00074e-05
-1.65149e-05
4.99628e-07
4.51786e-06
6.97191e-07
9.46095e-06
7.4041e-07
1.17072e-05
7.76211e-07
1.25427e-05
8.21474e-07
1.21953e-05
8.50687e-07
1.08841e-05
8.43937e-07
9.01756e-06
7.92897e-07
6.97069e-06
6.98869e-07
4.96077e-06
5.63786e-07
3.05285e-06
3.82836e-07
1.2176e-06
1.4979e-07
-6.00371e-07
-1.37276e-07
-2.44392e-06
-4.8503e-07
-4.3184e-06
-8.98143e-07
-6.2139e-06
-1.42182e-06
-8.17487e-06
-2.20329e-06
-1.05672e-05
-2.95481e-06
-1.47317e-05
-2.46143e-06
-2.05008e-05
-1.89763e-05
7.54412e-07
3.76344e-06
1.35099e-06
8.86438e-06
1.74322e-06
1.13149e-05
2.07241e-06
1.22135e-05
2.34545e-06
1.19223e-05
2.53184e-06
1.06977e-05
2.62309e-06
8.92631e-06
2.62993e-06
6.96385e-06
2.56674e-06
5.02396e-06
2.44084e-06
3.17874e-06
2.2453e-06
1.41314e-06
1.96613e-06
-3.21199e-07
1.60314e-06
-2.08093e-06
1.15131e-06
-3.86657e-06
6.05809e-07
-5.6684e-06
-8.57037e-08
-7.48336e-06
-9.59714e-07
-9.69321e-06
-1.92293e-06
-1.37685e-05
-1.92701e-06
-2.04967e-05
-2.09033e-05
8.68629e-07
2.89481e-06
1.80632e-06
7.92669e-06
2.54701e-06
1.05742e-05
3.18731e-06
1.15732e-05
3.73449e-06
1.13751e-05
4.14502e-06
1.02872e-05
4.40272e-06
8.66861e-06
4.52159e-06
6.84497e-06
4.52506e-06
5.0205e-06
4.42881e-06
3.27499e-06
4.23121e-06
1.61074e-06
3.90211e-06
7.90183e-09
3.45842e-06
-1.63724e-06
2.87623e-06
-3.28438e-06
2.15584e-06
-4.94801e-06
1.31499e-06
-6.64251e-06
2.62162e-07
-8.64038e-06
-9.63031e-07
-1.25433e-05
-1.42953e-06
-2.00302e-05
-2.23329e-05
8.04526e-07
2.09029e-06
1.94999e-06
6.78122e-06
2.99124e-06
9.53299e-06
3.96367e-06
1.06008e-05
4.84003e-06
1.04988e-05
5.55407e-06
9.57312e-06
6.06643e-06
8.15625e-06
6.38011e-06
6.53129e-06
6.51645e-06
4.88416e-06
6.4942e-06
3.29725e-06
6.31251e-06
1.79243e-06
5.96723e-06
3.53175e-07
5.4283e-06
-1.09831e-06
4.70096e-06
-2.55704e-06
3.77721e-06
-4.02426e-06
2.68549e-06
-5.55079e-06
1.38427e-06
-7.33916e-06
-1.57959e-07
-1.10011e-05
-9.15738e-07
-1.92724e-05
-2.32486e-05
5.76233e-07
1.51406e-06
1.75589e-06
5.60157e-06
3.0927e-06
8.19617e-06
4.4425e-06
9.25099e-06
5.70787e-06
9.23338e-06
6.79013e-06
8.49086e-06
7.62376e-06
7.32262e-06
8.19611e-06
5.95894e-06
8.51993e-06
4.56034e-06
8.61258e-06
3.20459e-06
8.48114e-06
1.92387e-06
8.12327e-06
7.11039e-07
7.49534e-06
-4.70374e-07
6.6141e-06
-1.67579e-06
5.4666e-06
-2.87677e-06
4.09371e-06
-4.1779e-06
2.56611e-06
-5.81156e-06
9.52797e-07
-9.3878e-06
-1.46375e-07
-1.81733e-05
-2.3395e-05
1.51384e-07
1.36267e-06
1.03728e-06
4.71567e-06
2.51291e-06
6.72054e-06
4.23352e-06
7.53038e-06
5.95436e-06
7.51254e-06
7.48799e-06
6.95723e-06
8.7317e-06
6.07891e-06
9.65582e-06
5.03481e-06
1.02557e-05
3.96051e-06
1.05433e-05
2.91697e-06
1.05249e-05
1.94225e-06
1.02064e-05
1.02951e-06
9.54372e-06
1.92348e-07
8.55587e-06
-6.87949e-07
7.23472e-06
-1.55562e-06
5.63128e-06
-2.57446e-06
3.90509e-06
-4.08537e-06
2.23675e-06
-7.71946e-06
6.5161e-07
-1.65881e-05
-2.27434e-05
-5.16779e-07
1.87945e-06
1.99921e-07
3.99897e-06
1.754e-06
5.16646e-06
3.81606e-06
5.46833e-06
5.97021e-06
5.35838e-06
7.93042e-06
4.99702e-06
9.56017e-06
4.44916e-06
1.08182e-05
3.77678e-06
1.16872e-05
3.09155e-06
1.21838e-05
2.42032e-06
1.23122e-05
1.81385e-06
1.20925e-05
1.24921e-06
1.15474e-05
7.3742e-07
1.06496e-05
2.09899e-07
9.40314e-06
-3.09185e-07
7.8793e-06
-1.05061e-06
6.26376e-06
-2.46983e-06
4.45469e-06
-5.91038e-06
2.05476e-06
-1.41882e-05
-2.06886e-05
-4.17884e-06
6.05829e-06
-3.64191e-06
3.46204e-06
-1.24791e-06
2.77246e-06
1.54922e-06
2.67121e-06
4.28741e-06
2.6202e-06
6.82066e-06
2.46376e-06
9.03619e-06
2.23364e-06
1.0874e-05
1.93892e-06
1.23162e-05
1.64939e-06
1.33899e-05
1.34666e-06
1.41123e-05
1.09147e-06
1.4528e-05
8.33496e-07
1.46252e-05
6.40196e-07
1.44137e-05
4.21404e-07
1.38864e-05
2.1806e-07
1.30589e-05
-2.2305e-07
1.19203e-05
-1.33121e-06
1.01114e-05
-4.10151e-06
5.63746e-06
-9.71426e-06
-1.50512e-05
6.05829e-06
9.52033e-06
1.22928e-05
1.4964e-05
1.75842e-05
2.0048e-05
2.22816e-05
2.42205e-05
2.58699e-05
2.72166e-05
2.8308e-05
2.91415e-05
2.97817e-05
3.02031e-05
3.04212e-05
3.01981e-05
2.88669e-05
2.47654e-05
1.50512e-05
)
;

boundaryField
{
    movingWall
    {
        type            calculated;
        value           uniform 0;
    }
    fixedWalls
    {
        type            calculated;
        value           uniform 0;
    }
    frontAndBack
    {
        type            empty;
        value           nonuniform List<scalar> 0();
    }
}


// ************************************************************************* //
