/*--------------------------------*- C++ -*----------------------------------*\
| =========                 |                                                 |
| \\      /  F ield         | OpenFOAM: The Open Source CFD Toolbox           |
|  \\    /   O peration     | Version:  2212                                  |
|   \\  /    A nd           | Website:  www.openfoam.com                      |
|    \\/     M anipulation  |                                                 |
\*---------------------------------------------------------------------------*/
FoamFile
{
    version     2.0;
    format      ascii;
    arch        "LSB;label=32;scalar=64";
    class       volVectorField;
    location    "1.375";
    object      U;
}
// * * * * * * * * * * * * * * * * * * * * * * * * * * * * * * * * * * * * * //

dimensions      [0 1 -1 0 0 0 0];

internalField   nonuniform List<vector> 
400
(
(0.000474804 -0.000586974 0)
(0.000735465 -0.000364931 0)
(-8.08255e-05 -0.000106374 0)
(-0.00173825 0.000166532 0)
(-0.00460037 0.000628011 0)
(-0.00928153 0.00138425 0)
(-0.0163374 0.00248465 0)
(-0.0259077 0.00382771 0)
(-0.0372209 0.00498872 0)
(-0.0482813 0.00524185 0)
(-0.0563252 0.00398918 0)
(-0.0588717 0.00134537 0)
(-0.0544129 -0.00180631 0)
(-0.0426131 -0.00488859 0)
(-0.0259785 -0.00667543 0)
(-0.00755225 -0.00615871 0)
(0.00706917 -0.0035439 0)
(0.0128097 0.000916077 0)
(0.00920065 0.00342942 0)
(0.0027007 0.00268966 0)
(-0.00027193 -0.000609031 0)
(-0.00252665 0.00119704 0)
(-0.00750156 0.00287998 0)
(-0.0146864 0.00485836 0)
(-0.0249066 0.00777206 0)
(-0.0391394 0.0117123 0)
(-0.0575223 0.0161367 0)
(-0.0785824 0.0197002 0)
(-0.0990959 0.020473 0)
(-0.115145 0.0169453 0)
(-0.123626 0.00911162 0)
(-0.122938 -0.00145499 0)
(-0.113143 -0.0127159 0)
(-0.0942944 -0.0228067 0)
(-0.0685742 -0.0287167 0)
(-0.0387008 -0.0275851 0)
(-0.00971782 -0.0183093 0)
(0.00938235 -0.00297511 0)
(0.01107 0.00888823 0)
(0.00381565 0.00896364 0)
(-0.00147732 0.00209112 0)
(-0.00729336 0.00746447 0)
(-0.0174101 0.0119426 0)
(-0.0306447 0.0173327 0)
(-0.048066 0.0246371 0)
(-0.0703936 0.0331365 0)
(-0.0966046 0.040631 0)
(-0.123659 0.0440675 0)
(-0.147501 0.0407917 0)
(-0.164719 0.0300423 0)
(-0.173385 0.0133285 0)
(-0.172994 -0.00679894 0)
(-0.163872 -0.0279402 0)
(-0.145802 -0.0470505 0)
(-0.11914 -0.0599596 0)
(-0.0846924 -0.0615871 0)
(-0.0453571 -0.0473952 0)
(-0.00898098 -0.0185332 0)
(0.0072416 0.00932759 0)
(0.00363823 0.0152483 0)
(-0.00278109 0.00787481 0)
(-0.0122248 0.0183989 0)
(-0.027249 0.0263685 0)
(-0.0458792 0.0358923 0)
(-0.0692274 0.0480195 0)
(-0.0975006 0.0606096 0)
(-0.128599 0.0695237 0)
(-0.158609 0.0704326 0)
(-0.18356 0.0611015 0)
(-0.201049 0.042522 0)
(-0.210333 0.0174341 0)
(-0.211726 -0.0116284 0)
(-0.205761 -0.0422412 0)
(-0.191985 -0.0711484 0)
(-0.169183 -0.0938722 0)
(-0.135859 -0.103675 0)
(-0.0915349 -0.0919717 0)
(-0.0399872 -0.0529062 0)
(0.000102493 -0.00126157 0)
(0.00423677 0.0193817 0)
(-0.00384974 0.0164329 0)
(-0.0162948 0.0334326 0)
(-0.0352206 0.0453187 0)
(-0.0578663 0.0592502 0)
(-0.0852553 0.0759461 0)
(-0.116936 0.0913507 0)
(-0.149707 0.0994763 0)
(-0.178974 0.0957282 0)
(-0.201341 0.0795306 0)
(-0.21598 0.0538053 0)
(-0.223686 0.0217937 0)
(-0.225738 -0.0143322 0)
(-0.223082 -0.052464 0)
(-0.215237 -0.0900572 0)
(-0.200573 -0.123696 0)
(-0.175487 -0.146554 0)
(-0.135995 -0.146905 0)
(-0.0798395 -0.109333 0)
(-0.0149174 -0.0308662 0)
(0.00588667 0.019581 0)
(-0.00440829 0.0269834 0)
(-0.0186876 0.0513681 0)
(-0.0398933 0.067313 0)
(-0.0644824 0.0853933 0)
(-0.0931482 0.105641 0)
(-0.124617 0.121982 0)
(-0.154776 0.127302 0)
(-0.179046 0.117867 0)
(-0.195358 0.0951752 0)
(-0.204645 0.0636444 0)
(-0.208979 0.0268694 0)
(-0.210279 -0.012978 0)
(-0.20972 -0.0543727 0)
(-0.207329 -0.0965736 0)
(-0.20227 -0.138474 0)
(-0.189926 -0.175518 0)
(-0.163583 -0.195659 0)
(-0.116195 -0.176087 0)
(-0.0460701 -0.0910486 0)
(0.00451104 0.0109642 0)
(-0.00425206 0.0383129 0)
(-0.0187933 0.0705245 0)
(-0.0401958 0.0902796 0)
(-0.0641664 0.111586 0)
(-0.0909814 0.133782 0)
(-0.118833 0.149194 0)
(-0.143378 0.150399 0)
(-0.160817 0.135006 0)
(-0.170612 0.106415 0)
(-0.174869 0.0702367 0)
(-0.175954 0.0305161 0)
(-0.175622 -0.0103565 0)
(-0.175122 -0.0513769 0)
(-0.17548 -0.0933228 0)
(-0.177218 -0.137448 0)
(-0.176804 -0.183536 0)
(-0.166439 -0.223478 0)
(-0.136423 -0.23298 0)
(-0.0811015 -0.168714 0)
(-0.00525215 -0.0119984 0)
(-0.00332339 0.0489576 0)
(-0.0164213 0.0889812 0)
(-0.0359002 0.112014 0)
(-0.0569134 0.135279 0)
(-0.0794692 0.157826 0)
(-0.101766 0.171042 0)
(-0.119944 0.167728 0)
(-0.131389 0.146823 0)
(-0.136791 0.113241 0)
(-0.138616 0.0734167 0)
(-0.13869 0.0315621 0)
(-0.137902 -0.0100044 0)
(-0.13691 -0.0502919 0)
(-0.137152 -0.0898173 0)
(-0.140618 -0.130905 0)
(-0.146589 -0.177856 0)
(-0.14854 -0.229989 0)
(-0.13544 -0.267704 0)
(-0.0995413 -0.237268 0)
(-0.0238105 -0.0589339 0)
(-0.00176201 0.0574614 0)
(-0.0119169 0.104824 0)
(-0.0277489 0.13052 0)
(-0.0441734 0.154495 0)
(-0.0611024 0.176223 0)
(-0.0771863 0.186854 0)
(-0.0895402 0.179631 0)
(-0.096774 0.154538 0)
(-0.100216 0.117437 0)
(-0.102002 0.0751018 0)
(-0.103067 0.031546 0)
(-0.103272 -0.0112408 0)
(-0.102584 -0.0519863 0)
(-0.102063 -0.089867 0)
(-0.104449 -0.126502 0)
(-0.111843 -0.168726 0)
(-0.120828 -0.224343 0)
(-0.119737 -0.283905 0)
(-0.0991776 -0.292286 0)
(-0.0332816 -0.132687 0)
(0.000100088 0.0627124 0)
(-0.00603376 0.116601 0)
(-0.0170546 0.144529 0)
(-0.0279952 0.16833 0)
(-0.0386808 0.188672 0)
(-0.0484661 0.197117 0)
(-0.0556597 0.187369 0)
(-0.0598783 0.159955 0)
(-0.0625121 0.121082 0)
(-0.0649612 0.0775134 0)
(-0.0673366 0.032947 0)
(-0.0689545 -0.0110179 0)
(-0.0695415 -0.0529743 0)
(-0.0694865 -0.0907182 0)
(-0.0710871 -0.123997 0)
(-0.0778609 -0.159527 0)
(-0.0905055 -0.211881 0)
(-0.0976451 -0.28513 0)
(-0.090509 -0.330684 0)
(-0.0298236 -0.208048 0)
(0.00183753 0.0639926 0)
(0.000224407 0.123232 0)
(-0.00537542 0.153123 0)
(-0.0105556 0.17612 0)
(-0.0148719 0.194827 0)
(-0.018353 0.201859 0)
(-0.020528 0.191191 0)
(-0.0218524 0.163403 0)
(-0.0234509 0.124527 0)
(-0.025912 0.0809749 0)
(-0.0288654 0.0361594 0)
(-0.0317238 -0.00847989 0)
(-0.0342626 -0.051443 0)
(-0.0364121 -0.0897643 0)
(-0.0393921 -0.121355 0)
(-0.0462128 -0.151056 0)
(-0.0611887 -0.196742 0)
(-0.0737943 -0.276879 0)
(-0.0788796 -0.354152 0)
(-0.0228285 -0.270121 0)
(0.00314581 0.0615419 0)
(0.00592972 0.124565 0)
(0.00576987 0.156252 0)
(0.0061848 0.178204 0)
(0.00808588 0.195204 0)
(0.0108726 0.201544 0)
(0.0139563 0.191315 0)
(0.0162471 0.164745 0)
(0.0167578 0.127253 0)
(0.0154009 0.0847142 0)
(0.0128324 0.0404268 0)
(0.00913678 -0.00409872 0)
(0.00452314 -0.0467693 0)
(-0.000901076 -0.0847314 0)
(-0.00757103 -0.11532 0)
(-0.0165573 -0.14092 0)
(-0.0345212 -0.179332 0)
(-0.051094 -0.261712 0)
(-0.0678699 -0.36643 0)
(-0.0152834 -0.322267 0)
(0.00369824 0.0562102 0)
(0.0100655 0.120812 0)
(0.0148644 0.153722 0)
(0.0203395 0.174196 0)
(0.0279361 0.189107 0)
(0.0367569 0.194991 0)
(0.0453758 0.186342 0)
(0.0522438 0.162557 0)
(0.0561769 0.127906 0)
(0.0570502 0.087571 0)
(0.0554523 0.0449057 0)
(0.0513863 0.00168416 0)
(0.0450985 -0.0395012 0)
(0.0361628 -0.0759624 0)
(0.0244162 -0.105047 0)
(0.0112613 -0.127384 0)
(-0.0107571 -0.15961 0)
(-0.0293517 -0.24105 0)
(-0.0577553 -0.36892 0)
(-0.00753814 -0.364549 0)
(0.00336613 0.0493345 0)
(0.0119025 0.113086 0)
(0.0207877 0.146833 0)
(0.0305696 0.165752 0)
(0.0429755 0.178057 0)
(0.0572381 0.182906 0)
(0.0713793 0.176015 0)
(0.083379 0.155908 0)
(0.0916606 0.125347 0)
(0.0956931 0.0885793 0)
(0.0957458 0.0490072 0)
(0.0918303 0.00888357 0)
(0.0838866 -0.02923 0)
(0.0717283 -0.06287 0)
(0.0552858 -0.0897203 0)
(0.0368108 -0.10954 0)
(0.00968926 -0.136614 0)
(-0.00824668 -0.216311 0)
(-0.0486597 -0.365873 0)
(0.000746301 -0.40111 0)
(0.0021573 0.0426043 0)
(0.0107733 0.102968 0)
(0.0219992 0.135355 0)
(0.035005 0.15179 0)
(0.0512208 0.161004 0)
(0.0700245 0.164197 0)
(0.0892254 0.158679 0)
(0.106368 0.142607 0)
(0.119383 0.117291 0)
(0.12719 0.0858245 0)
(0.129486 0.0512857 0)
(0.12636 0.0161676 0)
(0.117317 -0.0172094 0)
(0.102747 -0.0465513 0)
(0.0822117 -0.0700424 0)
(0.0591934 -0.0879067 0)
(0.0273874 -0.111063 0)
(0.0125504 -0.189249 0)
(-0.0401031 -0.360711 0)
(0.0105788 -0.434056 0)
(0.000152264 0.0374131 0)
(0.00698331 0.0932128 0)
(0.0191631 0.123575 0)
(0.0344104 0.137121 0)
(0.0533478 0.142626 0)
(0.0752924 0.143158 0)
(0.0981986 0.137779 0)
(0.119471 0.124916 0)
(0.136672 0.104872 0)
(0.148238 0.0795951 0)
(0.153179 0.0515246 0)
(0.151538 0.0229473 0)
(0.142397 -0.00421438 0)
(0.126817 -0.0278864 0)
(0.10365 -0.0469885 0)
(0.0778504 -0.0628237 0)
(0.0431464 -0.0844452 0)
(0.032138 -0.163229 0)
(-0.0310686 -0.356665 0)
(0.0242521 -0.462877 0)
(-0.00301378 0.0392442 0)
(-0.0028479 0.0852526 0)
(0.00722913 0.10603 0)
(0.025129 0.11488 0)
(0.0474233 0.117409 0)
(0.0726051 0.116181 0)
(0.0986332 0.111168 0)
(0.123187 0.101396 0)
(0.143784 0.08682 0)
(0.158678 0.0684725 0)
(0.16633 0.0481708 0)
(0.166674 0.027529 0)
(0.158478 0.00822203 0)
(0.14384 -0.00871837 0)
(0.120071 -0.0226444 0)
(0.0949047 -0.0366473 0)
(0.0601844 -0.0592662 0)
(0.0516088 -0.139845 0)
(-0.0153495 -0.348035 0)
(0.0467134 -0.4775 0)
(-0.00631073 0.0305525 0)
(-0.00807408 0.0868277 0)
(-0.0019847 0.101908 0)
(0.0155163 0.101263 0)
(0.0392843 0.0974273 0)
(0.0659683 0.0928674 0)
(0.0934311 0.0872517 0)
(0.119386 0.079442 0)
(0.141813 0.0694001 0)
(0.159142 0.0572161 0)
(0.169341 0.0443358 0)
(0.173413 0.0313813 0)
(0.168385 0.0199429 0)
(0.15948 0.0096767 0)
(0.139744 0.000864809 0)
(0.123522 -0.0118907 0)
(0.0911593 -0.0383425 0)
(0.0834076 -0.123404 0)
(0.0250922 -0.319646 0)
(0.0877354 -0.450891 0)
(-0.100525 0.0911412 0)
(-0.0745579 0.0740042 0)
(-0.0553189 0.0635671 0)
(-0.0190151 0.059832 0)
(0.0172959 0.0566809 0)
(0.0540112 0.0534054 0)
(0.0889591 0.0499758 0)
(0.122925 0.0456301 0)
(0.151828 0.040833 0)
(0.17923 0.0350462 0)
(0.197604 0.0294234 0)
(0.215852 0.023701 0)
(0.221095 0.0191932 0)
(0.230483 0.0150458 0)
(0.221133 0.0110748 0)
(0.223649 0.00220389 0)
(0.193377 -0.0221854 0)
(0.19508 -0.087123 0)
(0.141823 -0.228291 0)
(0.168872 -0.340721 0)
(0.133415 0.106907 0)
(0.165959 0.0823788 0)
(0.223588 0.0606355 0)
(0.280128 0.0473003 0)
(0.326427 0.0392847 0)
(0.369583 0.0335416 0)
(0.40478 0.0295339 0)
(0.441797 0.025879 0)
(0.469218 0.0232926 0)
(0.501289 0.0203198 0)
(0.519741 0.0184452 0)
(0.546575 0.0157316 0)
(0.554621 0.0146324 0)
(0.576672 0.0121487 0)
(0.572045 0.011747 0)
(0.586667 0.00768323 0)
(0.556593 0.00304887 0)
(0.543859 -0.0158864 0)
(0.438508 -0.0489059 0)
(0.339146 -0.100609 0)
)
;

boundaryField
{
    movingWall
    {
        type            fixedValue;
        value           uniform (1 0 0);
    }
    fixedWalls
    {
        type            noSlip;
    }
    frontAndBack
    {
        type            empty;
    }
}


// ************************************************************************* //
