/*--------------------------------*- C++ -*----------------------------------*\
| =========                 |                                                 |
| \\      /  F ield         | OpenFOAM: The Open Source CFD Toolbox           |
|  \\    /   O peration     | Version:  2212                                  |
|   \\  /    A nd           | Website:  www.openfoam.com                      |
|    \\/     M anipulation  |                                                 |
\*---------------------------------------------------------------------------*/
FoamFile
{
    version     2.0;
    format      ascii;
    arch        "LSB;label=32;scalar=64";
    class       surfaceScalarField;
    location    "2.155";
    object      phi;
}
// * * * * * * * * * * * * * * * * * * * * * * * * * * * * * * * * * * * * * //

dimensions      [0 3 -1 0 0 0 0];

oriented        oriented;

internalField   nonuniform List<scalar> 
760
(
1.09569e-07
-1.09571e-07
1.9406e-07
-8.44901e-08
1.88215e-07
5.84515e-09
6.97454e-08
1.1847e-07
-1.9694e-07
2.66685e-07
-6.62984e-07
4.66045e-07
-1.35708e-06
6.94094e-07
-2.22221e-06
8.65133e-07
-3.0999e-06
8.77688e-07
-3.78599e-06
6.86089e-07
-4.11418e-06
3.28189e-07
-3.98826e-06
-1.25913e-07
-3.33605e-06
-6.52211e-07
-2.2566e-06
-1.07946e-06
-9.58727e-07
-1.29787e-06
2.15533e-07
-1.17426e-06
9.16937e-07
-7.01404e-07
9.04944e-07
1.19932e-08
4.1064e-07
4.94305e-07
4.1064e-07
5.20802e-08
-1.61651e-07
-4.965e-08
1.7241e-08
-3.93357e-07
3.49554e-07
-1.06186e-06
7.86977e-07
-2.10564e-06
1.31046e-06
-3.48452e-06
1.84493e-06
-5.01855e-06
2.22812e-06
-6.44407e-06
2.29065e-06
-7.53412e-06
1.96774e-06
-8.1563e-06
1.30827e-06
-8.25125e-06
4.23139e-07
-7.78227e-06
-5.94893e-07
-6.77775e-06
-1.65673e-06
-5.26849e-06
-2.58872e-06
-3.39109e-06
-3.17527e-06
-1.43263e-06
-3.13272e-06
1.10798e-07
-2.24483e-06
7.59617e-07
-6.36826e-07
4.75715e-07
7.78207e-07
8.86355e-07
-1.68222e-07
6.57138e-09
-6.41776e-07
4.90795e-07
-1.49554e-06
1.20332e-06
-2.77961e-06
2.07105e-06
-4.43314e-06
2.96399e-06
-6.24223e-06
3.65402e-06
-7.93161e-06
3.91751e-06
-9.30395e-06
3.66298e-06
-1.02735e-05
2.93725e-06
-1.0813e-05
1.84786e-06
-1.08795e-05
4.89603e-07
-1.04882e-05
-9.86162e-07
-9.63759e-06
-2.50738e-06
-8.27985e-06
-3.94645e-06
-6.39789e-06
-5.05723e-06
-4.09174e-06
-5.43888e-06
-1.73942e-06
-4.59715e-06
-8.23375e-08
-2.29391e-06
2.79733e-07
4.16136e-07
1.16609e-06
-4.48163e-07
4.54735e-07
-1.37246e-06
1.4151e-06
-2.70333e-06
2.53418e-06
-4.4042e-06
3.77192e-06
-6.29927e-06
4.85905e-06
-8.13048e-06
5.48523e-06
-9.6867e-06
5.47373e-06
-1.08794e-05
4.85568e-06
-1.17086e-05
3.76642e-06
-1.21947e-05
2.33399e-06
-1.2323e-05
6.17877e-07
-1.21287e-05
-1.18044e-06
-1.15944e-05
-3.04167e-06
-1.06232e-05
-4.91767e-06
-9.09475e-06
-6.58567e-06
-6.89473e-06
-7.6389e-06
-4.08548e-06
-7.40639e-06
-1.27139e-06
-5.108e-06
1.15575e-07
-9.70831e-07
1.28166e-06
-7.29207e-07
1.18394e-06
-2.00776e-06
2.69365e-06
-3.62602e-06
4.15244e-06
-5.46126e-06
5.60717e-06
-7.29214e-06
6.68992e-06
-8.89859e-06
7.09169e-06
-1.01638e-05
6.73893e-06
-1.10746e-05
5.76653e-06
-1.16706e-05
4.36242e-06
-1.20115e-05
2.6748e-06
-1.21684e-05
7.74866e-07
-1.21537e-05
-1.19514e-06
-1.19568e-05
-3.23865e-06
-1.14983e-05
-5.37616e-06
-1.06015e-05
-7.48247e-06
-8.99412e-06
-9.24626e-06
-6.41267e-06
-9.98784e-06
-2.99069e-06
-8.52998e-06
-2.39024e-07
-3.72249e-06
1.04264e-06
-9.0114e-07
2.08508e-06
-2.3536e-06
4.14611e-06
-4.02586e-06
5.8247e-06
-5.74635e-06
7.32765e-06
-7.31209e-06
8.25567e-06
-8.56871e-06
8.3483e-06
-9.46649e-06
7.63671e-06
-1.00375e-05
6.33757e-06
-1.03536e-05
4.67849e-06
-1.0506e-05
2.8272e-06
-1.06083e-05
8.77154e-07
-1.0683e-05
-1.1204e-06
-1.07293e-05
-3.19238e-06
-1.07219e-05
-5.38353e-06
-1.0509e-05
-7.69534e-06
-9.76792e-06
-9.98739e-06
-8.02712e-06
-1.17286e-05
-4.92133e-06
-1.16358e-05
-1.069e-06
-7.57483e-06
-2.63557e-08
-9.16284e-07
3.00137e-06
-2.34052e-06
5.57034e-06
-3.87173e-06
7.35592e-06
-5.32733e-06
8.78325e-06
-6.55008e-06
9.47842e-06
-7.44489e-06
9.2431e-06
-8.00752e-06
8.19935e-06
-8.29772e-06
6.62777e-06
-8.40673e-06
4.7875e-06
-8.43235e-06
2.85282e-06
-8.46529e-06
9.10092e-07
-8.54477e-06
-1.04092e-06
-8.68757e-06
-3.04958e-06
-8.90816e-06
-5.16293e-06
-9.14628e-06
-7.45723e-06
-9.1598e-06
-9.97387e-06
-8.43005e-06
-1.24584e-05
-6.23794e-06
-1.38279e-05
-2.26332e-06
-1.15495e-05
-2.28968e-06
-7.74102e-07
3.77547e-06
-2.00581e-06
6.80205e-06
-3.27544e-06
8.62554e-06
-4.40916e-06
9.91698e-06
-5.2981e-06
1.03674e-05
-5.89491e-06
9.83992e-06
-6.2239e-06
8.52833e-06
-6.35665e-06
6.76051e-06
-6.38395e-06
4.8148e-06
-6.3875e-06
2.85638e-06
-6.41626e-06
9.38847e-07
-6.49221e-06
-9.64977e-07
-6.6403e-06
-2.90149e-06
-6.89754e-06
-4.90569e-06
-7.28192e-06
-7.07285e-06
-7.69321e-06
-9.56258e-06
-7.70177e-06
-1.24498e-05
-6.4915e-06
-1.50381e-05
-3.38253e-06
-1.46584e-05
-5.67221e-06
-5.18081e-07
4.29355e-06
-1.45141e-06
7.73539e-06
-2.40445e-06
9.57858e-06
-3.21431e-06
1.07268e-05
-3.81408e-06
1.09671e-05
-4.19168e-06
1.02175e-05
-4.3849e-06
8.72156e-06
-4.46112e-06
6.83673e-06
-4.49388e-06
4.84756e-06
-4.53527e-06
2.89777e-06
-4.60271e-06
1.00628e-06
-4.6999e-06
-8.67782e-07
-4.84171e-06
-2.75968e-06
-5.06274e-06
-4.68466e-06
-5.42868e-06
-6.70692e-06
-5.95221e-06
-9.03905e-06
-6.38821e-06
-1.20138e-05
-5.97224e-06
-1.54541e-05
-3.7917e-06
-1.6839e-05
-9.46391e-06
-1.94482e-07
4.48803e-06
-7.75558e-07
8.31646e-06
-1.39564e-06
1.01987e-05
-1.90209e-06
1.12333e-05
-2.25744e-06
1.13225e-05
-2.47328e-06
1.04334e-05
-2.58897e-06
8.83725e-06
-2.6555e-06
6.90326e-06
-2.71954e-06
4.91161e-06
-2.80837e-06
2.98661e-06
-2.92551e-06
1.12342e-06
-3.06578e-06
-7.27518e-07
-3.23002e-06
-2.59544e-06
-3.43592e-06
-4.47876e-06
-3.74904e-06
-6.39379e-06
-4.26362e-06
-8.52447e-06
-4.90687e-06
-1.13706e-05
-5.0364e-06
-1.53246e-05
-3.49086e-06
-1.83845e-05
-1.29548e-05
1.32044e-07
4.35599e-06
-6.85332e-08
8.51704e-06
-3.70337e-07
1.05005e-05
-6.02174e-07
1.14651e-05
-7.41615e-07
1.14619e-05
-8.13878e-07
1.05056e-05
-8.5807e-07
8.88144e-06
-9.10493e-07
6.95568e-06
-9.92265e-07
4.99338e-06
-1.11023e-06
3.10458e-06
-1.26413e-06
1.27733e-06
-1.45196e-06
-5.3969e-07
-1.67164e-06
-2.37575e-06
-1.92147e-06
-4.22894e-06
-2.2414e-06
-6.07386e-06
-2.74363e-06
-8.02224e-06
-3.48609e-06
-1.06281e-05
-3.98601e-06
-1.48247e-05
-2.99608e-06
-1.93744e-05
-1.59508e-05
4.02808e-07
3.95318e-06
5.71544e-07
8.3483e-06
6.15094e-07
1.04569e-05
6.67076e-07
1.14131e-05
7.43507e-07
1.13855e-05
8.12227e-07
1.04369e-05
8.42653e-07
8.85101e-06
8.20431e-07
6.9779e-06
7.44553e-07
5.06926e-06
6.19949e-07
3.22918e-06
4.46106e-07
1.45117e-06
2.1761e-07
-3.11194e-07
-6.0843e-08
-2.0973e-06
-4.04025e-07
-3.88576e-06
-8.15599e-07
-5.66229e-06
-1.35697e-06
-7.48087e-06
-2.18395e-06
-9.80113e-06
-2.96544e-06
-1.40432e-05
-2.46844e-06
-1.98714e-05
-1.84193e-05
5.9881e-07
3.35437e-06
1.10773e-06
7.83938e-06
1.46713e-06
1.00975e-05
1.80133e-06
1.1079e-05
2.114e-06
1.10728e-05
2.35655e-06
1.01944e-05
2.50079e-06
8.70677e-06
2.54735e-06
6.93135e-06
2.51065e-06
5.10595e-06
2.40254e-06
3.33729e-06
2.22269e-06
1.63102e-06
1.9475e-06
-3.6012e-08
1.58965e-06
-1.73945e-06
1.14217e-06
-3.43827e-06
6.01047e-07
-5.12117e-06
-9.57675e-08
-6.78406e-06
-1.00112e-06
-8.89578e-06
-1.9886e-06
-1.30557e-05
-1.95932e-06
-1.99007e-05
-2.03786e-05
6.78938e-07
2.67543e-06
1.46543e-06
7.05289e-06
2.12697e-06
9.43596e-06
2.74747e-06
1.04585e-05
3.32135e-06
1.04989e-05
3.78763e-06
9.72808e-06
4.10651e-06
8.38788e-06
4.27661e-06
6.76125e-06
4.31757e-06
5.065e-06
4.24699e-06
3.40787e-06
4.06452e-06
1.81349e-06
3.76564e-06
2.62868e-07
3.32525e-06
-1.29906e-06
2.75021e-06
-2.86323e-06
2.04013e-06
-4.41109e-06
1.20961e-06
-5.95354e-06
1.50963e-07
-7.83714e-06
-1.07754e-06
-1.18272e-05
-1.48496e-06
-1.94933e-05
-2.18636e-05
6.17373e-07
2.05806e-06
1.55216e-06
6.11811e-06
2.4632e-06
8.52492e-06
3.37276e-06
9.54889e-06
4.24387e-06
9.62783e-06
4.99468e-06
8.97727e-06
5.56172e-06
7.82084e-06
5.92833e-06
6.39464e-06
6.10798e-06
4.88535e-06
6.11964e-06
3.3962e-06
5.96859e-06
1.96454e-06
5.64359e-06
5.8787e-07
5.12406e-06
-7.79528e-07
4.41646e-06
-2.15563e-06
3.51799e-06
-3.51262e-06
2.46349e-06
-4.89904e-06
1.20021e-06
-6.57386e-06
-2.76872e-07
-1.03501e-05
-1.00502e-06
-1.87651e-05
-2.28686e-05
4.28815e-07
1.62924e-06
1.35925e-06
5.18767e-06
2.49988e-06
7.38428e-06
3.7133e-06
8.33548e-06
4.91234e-06
8.42878e-06
5.98767e-06
7.90195e-06
6.85116e-06
6.95735e-06
7.46709e-06
5.77872e-06
7.83547e-06
4.51697e-06
7.96977e-06
3.26191e-06
7.87682e-06
2.05748e-06
7.55664e-06
9.08052e-07
6.96437e-06
-1.87264e-07
6.12565e-06
-1.31691e-06
5.0298e-06
-2.41676e-06
3.7309e-06
-3.60014e-06
2.28065e-06
-5.12362e-06
7.18935e-07
-8.78841e-06
-2.60379e-07
-1.77858e-05
-2.3129e-05
6.3146e-08
1.5661e-06
7.02294e-07
4.54853e-06
1.93735e-06
6.14923e-06
3.45094e-06
6.82188e-06
5.03064e-06
6.84908e-06
6.49438e-06
6.43821e-06
7.72083e-06
5.7309e-06
8.65816e-06
4.84139e-06
9.28542e-06
3.8897e-06
9.6085e-06
2.93883e-06
9.62614e-06
2.03984e-06
9.34541e-06
1.18878e-06
8.75453e-06
4.03625e-07
7.82486e-06
-3.8725e-07
6.593e-06
-1.18491e-06
5.10666e-06
-2.11379e-06
3.5276e-06
-3.54455e-06
1.99732e-06
-7.25813e-06
5.558e-07
-1.63443e-05
-2.25732e-05
-4.64846e-07
2.03094e-06
4.42126e-08
4.03947e-06
1.278e-06
4.91545e-06
3.02977e-06
5.07011e-06
4.94174e-06
4.93712e-06
6.74568e-06
4.63427e-06
8.29131e-06
4.18526e-06
9.51833e-06
3.61437e-06
1.03898e-05
3.01819e-06
1.09143e-05
2.41435e-06
1.10896e-05
1.86453e-06
1.09366e-05
1.34182e-06
1.04578e-05
8.82465e-07
9.66148e-06
4.09017e-07
8.56397e-06
-8.73919e-08
7.21092e-06
-7.60741e-07
5.80709e-06
-2.14072e-06
4.19564e-06
-5.64668e-06
1.9446e-06
-1.40933e-05
-2.06286e-05
-4.12664e-06
6.15759e-06
-3.66231e-06
3.57514e-06
-1.49423e-06
2.74736e-06
1.01827e-06
2.55761e-06
3.4925e-06
2.46289e-06
5.82012e-06
2.30664e-06
7.9003e-06
2.10509e-06
9.66723e-06
1.84744e-06
1.10886e-05
1.59687e-06
1.21779e-05
1.32504e-06
1.29428e-05
1.09962e-06
1.34215e-05
8.63101e-07
1.36094e-05
6.94594e-07
1.35306e-05
4.8774e-07
1.31408e-05
3.02425e-07
1.24618e-05
-8.17284e-08
1.15362e-05
-1.21508e-06
9.9306e-06
-4.04113e-06
5.56172e-06
-9.72437e-06
-1.50668e-05
6.15759e-06
9.73272e-06
1.24801e-05
1.50377e-05
1.75006e-05
1.98072e-05
2.19123e-05
2.37598e-05
2.53566e-05
2.66817e-05
2.77813e-05
2.86444e-05
2.9339e-05
2.98267e-05
3.01291e-05
3.00474e-05
2.88323e-05
2.47912e-05
1.50668e-05
)
;

boundaryField
{
    movingWall
    {
        type            calculated;
        value           uniform 0;
    }
    fixedWalls
    {
        type            calculated;
        value           uniform 0;
    }
    frontAndBack
    {
        type            empty;
        value           nonuniform List<scalar> 0();
    }
}


// ************************************************************************* //
