/*--------------------------------*- C++ -*----------------------------------*\
| =========                 |                                                 |
| \\      /  F ield         | OpenFOAM: The Open Source CFD Toolbox           |
|  \\    /   O peration     | Version:  2212                                  |
|   \\  /    A nd           | Website:  www.openfoam.com                      |
|    \\/     M anipulation  |                                                 |
\*---------------------------------------------------------------------------*/
FoamFile
{
    version     2.0;
    format      ascii;
    arch        "LSB;label=32;scalar=64";
    class       volVectorField;
    location    "2.695";
    object      U;
}
// * * * * * * * * * * * * * * * * * * * * * * * * * * * * * * * * * * * * * //

dimensions      [0 1 -1 0 0 0 0];

internalField   nonuniform List<vector> 
400
(
(0.00149775 -0.00152864 0)
(0.00425943 -0.00169851 0)
(0.00570895 -0.00109425 0)
(0.00473351 -0.000502091 0)
(0.000782818 0.000246916 0)
(-0.00716784 0.00170816 0)
(-0.020109 0.00445561 0)
(-0.0378677 0.00803599 0)
(-0.0579523 0.0104949 0)
(-0.0755707 0.00997587 0)
(-0.0861876 0.00659988 0)
(-0.087318 0.00178414 0)
(-0.0780162 -0.00326683 0)
(-0.0589495 -0.00779025 0)
(-0.0336959 -0.0103432 0)
(-0.00651943 -0.00943304 0)
(0.0148829 -0.00480415 0)
(0.022745 0.00245593 0)
(0.0153005 0.00606902 0)
(0.00414652 0.00447761 0)
(0.00140662 -0.00440233 0)
(0.00232552 -0.00334826 0)
(-0.00142384 0.000820739 0)
(-0.0118435 0.00621712 0)
(-0.0306932 0.0132655 0)
(-0.0585047 0.0222414 0)
(-0.0922136 0.0309679 0)
(-0.12543 0.0351174 0)
(-0.152271 0.0321993 0)
(-0.169342 0.0229177 0)
(-0.175114 0.00941631 0)
(-0.169477 -0.00602071 0)
(-0.152996 -0.0216492 0)
(-0.126294 -0.035073 0)
(-0.091581 -0.0427161 0)
(-0.0515526 -0.0404154 0)
(-0.0119777 -0.0258589 0)
(0.0154982 -0.00192865 0)
(0.0169119 0.0151471 0)
(0.00535174 0.0140947 0)
(-0.000488518 -0.004609 0)
(-0.00574521 0.00169801 0)
(-0.0194037 0.0139075 0)
(-0.0428032 0.029432 0)
(-0.0763989 0.0464221 0)
(-0.116088 0.0607142 0)
(-0.154773 0.0672228 0)
(-0.186941 0.0635927 0)
(-0.210265 0.050873 0)
(-0.224039 0.0313767 0)
(-0.228191 0.00737336 0)
(-0.22328 -0.0191305 0)
(-0.209609 -0.0460319 0)
(-0.186705 -0.0698372 0)
(-0.154293 -0.0855507 0)
(-0.112387 -0.0863041 0)
(-0.062846 -0.0654316 0)
(-0.0138547 -0.0231162 0)
(0.00903841 0.0164012 0)
(0.00413754 0.0224999 0)
(-0.00337884 0.00163304 0)
(-0.0167848 0.0173914 0)
(-0.0413801 0.0394235 0)
(-0.0753941 0.0641844 0)
(-0.116408 0.0861507 0)
(-0.157749 0.0989733 0)
(-0.193086 0.0989955 0)
(-0.220114 0.0870419 0)
(-0.238928 0.0660433 0)
(-0.250057 0.0386394 0)
(-0.254276 0.00670324 0)
(-0.252358 -0.028444 0)
(-0.244261 -0.0646918 0)
(-0.228951 -0.0991498 0)
(-0.20448 -0.126525 0)
(-0.168207 -0.138213 0)
(-0.117766 -0.122327 0)
(-0.0552146 -0.0697386 0)
(-0.00116071 0.00219117 0)
(0.00471309 0.027003 0)
(-0.00626853 0.015212 0)
(-0.0269935 0.0426711 0)
(-0.0595426 0.0729541 0)
(-0.0985031 0.102962 0)
(-0.139614 0.124856 0)
(-0.176134 0.132639 0)
(-0.204278 0.125317 0)
(-0.224083 0.106029 0)
(-0.236743 0.0785353 0)
(-0.243884 0.0456049 0)
(-0.247189 0.00880563 0)
(-0.24763 -0.0310861 0)
(-0.245051 -0.0729856 0)
(-0.238801 -0.115586 0)
(-0.226156 -0.155059 0)
(-0.20253 -0.183115 0)
(-0.162069 -0.184714 0)
(-0.100331 -0.139477 0)
(-0.0216329 -0.0388856 0)
(0.00710207 0.02586 0)
(-0.00792118 0.0339305 0)
(-0.03285 0.0732822 0)
(-0.0685827 0.108897 0)
(-0.106872 0.140266 0)
(-0.143072 0.158844 0)
(-0.171712 0.160079 0)
(-0.19132 0.145471 0)
(-0.203194 0.119759 0)
(-0.209234 0.0872761 0)
(-0.211862 0.0510341 0)
(-0.213147 0.0125475 0)
(-0.214185 -0.0278022 0)
(-0.215237 -0.0704984 0)
(-0.216312 -0.116015 0)
(-0.215225 -0.163217 0)
(-0.206845 -0.206684 0)
(-0.183164 -0.232309 0)
(-0.135791 -0.213164 0)
(-0.0605998 -0.116048 0)
(0.00544657 0.0134084 0)
(-0.00768656 0.0545164 0)
(-0.0329359 0.104794 0)
(-0.067381 0.14287 0)
(-0.101182 0.172713 0)
(-0.130249 0.18621 0)
(-0.150701 0.180462 0)
(-0.162727 0.159008 0)
(-0.168279 0.127761 0)
(-0.169695 0.0915571 0)
(-0.169518 0.0535071 0)
(-0.169428 0.0149333 0)
(-0.170211 -0.0241395 0)
(-0.172466 -0.0649144 0)
(-0.176751 -0.108884 0)
(-0.182361 -0.157306 0)
(-0.185528 -0.20906 0)
(-0.178243 -0.255011 0)
(-0.150562 -0.268888 0)
(-0.0963196 -0.201017 0)
(-0.00855189 -0.0147821 0)
(-0.00567836 0.0736542 0)
(-0.027748 0.133717 0)
(-0.05764 0.172368 0)
(-0.0850695 0.199109 0)
(-0.106804 0.20694 0)
(-0.120444 0.194494 0)
(-0.127153 0.166993 0)
(-0.129141 0.131283 0)
(-0.128836 0.0925142 0)
(-0.128309 0.0535827 0)
(-0.128399 0.0153343 0)
(-0.129339 -0.0226176 0)
(-0.131637 -0.0614119 0)
(-0.136078 -0.102518 0)
(-0.143295 -0.148192 0)
(-0.151857 -0.200968 0)
(-0.155524 -0.258692 0)
(-0.143844 -0.301324 0)
(-0.10969 -0.271184 0)
(-0.0297957 -0.073216 0)
(-0.00251992 0.0884917 0)
(-0.0189906 0.157466 0)
(-0.0423691 0.195811 0)
(-0.0628425 0.218838 0)
(-0.0779857 0.221369 0)
(-0.0865574 0.203392 0)
(-0.0901329 0.171317 0)
(-0.0908117 0.132597 0)
(-0.0907089 0.0924829 0)
(-0.091138 0.0534587 0)
(-0.0922144 0.0157436 0)
(-0.0938211 -0.0214847 0)
(-0.0961594 -0.0591208 0)
(-0.0998409 -0.0980395 0)
(-0.10614 -0.140203 0)
(-0.11583 -0.189972 0)
(-0.125494 -0.251824 0)
(-0.124492 -0.316192 0)
(-0.105629 -0.327724 0)
(-0.0364572 -0.158393 0)
(0.00112147 0.0969211 0)
(-0.00828943 0.174351 0)
(-0.0240647 0.212708 0)
(-0.0376089 0.232626 0)
(-0.0470379 0.23114 0)
(-0.0519522 0.209235 0)
(-0.0538487 0.174117 0)
(-0.0543774 0.133658 0)
(-0.0550905 0.093089 0)
(-0.0566382 0.0543836 0)
(-0.0587766 0.0171738 0)
(-0.0612884 -0.0196581 0)
(-0.0641626 -0.0568319 0)
(-0.067675 -0.0946525 0)
(-0.0729294 -0.134108 0)
(-0.081705 -0.179448 0)
(-0.0939804 -0.239513 0)
(-0.0995486 -0.316728 0)
(-0.0941388 -0.365084 0)
(-0.0305811 -0.236588 0)
(0.00467775 0.0979433 0)
(0.00276987 0.183384 0)
(-0.00507954 0.222771 0)
(-0.0119587 0.240403 0)
(-0.0163356 0.236185 0)
(-0.0182411 0.212088 0)
(-0.0188994 0.175665 0)
(-0.0193689 0.134809 0)
(-0.0206031 0.0945182 0)
(-0.0228215 0.056384 0)
(-0.02567 0.0197321 0)
(-0.0290018 -0.0166458 0)
(-0.032804 -0.0534658 0)
(-0.0371004 -0.0907793 0)
(-0.042568 -0.128682 0)
(-0.0507249 -0.170175 0)
(-0.0645101 -0.225966 0)
(-0.0739361 -0.309972 0)
(-0.0807813 -0.389324 0)
(-0.0228494 -0.30062 0)
(0.00764423 0.0919384 0)
(0.0131604 0.184278 0)
(0.0131305 0.226158 0)
(0.01274 0.243083 0)
(0.0133128 0.237863 0)
(0.0144918 0.213278 0)
(0.0153399 0.176903 0)
(0.0153507 0.136456 0)
(0.0141447 0.0967103 0)
(0.0117781 0.0591624 0)
(0.00858882 0.0231586 0)
(0.0046058 -0.0124883 0)
(-0.000275016 -0.048574 0)
(-0.0059888 -0.0851704 0)
(-0.0129759 -0.121916 0)
(-0.0216812 -0.160279 0)
(-0.0374867 -0.210535 0)
(-0.0493236 -0.296145 0)
(-0.0680969 -0.401325 0)
(-0.0145991 -0.353524 0)
(0.00921188 0.0800685 0)
(0.0215154 0.177113 0)
(0.0288891 0.222409 0)
(0.0346107 0.239652 0)
(0.040137 0.234614 0)
(0.0450443 0.210977 0)
(0.048436 0.175984 0)
(0.0500064 0.136937 0)
(0.0497306 0.0983899 0)
(0.0478566 0.0618824 0)
(0.0446985 0.0269609 0)
(0.0402171 -0.00747699 0)
(0.0342464 -0.0422413 0)
(0.0268193 -0.0775108 0)
(0.0172421 -0.112834 0)
(0.00639031 -0.148699 0)
(-0.0126853 -0.194015 0)
(-0.0256296 -0.27794 0)
(-0.0565123 -0.404055 0)
(-0.00641906 -0.395743 0)
(0.00870785 0.0644623 0)
(0.0264524 0.162365 0)
(0.0410494 0.21187 0)
(0.0531096 0.231072 0)
(0.0641015 0.227718 0)
(0.0736473 0.20642 0)
(0.0807784 0.17395 0)
(0.0851114 0.137058 0)
(0.0867297 0.100149 0)
(0.0859806 0.064962 0)
(0.0832199 0.0314265 0)
(0.0783448 -0.00139397 0)
(0.071147 -0.034111 0)
(0.0618064 -0.0672111 0)
(0.0491617 -0.100381 0)
(0.0348063 -0.133624 0)
(0.0110249 -0.174124 0)
(-0.00203572 -0.254888 0)
(-0.0458832 -0.400256 0)
(0.00233486 -0.430853 0)
(0.00606872 0.0484606 0)
(0.0264565 0.142268 0)
(0.0469548 0.194198 0)
(0.0650487 0.21477 0)
(0.0820121 0.213209 0)
(0.0974043 0.195001 0)
(0.109884 0.166263 0)
(0.118685 0.132904 0)
(0.123704 0.0989885 0)
(0.125225 0.0663544 0)
(0.123544 0.0353255 0)
(0.118763 0.00520424 0)
(0.110378 -0.02438 0)
(0.098987 -0.0541267 0)
(0.0825686 -0.0839988 0)
(0.0640172 -0.114641 0)
(0.0348852 -0.151371 0)
(0.0213321 -0.229228 0)
(-0.035835 -0.393172 0)
(0.0128391 -0.460093 0)
(0.00204074 0.0352217 0)
(0.0210099 0.119365 0)
(0.0463871 0.172098 0)
(0.0708312 0.194154 0)
(0.0945961 0.194634 0)
(0.116846 0.179839 0)
(0.135876 0.155481 0)
(0.150401 0.126545 0)
(0.159962 0.0966152 0)
(0.164756 0.0674877 0)
(0.164771 0.0398219 0)
(0.160679 0.0132932 0)
(0.15119 -0.0123973 0)
(0.137834 -0.037844 0)
(0.117298 -0.0633288 0)
(0.0945207 -0.0904574 0)
(0.0598455 -0.124418 0)
(0.0441183 -0.200757 0)
(-0.0244645 -0.382859 0)
(0.0276249 -0.482529 0)
(-0.00323007 0.0303678 0)
(0.00808664 0.0992183 0)
(0.0327971 0.142633 0)
(0.0629334 0.16204 0)
(0.0944792 0.163629 0)
(0.125124 0.152584 0)
(0.152325 0.13362 0)
(0.174307 0.110604 0)
(0.190015 0.0865258 0)
(0.199698 0.0629416 0)
(0.202646 0.0406795 0)
(0.200408 0.0196398 0)
(0.190591 -0.000394089 0)
(0.176408 -0.0199679 0)
(0.152523 -0.039463 0)
(0.126939 -0.062082 0)
(0.0870787 -0.095068 0)
(0.0667498 -0.17439 0)
(-0.00620587 -0.367276 0)
(0.0512419 -0.489948 0)
(-0.0127125 0.0203222 0)
(-0.00766927 0.0880142 0)
(0.0160802 0.120938 0)
(0.0509175 0.132346 0)
(0.0899225 0.131605 0)
(0.128498 0.122993 0)
(0.163389 0.109289 0)
(0.192219 0.0925292 0)
(0.213553 0.0750352 0)
(0.228221 0.0577566 0)
(0.234313 0.0417491 0)
(0.235306 0.0268314 0)
(0.22664 0.0133551 0)
(0.215362 0.000300235 0)
(0.191677 -0.0128417 0)
(0.169276 -0.0311346 0)
(0.127041 -0.0634276 0)
(0.104186 -0.143077 0)
(0.0357286 -0.325514 0)
(0.0916986 -0.455446 0)
(-0.105209 0.0836925 0)
(-0.0773615 0.0696656 0)
(-0.049576 0.0718121 0)
(0.000656654 0.0751671 0)
(0.0518675 0.07508 0)
(0.102489 0.0709922 0)
(0.147999 0.0641651 0)
(0.189027 0.0553586 0)
(0.220428 0.0463233 0)
(0.248087 0.0372336 0)
(0.263918 0.029151 0)
(0.279249 0.0216405 0)
(0.28037 0.015403 0)
(0.285242 0.00940256 0)
(0.2705 0.00293088 0)
(0.264689 -0.00808799 0)
(0.227043 -0.0336656 0)
(0.21535 -0.0943861 0)
(0.149411 -0.229607 0)
(0.170519 -0.341505 0)
(0.130492 0.10423 0)
(0.159451 0.0763357 0)
(0.213845 0.0543585 0)
(0.272047 0.042428 0)
(0.323664 0.0363618 0)
(0.374715 0.0321419 0)
(0.417965 0.0289979 0)
(0.462058 0.0256307 0)
(0.494329 0.0229946 0)
(0.529024 0.0198503 0)
(0.548309 0.0177678 0)
(0.574198 0.0148846 0)
(0.580738 0.0135265 0)
(0.599655 0.0107601 0)
(0.591944 0.00986962 0)
(0.601397 0.00545972 0)
(0.566661 0.000524881 0)
(0.547641 -0.0179867 0)
(0.436507 -0.0502901 0)
(0.337236 -0.101386 0)
)
;

boundaryField
{
    movingWall
    {
        type            fixedValue;
        value           uniform (1 0 0);
    }
    fixedWalls
    {
        type            noSlip;
    }
    frontAndBack
    {
        type            empty;
    }
}


// ************************************************************************* //
