/*--------------------------------*- C++ -*----------------------------------*\
| =========                 |                                                 |
| \\      /  F ield         | OpenFOAM: The Open Source CFD Toolbox           |
|  \\    /   O peration     | Version:  2212                                  |
|   \\  /    A nd           | Website:  www.openfoam.com                      |
|    \\/     M anipulation  |                                                 |
\*---------------------------------------------------------------------------*/
FoamFile
{
    version     2.0;
    format      ascii;
    arch        "LSB;label=32;scalar=64";
    class       surfaceScalarField;
    location    "0.105";
    object      phi;
}
// * * * * * * * * * * * * * * * * * * * * * * * * * * * * * * * * * * * * * //

dimensions      [0 3 -1 0 0 0 0];

oriented        oriented;

internalField   nonuniform List<scalar> 
760
(
-3.44265e-08
3.44263e-08
-8.54954e-08
5.1069e-08
-1.37038e-07
5.15424e-08
-1.85507e-07
4.84697e-08
-2.29553e-07
4.40455e-08
-2.68106e-07
3.85525e-08
-3.00201e-07
3.2095e-08
-3.2498e-07
2.47799e-08
-3.41708e-07
1.67273e-08
-3.4978e-07
8.07245e-09
-3.48748e-07
-1.03219e-09
-3.38347e-07
-1.04014e-08
-3.18529e-07
-1.98173e-08
-2.89508e-07
-2.9021e-08
-2.51794e-07
-3.77148e-08
-2.06227e-07
-4.55668e-08
-1.54014e-07
-5.22131e-08
-9.69476e-08
-5.70661e-08
-3.94654e-08
-5.74822e-08
-3.94654e-08
-5.30012e-08
8.74276e-08
-1.26614e-07
1.24682e-07
-2.00425e-07
1.25353e-07
-2.69784e-07
1.17829e-07
-3.32652e-07
1.06914e-07
-3.8746e-07
9.33606e-08
-4.32843e-07
7.74773e-08
-4.67618e-07
5.95552e-08
-4.90796e-07
3.99055e-08
-5.01592e-07
1.88679e-08
-4.99448e-07
-3.17618e-09
-4.84044e-07
-2.58049e-08
-4.55381e-07
-4.84809e-08
-4.13798e-07
-7.06035e-08
-3.60043e-07
-9.14704e-08
-2.95316e-07
-1.10293e-07
-2.21347e-07
-1.26183e-07
-1.40722e-07
-1.3769e-07
-5.92507e-08
-1.38954e-07
-9.87161e-08
-5.77004e-08
1.45128e-07
-1.37659e-07
2.0464e-07
-2.17631e-07
2.05326e-07
-2.92696e-07
1.92894e-07
-3.60707e-07
1.74924e-07
-4.19998e-07
1.52652e-07
-4.69125e-07
1.26605e-07
-5.06844e-07
9.72741e-08
-5.32111e-07
6.51717e-08
-5.44087e-07
3.08439e-08
-5.42155e-07
-5.10819e-09
-5.25935e-07
-4.20242e-08
-4.95363e-07
-7.90535e-08
-4.50724e-07
-1.15243e-07
-3.92736e-07
-1.49459e-07
-3.22622e-07
-1.80407e-07
-2.42204e-07
-2.06601e-07
-1.54256e-07
-2.25638e-07
-6.50606e-08
-2.28149e-07
-1.63777e-07
-6.14215e-08
2.0655e-07
-1.46751e-07
2.8997e-07
-2.32045e-07
2.9062e-07
-3.12066e-07
2.72915e-07
-3.84583e-07
2.47441e-07
-4.47878e-07
2.15947e-07
-5.00467e-07
1.79194e-07
-5.41074e-07
1.37881e-07
-5.68616e-07
9.27133e-08
-5.82198e-07
4.4426e-08
-5.81121e-07
-6.18483e-09
-5.64877e-07
-5.8268e-08
-5.33261e-07
-1.1067e-07
-4.86406e-07
-1.62098e-07
-4.24894e-07
-2.10971e-07
-3.49872e-07
-2.55429e-07
-2.63194e-07
-2.93279e-07
-1.67844e-07
-3.20988e-07
-7.07794e-08
-3.25214e-07
-2.34556e-07
-6.64033e-08
2.72953e-07
-1.58771e-07
3.82338e-07
-2.51058e-07
3.82906e-07
-3.37599e-07
3.59456e-07
-4.1604e-07
3.25882e-07
-4.846e-07
2.84507e-07
-5.41765e-07
2.36359e-07
-5.86234e-07
1.8235e-07
-6.16891e-07
1.2337e-07
-6.32776e-07
6.03114e-08
-6.33091e-07
-5.86972e-09
-6.17125e-07
-7.4234e-08
-5.84461e-07
-1.43334e-07
-5.34977e-07
-2.11582e-07
-4.69006e-07
-2.76941e-07
-3.87527e-07
-3.36908e-07
-2.92386e-07
-3.8842e-07
-1.86858e-07
-4.26516e-07
-7.88846e-08
-4.33187e-07
-3.13441e-07
-7.30118e-08
3.45965e-07
-1.74621e-07
4.83947e-07
-2.76037e-07
4.84322e-07
-3.71047e-07
4.54465e-07
-4.57136e-07
4.11971e-07
-5.32463e-07
3.59834e-07
-5.95499e-07
2.99395e-07
-6.44948e-07
2.31799e-07
-6.7968e-07
1.58102e-07
-6.98682e-07
7.93133e-08
-7.01058e-07
-3.49373e-09
-6.85796e-07
-8.94963e-08
-6.52191e-07
-1.76939e-07
-5.99723e-07
-2.6405e-07
-5.28309e-07
-3.48355e-07
-4.38587e-07
-4.2663e-07
-3.32292e-07
-4.94715e-07
-2.13037e-07
-5.45772e-07
-9.01271e-08
-5.56097e-07
-4.03568e-07
-8.14602e-08
4.27425e-07
-1.94815e-07
5.97302e-07
-3.07744e-07
5.97251e-07
-4.13334e-07
5.60055e-07
-5.08888e-07
5.07526e-07
-5.92525e-07
4.43471e-07
-6.62749e-07
3.69619e-07
-7.18324e-07
2.87374e-07
-7.5816e-07
1.97938e-07
-7.81213e-07
1.02366e-07
-7.86564e-07
1.8574e-09
-7.72723e-07
-1.03337e-07
-7.3865e-07
-2.11013e-07
-6.83221e-07
-3.19478e-07
-6.05667e-07
-4.25909e-07
-5.05988e-07
-5.26309e-07
-3.85565e-07
-6.15138e-07
-2.48317e-07
-6.8302e-07
-1.05389e-07
-6.99025e-07
-5.08956e-07
-9.20364e-08
5.19461e-07
-2.20011e-07
7.25277e-07
-3.47111e-07
7.24352e-07
-4.65552e-07
6.78496e-07
-5.72445e-07
6.14418e-07
-6.65919e-07
5.36945e-07
-7.44602e-07
4.48302e-07
-8.07424e-07
3.50197e-07
-8.53436e-07
2.4395e-07
-8.81607e-07
1.30537e-07
-8.91113e-07
1.13632e-08
-8.79841e-07
-1.14608e-07
-8.46357e-07
-2.44497e-07
-7.88643e-07
-3.77192e-07
-7.04837e-07
-5.09715e-07
-5.93799e-07
-6.37347e-07
-4.56062e-07
-7.52874e-07
-2.95631e-07
-8.43451e-07
-1.2606e-07
-8.68597e-07
-6.35017e-07
-1.05166e-07
6.24627e-07
-2.51146e-07
8.71256e-07
-3.95436e-07
8.68642e-07
-5.29167e-07
8.12227e-07
-6.49278e-07
7.34529e-07
-7.54017e-07
6.41684e-07
-8.42289e-07
5.36574e-07
-9.13365e-07
4.21273e-07
-9.66616e-07
2.97201e-07
-1.00128e-06
1.652e-07
-1.01598e-06
2.6065e-08
-1.0092e-06
-1.21392e-07
-9.78229e-07
-2.75465e-07
-9.1995e-07
-4.35472e-07
-8.30847e-07
-5.98817e-07
-7.07815e-07
-7.6038e-07
-5.49591e-07
-9.11098e-07
-3.59619e-07
-1.03342e-06
-1.54442e-07
-1.07377e-06
-7.89458e-07
-1.21489e-07
7.46117e-07
-2.89596e-07
1.03936e-06
-4.54555e-07
1.0336e-06
-6.06176e-07
9.63848e-07
-7.41302e-07
8.69656e-07
-8.58493e-07
7.58874e-07
-9.57172e-07
6.35253e-07
-1.03721e-06
5.01309e-07
-1.09853e-06
3.58522e-07
-1.14074e-06
2.07415e-07
-1.16288e-06
4.8201e-08
-1.16287e-06
-1.21405e-07
-1.13744e-06
-3.00887e-07
-1.08191e-06
-4.91005e-07
-9.90323e-07
-6.90404e-07
-8.56304e-07
-8.94399e-07
-6.75059e-07
-1.09234e-06
-4.47885e-07
-1.2606e-06
-1.94548e-07
-1.32711e-06
-9.84006e-07
-1.42005e-07
8.88121e-07
-3.3743e-07
1.23479e-06
-5.27128e-07
1.2233e-06
-6.99348e-07
1.13607e-06
-8.51038e-07
1.02135e-06
-9.81398e-07
8.89234e-07
-1.09075e-06
7.446e-07
-1.17992e-06
5.90486e-07
-1.24979e-06
4.28388e-07
-1.30075e-06
2.58381e-07
-1.33213e-06
7.9577e-08
-1.34227e-06
-1.11269e-07
-1.32699e-06
-3.16164e-07
-1.27989e-06
-5.38102e-07
-1.19175e-06
-7.78545e-07
-1.05104e-06
-1.03511e-06
-8.46383e-07
-1.297e-06
-5.73403e-07
-1.53358e-06
-2.53906e-07
-1.64661e-06
-1.23791e-06
-1.68315e-07
1.05644e-06
-3.97843e-07
1.46432e-06
-6.17082e-07
1.44254e-06
-8.12577e-07
1.33156e-06
-9.81837e-07
1.19061e-06
-1.12526e-06
1.03266e-06
-1.2446e-06
8.63945e-07
-1.3422e-06
6.88085e-07
-1.42032e-06
5.06509e-07
-1.48059e-06
3.18647e-07
-1.5235e-06
1.22485e-07
-1.54768e-06
-8.70822e-08
-1.54893e-06
-3.14917e-07
-1.51924e-06
-5.67792e-07
-1.44547e-06
-8.52321e-07
-1.30859e-06
-1.17198e-06
-1.08564e-06
-1.51996e-06
-7.59267e-07
-1.85994e-06
-3.47823e-07
-2.05805e-06
-1.58573e-06
-2.03105e-07
1.25954e-06
-4.75919e-07
1.73713e-06
-7.30327e-07
1.69695e-06
-9.51403e-07
1.55264e-06
-1.1382e-06
1.3774e-06
-1.29321e-06
1.18767e-06
-1.42044e-06
9.91169e-07
-1.52435e-06
7.92e-07
-1.60924e-06
5.91393e-07
-1.67858e-06
3.8799e-07
-1.73439e-06
1.78298e-07
-1.77706e-06
-4.44145e-08
-1.80299e-06
-2.88993e-07
-1.80376e-06
-5.6702e-07
-1.76271e-06
-8.93366e-07
-1.65135e-06
-1.28334e-06
-1.42798e-06
-1.74333e-06
-1.04815e-06
-2.23977e-06
-5.10023e-07
-2.59618e-06
-2.09576e-06
-2.51048e-07
1.51059e-06
-5.80008e-07
2.06609e-06
-8.75901e-07
1.99284e-06
-1.12374e-06
1.80048e-06
-1.32613e-06
1.57979e-06
-1.48914e-06
1.35068e-06
-1.61998e-06
1.12202e-06
-1.72608e-06
8.98098e-07
-1.81436e-06
6.79672e-07
-1.8908e-06
4.64428e-07
-1.95983e-06
2.4733e-07
-2.02469e-06
2.04456e-08
-2.08427e-06
-2.29414e-07
-2.13258e-06
-5.18704e-07
-2.15251e-06
-8.73438e-07
-2.10695e-06
-1.3289e-06
-1.92822e-06
-1.92206e-06
-1.5206e-06
-2.64739e-06
-8.18534e-07
-3.29825e-06
-2.91429e-06
-3.20693e-07
1.83128e-06
-7.2432e-07
2.46972e-06
-1.06777e-06
2.33629e-06
-1.34078e-06
2.07349e-06
-1.5535e-06
1.79251e-06
-1.71763e-06
1.51481e-06
-1.84482e-06
1.2492e-06
-1.94617e-06
9.99454e-07
-2.03186e-06
7.65364e-07
-2.11085e-06
5.43412e-07
-2.19082e-06
3.27306e-07
-2.27883e-06
1.08454e-07
-2.37936e-06
-1.28884e-07
-2.49371e-06
-4.0436e-07
-2.61242e-06
-7.5473e-07
-2.69869e-06
-1.24262e-06
-2.65839e-06
-1.96237e-06
-2.30865e-06
-2.99714e-06
-1.42185e-06
-4.18504e-06
-4.33614e-06
-4.29391e-07
2.26067e-06
-9.34069e-07
2.9744e-06
-1.32724e-06
2.72946e-06
-1.61765e-06
2.3639e-06
-1.82966e-06
2.00452e-06
-1.98298e-06
1.66813e-06
-2.09465e-06
1.36087e-06
-2.18021e-06
1.08501e-06
-2.25341e-06
8.38563e-07
-2.32627e-06
6.16274e-07
-2.41003e-06
4.11071e-07
-2.51548e-06
2.13903e-07
-2.65654e-06
1.21734e-08
-2.8472e-06
-2.13697e-07
-3.09929e-06
-5.02639e-07
-3.39577e-06
-9.46151e-07
-3.6278e-06
-1.73034e-06
-3.47618e-06
-3.14875e-06
-2.39992e-06
-5.2613e-06
-6.73607e-06
-5.99714e-07
2.86039e-06
-1.2577e-06
3.63238e-06
-1.68901e-06
3.16077e-06
-1.97092e-06
2.64581e-06
-2.15685e-06
2.19046e-06
-2.27463e-06
1.78591e-06
-2.3469e-06
1.43314e-06
-2.39456e-06
1.13266e-06
-2.43524e-06
8.79249e-07
-2.48318e-06
6.6421e-07
-2.55161e-06
4.79498e-07
-2.65487e-06
3.17163e-07
-2.81318e-06
1.70482e-07
-3.05578e-06
2.89058e-08
-3.4248e-06
-1.33613e-07
-3.93166e-06
-4.393e-07
-4.47075e-06
-1.19124e-06
-4.54882e-06
-3.07068e-06
-3.32299e-06
-6.48713e-06
-1.00591e-05
-8.24503e-07
3.68489e-06
-1.72017e-06
4.52805e-06
-2.16123e-06
3.60183e-06
-2.34827e-06
2.83285e-06
-2.4024e-06
2.24459e-06
-2.38305e-06
1.76656e-06
-2.32631e-06
1.3764e-06
-2.26094e-06
1.06729e-06
-2.20693e-06
8.25244e-07
-2.17559e-06
6.32867e-07
-2.17698e-06
4.80883e-07
-2.22043e-06
3.60616e-07
-2.32704e-06
2.77095e-07
-2.52027e-06
2.22132e-07
-2.85561e-06
2.01735e-07
-3.3218e-06
2.68828e-08
-3.89185e-06
-6.2119e-07
-3.94281e-06
-3.01972e-06
-3.03456e-06
-7.39538e-06
-1.30936e-05
-3.46039e-06
7.14528e-06
-3.12406e-06
4.19172e-06
-2.11517e-06
2.59294e-06
-1.27202e-06
1.98969e-06
-5.82434e-07
1.55501e-06
2.18495e-09
1.18194e-06
4.88349e-07
8.90238e-07
8.79964e-07
6.75672e-07
1.18711e-06
5.18096e-07
1.42105e-06
3.98934e-07
1.58913e-06
3.12802e-07
1.70269e-06
2.47054e-07
1.75306e-06
2.26719e-07
1.7574e-06
2.17796e-07
1.69182e-06
2.67316e-07
1.55728e-06
1.61426e-07
1.41381e-06
-4.77729e-07
9.76535e-07
-2.58244e-06
1.04981e-06
-7.46866e-06
-1.20438e-05
7.14528e-06
1.1337e-05
1.39299e-05
1.59196e-05
1.74746e-05
1.86566e-05
1.95468e-05
2.02225e-05
2.07406e-05
2.11395e-05
2.14523e-05
2.16994e-05
2.19261e-05
2.21439e-05
2.24112e-05
2.25726e-05
2.20949e-05
1.95125e-05
1.20438e-05
)
;

boundaryField
{
    movingWall
    {
        type            calculated;
        value           uniform 0;
    }
    fixedWalls
    {
        type            calculated;
        value           uniform 0;
    }
    frontAndBack
    {
        type            empty;
        value           nonuniform List<scalar> 0();
    }
}


// ************************************************************************* //
