/*--------------------------------*- C++ -*----------------------------------*\
| =========                 |                                                 |
| \\      /  F ield         | OpenFOAM: The Open Source CFD Toolbox           |
|  \\    /   O peration     | Version:  2212                                  |
|   \\  /    A nd           | Website:  www.openfoam.com                      |
|    \\/     M anipulation  |                                                 |
\*---------------------------------------------------------------------------*/
FoamFile
{
    version     2.0;
    format      ascii;
    arch        "LSB;label=32;scalar=64";
    class       volScalarField;
    location    "0.95";
    object      p;
}
// * * * * * * * * * * * * * * * * * * * * * * * * * * * * * * * * * * * * * //

dimensions      [0 2 -2 0 0 0 0];

internalField   nonuniform List<scalar> 
400
(
-2.52194e-10
-7.97013e-05
-0.000121826
-0.000146857
-0.000158727
-0.000146178
-8.31617e-05
7.12199e-05
0.000368833
0.000859103
0.00156501
0.00245774
0.00342229
0.0042326
0.00467385
0.00464452
0.00418701
0.00363272
0.00323464
0.00313739
9.72242e-05
1.52837e-05
-8.46547e-06
-1.75431e-05
-2.12358e-05
-9.55816e-06
3.80748e-05
0.000154427
0.0003867
0.000789708
0.00140124
0.00221224
0.00312705
0.00393313
0.00438837
0.00437263
0.00396951
0.00343494
0.00308602
0.00302093
9.21548e-05
-5.18126e-06
-2.60765e-05
-3.9712e-05
-6.44263e-05
-9.60028e-05
-0.000121184
-0.000112776
-1.93683e-05
0.000236802
0.000731756
0.00148893
0.00244173
0.00335349
0.00394623
0.00403749
0.0036791
0.00313501
0.00270317
0.0025988
-6.82597e-05
-0.000181262
-0.000211763
-0.000250291
-0.000324983
-0.000441236
-0.000598337
-0.00078316
-0.000951261
-0.00100282
-0.000797335
-0.000239068
0.000669151
0.00174103
0.00268591
0.0031934
0.00315068
0.00271617
0.00215567
0.0018623
-0.000446218
-0.000573076
-0.000626965
-0.000712978
-0.000869123
-0.00111564
-0.00147652
-0.00198071
-0.00263841
-0.00336464
-0.00390692
-0.0039454
-0.00338628
-0.00221972
-0.000679958
0.000797259
0.00176678
0.00199564
0.00159874
0.000723189
-0.00107329
-0.00121445
-0.00130799
-0.00146746
-0.00174309
-0.00218039
-0.00285214
-0.00387974
-0.00540095
-0.00737829
-0.009364
-0.0106118
-0.0107032
-0.00959152
-0.00740574
-0.00455103
-0.00170352
0.000283465
0.000746283
-0.000857351
-0.00194572
-0.00210253
-0.00225283
-0.00251408
-0.00295311
-0.00365543
-0.00477362
-0.00657063
-0.00934163
-0.0130307
-0.0168811
-0.019675
-0.0206379
-0.0196742
-0.0169404
-0.0127726
-0.00781528
-0.00330464
-0.00116078
-0.00264479
-0.00302605
-0.00319872
-0.00342001
-0.0038079
-0.00444909
-0.00547903
-0.0071437
-0.00984666
-0.013985
-0.0193787
-0.0249041
-0.0289357
-0.0305383
-0.0296818
-0.0266701
-0.0218462
-0.0155732
-0.00883056
-0.0041779
-0.0032348
-0.00424904
-0.00443402
-0.00473044
-0.00525304
-0.00610528
-0.00746656
-0.00965708
-0.0131661
-0.0183957
-0.0250068
-0.0315936
-0.0362722
-0.03811
-0.0372349
-0.0341359
-0.0293055
-0.02291
-0.0152
-0.00804424
-0.0037582
-0.00553247
-0.00572041
-0.00607866
-0.00671512
-0.00774002
-0.00935628
-0.0119143
-0.0159247
-0.0217333
-0.0289245
-0.0359935
-0.0409486
-0.0428773
-0.0419568
-0.0388087
-0.0341617
-0.028269
-0.0208806
-0.012783
-0.00615136
-0.00679268
-0.00696819
-0.00735621
-0.00805469
-0.00916888
-0.0109034
-0.0135868
-0.0177123
-0.0235535
-0.0307327
-0.0378055
-0.0428111
-0.0448158
-0.0438956
-0.040707
-0.0362277
-0.031008
-0.0246331
-0.017215
-0.00988146
-0.00795977
-0.00810296
-0.00847629
-0.00915963
-0.0102506
-0.011946
-0.0145076
-0.0184035
-0.0238185
-0.0304431
-0.0370198
-0.0418205
-0.0438499
-0.0430356
-0.0398972
-0.0356294
-0.0311516
-0.0259665
-0.0198273
-0.0127327
-0.00899064
-0.00908248
-0.00938342
-0.00996544
-0.0109253
-0.0124295
-0.0147165
-0.0180932
-0.0227289
-0.0283746
-0.0340582
-0.0383587
-0.0402858
-0.0396605
-0.0368792
-0.0329849
-0.0291917
-0.0250342
-0.0201534
-0.0134366
-0.00987178
-0.00989829
-0.0100599
-0.0104565
-0.0111992
-0.0124235
-0.0143059
-0.0170457
-0.0207546
-0.0252541
-0.0298517
-0.0334599
-0.0351944
-0.0347824
-0.0324898
-0.0291338
-0.0259066
-0.0224401
-0.0187346
-0.0119544
-0.0106246
-0.0105766
-0.0105307
-0.0106686
-0.0111311
-0.0120348
-0.013496
-0.0156333
-0.0184987
-0.0219571
-0.0255312
-0.0284276
-0.0299083
-0.0296571
-0.0278313
-0.0250209
-0.02226
-0.0191552
-0.016872
-0.00873442
-0.0113085
-0.011163
-0.010774
-0.0105881
-0.0107484
-0.0113518
-0.0124641
-0.0141398
-0.0163846
-0.0190788
-0.0218814
-0.0242128
-0.0254778
-0.0253405
-0.0238758
-0.0214833
-0.019017
-0.016043
-0.0151351
-0.00294638
-0.0119469
-0.0117098
-0.0109594
-0.0103459
-0.0101899
-0.0105324
-0.0113891
-0.0127619
-0.0146235
-0.0168533
-0.0191875
-0.0211774
-0.0223487
-0.0223335
-0.0211176
-0.018924
-0.0164297
-0.0132173
-0.0110261
0.0105615
-0.0135668
-0.0123969
-0.0106897
-0.00966135
-0.009322
-0.00953245
-0.0102715
-0.0115073
-0.0132029
-0.015232
-0.0173815
-0.0192616
-0.0204888
-0.0206428
-0.0196327
-0.0173264
-0.0140164
-0.00807792
0.00365839
0.0445498
-0.0123794
-0.0137688
-0.0111819
-0.00947237
-0.00877693
-0.00883895
-0.00949081
-0.0106497
-0.0122949
-0.0142726
-0.0164225
-0.0183385
-0.019712
-0.0199845
-0.0189298
-0.0156277
-0.00884514
0.00707062
0.0422719
0.112706
-0.0299089
-0.0140482
-0.00807536
-0.00657636
-0.00639719
-0.00672449
-0.007552
-0.00886576
-0.0106725
-0.0127837
-0.0150616
-0.017121
-0.0186813
-0.0190808
-0.0175084
-0.0116108
0.00308108
0.0371497
0.104847
0.208949
)
;

boundaryField
{
    movingWall
    {
        type            zeroGradient;
    }
    fixedWalls
    {
        type            zeroGradient;
    }
    frontAndBack
    {
        type            empty;
    }
}


// ************************************************************************* //
