/*--------------------------------*- C++ -*----------------------------------*\
| =========                 |                                                 |
| \\      /  F ield         | OpenFOAM: The Open Source CFD Toolbox           |
|  \\    /   O peration     | Version:  2212                                  |
|   \\  /    A nd           | Website:  www.openfoam.com                      |
|    \\/     M anipulation  |                                                 |
\*---------------------------------------------------------------------------*/
FoamFile
{
    version     2.0;
    format      ascii;
    arch        "LSB;label=32;scalar=64";
    class       volScalarField;
    location    "1.44";
    object      p;
}
// * * * * * * * * * * * * * * * * * * * * * * * * * * * * * * * * * * * * * //

dimensions      [0 2 -2 0 0 0 0];

internalField   nonuniform List<scalar> 
400
(
2.93475e-06
-0.00582499
-0.0129631
-0.0184156
-0.0204333
-0.0182397
-0.0117752
-0.00148491
0.0118363
0.0271482
0.0432436
0.0588223
0.072578
0.0833079
0.0900523
0.0922665
0.0900253
0.0842433
0.07688
0.0710665
0.00578107
-0.000218262
-0.00580429
-0.00954312
-0.0105997
-0.0084337
-0.00297104
0.00547299
0.0163018
0.0287107
0.0417489
0.0543852
0.0655857
0.0744093
0.0801196
0.0823151
0.0810766
0.0770541
0.0712734
0.0653171
0.0133352
0.00503351
-0.000995678
-0.00442365
-0.00527364
-0.00326481
0.0016013
0.00902644
0.0185009
0.0293482
0.0407645
0.0518688
0.0617678
0.0696357
0.0748063
0.0768774
0.0758409
0.0720851
0.0658046
0.0575346
0.0201395
0.00869574
0.00122545
-0.00266908
-0.0037228
-0.00188613
0.00273031
0.00978347
0.0187792
0.0290939
0.0399909
0.0506531
0.0602321
0.0679152
0.0730024
0.0750007
0.073765
0.0694552
0.061602
0.0501015
0.024502
0.0097729
0.000589359
-0.00398747
-0.00530289
-0.0035081
0.00117385
0.00833354
0.0174608
0.0279479
0.0390838
0.0500689
0.060048
0.0681642
0.0736255
0.0757969
0.0743681
0.0692888
0.0595245
0.0445359
0.0251779
0.00714983
-0.00380242
-0.00905775
-0.0105128
-0.0085007
-0.00335761
0.00442852
0.0143123
0.0256779
0.0378126
0.0499022
0.0610471
0.0703022
0.0767337
0.079516
0.078138
0.0723325
0.0605381
0.0418888
0.0210934
-0.000262596
-0.0129349
-0.0187098
-0.0200305
-0.0174146
-0.0113191
-0.0023205
0.00898953
0.0219752
0.0359085
0.0499432
0.0631111
0.0743442
0.0825209
0.0865685
0.0857198
0.0794461
0.0656193
0.0430705
0.0111425
-0.0136185
-0.0278754
-0.0338547
-0.0346041
-0.0308582
-0.0232136
-0.0123459
0.00110404
0.016483
0.0330516
0.0499326
0.0660823
0.0802888
0.0911997
0.0974291
0.0978693
0.0916351
0.0758953
0.0491154
-0.00596762
-0.0342669
-0.0498705
-0.0555491
-0.0550907
-0.0495152
-0.0395942
-0.0261141
-0.00975788
0.00882219
0.0289001
0.0495926
0.0697965
0.0881535
0.103046
0.1127
0.11555
0.110191
0.0928333
0.0614104
-0.0318578
-0.0638767
-0.0804174
-0.0850077
-0.0824206
-0.0740789
-0.0609816
-0.0440374
-0.0239523
-0.00133767
0.0231448
0.0486602
0.0740948
0.0979714
0.118395
0.133125
0.139988
0.136817
0.11844
0.0819329
-0.068668
-0.104604
-0.121345
-0.123591
-0.117516
-0.105127
-0.0877189
-0.0663262
-0.0416377
-0.0141564
0.0156048
0.0469525
0.078855
0.109793
0.137623
0.159585
0.172726
0.173777
0.15552
0.11357
-0.119403
-0.159358
-0.174915
-0.172758
-0.161148
-0.142929
-0.119759
-0.0927776
-0.062578
-0.0294483
0.00637248
0.0444729
0.0840545
0.123702
0.161136
0.193085
0.215668
0.224076
0.20805
0.160632
-0.188629
-0.232242
-0.243939
-0.233948
-0.213695
-0.187155
-0.156373
-0.122501
-0.0858983
-0.0464726
-0.0040149
0.0415384
0.0898417
0.139829
0.189319
0.234689
0.271074
0.291664
0.281742
0.229775
-0.283975
-0.329305
-0.331832
-0.30828
-0.274709
-0.23644
-0.195764
-0.15361
-0.10984
-0.0637452
-0.0144379
0.0388634
0.0965542
0.158277
0.222374
0.285288
0.341397
0.381575
0.384914
0.331834
-0.419318
-0.459671
-0.44235
-0.395792
-0.342129
-0.287739
-0.234615
-0.182929
-0.131609
-0.0789844
-0.0232135
0.0374758
0.104554
0.178838
0.259862
0.344971
0.428617
0.4997
0.529675
0.485392
-0.620531
-0.636743
-0.578676
-0.494192
-0.411239
-0.335657
-0.267779
-0.205976
-0.147535
-0.0893819
-0.028425
0.0383493
0.113808
0.200473
0.299976
0.412026
0.53303
0.651776
0.732773
0.722397
-0.935923
-0.878514
-0.74174
-0.597947
-0.474391
-0.372658
-0.288867
-0.217761
-0.153952
-0.0924625
-0.0287159
0.0416971
0.123265
0.220719
0.338927
0.482156
0.651998
0.841343
1.01527
1.0975
-1.47642
-1.20663
-0.920501
-0.691386
-0.517303
-0.387542
-0.290059
-0.213335
-0.148122
-0.0872139
-0.024576
0.0454591
0.128939
0.233073
0.367105
0.54268
0.771295
1.05932
1.40329
1.73014
-2.53965
-1.63055
-1.04444
-0.710957
-0.495749
-0.352091
-0.254529
-0.183581
-0.126167
-0.0735935
-0.0192674
0.0427884
0.119214
0.218784
0.354814
0.547985
0.826394
1.23658
1.91168
2.92419
-4.36666
-2.04463
-0.97354
-0.563179
-0.357844
-0.240145
-0.170117
-0.123781
-0.0874795
-0.0535086
-0.0166529
0.0276621
0.0846089
0.161731
0.272413
0.4421
0.71822
1.22571
2.41104
4.84853
)
;

boundaryField
{
    movingWall
    {
        type            zeroGradient;
    }
    fixedWalls
    {
        type            zeroGradient;
    }
    frontAndBack
    {
        type            empty;
    }
}


// ************************************************************************* //
