/*--------------------------------*- C++ -*----------------------------------*\
| =========                 |                                                 |
| \\      /  F ield         | OpenFOAM: The Open Source CFD Toolbox           |
|  \\    /   O peration     | Version:  2212                                  |
|   \\  /    A nd           | Website:  www.openfoam.com                      |
|    \\/     M anipulation  |                                                 |
\*---------------------------------------------------------------------------*/
FoamFile
{
    version     2.0;
    format      ascii;
    arch        "LSB;label=32;scalar=64";
    class       volVectorField;
    location    "3.665";
    object      U;
}
// * * * * * * * * * * * * * * * * * * * * * * * * * * * * * * * * * * * * * //

dimensions      [0 1 -1 0 0 0 0];

internalField   nonuniform List<vector> 
400
(
(0.00163873 -0.00164776 0)
(0.00470177 -0.00184703 0)
(0.00638059 -0.00117544 0)
(0.00544627 -0.000557825 0)
(0.00137299 0.000199507 0)
(-0.00692601 0.00173414 0)
(-0.0205052 0.00471074 0)
(-0.039152 0.0085729 0)
(-0.0601347 0.0111096 0)
(-0.0783029 0.0103993 0)
(-0.0889932 0.0067551 0)
(-0.0898007 0.00172314 0)
(-0.0798406 -0.00350569 0)
(-0.0599314 -0.00814014 0)
(-0.0337752 -0.0107232 0)
(-0.00578587 -0.00972374 0)
(0.0161338 -0.00482287 0)
(0.0239808 0.00267099 0)
(0.0159506 0.00636133 0)
(0.00427647 0.0046575 0)
(0.00164408 -0.00490749 0)
(0.00295532 -0.00386626 0)
(-0.000677484 0.000651539 0)
(-0.0114902 0.00640063 0)
(-0.0313034 0.0138765 0)
(-0.0605678 0.0234139 0)
(-0.0957644 0.0325505 0)
(-0.130007 0.0365985 0)
(-0.157329 0.0331875 0)
(-0.174437 0.0232941 0)
(-0.1799 0.00921853 0)
(-0.173735 -0.00670226 0)
(-0.156518 -0.0227456 0)
(-0.128952 -0.0364257 0)
(-0.0932827 -0.0441135 0)
(-0.0522297 -0.0415418 0)
(-0.0117136 -0.026318 0)
(0.0164364 -0.00153288 0)
(0.0175966 0.0159102 0)
(0.00549188 0.0146293 0)
(-0.000306244 -0.00549068 0)
(-0.00549416 0.00103821 0)
(-0.01961 0.0142383 0)
(-0.0441626 0.0308358 0)
(-0.0794501 0.048727 0)
(-0.120737 0.0634147 0)
(-0.160444 0.0696659 0)
(-0.19309 0.0653501 0)
(-0.216538 0.051805 0)
(-0.230183 0.0314769 0)
(-0.234024 0.0066866 0)
(-0.2287 -0.0205457 0)
(-0.214519 -0.0480717 0)
(-0.19098 -0.0723054 0)
(-0.157805 -0.0881386 0)
(-0.114963 -0.0885606 0)
(-0.0642522 -0.0667689 0)
(-0.0139581 -0.0229545 0)
(0.00932826 0.0174408 0)
(0.0041505 0.0232817 0)
(-0.0034603 0.000768591 0)
(-0.0173738 0.017325 0)
(-0.0430534 0.041047 0)
(-0.0786833 0.0672389 0)
(-0.121343 0.0898912 0)
(-0.163736 0.102532 0)
(-0.199478 0.101772 0)
(-0.226584 0.0888509 0)
(-0.245297 0.0668784 0)
(-0.256217 0.0385411 0)
(-0.260176 0.00570301 0)
(-0.257971 -0.0303201 0)
(-0.249537 -0.067328 0)
(-0.233826 -0.102402 0)
(-0.208847 -0.130111 0)
(-0.171904 -0.14169 0)
(-0.120468 -0.125003 0)
(-0.0565159 -0.0707687 0)
(-0.00108925 0.00307001 0)
(0.00473597 0.0278791 0)
(-0.00657505 0.0149365 0)
(-0.0283287 0.0438196 0)
(-0.0623877 0.0761128 0)
(-0.102954 0.107413 0)
(-0.145223 0.129491 0)
(-0.182153 0.136572 0)
(-0.210252 0.128163 0)
(-0.229859 0.107776 0)
(-0.24226 0.0792545 0)
(-0.249174 0.0453769 0)
(-0.252299 0.00767296 0)
(-0.252574 -0.0330756 0)
(-0.249783 -0.07575 0)
(-0.243342 -0.119053 0)
(-0.230446 -0.159056 0)
(-0.20647 -0.187335 0)
(-0.165402 -0.188604 0)
(-0.102607 -0.142133 0)
(-0.0221159 -0.0390647 0)
(0.00729058 0.0266982 0)
(-0.00836404 0.0346915 0)
(-0.0345938 0.0758568 0)
(-0.0719257 0.113433 0)
(-0.111522 0.145711 0)
(-0.148347 0.163953 0)
(-0.176945 0.164089 0)
(-0.196275 0.148217 0)
(-0.207843 0.121359 0)
(-0.21363 0.0878632 0)
(-0.216127 0.0507167 0)
(-0.21734 0.0113799 0)
(-0.218304 -0.0297641 0)
(-0.219228 -0.0732258 0)
(-0.220174 -0.119434 0)
(-0.218928 -0.167198 0)
(-0.210362 -0.211036 0)
(-0.186395 -0.236747 0)
(-0.138483 -0.217109 0)
(-0.0622447 -0.118312 0)
(0.00569766 0.0139167 0)
(-0.00812732 0.0564196 0)
(-0.0346944 0.108719 0)
(-0.0706059 0.148491 0)
(-0.10535 0.178795 0)
(-0.134649 0.191503 0)
(-0.154848 0.184373 0)
(-0.166556 0.161567 0)
(-0.171862 0.129189 0)
(-0.173177 0.0920305 0)
(-0.17304 0.0531263 0)
(-0.173024 0.0137161 0)
(-0.173843 -0.0261936 0)
(-0.176059 -0.0678094 0)
(-0.180196 -0.112505 0)
(-0.185564 -0.161447 0)
(-0.188457 -0.213477 0)
(-0.18093 -0.259531 0)
(-0.152998 -0.273322 0)
(-0.0984281 -0.204585 0)
(-0.00884101 -0.0147652 0)
(-0.00599707 0.0766088 0)
(-0.0292044 0.138794 0)
(-0.0603154 0.178807 0)
(-0.0883802 0.205613 0)
(-0.110129 0.212293 0)
(-0.12348 0.198266 0)
(-0.12994 0.169381 0)
(-0.131802 0.132604 0)
(-0.131535 0.0929755 0)
(-0.131144 0.0532561 0)
(-0.131376 0.0141785 0)
(-0.132437 -0.024678 0)
(-0.134806 -0.0644297 0)
(-0.139183 -0.106421 0)
(-0.146157 -0.152734 0)
(-0.154339 -0.205759 0)
(-0.157638 -0.263427 0)
(-0.145658 -0.30598 0)
(-0.111365 -0.275426 0)
(-0.0306035 -0.0748043 0)
(-0.00265128 0.0922752 0)
(-0.0199765 0.163471 0)
(-0.0442851 0.202852 0)
(-0.0651664 0.225602 0)
(-0.0802346 0.226707 0)
(-0.0885585 0.207026 0)
(-0.0919632 0.173586 0)
(-0.0925845 0.133889 0)
(-0.092548 0.0930193 0)
(-0.0930815 0.0532779 0)
(-0.0942676 0.0147637 0)
(-0.0960176 -0.0233736 0)
(-0.0985193 -0.0620161 0)
(-0.102296 -0.101975 0)
(-0.108511 -0.145017 0)
(-0.117872 -0.195198 0)
(-0.127107 -0.256902 0)
(-0.125691 -0.321035 0)
(-0.106796 -0.332558 0)
(-0.0370298 -0.16191 0)
(0.0012136 0.101182 0)
(-0.00871134 0.180994 0)
(-0.0251124 0.220146 0)
(-0.0388949 0.239567 0)
(-0.0482344 0.236493 0)
(-0.0529772 0.212813 0)
(-0.0547628 0.176334 0)
(-0.0552488 0.134947 0)
(-0.0559827 0.0936759 0)
(-0.0575501 0.0542949 0)
(-0.0597291 0.016334 0)
(-0.0623627 -0.021344 0)
(-0.0654507 -0.0594844 0)
(-0.0692001 -0.0984198 0)
(-0.0745804 -0.138996 0)
(-0.0832051 -0.185054 0)
(-0.0950986 -0.245014 0)
(-0.100136 -0.32169 0)
(-0.094761 -0.369906 0)
(-0.0307769 -0.240658 0)
(0.00501193 0.102273 0)
(0.00294115 0.190397 0)
(-0.00524407 0.230468 0)
(-0.012242 0.247453 0)
(-0.0165566 0.241537 0)
(-0.0183705 0.215607 0)
(-0.018957 0.177807 0)
(-0.019368 0.136032 0)
(-0.0205651 0.0950651 0)
(-0.0227354 0.0562953 0)
(-0.0255727 0.0189698 0)
(-0.0289932 -0.0181427 0)
(-0.0330118 -0.0558176 0)
(-0.0376028 -0.0942133 0)
(-0.0433477 -0.133383 0)
(-0.0515653 -0.175954 0)
(-0.0651427 -0.231896 0)
(-0.0740219 -0.315221 0)
(-0.081018 -0.394285 0)
(-0.0228871 -0.305001 0)
(0.00823737 0.0959057 0)
(0.0139346 0.191336 0)
(0.0138381 0.233927 0)
(0.0134535 0.250173 0)
(0.0140727 0.243251 0)
(0.0152697 0.21682 0)
(0.0161363 0.179036 0)
(0.0161934 0.137632 0)
(0.0150372 0.097187 0)
(0.0127251 0.0590223 0)
(0.00955134 0.0224116 0)
(0.00549955 -0.0138661 0)
(0.000428427 -0.0506952 0)
(-0.00555557 -0.0882723 0)
(-0.0128647 -0.126308 0)
(-0.0217645 -0.166003 0)
(-0.0375539 -0.216703 0)
(-0.0488872 -0.301482 0)
(-0.0679596 -0.406101 0)
(-0.014492 -0.357875 0)
(0.0100131 0.0832329 0)
(0.0228671 0.183858 0)
(0.030415 0.2301 0)
(0.0362507 0.246746 0)
(0.0418264 0.240049 0)
(0.0467036 0.214549 0)
(0.0500582 0.178081 0)
(0.0516339 0.138014 0)
(0.0513848 0.0987426 0)
(0.0495395 0.0616494 0)
(0.0463718 0.0261977 0)
(0.0418135 -0.00876238 0)
(0.0356824 -0.0441822 0)
(0.0280597 -0.0803383 0)
(0.0181878 -0.116907 0)
(0.00708794 -0.154249 0)
(-0.0121531 -0.200333 0)
(-0.0247353 -0.283425 0)
(-0.0560925 -0.408705 0)
(-0.006227 -0.399866 0)
(0.00954128 0.0664579 0)
(0.0282705 0.168365 0)
(0.0433341 0.219209 0)
(0.0556688 0.238056 0)
(0.0667818 0.233227 0)
(0.0763064 0.210137 0)
(0.083364 0.176161 0)
(0.0876408 0.138184 0)
(0.0892207 0.100507 0)
(0.0884345 0.0647319 0)
(0.0856287 0.0307001 0)
(0.0806377 -0.00262351 0)
(0.0732818 -0.0359245 0)
(0.0638105 -0.0698244 0)
(0.0509204 -0.104148 0)
(0.0363369 -0.138867 0)
(0.0122656 -0.180329 0)
(-0.000713693 -0.260298 0)
(-0.0452077 -0.404605 0)
(0.00262031 -0.434523 0)
(0.00668211 0.0491604 0)
(0.0285116 0.147142 0)
(0.0498369 0.200951 0)
(0.068396 0.221533 0)
(0.0856004 0.218726 0)
(0.10105 0.198829 0)
(0.113482 0.168572 0)
(0.122208 0.134069 0)
(0.127146 0.0993425 0)
(0.12858 0.0661145 0)
(0.126799 0.0346159 0)
(0.121895 0.00402605 0)
(0.113376 -0.0260747 0)
(0.101884 -0.0565436 0)
(0.0852219 -0.0874586 0)
(0.0664628 -0.119482 0)
(0.036926 -0.157276 0)
(0.0229091 -0.234439 0)
(-0.0349581 -0.397119 0)
(0.0132575 -0.463084 0)
(0.00229037 0.0348333 0)
(0.0228884 0.122721 0)
(0.0496015 0.177781 0)
(0.0748671 0.200331 0)
(0.0991381 0.199979 0)
(0.121666 0.18378 0)
(0.140792 0.158033 0)
(0.155299 0.127974 0)
(0.164775 0.0972167 0)
(0.169454 0.0674743 0)
(0.169313 0.039329 0)
(0.165074 0.0123531 0)
(0.155387 -0.0138292 0)
(0.141905 -0.0399661 0)
(0.121068 -0.066398 0)
(0.0980243 -0.0947082 0)
(0.0628004 -0.129691 0)
(0.0459566 -0.205253 0)
(-0.0233281 -0.385804 0)
(0.0282235 -0.48467 0)
(-0.0033659 0.0291525 0)
(0.00952667 0.100989 0)
(0.0358783 0.147104 0)
(0.0671729 0.167352 0)
(0.0995597 0.168467 0)
(0.130813 0.156321 0)
(0.158384 0.136157 0)
(0.180548 0.112096 0)
(0.196283 0.0872023 0)
(0.205944 0.0630027 0)
(0.208745 0.0402463 0)
(0.206428 0.0187783 0)
(0.196338 -0.00175183 0)
(0.181968 -0.0218903 0)
(0.157646 -0.0421189 0)
(0.131603 -0.0655671 0)
(0.0908449 -0.0993789 0)
(0.0688164 -0.178222 0)
(-0.00497119 -0.369242 0)
(0.051861 -0.491187 0)
(-0.0136392 0.0190512 0)
(-0.00750383 0.0882228 0)
(0.0184222 0.123392 0)
(0.0549444 0.135974 0)
(0.0954027 0.135347 0)
(0.135138 0.126187 0)
(0.170824 0.111693 0)
(0.200169 0.0941542 0)
(0.221697 0.0759806 0)
(0.23648 0.0581576 0)
(0.242408 0.0416617 0)
(0.243284 0.0263335 0)
(0.234182 0.0123757 0)
(0.222624 -0.00110438 0)
(0.198196 -0.0148342 0)
(0.174917 -0.0336085 0)
(0.13141 -0.0663349 0)
(0.106709 -0.145114 0)
(0.0369538 -0.325988 0)
(0.0921621 -0.4558 0)
(-0.105768 0.0827943 0)
(-0.077573 0.0692616 0)
(-0.0487237 0.0730379 0)
(0.0030486 0.0772066 0)
(0.0558899 0.0773651 0)
(0.107956 0.0730771 0)
(0.154536 0.0658275 0)
(0.196365 0.0565627 0)
(0.228116 0.0470766 0)
(0.255983 0.0376161 0)
(0.271643 0.0291744 0)
(0.286803 0.0213864 0)
(0.287396 0.0148356 0)
(0.291808 0.00859847 0)
(0.276092 0.00178837 0)
(0.269452 -0.00934058 0)
(0.230756 -0.034957 0)
(0.217403 -0.0951301 0)
(0.150046 -0.22971 0)
(0.170643 -0.341505 0)
(0.130116 0.103858 0)
(0.158634 0.0755212 0)
(0.212654 0.0535463 0)
(0.271117 0.0418636 0)
(0.323454 0.0360599 0)
(0.375514 0.0320185 0)
(0.419705 0.0289469 0)
(0.464623 0.025596 0)
(0.497413 0.0229282 0)
(0.532437 0.0197529 0)
(0.551777 0.0176196 0)
(0.577592 0.0147062 0)
(0.583852 0.013294 0)
(0.602407 0.0104976 0)
(0.59414 0.00955641 0)
(0.602994 0.00515771 0)
(0.56755 0.000223974 0)
(0.547748 -0.018228 0)
(0.436033 -0.0503996 0)
(0.336928 -0.10141 0)
)
;

boundaryField
{
    movingWall
    {
        type            fixedValue;
        value           uniform (1 0 0);
    }
    fixedWalls
    {
        type            noSlip;
    }
    frontAndBack
    {
        type            empty;
    }
}


// ************************************************************************* //
