/*--------------------------------*- C++ -*----------------------------------*\
| =========                 |                                                 |
| \\      /  F ield         | OpenFOAM: The Open Source CFD Toolbox           |
|  \\    /   O peration     | Version:  2212                                  |
|   \\  /    A nd           | Website:  www.openfoam.com                      |
|    \\/     M anipulation  |                                                 |
\*---------------------------------------------------------------------------*/
FoamFile
{
    version     2.0;
    format      ascii;
    arch        "LSB;label=32;scalar=64";
    class       surfaceScalarField;
    location    "2.35";
    object      phi;
}
// * * * * * * * * * * * * * * * * * * * * * * * * * * * * * * * * * * * * * //

dimensions      [0 3 -1 0 0 0 0];

oriented        oriented;

internalField   nonuniform List<scalar> 
760
(
1.23173e-07
-1.23172e-07
2.23691e-07
-1.00519e-07
2.24417e-07
-7.25693e-10
1.04142e-07
1.20275e-07
-1.73558e-07
2.777e-07
-6.62841e-07
4.89283e-07
-1.39321e-06
7.30368e-07
-2.29912e-06
9.05906e-07
-3.20928e-06
9.10165e-07
-3.91116e-06
7.01884e-07
-4.23863e-06
3.27462e-07
-4.09604e-06
-1.42588e-07
-3.41628e-06
-6.79762e-07
-2.30216e-06
-1.11411e-06
-9.67339e-07
-1.33482e-06
2.38193e-07
-1.20553e-06
9.5426e-07
-7.16067e-07
9.34465e-07
1.97948e-08
4.22451e-07
5.12015e-07
4.2245e-07
7.26064e-08
-1.95779e-07
-1.61352e-08
-1.17767e-08
-3.666e-07
3.49739e-07
-1.06768e-06
8.21352e-07
-2.16735e-06
1.37737e-06
-3.61429e-06
1.93622e-06
-5.20793e-06
2.32401e-06
-6.66875e-06
2.36673e-06
-7.76932e-06
2.01073e-06
-8.38468e-06
1.31725e-06
-8.46073e-06
4.03514e-07
-7.96589e-06
-6.37435e-07
-6.93018e-06
-1.71547e-06
-5.3846e-06
-2.65969e-06
-3.46636e-06
-3.25306e-06
-1.46529e-06
-3.2066e-06
1.14253e-07
-2.29562e-06
7.77977e-07
-6.43929e-07
4.86458e-07
8.03534e-07
9.08909e-07
-1.58234e-07
-3.75448e-08
-6.41463e-07
4.71452e-07
-1.53507e-06
1.24335e-06
-2.88631e-06
2.17259e-06
-4.61712e-06
3.10818e-06
-6.48854e-06
3.80764e-06
-8.21092e-06
4.04639e-06
-9.58991e-06
3.74572e-06
-1.05503e-05
2.97111e-06
-1.10726e-05
1.83959e-06
-1.11133e-05
4.4423e-07
-1.07006e-05
-1.05022e-06
-9.82809e-06
-2.58795e-06
-8.44607e-06
-4.04171e-06
-6.53548e-06
-5.16364e-06
-4.19e-06
-5.55208e-06
-1.7911e-06
-4.69452e-06
-9.23798e-08
-2.34265e-06
2.81516e-07
4.29638e-07
1.19042e-06
-4.64712e-07
4.27168e-07
-1.42814e-06
1.43488e-06
-2.82504e-06
2.64025e-06
-4.60294e-06
3.95049e-06
-6.56124e-06
5.06648e-06
-8.42478e-06
5.67119e-06
-9.98154e-06
5.60314e-06
-1.11557e-05
4.91988e-06
-1.19581e-05
3.77352e-06
-1.24159e-05
2.2974e-06
-1.25166e-05
5.44879e-07
-1.23054e-05
-1.26137e-06
-1.17585e-05
-3.13488e-06
-1.07776e-05
-5.02264e-06
-9.23806e-06
-6.70314e-06
-7.02117e-06
-7.76897e-06
-4.17797e-06
-7.53771e-06
-1.30973e-06
-5.21089e-06
1.14029e-07
-9.94124e-07
1.30445e-06
-7.67915e-07
1.19508e-06
-2.11017e-06
2.77714e-06
-3.80206e-06
4.33214e-06
-5.70083e-06
5.84926e-06
-7.56539e-06
6.93104e-06
-9.17103e-06
7.27682e-06
-1.04105e-05
6.84257e-06
-1.12834e-05
5.79286e-06
-1.1839e-05
4.32905e-06
-1.21436e-05
2.60206e-06
-1.22773e-05
6.78581e-07
-1.22481e-05
-1.29058e-06
-1.20453e-05
-3.33768e-06
-1.15902e-05
-5.47775e-06
-1.0702e-05
-7.59135e-06
-9.10197e-06
-9.36898e-06
-6.51411e-06
-1.01256e-05
-3.05793e-06
-8.66707e-06
-2.4996e-07
-3.80209e-06
1.05449e-06
-9.53979e-07
2.14906e-06
-2.47694e-06
4.3001e-06
-4.21368e-06
6.06888e-06
-5.97467e-06
7.61024e-06
-7.54779e-06
8.50416e-06
-8.78222e-06
8.51125e-06
-9.64066e-06
7.70101e-06
-1.01668e-05
6.31897e-06
-1.04405e-05
4.60273e-06
-1.05587e-05
2.72025e-06
-1.06408e-05
7.60729e-07
-1.06997e-05
-1.23168e-06
-1.07424e-05
-3.29494e-06
-1.07426e-05
-5.47755e-06
-1.05462e-05
-7.7878e-06
-9.82664e-06
-1.00885e-05
-8.10423e-06
-1.1848e-05
-4.99774e-06
-1.17736e-05
-1.0971e-06
-7.70273e-06
-4.2607e-08
-9.70836e-07
3.1199e-06
-2.45873e-06
5.78799e-06
-4.038e-06
7.64816e-06
-5.51525e-06
9.08748e-06
-6.73095e-06
9.71987e-06
-7.5972e-06
9.37749e-06
-8.12163e-06
8.22544e-06
-8.37352e-06
6.57086e-06
-8.44983e-06
4.67904e-06
-8.45051e-06
2.72094e-06
-8.46695e-06
7.77167e-07
-8.53314e-06
-1.16549e-06
-8.67061e-06
-3.15748e-06
-8.89368e-06
-5.25448e-06
-9.14175e-06
-7.53973e-06
-9.17288e-06
-1.00574e-05
-8.46506e-06
-1.25558e-05
-6.28887e-06
-1.39498e-05
-2.30171e-06
-1.16899e-05
-2.34432e-06
-8.18381e-07
3.93828e-06
-2.10037e-06
7.06998e-06
-3.40251e-06
8.9503e-06
-4.54713e-06
1.02321e-05
-5.42596e-06
1.05987e-05
-5.99926e-06
9.9508e-06
-6.30082e-06
8.527e-06
-6.40859e-06
6.67863e-06
-6.41603e-06
4.68648e-06
-6.40357e-06
2.70848e-06
-6.41804e-06
7.91638e-07
-6.48207e-06
-1.10147e-06
-6.62309e-06
-3.01645e-06
-6.87862e-06
-4.99895e-06
-7.26669e-06
-7.15166e-06
-7.68573e-06
-9.63835e-06
-7.70697e-06
-1.25346e-05
-6.51289e-06
-1.51438e-05
-3.42e-06
-1.47828e-05
-5.76432e-06
-5.45918e-07
4.4842e-06
-1.51422e-06
8.03829e-06
-2.48823e-06
9.92431e-06
-3.30371e-06
1.10476e-05
-3.89671e-06
1.11917e-05
-4.26099e-06
1.03151e-05
-4.44017e-06
8.70617e-06
-4.50436e-06
6.74282e-06
-4.52661e-06
4.70873e-06
-4.55673e-06
2.73861e-06
-4.6108e-06
8.45703e-07
-4.69657e-06
-1.0157e-06
-4.8298e-06
-2.88321e-06
-5.04728e-06
-4.78148e-06
-5.41374e-06
-6.7852e-06
-5.93998e-06
-9.11211e-06
-6.38165e-06
-1.20929e-05
-5.97637e-06
-1.55491e-05
-3.80433e-06
-1.69548e-05
-9.56865e-06
-2.02003e-07
4.6862e-06
-8.03252e-07
8.63953e-06
-1.43522e-06
1.05563e-05
-1.94563e-06
1.1558e-05
-2.2999e-06
1.1546e-05
-2.51329e-06
1.05285e-05
-2.62745e-06
8.82032e-06
-2.69265e-06
6.80802e-06
-2.75348e-06
4.76956e-06
-2.83524e-06
2.82037e-06
-2.94146e-06
9.51924e-07
-3.07079e-06
-8.86369e-07
-3.22626e-06
-2.72775e-06
-3.42763e-06
-4.5801e-06
-3.74005e-06
-6.47279e-06
-4.25454e-06
-8.59762e-06
-4.89768e-06
-1.14498e-05
-5.03118e-06
-1.54156e-05
-3.4909e-06
-1.84951e-05
-1.30596e-05
1.43996e-07
4.5422e-06
-6.14925e-08
8.84502e-06
-3.69242e-07
1.0864e-05
-6.04066e-07
1.17928e-05
-7.46757e-07
1.16887e-05
-8.24783e-07
1.06065e-05
-8.77082e-07
8.87262e-06
-9.37483e-07
6.86842e-06
-1.0232e-06
4.85528e-06
-1.14033e-06
2.9375e-06
-1.28875e-06
1.10034e-06
-1.46865e-06
-7.06473e-07
-1.68012e-06
-2.51628e-06
-1.92388e-06
-4.33634e-06
-2.24089e-06
-6.15578e-06
-2.74128e-06
-8.09722e-06
-3.48036e-06
-1.07107e-05
-3.9796e-06
-1.49164e-05
-2.99334e-06
-1.94814e-05
-1.60529e-05
4.33069e-07
4.10913e-06
6.1404e-07
8.66405e-06
6.62344e-07
1.08157e-05
7.13905e-07
1.17413e-05
7.82987e-07
1.16196e-05
8.37794e-07
1.05517e-05
8.51314e-07
8.8591e-06
8.12946e-07
6.90679e-06
7.24369e-07
4.94385e-06
5.92244e-07
3.06962e-06
4.15804e-07
1.27678e-06
1.90419e-07
-4.81088e-07
-8.35894e-08
-2.24227e-06
-4.19906e-07
-4.00003e-06
-8.24646e-07
-5.75104e-06
-1.36051e-06
-7.56136e-06
-2.18078e-06
-9.89041e-06
-2.9579e-06
-1.41392e-05
-2.46354e-06
-1.99757e-05
-1.85164e-05
6.44068e-07
3.46507e-06
1.18279e-06
8.12533e-06
1.55716e-06
1.04413e-05
1.89541e-06
1.1403e-05
2.19985e-06
1.13151e-05
2.42463e-06
1.03269e-05
2.54668e-06
8.73705e-06
2.57106e-06
6.88241e-06
2.51449e-06
5.00042e-06
2.38967e-06
3.19444e-06
2.19603e-06
1.47042e-06
1.91959e-06
-2.04648e-07
1.5617e-06
-1.88437e-06
1.11978e-06
-3.55811e-06
5.85977e-07
-5.21724e-06
-1.02425e-07
-6.87296e-06
-9.9844e-07
-8.9944e-06
-1.97919e-06
-1.31585e-05
-1.9538e-06
-2.00011e-05
-2.04702e-05
7.31364e-07
2.7337e-06
1.56514e-06
7.29155e-06
2.25529e-06
9.75121e-06
2.8876e-06
1.07707e-05
3.45847e-06
1.07443e-05
3.90896e-06
9.87642e-06
4.20467e-06
8.44135e-06
4.34923e-06
6.73785e-06
4.36513e-06
4.98452e-06
4.27197e-06
3.2876e-06
4.07257e-06
1.66982e-06
3.75187e-06
1.16051e-07
3.30853e-06
-1.44103e-06
2.73484e-06
-2.98441e-06
2.03062e-06
-4.51302e-06
1.20788e-06
-6.05021e-06
1.5909e-07
-7.94561e-06
-1.06389e-06
-1.19355e-05
-1.47758e-06
-1.95874e-05
-2.19478e-05
6.66909e-07
2.06679e-06
1.66331e-06
6.29515e-06
2.61605e-06
8.79846e-06
3.55011e-06
9.83664e-06
4.42827e-06
9.8661e-06
5.17059e-06
9.1341e-06
5.71856e-06
7.89338e-06
6.06074e-06
6.39566e-06
6.21384e-06
4.83142e-06
6.1987e-06
3.30275e-06
6.02116e-06
1.84736e-06
5.67506e-06
4.62146e-07
5.14171e-06
-9.0768e-07
4.42695e-06
-2.26965e-06
3.52777e-06
-3.61384e-06
2.47618e-06
-4.99863e-06
1.21694e-06
-6.68636e-06
-2.61896e-07
-1.04567e-05
-9.93153e-07
-1.88562e-05
-2.2941e-05
4.6669e-07
1.6001e-06
1.4662e-06
5.29564e-06
2.6644e-06
7.60027e-06
3.92055e-06
8.58049e-06
5.14272e-06
8.64393e-06
6.2222e-06
8.05463e-06
7.07496e-06
7.04062e-06
7.67071e-06
5.79991e-06
8.01323e-06
4.4889e-06
8.11851e-06
3.19747e-06
7.99551e-06
1.97036e-06
7.6471e-06
8.1055e-07
7.03334e-06
-2.93913e-07
6.17777e-06
-1.41409e-06
5.07261e-06
-2.50867e-06
3.76874e-06
-3.69476e-06
2.31517e-06
-5.2328e-06
7.51693e-07
-8.8932e-06
-2.43455e-07
-1.7861e-05
-2.31844e-05
8.57331e-08
1.51437e-06
7.89532e-07
4.59184e-06
2.09073e-06
6.29908e-06
3.66311e-06
7.00811e-06
5.2841e-06
7.02294e-06
6.76807e-06
6.57066e-06
7.99654e-06
5.81214e-06
8.92257e-06
4.87388e-06
9.52936e-06
3.88211e-06
9.82576e-06
2.90107e-06
9.81478e-06
1.98134e-06
9.50638e-06
1.11895e-06
8.88105e-06
3.31424e-07
7.93098e-06
-4.64022e-07
6.68046e-06
-1.25816e-06
5.17944e-06
-2.19373e-06
3.58399e-06
-3.63735e-06
2.03576e-06
-7.34496e-06
5.71827e-07
-1.63971e-05
-2.26126e-05
-4.78152e-07
1.99252e-06
8.26552e-08
4.03103e-06
1.40197e-06
4.97976e-06
3.23648e-06
5.1736e-06
5.21326e-06
5.04616e-06
7.05786e-06
4.72606e-06
8.6216e-06
4.2484e-06
9.84838e-06
3.6471e-06
1.07062e-05
3.0243e-06
1.1207e-05
2.40025e-06
1.13527e-05
1.83569e-06
1.11665e-05
1.30511e-06
1.0659e-05
8.38966e-07
9.83334e-06
3.61586e-07
8.70476e-06
-1.2957e-07
7.32451e-06
-8.13483e-07
5.88821e-06
-2.20106e-06
4.24397e-06
-5.70073e-06
1.96567e-06
-1.41188e-05
-2.06469e-05
-4.13978e-06
6.1323e-06
-3.65598e-06
3.54723e-06
-1.43019e-06
2.75397e-06
1.15641e-06
2.587e-06
3.69921e-06
2.50336e-06
6.07872e-06
2.34655e-06
8.19022e-06
2.1369e-06
9.96885e-06
1.86847e-06
1.13864e-05
1.60676e-06
1.24605e-05
1.32611e-06
1.3203e-05
1.09319e-06
1.36556e-05
8.52517e-07
1.38142e-05
6.8037e-07
1.37021e-05
4.73743e-07
1.32855e-05
2.86961e-07
1.25814e-05
-1.0937e-07
1.16172e-05
-1.23685e-06
9.97223e-06
-4.05575e-06
5.5794e-06
-9.72596e-06
-1.50675e-05
6.1323e-06
9.67954e-06
1.24335e-05
1.50205e-05
1.75239e-05
1.98704e-05
2.20073e-05
2.38758e-05
2.54825e-05
2.68087e-05
2.79019e-05
2.87544e-05
2.94347e-05
2.99085e-05
3.01954e-05
3.00861e-05
2.88492e-05
2.47935e-05
1.50675e-05
)
;

boundaryField
{
    movingWall
    {
        type            calculated;
        value           uniform 0;
    }
    fixedWalls
    {
        type            calculated;
        value           uniform 0;
    }
    frontAndBack
    {
        type            empty;
        value           nonuniform List<scalar> 0();
    }
}


// ************************************************************************* //
