/*--------------------------------*- C++ -*----------------------------------*\
| =========                 |                                                 |
| \\      /  F ield         | OpenFOAM: The Open Source CFD Toolbox           |
|  \\    /   O peration     | Version:  2212                                  |
|   \\  /    A nd           | Website:  www.openfoam.com                      |
|    \\/     M anipulation  |                                                 |
\*---------------------------------------------------------------------------*/
FoamFile
{
    version     2.0;
    format      ascii;
    arch        "LSB;label=32;scalar=64";
    class       volVectorField;
    location    "2.35";
    object      U;
}
// * * * * * * * * * * * * * * * * * * * * * * * * * * * * * * * * * * * * * //

dimensions      [0 1 -1 0 0 0 0];

internalField   nonuniform List<vector> 
400
(
(0.00134909 -0.00139694 0)
(0.00377156 -0.0015228 0)
(0.00494854 -0.00101461 0)
(0.00392469 -0.000452288 0)
(0.000114317 0.000286454 0)
(-0.0074744 0.00167879 0)
(-0.0197842 0.00421268 0)
(-0.0366965 0.00752564 0)
(-0.0559403 0.00989999 0)
(-0.0730236 0.00954232 0)
(-0.0835 0.00639584 0)
(-0.0848052 0.00176247 0)
(-0.0759455 -0.00313501 0)
(-0.0575111 -0.00753782 0)
(-0.0330062 -0.0100177 0)
(-0.00661431 -0.00912871 0)
(0.0141581 -0.00466272 0)
(0.0218126 0.00233655 0)
(0.0147299 0.00583491 0)
(0.00401409 0.00431081 0)
(0.0011532 -0.00384943 0)
(0.00159345 -0.00277744 0)
(-0.00232238 0.00101211 0)
(-0.0123131 0.00602002 0)
(-0.0301681 0.012628 0)
(-0.0565133 0.0210646 0)
(-0.0887722 0.0294257 0)
(-0.12107 0.0337238 0)
(-0.147565 0.0313006 0)
(-0.164674 0.022551 0)
(-0.170728 0.00950078 0)
(-0.165513 -0.00556248 0)
(-0.149575 -0.0208461 0)
(-0.123517 -0.0339945 0)
(-0.0895488 -0.0414783 0)
(-0.0503753 -0.0392545 0)
(-0.0117338 -0.0251432 0)
(0.0149479 -0.00199884 0)
(0.0163763 0.0145889 0)
(0.00521752 0.0136235 0)
(-0.000706973 -0.00365104 0)
(-0.00607797 0.00244804 0)
(-0.0192665 0.0136175 0)
(-0.0414699 0.0279821 0)
(-0.073336 0.0440579 0)
(-0.111471 0.0580512 0)
(-0.149345 0.0649965 0)
(-0.181379 0.0621849 0)
(-0.20492 0.0502658 0)
(-0.219053 0.0314241 0)
(-0.223592 0.00796003 0)
(-0.219043 -0.0180505 0)
(-0.205721 -0.0444841 0)
(-0.183207 -0.0678782 0)
(-0.151263 -0.0833217 0)
(-0.109963 -0.0841073 0)
(-0.0612956 -0.0637996 0)
(-0.0134346 -0.0226921 0)
(0.00884098 0.0157488 0)
(0.00409528 0.0218323 0)
(-0.00329681 0.00260614 0)
(-0.0161962 0.0175778 0)
(-0.0396709 0.0377982 0)
(-0.0720189 0.0610401 0)
(-0.111425 0.0824212 0)
(-0.151972 0.0957153 0)
(-0.187408 0.0968431 0)
(-0.214941 0.0859944 0)
(-0.234349 0.0658497 0)
(-0.246 0.0390632 0)
(-0.250582 0.00761271 0)
(-0.248886 -0.027073 0)
(-0.240939 -0.0628629 0)
(-0.225748 -0.0968245 0)
(-0.201432 -0.123751 0)
(-0.16541 -0.135202 0)
(-0.11549 -0.119619 0)
(-0.0538798 -0.0681979 0)
(-0.00111637 0.00183359 0)
(0.00465223 0.0262752 0)
(-0.00595432 0.0156111 0)
(-0.0256183 0.0416103 0)
(-0.0566004 0.0697511 0)
(-0.093957 0.0984812 0)
(-0.134115 0.120502 0)
(-0.170741 0.129483 0)
(-0.199649 0.123651 0)
(-0.220343 0.105544 0)
(-0.233786 0.0788234 0)
(-0.241453 0.0463473 0)
(-0.245011 0.00983818 0)
(-0.245511 -0.0298007 0)
(-0.242902 -0.0713837 0)
(-0.236523 -0.113519 0)
(-0.223755 -0.15243 0)
(-0.200067 -0.179966 0)
(-0.159739 -0.181384 0)
(-0.0985088 -0.136769 0)
(-0.0210419 -0.0381675 0)
(0.00695915 0.0252372 0)
(-0.00746931 0.0332634 0)
(-0.0310563 0.0707513 0)
(-0.0651486 0.104336 0)
(-0.102217 0.134989 0)
(-0.138154 0.154446 0)
(-0.167504 0.15745 0)
(-0.188175 0.14454 0)
(-0.201026 0.119958 0)
(-0.20779 0.0880632 0)
(-0.210791 0.0520289 0)
(-0.212176 0.0135832 0)
(-0.213142 -0.0267301 0)
(-0.214024 -0.0692348 0)
(-0.214862 -0.114368 0)
(-0.213547 -0.161026 0)
(-0.204982 -0.203889 0)
(-0.181214 -0.229017 0)
(-0.133951 -0.209835 0)
(-0.0592541 -0.113798 0)
(0.00532401 0.0130632 0)
(-0.00724146 0.0526767 0)
(-0.0311423 0.100891 0)
(-0.064101 0.137312 0)
(-0.0970967 0.167082 0)
(-0.126362 0.182119 0)
(-0.147755 0.178554 0)
(-0.160822 0.158883 0)
(-0.167197 0.128638 0)
(-0.169093 0.0927871 0)
(-0.16904 0.0547011 0)
(-0.168862 0.0159755 0)
(-0.16945 -0.0231687 0)
(-0.171451 -0.0637951 0)
(-0.175511 -0.107405 0)
(-0.180962 -0.155313 0)
(-0.184043 -0.206507 0)
(-0.17672 -0.251943 0)
(-0.149041 -0.265513 0)
(-0.0948721 -0.198083 0)
(-0.00826278 -0.0146645 0)
(-0.00535853 0.0707427 0)
(-0.0262678 0.128662 0)
(-0.0549185 0.166107 0)
(-0.0818427 0.193344 0)
(-0.103954 0.203249 0)
(-0.118467 0.193287 0)
(-0.125993 0.167588 0)
(-0.128525 0.132713 0)
(-0.128411 0.0940541 0)
(-0.127812 0.0548613 0)
(-0.127731 0.0163024 0)
(-0.128446 -0.0217921 0)
(-0.130482 -0.0604473 0)
(-0.134722 -0.101135 0)
(-0.141847 -0.146206 0)
(-0.150448 -0.19838 0)
(-0.154224 -0.255612 0)
(-0.142659 -0.297898 0)
(-0.108562 -0.267898 0)
(-0.0292516 -0.0719153 0)
(-0.00238439 0.0847369 0)
(-0.017972 0.151483 0)
(-0.0403677 0.189039 0)
(-0.0604909 0.213028 0)
(-0.0759695 0.218029 0)
(-0.0851697 0.202725 0)
(-0.0892584 0.172427 0)
(-0.0901933 0.134374 0)
(-0.0900623 0.0941465 0)
(-0.0903296 0.05467 0)
(-0.0912313 0.0165334 0)
(-0.0926416 -0.0208737 0)
(-0.0947751 -0.0583604 0)
(-0.0983129 -0.096789 0)
(-0.10459 -0.138213 0)
(-0.11442 -0.187256 0)
(-0.124329 -0.248606 0)
(-0.12358 -0.312658 0)
(-0.104745 -0.324047 0)
(-0.0361035 -0.155848 0)
(0.00104178 0.092664 0)
(-0.00780728 0.167703 0)
(-0.0228505 0.205556 0)
(-0.0361027 0.226723 0)
(-0.0456908 0.227937 0)
(-0.0508991 0.208823 0)
(-0.0529841 0.175469 0)
(-0.0535185 0.135565 0)
(-0.0540597 0.0947423 0)
(-0.0554125 0.0554961 0)
(-0.0574002 0.0178366 0)
(-0.0597692 -0.0191669 0)
(-0.0625253 -0.0561622 0)
(-0.0659762 -0.0934303 0)
(-0.0712734 -0.132006 0)
(-0.0802669 -0.176447 0)
(-0.0929144 -0.23597 0)
(-0.0989189 -0.313026 0)
(-0.0935341 -0.361297 0)
(-0.030417 -0.233573 0)
(0.0043659 0.0935754 0)
(0.0026858 0.176288 0)
(-0.00467194 0.215289 0)
(-0.0112552 0.234327 0)
(-0.0155575 0.232921 0)
(-0.0174082 0.211663 0)
(-0.0179543 0.177002 0)
(-0.0182375 0.136668 0)
(-0.019211 0.0960872 0)
(-0.0212217 0.0574056 0)
(-0.0239523 0.0203248 0)
(-0.0272044 -0.0161926 0)
(-0.0310004 -0.0527904 0)
(-0.0353478 -0.0894957 0)
(-0.0409309 -0.126415 0)
(-0.0493468 -0.166841 0)
(-0.0635586 -0.22198 0)
(-0.0735577 -0.305937 0)
(-0.0803919 -0.385282 0)
(-0.0227766 -0.297197 0)
(0.00706815 0.0878802 0)
(0.0124796 0.177021 0)
(0.0127077 0.218441 0)
(0.0125775 0.236741 0)
(0.0134076 0.234286 0)
(0.0149434 0.212521 0)
(0.0161875 0.177933 0)
(0.0165678 0.138074 0)
(0.015696 0.0981206 0)
(0.01355 0.0600965 0)
(0.0104511 0.0237232 0)
(0.00648519 -0.0120127 0)
(0.00150826 -0.0478117 0)
(-0.00437725 -0.0836893 0)
(-0.0115517 -0.119387 0)
(-0.0205383 -0.15657 0)
(-0.0367721 -0.206099 0)
(-0.049276 -0.291849 0)
(-0.0679647 -0.397231 0)
(-0.014625 -0.349923 0)
(0.0084184 0.0767676 0)
(0.020222 0.17004 0)
(0.0276126 0.214546 0)
(0.0335285 0.232964 0)
(0.0394082 0.230535 0)
(0.0448617 0.209673 0)
(0.0488576 0.176546 0)
(0.0509559 0.138231 0)
(0.0510808 0.0996298 0)
(0.0494323 0.0627608 0)
(0.0463397 0.0275457 0)
(0.0417847 -0.00693401 0)
(0.0356687 -0.0413624 0)
(0.0279915 -0.0758408 0)
(0.0181574 -0.110055 0)
(0.00704209 -0.144647 0)
(-0.0123709 -0.189138 0)
(-0.0259499 -0.273335 0)
(-0.0566269 -0.399897 0)
(-0.00652814 -0.392119 0)
(0.0078788 0.0623092 0)
(0.0246214 0.155946 0)
(0.0388846 0.204145 0)
(0.0509589 0.224097 0)
(0.0622477 0.222987 0)
(0.0723741 0.204288 0)
(0.0802058 0.173746 0)
(0.0851781 0.137791 0)
(0.0872718 0.101064 0)
(0.0867771 0.065713 0)
(0.0840635 0.0320158 0)
(0.0790948 -0.000737726 0)
(0.0717275 -0.0330258 0)
(0.0621109 -0.0653197 0)
(0.0492354 -0.0973856 0)
(0.0346656 -0.129338 0)
(0.010697 -0.168949 0)
(-0.00277965 -0.250126 0)
(-0.0462657 -0.396201 0)
(0.00212781 -0.427443 0)
(0.00545469 0.0476098 0)
(0.0243248 0.136951 0)
(0.0440121 0.186918 0)
(0.061835 0.207693 0)
(0.0789088 0.207934 0)
(0.0947435 0.192073 0)
(0.107854 0.165267 0)
(0.117283 0.133037 0)
(0.122791 0.099561 0)
(0.124591 0.0669974 0)
(0.122967 0.0359715 0)
(0.118115 0.00603405 0)
(0.109569 -0.0231037 0)
(0.0979392 -0.0520891 0)
(0.0814082 -0.0809308 0)
(0.0627771 -0.110354 0)
(0.0336844 -0.146136 0)
(0.0202176 -0.224437 0)
(-0.036478 -0.389357 0)
(0.012492 -0.457149 0)
(0.00177492 0.0355087 0)
(0.0190196 0.115653 0)
(0.0429448 0.165868 0)
(0.066612 0.187472 0)
(0.0900771 0.189115 0)
(0.112402 0.176204 0)
(0.131792 0.153602 0)
(0.146792 0.125877 0)
(0.156787 0.0966045 0)
(0.161879 0.0677999 0)
(0.162028 0.0403381 0)
(0.15794 0.0141135 0)
(0.148418 -0.0111179 0)
(0.134964 -0.0358416 0)
(0.114541 -0.0603957 0)
(0.091907 -0.0864523 0)
(0.0575869 -0.119508 0)
(0.0426271 -0.196404 0)
(-0.0254276 -0.379836 0)
(0.0270934 -0.480288 0)
(-0.00313944 0.0315262 0)
(0.00652332 0.0972182 0)
(0.0294145 0.137714 0)
(0.058295 0.156233 0)
(0.0890303 0.158448 0)
(0.11923 0.148807 0)
(0.146329 0.131321 0)
(0.168441 0.109477 0)
(0.184383 0.0861696 0)
(0.194252 0.0630716 0)
(0.197372 0.0411668 0)
(0.195152 0.0204876 0)
(0.185491 0.000936595 0)
(0.171404 -0.0180462 0)
(0.147927 -0.0368355 0)
(0.122809 -0.0586823 0)
(0.0837911 -0.0909175 0)
(0.0648788 -0.170619 0)
(-0.00738059 -0.365188 0)
(0.0506477 -0.488542 0)
(-0.0118033 0.0215896 0)
(-0.00794343 0.0877204 0)
(0.0134516 0.118242 0)
(0.0464311 0.128383 0)
(0.083854 0.127558 0)
(0.121263 0.119645 0)
(0.155454 0.106903 0)
(0.183941 0.0910374 0)
(0.205253 0.0742461 0)
(0.219949 0.0574809 0)
(0.226281 0.0419076 0)
(0.227404 0.0273706 0)
(0.219184 0.0143628 0)
(0.208176 0.00174531 0)
(0.185319 -0.0108245 0)
(0.163851 -0.0286464 0)
(0.122915 -0.0605556 0)
(0.101748 -0.140935 0)
(0.0344785 -0.324847 0)
(0.0912159 -0.454933 0)
(-0.104645 0.0846113 0)
(-0.0771949 0.0700661 0)
(-0.0505779 0.0705395 0)
(-0.00202268 0.0730039 0)
(0.0474073 0.0726636 0)
(0.0964985 0.0688335 0)
(0.140928 0.0624998 0)
(0.18122 0.0542117 0)
(0.212368 0.045646 0)
(0.239901 0.0369186 0)
(0.255978 0.0291695 0)
(0.271493 0.0219145 0)
(0.273201 0.0159753 0)
(0.278513 0.0101977 0)
(0.264875 0.00404938 0)
(0.259824 -0.00688742 0)
(0.223279 -0.0324214 0)
(0.213163 -0.0935972 0)
(0.148612 -0.229448 0)
(0.170322 -0.341424 0)
(0.130878 0.10462 0)
(0.1603 0.0771631 0)
(0.21506 0.0551866 0)
(0.27297 0.0430019 0)
(0.323818 0.0366597 0)
(0.37379 0.0322567 0)
(0.416059 0.0290406 0)
(0.459299 0.0256589 0)
(0.491075 0.0230537 0)
(0.525445 0.0199331 0)
(0.544709 0.0178965 0)
(0.570653 0.0150341 0)
(0.577493 0.0137295 0)
(0.596729 0.0109827 0)
(0.589603 0.0101425 0)
(0.599609 0.00570447 0)
(0.565606 0.000783242 0)
(0.547358 -0.0177636 0)
(0.436809 -0.0501556 0)
(0.337454 -0.101321 0)
)
;

boundaryField
{
    movingWall
    {
        type            fixedValue;
        value           uniform (1 0 0);
    }
    fixedWalls
    {
        type            noSlip;
    }
    frontAndBack
    {
        type            empty;
    }
}


// ************************************************************************* //
