/*--------------------------------*- C++ -*----------------------------------*\
| =========                 |                                                 |
| \\      /  F ield         | OpenFOAM: The Open Source CFD Toolbox           |
|  \\    /   O peration     | Version:  2212                                  |
|   \\  /    A nd           | Website:  www.openfoam.com                      |
|    \\/     M anipulation  |                                                 |
\*---------------------------------------------------------------------------*/
FoamFile
{
    version     2.0;
    format      ascii;
    arch        "LSB;label=32;scalar=64";
    class       volVectorField;
    location    "4.41";
    object      U;
}
// * * * * * * * * * * * * * * * * * * * * * * * * * * * * * * * * * * * * * //

dimensions      [0 1 -1 0 0 0 0];

internalField   nonuniform List<vector> 
400
(
(0.00166542 -0.0016698 0)
(0.00478574 -0.00187468 0)
(0.00650863 -0.00119086 0)
(0.00558409 -0.000568468 0)
(0.00149137 0.000190044 0)
(-0.00687131 0.00173786 0)
(-0.0205725 0.00475807 0)
(-0.0393924 0.00867391 0)
(-0.0605491 0.011223 0)
(-0.0788153 0.0104714 0)
(-0.0895024 0.00677178 0)
(-0.090224 0.00169639 0)
(-0.0801085 -0.00356637 0)
(-0.0600146 -0.00821706 0)
(-0.0336734 -0.0107971 0)
(-0.00553725 -0.0097704 0)
(0.0164525 -0.00480287 0)
(0.0242565 0.00272799 0)
(0.0160829 0.00642448 0)
(0.0043004 0.00469264 0)
(0.00169019 -0.00500337 0)
(0.00307912 -0.00396627 0)
(-0.000525208 0.000615007 0)
(-0.0114036 0.00642879 0)
(-0.0313929 0.0139858 0)
(-0.0609367 0.0236352 0)
(-0.0964309 0.0328593 0)
(-0.130889 0.0368932 0)
(-0.158318 0.0333833 0)
(-0.175438 0.0233597 0)
(-0.180832 0.00915945 0)
(-0.174549 -0.00686416 0)
(-0.157162 -0.0229901 0)
(-0.129402 -0.0367094 0)
(-0.0935229 -0.0443838 0)
(-0.0522568 -0.0417309 0)
(-0.0115695 -0.0263508 0)
(0.0166783 -0.00140345 0)
(0.0177499 0.0160847 0)
(0.00552044 0.0147391 0)
(-0.000267945 -0.00566408 0)
(-0.00543328 0.00090123 0)
(-0.0196241 0.0142847 0)
(-0.0443892 0.0310877 0)
(-0.0800076 0.0491655 0)
(-0.12163 0.0639548 0)
(-0.161581 0.0701798 0)
(-0.194371 0.0657381 0)
(-0.217887 0.0520205 0)
(-0.231533 0.0315043 0)
(-0.235319 0.0065302 0)
(-0.229901 -0.0208691 0)
(-0.215592 -0.0485286 0)
(-0.191887 -0.0728363 0)
(-0.158516 -0.0886611 0)
(-0.115443 -0.0889713 0)
(-0.0644676 -0.0669549 0)
(-0.0139099 -0.0228241 0)
(0.00940705 0.0176989 0)
(0.0041527 0.0234498 0)
(-0.00347051 0.000586518 0)
(-0.0174695 0.0172885 0)
(-0.0433492 0.0413357 0)
(-0.0792998 0.0678217 0)
(-0.122315 0.0906455 0)
(-0.16498 0.103296 0)
(-0.200886 0.102412 0)
(-0.228088 0.0893016 0)
(-0.246847 0.0671133 0)
(-0.257767 0.0385477 0)
(-0.261686 0.00547808 0)
(-0.259409 -0.0307684 0)
(-0.25087 -0.0679576 0)
(-0.235024 -0.103155 0)
(-0.209876 -0.130898 0)
(-0.172726 -0.142395 0)
(-0.121019 -0.125478 0)
(-0.0567323 -0.0708656 0)
(-0.00104416 0.00332557 0)
(0.00473958 0.0280781 0)
(-0.00663053 0.0148585 0)
(-0.0285776 0.0440138 0)
(-0.0629365 0.0767142 0)
(-0.103851 0.10831 0)
(-0.14642 0.130487 0)
(-0.183531 0.137489 0)
(-0.211729 0.128896 0)
(-0.231398 0.108286 0)
(-0.24383 0.079521 0)
(-0.250753 0.0453867 0)
(-0.25386 0.00741771 0)
(-0.254083 -0.0335851 0)
(-0.251199 -0.0764743 0)
(-0.244646 -0.119941 0)
(-0.231611 -0.160028 0)
(-0.207472 -0.18829 0)
(-0.166189 -0.189407 0)
(-0.103094 -0.142603 0)
(-0.0221745 -0.0389924 0)
(0.00733931 0.026911 0)
(-0.00845222 0.0348166 0)
(-0.0349428 0.0763418 0)
(-0.0726139 0.114342 0)
(-0.112528 0.146871 0)
(-0.149575 0.165133 0)
(-0.178284 0.165121 0)
(-0.197681 0.149031 0)
(-0.209304 0.121933 0)
(-0.21514 0.0881768 0)
(-0.21768 0.0507512 0)
(-0.218906 0.0111211 0)
(-0.219834 -0.0303053 0)
(-0.220668 -0.0740167 0)
(-0.221492 -0.120411 0)
(-0.220102 -0.16828 0)
(-0.211388 -0.212135 0)
(-0.187261 -0.237775 0)
(-0.139143 -0.217941 0)
(-0.062596 -0.118714 0)
(0.00577418 0.0140619 0)
(-0.00822296 0.0567821 0)
(-0.0350704 0.109498 0)
(-0.0713128 0.149668 0)
(-0.10632 0.180163 0)
(-0.135776 0.19282 0)
(-0.15605 0.185499 0)
(-0.167825 0.162459 0)
(-0.173211 0.129838 0)
(-0.174623 0.092411 0)
(-0.17458 0.0532046 0)
(-0.174615 0.0134572 0)
(-0.175423 -0.0267968 0)
(-0.177556 -0.0687268 0)
(-0.181546 -0.113647 0)
(-0.186727 -0.162692 0)
(-0.189432 -0.214708 0)
(-0.181745 -0.260684 0)
(-0.153671 -0.274359 0)
(-0.0989567 -0.205354 0)
(-0.00888821 -0.0147111 0)
(-0.00607387 0.0772041 0)
(-0.0295371 0.139841 0)
(-0.0609391 0.180209 0)
(-0.0892114 0.20715 0)
(-0.111073 0.213727 0)
(-0.124486 0.199482 0)
(-0.131029 0.170365 0)
(-0.133001 0.133354 0)
(-0.132868 0.093461 0)
(-0.132599 0.0534187 0)
(-0.132904 0.0139525 0)
(-0.133979 -0.0253261 0)
(-0.136292 -0.0654762 0)
(-0.140534 -0.107769 0)
(-0.147304 -0.154224 0)
(-0.155253 -0.207212 0)
(-0.158351 -0.264733 0)
(-0.146213 -0.307152 0)
(-0.111831 -0.276424 0)
(-0.030803 -0.0751289 0)
(-0.00269157 0.0930671 0)
(-0.0202195 0.164746 0)
(-0.0447606 0.204435 0)
(-0.065797 0.227273 0)
(-0.0809462 0.228237 0)
(-0.0893272 0.208328 0)
(-0.0928168 0.17467 0)
(-0.0935528 0.134761 0)
(-0.093645 0.0936351 0)
(-0.094286 0.0535502 0)
(-0.0955391 0.0146018 0)
(-0.097316 -0.0240165 0)
(-0.0997966 -0.0631251 0)
(-0.103492 -0.103468 0)
(-0.109551 -0.146732 0)
(-0.118691 -0.196904 0)
(-0.127707 -0.258401 0)
(-0.126101 -0.322327 0)
(-0.107144 -0.333765 0)
(-0.0371952 -0.162761 0)
(0.00122237 0.102101 0)
(-0.00883172 0.182439 0)
(-0.025394 0.221861 0)
(-0.0392798 0.241339 0)
(-0.0486728 0.238108 0)
(-0.0534607 0.214201 0)
(-0.0553158 0.177519 0)
(-0.0558904 0.135933 0)
(-0.0567144 0.0944039 0)
(-0.0583488 0.0546587 0)
(-0.0605711 0.0162348 0)
(-0.0632344 -0.0219527 0)
(-0.0663372 -0.0605952 0)
(-0.0700706 -0.099976 0)
(-0.0753804 -0.140864 0)
(-0.0838514 -0.186991 0)
(-0.0955524 -0.24672 0)
(-0.100376 -0.323072 0)
(-0.0949636 -0.371156 0)
(-0.0308472 -0.241701 0)
(0.00507747 0.103226 0)
(0.00296088 0.191945 0)
(-0.00530917 0.232269 0)
(-0.012361 0.249292 0)
(-0.0167024 0.24321 0)
(-0.0185407 0.217052 0)
(-0.0191641 0.179053 0)
(-0.0196177 0.137083 0)
(-0.0208504 0.0958553 0)
(-0.0230408 0.0567162 0)
(-0.0258951 0.0189264 0)
(-0.0293442 -0.0186928 0)
(-0.0334063 -0.0568727 0)
(-0.0380377 -0.0957385 0)
(-0.0437994 -0.13529 0)
(-0.05196 -0.178038 0)
(-0.0654232 -0.233794 0)
(-0.0741027 -0.316718 0)
(-0.0811025 -0.395592 0)
(-0.0229105 -0.306147 0)
(0.0083657 0.0967909 0)
(0.0141031 0.192906 0)
(0.0139976 0.235757 0)
(0.0136131 0.252038 0)
(0.0142395 0.244954 0)
(0.0154399 0.218299 0)
(0.0163066 0.180314 0)
(0.0163669 0.138708 0)
(0.0152233 0.0979981 0)
(0.01293 0.0594675 0)
(0.00975946 0.0224084 0)
(0.00567943 -0.0143542 0)
(0.000545679 -0.051671 0)
(-0.00551451 -0.0897088 0)
(-0.01291 -0.128155 0)
(-0.0218435 -0.168117 0)
(-0.0376159 -0.218707 0)
(-0.0487918 -0.303022 0)
(-0.0679255 -0.407364 0)
(-0.0144711 -0.359019 0)
(0.0101932 0.0839407 0)
(0.02318 0.185358 0)
(0.0307902 0.231901 0)
(0.0366764 0.248595 0)
(0.0422949 0.241746 0)
(0.0472062 0.216018 0)
(0.0505956 0.179334 0)
(0.0522145 0.139052 0)
(0.0520158 0.0995163 0)
(0.0502182 0.0620779 0)
(0.04707 0.0262125 0)
(0.0424816 -0.00919155 0)
(0.0362779 -0.0450723 0)
(0.0285614 -0.0816646 0)
(0.0185542 -0.118641 0)
(0.00734586 -0.156303 0)
(-0.011978 -0.202378 0)
(-0.0244768 -0.284997 0)
(-0.0559644 -0.40992 0)
(-0.00617856 -0.400936 0)
(0.00973122 0.0668968 0)
(0.028696 0.169686 0)
(0.0438998 0.220902 0)
(0.0563421 0.239834 0)
(0.0675422 0.234881 0)
(0.0771379 0.211575 0)
(0.0842627 0.177373 0)
(0.0886115 0.139169 0)
(0.0902648 0.101231 0)
(0.089539 0.0651349 0)
(0.0867746 0.0307299 0)
(0.0817436 -0.00301552 0)
(0.0743055 -0.0367257 0)
(0.0647313 -0.0710173 0)
(0.0516766 -0.105721 0)
(0.0369361 -0.140773 0)
(0.0126959 -0.182297 0)
(-0.000310261 -0.261818 0)
(-0.0449996 -0.40572 0)
(0.00269665 -0.435451 0)
(0.00682127 0.0492972 0)
(0.0289883 0.148186 0)
(0.0505408 0.202468 0)
(0.0692647 0.223191 0)
(0.0866013 0.220293 0)
(0.102161 0.200191 0)
(0.114694 0.169701 0)
(0.123516 0.134962 0)
(0.128545 0.0999804 0)
(0.130046 0.0664585 0)
(0.128299 0.0346337 0)
(0.123369 0.00367802 0)
(0.11479 -0.0267703 0)
(0.103186 -0.0575834 0)
(0.0863293 -0.088836 0)
(0.0673814 -0.121174 0)
(0.0376063 -0.159078 0)
(0.0233898 -0.23585 0)
(-0.0346951 -0.398102 0)
(0.0133706 -0.463808 0)
(0.00234466 0.0347223 0)
(0.0233111 0.123405 0)
(0.0503549 0.179014 0)
(0.0758659 0.20178 0)
(0.100335 0.201398 0)
(0.123031 0.185034 0)
(0.142303 0.159076 0)
(0.156936 0.128792 0)
(0.166518 0.0977971 0)
(0.171273 0.0677946 0)
(0.171162 0.0393708 0)
(0.16691 0.0121037 0)
(0.157141 -0.0143747 0)
(0.143541 -0.0408166 0)
(0.12249 -0.067544 0)
(0.0992277 -0.0961169 0)
(0.063716 -0.131227 0)
(0.0464925 -0.206412 0)
(-0.0230076 -0.386497 0)
(0.0283844 -0.485157 0)
(-0.0034 0.028856 0)
(0.00983625 0.101303 0)
(0.0365694 0.148025 0)
(0.0681702 0.168537 0)
(0.10082 0.169668 0)
(0.132305 0.157399 0)
(0.160078 0.137051 0)
(0.182413 0.112784 0)
(0.198278 0.0876747 0)
(0.208043 0.0632516 0)
(0.21088 0.0402597 0)
(0.208576 0.018558 0)
(0.19839 -0.00222245 0)
(0.183894 -0.0225916 0)
(0.159341 -0.0430355 0)
(0.133036 -0.0666556 0)
(0.0919121 -0.100571 0)
(0.0693689 -0.179174 0)
(-0.00465334 -0.369686 0)
(0.0520192 -0.491444 0)
(-0.0138486 0.0187547 0)
(-0.00750118 0.0882142 0)
(0.0188869 0.123867 0)
(0.0558025 0.136743 0)
(0.0966344 0.136212 0)
(0.136708 0.127011 0)
(0.172677 0.112402 0)
(0.202259 0.0947174 0)
(0.223949 0.0763779 0)
(0.238864 0.058386 0)
(0.244822 0.0417051 0)
(0.245701 0.026203 0)
(0.23647 0.012053 0)
(0.224784 -0.00157562 0)
(0.200076 -0.0154629 0)
(0.176458 -0.0343287 0)
(0.132536 -0.0671011 0)
(0.107317 -0.145593 0)
(0.0372364 -0.326068 0)
(0.0922724 -0.45585 0)
(-0.105905 0.0825857 0)
(-0.0776639 0.0691257 0)
(-0.0486115 0.0732478 0)
(0.00348871 0.0776089 0)
(0.0567035 0.0778536 0)
(0.109129 0.0735636 0)
(0.156016 0.0662533 0)
(0.198112 0.0569031 0)
(0.230032 0.0473113 0)
(0.258026 0.0377474 0)
(0.273701 0.0291916 0)
(0.288845 0.0213064 0)
(0.289305 0.0146537 0)
(0.293563 0.00834406 0)
(0.27755 0.001451 0)
(0.270627 -0.00968739 0)
(0.231619 -0.0352811 0)
(0.217824 -0.0952911 0)
(0.150149 -0.229722 0)
(0.170661 -0.341485 0)
(0.130033 0.10379 0)
(0.158456 0.0753519 0)
(0.212382 0.0533669 0)
(0.270879 0.0417314 0)
(0.323357 0.0359818 0)
(0.375634 0.0319828 0)
(0.420047 0.0289317 0)
(0.465178 0.025588 0)
(0.498125 0.022914 0)
(0.53326 0.0197297 0)
(0.552643 0.0175812 0)
(0.578449 0.0146559 0)
(0.584642 0.0132274 0)
(0.603086 0.0104201 0)
(0.594658 0.00946751 0)
(0.603333 0.0050754 0)
(0.5677 0.000151176 0)
(0.5477 -0.0182783 0)
(0.435867 -0.0504122 0)
(0.336839 -0.101402 0)
)
;

boundaryField
{
    movingWall
    {
        type            fixedValue;
        value           uniform (1 0 0);
    }
    fixedWalls
    {
        type            noSlip;
    }
    frontAndBack
    {
        type            empty;
    }
}


// ************************************************************************* //
