/*--------------------------------*- C++ -*----------------------------------*\
| =========                 |                                                 |
| \\      /  F ield         | OpenFOAM: The Open Source CFD Toolbox           |
|  \\    /   O peration     | Version:  2212                                  |
|   \\  /    A nd           | Website:  www.openfoam.com                      |
|    \\/     M anipulation  |                                                 |
\*---------------------------------------------------------------------------*/
FoamFile
{
    version     2.0;
    format      ascii;
    arch        "LSB;label=32;scalar=64";
    class       volVectorField;
    location    "0.945";
    object      U;
}
// * * * * * * * * * * * * * * * * * * * * * * * * * * * * * * * * * * * * * //

dimensions      [0 1 -1 0 0 0 0];

internalField   nonuniform List<vector> 
400
(
(-0.000104955 -1.58184e-05 0)
(-0.00130204 0.00049513 0)
(-0.00371236 0.00071221 0)
(-0.00643478 0.000798156 0)
(-0.00942733 0.000925241 0)
(-0.0128646 0.00115404 0)
(-0.0169201 0.00148711 0)
(-0.0216496 0.00187471 0)
(-0.0268353 0.00218271 0)
(-0.0318204 0.00218202 0)
(-0.0354827 0.00162439 0)
(-0.0364334 0.000391307 0)
(-0.0334828 -0.00136433 0)
(-0.0263872 -0.00312162 0)
(-0.0164061 -0.00408797 0)
(-0.00564662 -0.00370875 0)
(0.00289476 -0.00212825 0)
(0.00649806 0.000132662 0)
(0.00498643 0.00164877 0)
(0.00158415 0.00147561 0)
(-0.00100739 0.00150174 0)
(-0.00488096 0.00389771 0)
(-0.0111294 0.00494972 0)
(-0.0181266 0.00552175 0)
(-0.0257473 0.00619879 0)
(-0.0341744 0.00713479 0)
(-0.0434566 0.00821805 0)
(-0.0533237 0.00909963 0)
(-0.0629919 0.00916922 0)
(-0.071095 0.00766848 0)
(-0.0759269 0.00404893 0)
(-0.0758918 -0.00160639 0)
(-0.0699047 -0.00840448 0)
(-0.0577209 -0.0145476 0)
(-0.0408402 -0.0178891 0)
(-0.0218274 -0.0166723 0)
(-0.00454824 -0.010727 0)
(0.00571448 -0.00220603 0)
(0.00645092 0.00452535 0)
(0.00233321 0.00507 0)
(-0.00176244 0.0053477 0)
(-0.00775989 0.0109365 0)
(-0.0168739 0.0133605 0)
(-0.0269204 0.0147989 0)
(-0.0377277 0.0163238 0)
(-0.0494172 0.0181038 0)
(-0.0618755 0.0197626 0)
(-0.0746648 0.0205292 0)
(-0.0869513 0.0193367 0)
(-0.0975046 0.0150722 0)
(-0.104814 0.00706618 0)
(-0.107238 -0.0043616 0)
(-0.103143 -0.0176885 0)
(-0.0912656 -0.0301295 0)
(-0.0722593 -0.0381477 0)
(-0.0478221 -0.0380878 0)
(-0.0218079 -0.0279166 0)
(-0.00131498 -0.0104067 0)
(0.00573752 0.00555647 0)
(0.00263824 0.00925939 0)
(-0.00223704 0.0105087 0)
(-0.00963783 0.0199992 0)
(-0.0206473 0.0239869 0)
(-0.0326573 0.0263808 0)
(-0.0454898 0.0287903 0)
(-0.0592825 0.0313791 0)
(-0.0739813 0.0335618 0)
(-0.0894303 0.0343472 0)
(-0.105387 0.0324847 0)
(-0.121216 0.0265372 0)
(-0.135236 0.0151837 0)
(-0.144482 -0.00186667 0)
(-0.145867 -0.0227107 0)
(-0.137124 -0.0439557 0)
(-0.118328 -0.0602843 0)
(-0.0898506 -0.0659202 0)
(-0.0541713 -0.0555347 0)
(-0.018126 -0.0287595 0)
(0.00304008 0.00143828 0)
(0.00317884 0.013053 0)
(-0.00243674 0.0164639 0)
(-0.0105415 0.0302952 0)
(-0.0225615 0.0359731 0)
(-0.0356541 0.0394012 0)
(-0.0496976 0.0428148 0)
(-0.0649894 0.0464789 0)
(-0.0818185 0.049819 0)
(-0.10071 0.051919 0)
(-0.122297 0.0514006 0)
(-0.146079 0.0457856 0)
(-0.168608 0.031632 0)
(-0.184283 0.00720062 0)
(-0.190076 -0.0243538 0)
(-0.185297 -0.0571571 0)
(-0.169403 -0.0852043 0)
(-0.141279 -0.101384 0)
(-0.100461 -0.0970628 0)
(-0.0498407 -0.0653192 0)
(-0.00437167 -0.0133917 0)
(0.00451249 0.0153402 0)
(-0.00237873 0.0226736 0)
(-0.0105433 0.0410936 0)
(-0.0227879 0.0486025 0)
(-0.0362191 0.053215 0)
(-0.0508143 0.0579284 0)
(-0.0671196 0.0633094 0)
(-0.0858693 0.0690321 0)
(-0.108213 0.0742532 0)
(-0.135134 0.0766747 0)
(-0.165088 0.0712277 0)
(-0.192097 0.0519391 0)
(-0.20942 0.0177701 0)
(-0.216332 -0.0250868 0)
(-0.215254 -0.0694179 0)
(-0.205117 -0.110225 0)
(-0.183822 -0.140364 0)
(-0.147292 -0.149482 0)
(-0.0926015 -0.123033 0)
(-0.0249874 -0.0503872 0)
(0.00516922 0.0129076 0)
(-0.0020871 0.0286156 0)
(-0.00972086 0.0516877 0)
(-0.0214614 0.0611763 0)
(-0.0345024 0.0671634 0)
(-0.048888 0.0735431 0)
(-0.0653447 0.081355 0)
(-0.0848492 0.0905118 0)
(-0.108663 0.0996696 0)
(-0.137254 0.104498 0)
(-0.16736 0.0971453 0)
(-0.191653 0.0712632 0)
(-0.205322 0.0287372 0)
(-0.211163 -0.0219817 0)
(-0.212749 -0.0744242 0)
(-0.20884 -0.124779 0)
(-0.198452 -0.168661 0)
(-0.174872 -0.197035 0)
(-0.13079 -0.190585 0)
(-0.0631205 -0.119578 0)
(0.000834116 -0.00169184 0)
(-0.00159733 0.0338155 0)
(-0.00816697 0.0614112 0)
(-0.018703 0.072986 0)
(-0.0305609 0.0804599 0)
(-0.0437172 0.0886774 0)
(-0.0588319 0.0991781 0)
(-0.0767196 0.111864 0)
(-0.0982641 0.124329 0)
(-0.123332 0.130057 0)
(-0.148003 0.119638 0)
(-0.165641 0.0879128 0)
(-0.174045 0.0395536 0)
(-0.177521 -0.0154431 0)
(-0.179663 -0.0706905 0)
(-0.180017 -0.124143 0)
(-0.179556 -0.17571 0)
(-0.171781 -0.221808 0)
(-0.146764 -0.244488 0)
(-0.097453 -0.199287 0)
(-0.0146783 -0.034697 0)
(-0.000966735 0.0378754 0)
(-0.00603163 0.0696537 0)
(-0.0147301 0.0833069 0)
(-0.0246167 0.0921695 0)
(-0.0354374 0.101963 0)
(-0.0475358 0.114641 0)
(-0.0613262 0.129897 0)
(-0.0773392 0.144246 0)
(-0.0955043 0.149633 0)
(-0.112567 0.136147 0)
(-0.123645 0.0999465 0)
(-0.12836 0.0475344 0)
(-0.130486 -0.00995582 0)
(-0.132387 -0.0655908 0)
(-0.134643 -0.117883 0)
(-0.139629 -0.169117 0)
(-0.143732 -0.223664 0)
(-0.135752 -0.272481 0)
(-0.106488 -0.265877 0)
(-0.0323372 -0.101164 0)
(-0.000282283 0.0405226 0)
(-0.00356269 0.0759249 0)
(-0.00995217 0.0914994 0)
(-0.0172463 0.101413 0)
(-0.0248734 0.112094 0)
(-0.0327476 0.125833 0)
(-0.0408672 0.142172 0)
(-0.0496187 0.157046 0)
(-0.0595516 0.161736 0)
(-0.0689654 0.146464 0)
(-0.0751364 0.108112 0)
(-0.0785309 0.0535265 0)
(-0.0814629 -0.00585849 0)
(-0.0847167 -0.0624246 0)
(-0.0887534 -0.113563 0)
(-0.0962289 -0.160931 0)
(-0.107415 -0.214908 0)
(-0.111119 -0.280306 0)
(-0.0980672 -0.314467 0)
(-0.0337862 -0.186491 0)
(0.000347896 0.0416667 0)
(-0.00109399 0.079924 0)
(-0.00496306 0.0970888 0)
(-0.00935898 0.107546 0)
(-0.0134096 0.118207 0)
(-0.0166145 0.131698 0)
(-0.0185795 0.147517 0)
(-0.0196344 0.161901 0)
(-0.0211064 0.166325 0)
(-0.0230198 0.151337 0)
(-0.0248463 0.113722 0)
(-0.0275062 0.0598368 0)
(-0.0318065 0.00034603 0)
(-0.0375715 -0.0567846 0)
(-0.0441865 -0.107067 0)
(-0.053793 -0.150454 0)
(-0.0703289 -0.199674 0)
(-0.0827714 -0.273427 0)
(-0.0843101 -0.341441 0)
(-0.0252739 -0.254818 0)
(0.000804831 0.0414324 0)
(0.000981001 0.0816318 0)
(-0.000454664 0.100021 0)
(-0.00196824 0.110443 0)
(-0.00251755 0.120128 0)
(-0.0014022 0.13201 0)
(0.00222759 0.146057 0)
(0.00829256 0.15897 0)
(0.0148221 0.163453 0)
(0.020211 0.150576 0)
(0.0233007 0.116317 0)
(0.0227467 0.0658405 0)
(0.0181296 0.00863802 0)
(0.00976022 -0.047258 0)
(-0.000877666 -0.0959953 0)
(-0.0139631 -0.136247 0)
(-0.0357618 -0.179858 0)
(-0.0550537 -0.257609 0)
(-0.0706491 -0.355428 0)
(-0.0170372 -0.309509 0)
(0.000976975 0.0401821 0)
(0.00234202 0.0813265 0)
(0.00291874 0.100306 0)
(0.00385854 0.110094 0)
(0.00631805 0.118092 0)
(0.011226 0.12743 0)
(0.019327 0.138607 0)
(0.0307027 0.148983 0)
(0.0436524 0.152999 0)
(0.0555042 0.143064 0)
(0.0638088 0.114454 0)
(0.0665319 0.0701698 0)
(0.06302 0.0179788 0)
(0.0536497 -0.0348778 0)
(0.0390108 -0.0812396 0)
(0.0208626 -0.118118 0)
(-0.00670395 -0.155984 0)
(-0.0301066 -0.234089 0)
(-0.0586613 -0.357149 0)
(-0.00829498 -0.352922 0)
(0.000791064 0.0385364 0)
(0.002628 0.0798471 0)
(0.00459663 0.0988601 0)
(0.00751496 0.107547 0)
(0.0124021 0.113339 0)
(0.0200964 0.1196 0)
(0.0312119 0.127008 0)
(0.0458627 0.133952 0)
(0.0628039 0.136459 0)
(0.0792869 0.12887 0)
(0.0921006 0.106573 0)
(0.0984237 0.0703639 0)
(0.0971102 0.0259934 0)
(0.0879202 -0.0204175 0)
(0.0709591 -0.0622818 0)
(0.0491565 -0.0955407 0)
(0.0163496 -0.128437 0)
(-0.00785696 -0.206523 0)
(-0.0488515 -0.353233 0)
(0.000232229 -0.389195 0)
(0.000148681 0.0371917 0)
(0.00147575 0.0776591 0)
(0.00391111 0.0952257 0)
(0.00826241 0.102098 0)
(0.0151248 0.105546 0)
(0.0248812 0.108805 0)
(0.0378347 0.112637 0)
(0.0540126 0.116083 0)
(0.0725619 0.116565 0)
(0.0912611 0.110296 0)
(0.106885 0.0936518 0)
(0.1162 0.0660605 0)
(0.117211 0.031045 0)
(0.109354 -0.00685118 0)
(0.0920356 -0.0417955 0)
(0.0687933 -0.0703998 0)
(0.032901 -0.0986106 0)
(0.012213 -0.176257 0)
(-0.0405384 -0.347209 0)
(0.010119 -0.422512 0)
(-0.0011321 0.0368964 0)
(-0.0011886 0.0767553 0)
(0.00104602 0.0930693 0)
(0.00638052 0.0971705 0)
(0.0147511 0.0974348 0)
(0.0259857 0.097408 0)
(0.040003 0.0978828 0)
(0.0566319 0.0982068 0)
(0.075206 0.0967267 0)
(0.094116 0.0910535 0)
(0.110626 0.078793 0)
(0.121755 0.0590161 0)
(0.124591 0.0335484 0)
(0.118954 0.00547069 0)
(0.102931 -0.0212992 0)
(0.0803323 -0.0445727 0)
(0.0443966 -0.0693968 0)
(0.0299807 -0.148275 0)
(-0.0325106 -0.34369 0)
(0.0233907 -0.45252 0)
(-0.00357727 0.042671 0)
(-0.00857074 0.0762952 0)
(-0.00768944 0.0849867 0)
(-0.000416283 0.0859111 0)
(0.0106442 0.0843237 0)
(0.0240178 0.0824301 0)
(0.0392745 0.0809057 0)
(0.0562049 0.0793799 0)
(0.0742897 0.0768963 0)
(0.0924177 0.0720405 0)
(0.10848 0.0635026 0)
(0.120179 0.0504735 0)
(0.124445 0.0339708 0)
(0.121053 0.015661 0)
(0.106947 -0.0023878 0)
(0.0876741 -0.0200744 0)
(0.0551659 -0.0434763 0)
(0.0471794 -0.124414 0)
(-0.0184805 -0.337679 0)
(0.0451579 -0.470029 0)
(-0.00388806 0.0354678 0)
(-0.00903979 0.0855799 0)
(-0.01248 0.0914857 0)
(-0.00656972 0.0841496 0)
(0.00471977 0.0769451 0)
(0.0184963 0.0716467 0)
(0.0340917 0.0676685 0)
(0.0510135 0.0642409 0)
(0.0687755 0.0608617 0)
(0.0864469 0.0564859 0)
(0.102297 0.0507893 0)
(0.115255 0.0428576 0)
(0.121769 0.0337169 0)
(0.123769 0.0233433 0)
(0.114614 0.0131955 0)
(0.10552 -0.000527077 0)
(0.0784407 -0.0260043 0)
(0.075114 -0.112177 0)
(0.0200058 -0.314649 0)
(0.0856987 -0.446989 0)
(-0.0984022 0.0948203 0)
(-0.073343 0.0761516 0)
(-0.0586782 0.0603468 0)
(-0.0302677 0.053502 0)
(-0.00307274 0.048295 0)
(0.0237827 0.0440283 0)
(0.0493303 0.0405746 0)
(0.0752501 0.0375212 0)
(0.0989327 0.0351559 0)
(0.123878 0.0324899 0)
(0.143776 0.0300203 0)
(0.165942 0.0266814 0)
(0.177744 0.0236269 0)
(0.194226 0.0199731 0)
(0.191992 0.0161214 0)
(0.201962 0.0073858 0)
(0.176624 -0.0168108 0)
(0.183554 -0.0829935 0)
(0.136424 -0.227276 0)
(0.167445 -0.339588 0)
(0.13475 0.108358 0)
(0.16934 0.0852354 0)
(0.228597 0.0636054 0)
(0.284495 0.0498309 0)
(0.328479 0.0410856 0)
(0.367836 0.0345672 0)
(0.39864 0.029854 0)
(0.430971 0.0256989 0)
(0.454369 0.0228594 0)
(0.483476 0.0198894 0)
(0.500423 0.0181741 0)
(0.52753 0.015697 0)
(0.536887 0.0147814 0)
(0.561691 0.0124815 0)
(0.559548 0.0122378 0)
(0.577632 0.0084387 0)
(0.549852 0.00405022 0)
(0.539863 -0.0149201 0)
(0.437549 -0.0477528 0)
(0.339009 -0.0995342 0)
)
;

boundaryField
{
    movingWall
    {
        type            fixedValue;
        value           uniform (1 0 0);
    }
    fixedWalls
    {
        type            noSlip;
    }
    frontAndBack
    {
        type            empty;
    }
}


// ************************************************************************* //
