/*--------------------------------*- C++ -*----------------------------------*\
| =========                 |                                                 |
| \\      /  F ield         | OpenFOAM: The Open Source CFD Toolbox           |
|  \\    /   O peration     | Version:  2212                                  |
|   \\  /    A nd           | Website:  www.openfoam.com                      |
|    \\/     M anipulation  |                                                 |
\*---------------------------------------------------------------------------*/
FoamFile
{
    version     2.0;
    format      ascii;
    arch        "LSB;label=32;scalar=64";
    class       volScalarField;
    location    "3.29";
    object      p;
}
// * * * * * * * * * * * * * * * * * * * * * * * * * * * * * * * * * * * * * //

dimensions      [0 2 -2 0 0 0 0];

internalField   nonuniform List<scalar> 
400
(
-3.84655e-09
-0.000148199
-0.000520795
-0.00104354
-0.00168724
-0.00242653
-0.00309956
-0.00350165
-0.0034656
-0.00283965
-0.00147512
0.00065492
0.00324743
0.00549849
0.00654771
0.00600685
0.00416219
0.00235621
0.00132774
0.00125168
0.00011699
-5.32363e-05
-0.000361875
-0.000740515
-0.0012109
-0.00183702
-0.0026268
-0.00343246
-0.00394581
-0.00380082
-0.00272969
-0.000746094
0.00172986
0.00398632
0.00517553
0.00485584
0.00329218
0.00159785
0.000821884
0.000900367
0.000522105
0.000261938
-6.88608e-05
-0.000538376
-0.00130167
-0.00249144
-0.00407022
-0.00577167
-0.00714213
-0.00766683
-0.00700576
-0.00524098
-0.00271571
-5.14139e-05
0.00193261
0.00259837
0.00192608
0.000745372
-0.00014756
-0.000158221
0.00110716
0.000710817
0.000185344
-0.000742919
-0.00235281
-0.00474434
-0.00769237
-0.0107141
-0.0132189
-0.0146551
-0.0146905
-0.0133607
-0.0108745
-0.00767507
-0.00445001
-0.00193723
-0.000610458
-0.000451661
-0.00103322
-0.00166532
0.00149093
0.000908428
-3.74304e-05
-0.0018505
-0.00480231
-0.00881533
-0.0133859
-0.0178095
-0.02144
-0.0238163
-0.0246804
-0.0239144
-0.0216327
-0.0181112
-0.0137759
-0.00922473
-0.00524609
-0.00266654
-0.0019437
-0.00374098
0.00117402
0.000365788
-0.00118925
-0.00414701
-0.008646
-0.0143002
-0.0202861
-0.0257572
-0.0301062
-0.0330166
-0.0343621
-0.0340458
-0.0321418
-0.0287869
-0.0241115
-0.0183264
-0.0120233
-0.00659798
-0.00412079
-0.00621551
-0.00015498
-0.00120105
-0.00342701
-0.00751691
-0.0133902
-0.0203053
-0.0271908
-0.033168
-0.0377408
-0.0407485
-0.0422024
-0.0421266
-0.040584
-0.0376357
-0.0332482
-0.027294
-0.0198811
-0.0122376
-0.00752147
-0.00747039
-0.00249833
-0.00372706
-0.00652602
-0.011488
-0.0183093
-0.0259543
-0.0332174
-0.039275
-0.0437733
-0.0466789
-0.0480884
-0.0481031
-0.0468024
-0.0442277
-0.0403178
-0.0348229
-0.0274679
-0.0187552
-0.011419
-0.00771765
-0.00549401
-0.00680371
-0.00997472
-0.0154509
-0.0227548
-0.0306689
-0.037952
-0.0438728
-0.0481973
-0.0509709
-0.0523262
-0.0523794
-0.0512083
-0.048866
-0.0453488
-0.0404769
-0.0338114
-0.0251636
-0.0161801
-0.00965214
-0.0085934
-0.00987633
-0.0132006
-0.0188479
-0.0262447
-0.0341142
-0.0412442
-0.0469808
-0.0511586
-0.0538497
-0.0551843
-0.0552605
-0.0541463
-0.0519093
-0.0486167
-0.0442331
-0.0384121
-0.0305889
-0.021642
-0.0138421
-0.0112882
-0.0124725
-0.0157444
-0.0212793
-0.0284792
-0.0361204
-0.0430506
-0.0486479
-0.0527556
-0.0554279
-0.0567723
-0.0568642
-0.0557599
-0.0535335
-0.0503131
-0.0462042
-0.0411087
-0.0343529
-0.0264094
-0.0185446
-0.0132929
-0.0142937
-0.0173473
-0.0225156
-0.0292832
-0.0365708
-0.0433099
-0.048858
-0.0529951
-0.0557228
-0.0571096
-0.0572118
-0.0560775
-0.0537823
-0.0505065
-0.0464687
-0.0418767
-0.0360209
-0.029217
-0.0217246
-0.0145725
-0.0152455
-0.0178611
-0.0224481
-0.0285986
-0.0354432
-0.0420095
-0.0475975
-0.0518678
-0.0547308
-0.0562005
-0.056311
-0.0551056
-0.0526817
-0.0492444
-0.0450763
-0.0407369
-0.0353666
-0.0294832
-0.0222535
-0.0152157
-0.0154358
-0.0173527
-0.0210841
-0.0264219
-0.0327348
-0.0391352
-0.044836
-0.0493439
-0.0524386
-0.0540571
-0.0542039
-0.0529073
-0.0502892
-0.0465976
-0.0421999
-0.0377169
-0.0324207
-0.0275172
-0.0198073
-0.0153463
-0.0150665
-0.016016
-0.0185809
-0.0228832
-0.0285563
-0.034779
-0.040651
-0.045496
-0.0489286
-0.0507807
-0.0510031
-0.049638
-0.0467833
-0.0427534
-0.0379659
-0.0330753
-0.0276602
-0.0239148
-0.0141996
-0.0150842
-0.0143795
-0.0140606
-0.0151146
-0.0181703
-0.0231036
-0.0291324
-0.0352185
-0.0404879
-0.0443684
-0.0465675
-0.0469666
-0.0455953
-0.042525
-0.0381088
-0.0327863
-0.0273016
-0.0215832
-0.0181685
-0.00401065
-0.0145178
-0.0135116
-0.0116389
-0.0109913
-0.0127299
-0.0169171
-0.0227719
-0.029104
-0.0348609
-0.0392852
-0.0419557
-0.042658
-0.0413909
-0.0381949
-0.0333791
-0.0273174
-0.0207342
-0.013665
-0.00739535
0.0154996
-0.0145131
-0.0126232
-0.00871271
-0.00636493
-0.00697125
-0.010604
-0.0163887
-0.0230015
-0.0292812
-0.0343133
-0.0375697
-0.0387162
-0.0377035
-0.0345375
-0.0293633
-0.0222048
-0.0132826
-0.00150081
0.0156611
0.0561888
-0.0118011
-0.0118886
-0.00594721
-0.00210512
-0.0020529
-0.00551079
-0.0114008
-0.0183256
-0.0250938
-0.0306831
-0.0345342
-0.0362281
-0.0356732
-0.0326012
-0.0268613
-0.0176558
-0.00377232
0.0194396
0.0594909
0.128813
-0.0295049
-0.010752
-0.000920884
0.00265927
0.00206146
-0.00176793
-0.00793359
-0.0151708
-0.0222948
-0.0282589
-0.0324803
-0.0345182
-0.0342427
-0.0312404
-0.0248703
-0.0129499
0.00882968
0.0501859
0.121783
0.225155
)
;

boundaryField
{
    movingWall
    {
        type            zeroGradient;
    }
    fixedWalls
    {
        type            zeroGradient;
    }
    frontAndBack
    {
        type            empty;
    }
}


// ************************************************************************* //
