/*--------------------------------*- C++ -*----------------------------------*\
| =========                 |                                                 |
| \\      /  F ield         | OpenFOAM: The Open Source CFD Toolbox           |
|  \\    /   O peration     | Version:  2212                                  |
|   \\  /    A nd           | Website:  www.openfoam.com                      |
|    \\/     M anipulation  |                                                 |
\*---------------------------------------------------------------------------*/
FoamFile
{
    version     2.0;
    format      ascii;
    arch        "LSB;label=32;scalar=64";
    class       volVectorField;
    location    "2.655";
    object      U;
}
// * * * * * * * * * * * * * * * * * * * * * * * * * * * * * * * * * * * * * //

dimensions      [0 1 -1 0 0 0 0];

internalField   nonuniform List<vector> 
400
(
(0.00148544 -0.00151845 0)
(0.00422058 -0.00168563 0)
(0.00564997 -0.00108775 0)
(0.00467198 -0.00049808 0)
(0.000733594 0.000250315 0)
(-0.00718689 0.00170571 0)
(-0.0200757 0.0044346 0)
(-0.0377632 0.0079919 0)
(-0.0577755 0.0104435 0)
(-0.0753463 0.00993808 0)
(-0.0859501 0.00658234 0)
(-0.0870983 0.00178402 0)
(-0.0778417 -0.0032515 0)
(-0.0588394 -0.00776327 0)
(-0.0336598 -0.0103106 0)
(-0.00655636 -0.00940487 0)
(0.0147927 -0.00479534 0)
(0.0226444 0.00244175 0)
(0.0152425 0.00604462 0)
(0.00413353 0.00446107 0)
(0.00138494 -0.00435748 0)
(0.00226784 -0.00330222 0)
(-0.0014926 0.000834178 0)
(-0.0118771 0.00619871 0)
(-0.0306428 0.0132116 0)
(-0.0583332 0.0221434 0)
(-0.091924 0.0308402 0)
(-0.125063 0.0350007 0)
(-0.15187 0.0321207 0)
(-0.168938 0.0228831 0)
(-0.17473 0.00942367 0)
(-0.169129 -0.0059752 0)
(-0.1527 -0.0215678 0)
(-0.126064 -0.0349646 0)
(-0.0914251 -0.0425959 0)
(-0.0514797 -0.0403095 0)
(-0.0119867 -0.0258029 0)
(0.0154253 -0.00194866 0)
(0.0168528 0.0150848 0)
(0.00533805 0.0140465 0)
(-0.000506123 -0.00452963 0)
(-0.00577059 0.00175833 0)
(-0.0193893 0.0138771 0)
(-0.0426892 0.029308 0)
(-0.0761439 0.0462276 0)
(-0.115711 0.0604989 0)
(-0.154332 0.0670404 0)
(-0.186481 0.0634684 0)
(-0.209808 0.0508074 0)
(-0.223596 0.031366 0)
(-0.227768 0.00741586 0)
(-0.222883 -0.0190342 0)
(-0.209243 -0.0458836 0)
(-0.18638 -0.0696459 0)
(-0.154021 -0.0853369 0)
(-0.112182 -0.086104 0)
(-0.0627287 -0.0652982 0)
(-0.0138417 -0.0231073 0)
(0.00901229 0.0163189 0)
(0.00413461 0.0224298 0)
(-0.00337243 0.00171281 0)
(-0.0167352 0.0174016 0)
(-0.0412376 0.0392823 0)
(-0.0751175 0.063925 0)
(-0.116007 0.0858512 0)
(-0.15729 0.098711 0)
(-0.192629 0.0988093 0)
(-0.219676 0.0869286 0)
(-0.238512 0.0659912 0)
(-0.249658 0.0386417 0)
(-0.253887 0.00676019 0)
(-0.251978 -0.0283273 0)
(-0.243893 -0.0645144 0)
(-0.228602 -0.0989141 0)
(-0.204159 -0.126247 0)
(-0.167929 -0.137927 0)
(-0.117557 -0.122093 0)
(-0.0551101 -0.0696353 0)
(-0.00116649 0.00212406 0)
(0.00471042 0.0269246 0)
(-0.00624266 0.0152428 0)
(-0.0268796 0.042578 0)
(-0.0593018 0.072687 0)
(-0.0981381 0.102601 0)
(-0.13918 0.12451 0)
(-0.175709 0.132378 0)
(-0.203895 0.12515 0)
(-0.223739 0.105935 0)
(-0.236428 0.0784959 0)
(-0.243579 0.0456105 0)
(-0.246882 0.008858 0)
(-0.247315 -0.0309797 0)
(-0.244732 -0.0728174 0)
(-0.23848 -0.115351 0)
(-0.225841 -0.154763 0)
(-0.202235 -0.182783 0)
(-0.161816 -0.184395 0)
(-0.100157 -0.139254 0)
(-0.0215954 -0.0388693 0)
(0.00708787 0.0257854 0)
(-0.00788406 0.0338736 0)
(-0.0327028 0.0730707 0)
(-0.0683046 0.108524 0)
(-0.106503 0.139846 0)
(-0.14269 0.158492 0)
(-0.171379 0.159846 0)
(-0.191045 0.145339 0)
(-0.202963 0.11969 0)
(-0.209026 0.0872472 0)
(-0.211653 0.0510348 0)
(-0.212922 0.0125827 0)
(-0.213937 -0.0277202 0)
(-0.214969 -0.0703532 0)
(-0.216031 -0.115797 0)
(-0.214941 -0.16293 0)
(-0.20657 -0.206345 0)
(-0.18291 -0.231951 0)
(-0.135582 -0.212846 0)
(-0.0604768 -0.115876 0)
(0.0054267 0.0133569 0)
(-0.00765037 0.0543644 0)
(-0.03279 0.104473 0)
(-0.0671176 0.142422 0)
(-0.100862 0.172268 0)
(-0.129952 0.185878 0)
(-0.15047 0.180271 0)
(-0.162555 0.158915 0)
(-0.168145 0.127718 0)
(-0.169573 0.091534 0)
(-0.169381 0.0534957 0)
(-0.169262 0.0149445 0)
(-0.170008 -0.024084 0)
(-0.17223 -0.0647896 0)
(-0.176494 -0.108676 0)
(-0.182101 -0.15702 0)
(-0.185279 -0.208717 0)
(-0.178014 -0.254639 0)
(-0.150359 -0.268523 0)
(-0.0961544 -0.200738 0)
(-0.00853601 -0.0147963 0)
(-0.00565274 0.0734161 0)
(-0.0276283 0.133307 0)
(-0.0574232 0.171869 0)
(-0.0848221 0.198656 0)
(-0.106595 0.206638 0)
(-0.1203 0.194348 0)
(-0.127062 0.166939 0)
(-0.12908 0.131263 0)
(-0.128778 0.092492 0)
(-0.128231 0.0535516 0)
(-0.128287 0.015311 0)
(-0.129183 -0.0226012 0)
(-0.131437 -0.0613201 0)
(-0.135847 -0.102326 0)
(-0.143056 -0.1479 0)
(-0.151633 -0.200606 0)
(-0.155327 -0.258299 0)
(-0.143675 -0.300929 0)
(-0.109542 -0.27084 0)
(-0.0297382 -0.073113 0)
(-0.00250935 0.0881862 0)
(-0.0189084 0.156984 0)
(-0.0422109 0.195276 0)
(-0.0626672 0.218386 0)
(-0.0778492 0.221098 0)
(-0.0864764 0.203288 0)
(-0.0900952 0.171301 0)
(-0.0907982 0.132598 0)
(-0.090696 0.0924604 0)
(-0.0911085 0.0534053 0)
(-0.092155 0.0156813 0)
(-0.0937192 -0.0215161 0)
(-0.0960104 -0.0590751 0)
(-0.0996521 -0.0978778 0)
(-0.105933 -0.139914 0)
(-0.115635 -0.189588 0)
(-0.125331 -0.251403 0)
(-0.124366 -0.315771 0)
(-0.105513 -0.327318 0)
(-0.0364073 -0.158131 0)
(0.00111484 0.0965755 0)
(-0.00824981 0.173819 0)
(-0.0239686 0.212148 0)
(-0.0375004 0.232175 0)
(-0.0469575 0.230889 0)
(-0.0519102 0.209163 0)
(-0.0538388 0.174133 0)
(-0.054387 0.133681 0)
(-0.0551025 0.0930702 0)
(-0.056641 0.0543158 0)
(-0.0587584 0.0170812 0)
(-0.0612362 -0.0197314 0)
(-0.0640684 -0.0568322 0)
(-0.0675396 -0.0945277 0)
(-0.0727671 -0.13383 0)
(-0.0815454 -0.179041 0)
(-0.093853 -0.239056 0)
(-0.0994698 -0.316287 0)
(-0.0940639 -0.364659 0)
(-0.0305572 -0.236254 0)
(0.00465304 0.0975882 0)
(0.00276587 0.182816 0)
(-0.005044 0.222189 0)
(-0.0119082 0.239948 0)
(-0.0162952 0.235946 0)
(-0.0182178 0.212038 0)
(-0.0188946 0.175708 0)
(-0.0193788 0.134853 0)
(-0.0206178 0.0945104 0)
(-0.0228349 0.0563135 0)
(-0.025674 0.0196221 0)
(-0.0289857 -0.0167498 0)
(-0.0327594 -0.053506 0)
(-0.0370223 -0.0906929 0)
(-0.0424615 -0.128424 0)
(-0.0506114 -0.169754 0)
(-0.0644208 -0.22547 0)
(-0.0739014 -0.3095 0)
(-0.0807405 -0.388875 0)
(-0.0228401 -0.300242 0)
(0.00759834 0.0916061 0)
(0.0131113 0.183697 0)
(0.0131058 0.225559 0)
(0.0127319 0.242616 0)
(0.013313 0.237618 0)
(0.014499 0.21323 0)
(0.0153478 0.176955 0)
(0.0153536 0.136515 0)
(0.014144 0.0967161 0)
(0.0117738 0.0590989 0)
(0.00858245 0.0230455 0)
(0.0046025 -0.0126072 0)
(-0.000267605 -0.0486382 0)
(-0.00596387 -0.0851121 0)
(-0.0129301 -0.121681 0)
(-0.0216247 -0.159855 0)
(-0.0374438 -0.21001 0)
(-0.0493365 -0.295655 0)
(-0.0680911 -0.400878 0)
(-0.0146034 -0.353131 0)
(0.00914681 0.079794 0)
(0.0214189 0.176541 0)
(0.0288033 0.221795 0)
(0.0345433 0.239161 0)
(0.0400929 0.234345 0)
(0.0450286 0.210915 0)
(0.0484423 0.176036 0)
(0.0500227 0.137008 0)
(0.0497492 0.0984147 0)
(0.0478699 0.0618376 0)
(0.0447004 0.0268601 0)
(0.0402054 -0.00759312 0)
(0.0342263 -0.0423137 0)
(0.026795 -0.0774689 0)
(0.0172238 -0.112616 0)
(0.00637966 -0.148278 0)
(-0.0126971 -0.193468 0)
(-0.025688 -0.277432 0)
(-0.056536 -0.403612 0)
(-0.00643334 -0.395357 0)
(0.00863702 0.0642785 0)
(0.0263109 0.161836 0)
(0.0408961 0.211258 0)
(0.0529684 0.230552 0)
(0.0639887 0.227402 0)
(0.0735766 0.206311 0)
(0.0807484 0.173971 0)
(0.08511 0.137119 0)
(0.086743 0.100182 0)
(0.0859932 0.0649358 0)
(0.0832197 0.0313475 0)
(0.078318 -0.00149301 0)
(0.0710944 -0.0341715 0)
(0.0617292 -0.0671661 0)
(0.0490744 -0.10017 0)
(0.0347171 -0.133212 0)
(0.0109441 -0.17357 0)
(-0.00213821 -0.254375 0)
(-0.0459346 -0.399832 0)
(0.00231034 -0.4305 0)
(0.00601405 0.0483836 0)
(0.026284 0.141816 0)
(0.0467357 0.193604 0)
(0.0648267 0.214225 0)
(0.0818134 0.212841 0)
(0.0972488 0.194832 0)
(0.109778 0.166238 0)
(0.118619 0.132941 0)
(0.123664 0.0990215 0)
(0.125191 0.0663484 0)
(0.123497 0.0352783 0)
(0.118685 0.00514044 0)
(0.110267 -0.0244096 0)
(0.0988347 -0.0540638 0)
(0.0823943 -0.083788 0)
(0.0638326 -0.114245 0)
(0.0347197 -0.15083 0)
(0.0211974 -0.228726 0)
(-0.0359105 -0.392782 0)
(0.0128004 -0.459797 0)
(0.00201612 0.0352406 0)
(0.0208408 0.119035 0)
(0.0461145 0.171572 0)
(0.0705168 0.193619 0)
(0.0942784 0.194224 0)
(0.116551 0.179599 0)
(0.135621 0.155381 0)
(0.150188 0.126523 0)
(0.15978 0.0966152 0)
(0.164588 0.0674757 0)
(0.164597 0.0397905 0)
(0.160478 0.0132605 0)
(0.150957 -0.0123962 0)
(0.137556 -0.0377618 0)
(0.117002 -0.0631197 0)
(0.0942179 -0.0900922 0)
(0.0595802 -0.12392 0)
(0.0439513 -0.200312 0)
(-0.0245693 -0.382559 0)
(0.0275679 -0.482311 0)
(-0.00322157 0.0304637 0)
(0.00794743 0.0990282 0)
(0.0325129 0.142199 0)
(0.062563 0.161551 0)
(0.0940633 0.163219 0)
(0.124691 0.152308 0)
(0.1519 0.133468 0)
(0.173903 0.110538 0)
(0.189634 0.0865012 0)
(0.199324 0.0629297 0)
(0.202272 0.0406709 0)
(0.200008 0.0196428 0)
(0.190169 -0.000354319 0)
(0.175953 -0.0198623 0)
(0.152067 -0.0392609 0)
(0.126501 -0.0617704 0)
(0.0867187 -0.0946523 0)
(0.0665508 -0.174008 0)
(-0.00632661 -0.367074 0)
(0.0511806 -0.489817 0)
(-0.0126319 0.0204299 0)
(-0.00770052 0.0879758 0)
(0.0158407 0.120689 0)
(0.0505276 0.131997 0)
(0.0894137 0.131263 0)
(0.127907 0.122722 0)
(0.162757 0.109103 0)
(0.19157 0.092413 0)
(0.212907 0.074966 0)
(0.227572 0.0577153 0)
(0.233671 0.0417302 0)
(0.234649 0.0268363 0)
(0.225989 0.0134001 0)
(0.214701 0.000395111 0)
(0.191057 -0.0126745 0)
(0.168722 -0.0309036 0)
(0.126609 -0.0631423 0)
(0.103936 -0.142867 0)
(0.0356051 -0.325458 0)
(0.0916512 -0.455404 0)
(-0.105162 0.0837716 0)
(-0.0773571 0.069691 0)
(-0.0496805 0.0716848 0)
(0.000404723 0.0749663 0)
(0.051466 0.0748637 0)
(0.101963 0.0708048 0)
(0.147392 0.0640233 0)
(0.188366 0.0552598 0)
(0.219751 0.0462606 0)
(0.247398 0.0371964 0)
(0.263243 0.0291383 0)
(0.278575 0.0216483 0)
(0.279729 0.01544 0)
(0.284619 0.00946563 0)
(0.269956 0.00303267 0)
(0.26421 -0.00796958 0)
(0.226666 -0.0335387 0)
(0.215137 -0.0943094 0)
(0.149341 -0.229595 0)
(0.170503 -0.341502 0)
(0.130527 0.104267 0)
(0.159527 0.0764122 0)
(0.213951 0.0544328 0)
(0.272122 0.0424781 0)
(0.323668 0.0363872 0)
(0.374624 0.032152 0)
(0.417791 0.0290028 0)
(0.461813 0.0256349 0)
(0.494045 0.0230017 0)
(0.528714 0.0198591 0)
(0.547996 0.0177804 0)
(0.573886 0.0148989 0)
(0.580446 0.0135459 0)
(0.599387 0.010782 0)
(0.591724 0.00989753 0)
(0.601229 0.00548695 0)
(0.566561 0.000553494 0)
(0.547621 -0.0179632 0)
(0.436547 -0.0502778 0)
(0.337263 -0.101382 0)
)
;

boundaryField
{
    movingWall
    {
        type            fixedValue;
        value           uniform (1 0 0);
    }
    fixedWalls
    {
        type            noSlip;
    }
    frontAndBack
    {
        type            empty;
    }
}


// ************************************************************************* //
