/*--------------------------------*- C++ -*----------------------------------*\
| =========                 |                                                 |
| \\      /  F ield         | OpenFOAM: The Open Source CFD Toolbox           |
|  \\    /   O peration     | Version:  2212                                  |
|   \\  /    A nd           | Website:  www.openfoam.com                      |
|    \\/     M anipulation  |                                                 |
\*---------------------------------------------------------------------------*/
FoamFile
{
    version     2.0;
    format      ascii;
    arch        "LSB;label=32;scalar=64";
    class       volScalarField;
    location    "3.765";
    object      p;
}
// * * * * * * * * * * * * * * * * * * * * * * * * * * * * * * * * * * * * * //

dimensions      [0 2 -2 0 0 0 0];

internalField   nonuniform List<scalar> 
400
(
4.43932e-07
-0.000148659
-0.000526553
-0.00105607
-0.00170771
-0.00245736
-0.00313879
-0.00354575
-0.00351168
-0.00288362
-0.00150954
0.000638567
0.00325122
0.00551408
0.00655721
0.00599137
0.00411477
0.00228723
0.00125241
0.00117889
0.000117228
-5.48405e-05
-0.000368274
-0.000750724
-0.00122536
-0.0018599
-0.00266313
-0.00348381
-0.00400822
-0.00386525
-0.00278473
-0.000783043
0.00171312
0.003982
0.00516707
0.00482606
0.00323163
0.00152045
0.000740688
0.000824169
0.000529972
0.000264313
-7.19612e-05
-0.000547593
-0.00132254
-0.00253282
-0.00413893
-0.00586825
-0.00725935
-0.00779094
-0.00712174
-0.00533992
-0.00279274
-0.000109819
0.00188123
0.00253976
0.00185057
0.000658281
-0.000238103
-0.000243375
0.00113006
0.000726606
0.000189298
-0.0007578
-0.00239922
-0.00483394
-0.00782885
-0.0108924
-0.0134269
-0.0148763
-0.0149086
-0.0135629
-0.0110508
-0.00782201
-0.00457184
-0.002043
-0.000708339
-0.000546144
-0.00112766
-0.00175965
0.00153659
0.000940711
-3.01468e-05
-0.00188547
-0.00489718
-0.0089794
-0.0136147
-0.0180899
-0.0217556
-0.0241503
-0.0250166
-0.0242348
-0.0219236
-0.0183643
-0.0139879
-0.00939665
-0.00538211
-0.00277518
-0.00203788
-0.0038468
0.00123203
0.00040428
-0.00119292
-0.00422004
-0.00880779
-0.0145517
-0.0206123
-0.0261383
-0.0305236
-0.0334542
-0.0348037
-0.0344735
-0.0325402
-0.0291436
-0.0244173
-0.0185754
-0.0122133
-0.00673526
-0.00422924
-0.00633438
-0.000103224
-0.00117466
-0.0034599
-0.00764304
-0.0136269
-0.020643
-0.027606
-0.0336383
-0.0382493
-0.0412809
-0.0427435
-0.0426584
-0.0410883
-0.0380952
-0.0336486
-0.0276247
-0.0201364
-0.0124193
-0.00765175
-0.00757759
-0.00247352
-0.00373158
-0.00660257
-0.0116746
-0.0186188
-0.0263689
-0.0337097
-0.0398239
-0.0443651
-0.0473017
-0.0487272
-0.0487388
-0.0474131
-0.044791
-0.0408141
-0.0352386
-0.0277961
-0.0189933
-0.0115759
-0.0078198
-0.00550977
-0.00685032
-0.0101003
-0.0156958
-0.0231284
-0.0311485
-0.0385098
-0.0444907
-0.0488646
-0.0516775
-0.0530571
-0.0531133
-0.0519199
-0.0495283
-0.0459376
-0.0409756
-0.0342131
-0.0254651
-0.0163852
-0.00978536
-0.00865088
-0.00996456
-0.0133703
-0.0191406
-0.0266682
-0.0346446
-0.0418547
-0.0476559
-0.0518897
-0.0546273
-0.0559928
-0.0560772
-0.054943
-0.0526557
-0.0492852
-0.0448037
-0.0388779
-0.0309498
-0.0219061
-0.0140361
-0.0113773
-0.012592
-0.0159449
-0.0216023
-0.0289336
-0.0366839
-0.0436982
-0.049365
-0.0535338
-0.0562577
-0.0576374
-0.0577407
-0.0566179
-0.0543402
-0.051038
-0.0468252
-0.041618
-0.0347551
-0.0267197
-0.0187943
-0.0133983
-0.014429
-0.0175602
-0.0228471
-0.0297449
-0.0371456
-0.0439747
-0.0495976
-0.0537998
-0.0565818
-0.0580058
-0.0581203
-0.0569669
-0.0546184
-0.051256
-0.0471081
-0.0423979
-0.036433
-0.0295438
-0.0220017
-0.0146804
-0.0153784
-0.0180657
-0.0227642
-0.0290419
-0.0360037
-0.0426674
-0.0483363
-0.0526752
-0.0555938
-0.0571004
-0.0572213
-0.0559935
-0.0535112
-0.0499813
-0.0456953
-0.0412298
-0.0357484
-0.0297893
-0.0225171
-0.0153172
-0.0155522
-0.017529
-0.0213602
-0.0268192
-0.033252
-0.0397575
-0.0455466
-0.0501272
-0.0532782
-0.0549319
-0.0550855
-0.0537601
-0.0510753
-0.047282
-0.0427567
-0.038138
-0.0327279
-0.0277668
-0.0200092
-0.015437
-0.0151584
-0.0161482
-0.0187934
-0.0232049
-0.0289978
-0.0353335
-0.0413028
-0.0462267
-0.0497174
-0.051602
-0.0518251
-0.0504239
-0.0474917
-0.0433476
-0.0384203
-0.0333843
-0.0278517
-0.0240629
-0.0142905
-0.0151592
-0.0144443
-0.0141394
-0.0152443
-0.0183889
-0.0234369
-0.0295854
-0.0357793
-0.0411361
-0.0450786
-0.0473094
-0.0477041
-0.0462875
-0.0431279
-0.0385837
-0.0331074
-0.0274683
-0.02163
-0.0181434
-0.00395402
-0.0145713
-0.0135477
-0.0116586
-0.011024
-0.0128252
-0.0171179
-0.0230965
-0.0295471
-0.0354022
-0.0398957
-0.0426007
-0.0432971
-0.0419798
-0.038683
-0.0337261
-0.0274952
-0.0207411
-0.0135312
-0.00716207
0.0157164
-0.0145336
-0.0126264
-0.00867229
-0.00629859
-0.00694113
-0.0106677
-0.016577
-0.0233163
-0.0297045
-0.0348148
-0.0381107
-0.0392517
-0.0381855
-0.0349201
-0.0295996
-0.0222569
-0.0131365
-0.00118255
0.016082
0.0565499
-0.0117871
-0.0118488
-0.00583348
-0.00194698
-0.00192097
-0.00546597
-0.0114809
-0.0185384
-0.025424
-0.031099
-0.0349963
-0.0366917
-0.03609
-0.0329184
-0.0270245
-0.0176262
-0.00352993
0.0198671
0.0599976
0.129241
-0.0294967
-0.0106808
-0.00076484
0.00285931
0.00223814
-0.00167627
-0.00796633
-0.0153384
-0.0225838
-0.0286392
-0.0329123
-0.0349564
-0.0346378
-0.0315409
-0.025029
-0.0129265
0.00906492
0.0505929
0.122245
0.225552
)
;

boundaryField
{
    movingWall
    {
        type            zeroGradient;
    }
    fixedWalls
    {
        type            zeroGradient;
    }
    frontAndBack
    {
        type            empty;
    }
}


// ************************************************************************* //
