/*--------------------------------*- C++ -*----------------------------------*\
| =========                 |                                                 |
| \\      /  F ield         | OpenFOAM: The Open Source CFD Toolbox           |
|  \\    /   O peration     | Version:  2212                                  |
|   \\  /    A nd           | Website:  www.openfoam.com                      |
|    \\/     M anipulation  |                                                 |
\*---------------------------------------------------------------------------*/
FoamFile
{
    version     2.0;
    format      ascii;
    arch        "LSB;label=32;scalar=64";
    class       volVectorField;
    location    "0.69";
    object      U;
}
// * * * * * * * * * * * * * * * * * * * * * * * * * * * * * * * * * * * * * //

dimensions      [0 1 -1 0 0 0 0];

internalField   nonuniform List<vector> 
400
(
(-0.000246942 0.000196331 0)
(-0.00155172 0.000661064 0)
(-0.00385319 0.000849076 0)
(-0.00638723 0.000913168 0)
(-0.00903495 0.0009654 0)
(-0.011818 0.00103807 0)
(-0.0147602 0.00112904 0)
(-0.0178486 0.00121958 0)
(-0.0209972 0.00127388 0)
(-0.0240033 0.00123336 0)
(-0.0265062 0.00101816 0)
(-0.0279726 0.000546504 0)
(-0.0277351 -0.000227672 0)
(-0.0252251 -0.00124144 0)
(-0.0203498 -0.00220292 0)
(-0.0137775 -0.00271269 0)
(-0.00693663 -0.00245498 0)
(-0.00147753 -0.00146425 0)
(0.00114683 -0.000238381 0)
(0.000789837 0.000597681 0)
(-0.000884811 0.00165706 0)
(-0.00404847 0.00362224 0)
(-0.00896939 0.00442975 0)
(-0.0143613 0.004762 0)
(-0.0199833 0.00499988 0)
(-0.0258187 0.00525115 0)
(-0.031829 0.00549305 0)
(-0.0379 0.00563069 0)
(-0.0437837 0.00550339 0)
(-0.0490404 0.00488099 0)
(-0.0530062 0.00348941 0)
(-0.0548243 0.00109667 0)
(-0.0535514 -0.00233042 0)
(-0.0484193 -0.00637762 0)
(-0.0393916 -0.0100009 0)
(-0.0275872 -0.0117996 0)
(-0.0152601 -0.0107016 0)
(-0.00520432 -0.00687826 0)
(0.000305159 -0.00201045 0)
(0.000850328 0.0013482 0)
(-0.00126823 0.00456365 0)
(-0.00553687 0.00883727 0)
(-0.0119601 0.0105764 0)
(-0.0189287 0.0113378 0)
(-0.0261562 0.0118397 0)
(-0.0336098 0.0122786 0)
(-0.0412144 0.0125927 0)
(-0.0488083 0.0125732 0)
(-0.0560865 0.0118893 0)
(-0.0625434 0.0100993 0)
(-0.067437 0.00670863 0)
(-0.0698009 0.00133087 0)
(-0.0684953 -0.00602202 0)
(-0.0624689 -0.0145421 0)
(-0.0513803 -0.0222034 0)
(-0.0362952 -0.0261283 0)
(-0.0199387 -0.0239287 0)
(-0.00624495 -0.0157801 0)
(0.000969158 -0.0052025 0)
(0.00125816 0.00200166 0)
(-0.00143875 0.00803594 0)
(-0.00626304 0.0149703 0)
(-0.0134751 0.0177358 0)
(-0.0212629 0.0189569 0)
(-0.0293311 0.0197392 0)
(-0.0376678 0.0203756 0)
(-0.046221 0.0207684 0)
(-0.0548674 0.0206009 0)
(-0.063363 0.0193835 0)
(-0.0712839 0.0164696 0)
(-0.0779563 0.011117 0)
(-0.0823852 0.00268168 0)
(-0.0831845 -0.0089806 0)
(-0.0786104 -0.0229593 0)
(-0.0672939 -0.0362086 0)
(-0.0496292 -0.0438765 0)
(-0.0283481 -0.0412647 0)
(-0.00857757 -0.0276011 0)
(0.00232064 -0.00891022 0)
(0.0021116 0.0037106 0)
(-0.00147261 0.0117455 0)
(-0.00648223 0.0215193 0)
(-0.0140088 0.0253702 0)
(-0.0221514 0.0270869 0)
(-0.0306313 0.0282051 0)
(-0.0394896 0.0291375 0)
(-0.0487546 0.0297748 0)
(-0.0584256 0.0297261 0)
(-0.0684384 0.0283811 0)
(-0.0786204 0.0249183 0)
(-0.0885785 0.0183061 0)
(-0.0974494 0.00740242 0)
(-0.103543 -0.00856844 0)
(-0.103884 -0.0289509 0)
(-0.0951556 -0.0501511 0)
(-0.0764926 -0.0648315 0)
(-0.0497049 -0.0648479 0)
(-0.0197215 -0.0462465 0)
(0.00168519 -0.0155159 0)
(0.00326531 0.00647979 0)
(-0.00141314 0.0154629 0)
(-0.00635003 0.0281585 0)
(-0.0138624 0.0331573 0)
(-0.0220479 0.0354353 0)
(-0.0306599 0.0369976 0)
(-0.0398142 0.0384173 0)
(-0.0496656 0.0396236 0)
(-0.0604108 0.0402159 0)
(-0.0722865 0.0395469 0)
(-0.0855893 0.0367177 0)
(-0.100555 0.030431 0)
(-0.11668 0.0186888 0)
(-0.131508 -0.000912179 0)
(-0.140071 -0.0289474 0)
(-0.136787 -0.0613614 0)
(-0.119856 -0.0878004 0)
(-0.0894214 -0.0962276 0)
(-0.047573 -0.0774367 0)
(-0.00579591 -0.0306154 0)
(0.00455477 0.0083945 0)
(-0.00128342 0.0190078 0)
(-0.00595235 0.0346254 0)
(-0.0131969 0.0408304 0)
(-0.0211721 0.0437494 0)
(-0.0296646 0.0458908 0)
(-0.0388682 0.0480421 0)
(-0.0490863 0.0502462 0)
(-0.0607625 0.0522017 0)
(-0.0745207 0.053375 0)
(-0.0912943 0.0529558 0)
(-0.112243 0.0493633 0)
(-0.137275 0.0390116 0)
(-0.162072 0.0161793 0)
(-0.17848 -0.0223415 0)
(-0.180698 -0.0699857 0)
(-0.168406 -0.112487 0)
(-0.139326 -0.135657 0)
(-0.0912884 -0.125205 0)
(-0.0289962 -0.065465 0)
(0.004144 0.00495341 0)
(-0.00109762 0.0222376 0)
(-0.00533856 0.0407047 0)
(-0.0120957 0.0481547 0)
(-0.0196141 0.0517789 0)
(-0.0276978 0.0546135 0)
(-0.0365963 0.0577223 0)
(-0.0467437 0.0613549 0)
(-0.0588162 0.0654504 0)
(-0.073789 0.0697606 0)
(-0.0931169 0.07361 0)
(-0.118644 0.0746338 0)
(-0.150142 0.0663175 0)
(-0.180738 0.0387225 0)
(-0.199307 -0.0125223 0)
(-0.204301 -0.0772456 0)
(-0.198743 -0.136286 0)
(-0.177897 -0.178512 0)
(-0.136423 -0.186632 0)
(-0.0710231 -0.1308 0)
(-0.00175815 -0.0124515 0)
(-0.00086958 0.0250374 0)
(-0.00455104 0.0462125 0)
(-0.0106223 0.0549071 0)
(-0.0174296 0.0592475 0)
(-0.0247594 0.0628082 0)
(-0.0328621 0.0669824 0)
(-0.0422199 0.0723079 0)
(-0.0536083 0.0790737 0)
(-0.0681005 0.0873731 0)
(-0.08718 0.0963588 0)
(-0.112654 0.101954 0)
(-0.143487 0.0941077 0)
(-0.171434 0.060543 0)
(-0.186949 -0.00113335 0)
(-0.192246 -0.0771753 0)
(-0.192551 -0.148289 0)
(-0.184107 -0.208867 0)
(-0.159518 -0.24354 0)
(-0.109641 -0.211842 0)
(-0.0191014 -0.0522832 0)
(-0.000620067 0.0273229 0)
(-0.00365123 0.050996 0)
(-0.00887322 0.0608755 0)
(-0.0147262 0.0658553 0)
(-0.0209341 0.0700355 0)
(-0.0276724 0.0751613 0)
(-0.0353382 0.0820781 0)
(-0.044577 0.091412 0)
(-0.0561919 0.103461 0)
(-0.0711534 0.116818 0)
(-0.090832 0.125464 0)
(-0.114108 0.116918 0)
(-0.133689 0.078804 0)
(-0.143416 0.0117735 0)
(-0.147563 -0.0674487 0)
(-0.151821 -0.143333 0)
(-0.154242 -0.214505 0)
(-0.14688 -0.275682 0)
(-0.118032 -0.285241 0)
(-0.036294 -0.134276 0)
(-0.000381424 0.0290572 0)
(-0.00273718 0.0549534 0)
(-0.0070136 0.0658783 0)
(-0.011723 0.0713094 0)
(-0.0164886 0.0758336 0)
(-0.0213459 0.0815233 0)
(-0.0264896 0.0894659 0)
(-0.032242 0.100481 0)
(-0.0389276 0.114886 0)
(-0.0468825 0.130719 0)
(-0.0572892 0.140732 0)
(-0.0701179 0.131478 0)
(-0.0808063 0.0915429 0)
(-0.08613 0.0232851 0)
(-0.089724 -0.0556236 0)
(-0.0967056 -0.131139 0)
(-0.107502 -0.203429 0)
(-0.113466 -0.280562 0)
(-0.104244 -0.334362 0)
(-0.0340498 -0.23224 0)
(-0.000201172 0.0302801 0)
(-0.00195562 0.0580822 0)
(-0.00529458 0.0698317 0)
(-0.00876901 0.0754129 0)
(-0.0118946 0.0798498 0)
(-0.0145536 0.0854877 0)
(-0.0167101 0.0935401 0)
(-0.018318 0.104847 0)
(-0.0192481 0.11967 0)
(-0.0193072 0.13578 0)
(-0.0196808 0.146108 0)
(-0.0217851 0.137558 0)
(-0.0244816 0.0990266 0)
(-0.0274003 0.0327614 0)
(-0.0330683 -0.0443259 0)
(-0.0431016 -0.117751 0)
(-0.0609633 -0.186413 0)
(-0.0769026 -0.269004 0)
(-0.085136 -0.355058 0)
(-0.0217708 -0.2995 0)
(-0.000140757 0.0311259 0)
(-0.00149426 0.0604636 0)
(-0.00404618 0.0726804 0)
(-0.00632939 0.0780029 0)
(-0.00777777 0.0818491 0)
(-0.008179 0.086753 0)
(-0.00733934 0.0939294 0)
(-0.00492105 0.104046 0)
(-0.000611756 0.117325 0)
(0.00628101 0.131958 0)
(0.0149152 0.141746 0)
(0.02243 0.135148 0)
(0.0269556 0.101031 0)
(0.0271257 0.0403144 0)
(0.0195266 -0.0318647 0)
(0.0067594 -0.100157 0)
(-0.0177216 -0.163218 0)
(-0.0413962 -0.247545 0)
(-0.0673566 -0.362716 0)
(-0.0115593 -0.351138 0)
(-0.000298345 0.0319099 0)
(-0.0016213 0.0625045 0)
(-0.00366164 0.0748119 0)
(-0.00488058 0.0793546 0)
(-0.00473517 0.0820133 0)
(-0.00304012 0.0855047 0)
(0.000386572 0.090944 0)
(0.00606551 0.0988737 0)
(0.0145994 0.109256 0)
(0.0265193 0.120868 0)
(0.0412249 0.128865 0)
(0.0557658 0.124341 0)
(0.0662766 0.0972866 0)
(0.0699378 0.0464217 0)
(0.0627702 -0.0179588 0)
(0.0486032 -0.0798341 0)
(0.0178543 -0.134869 0)
(-0.0096057 -0.216091 0)
(-0.0517275 -0.356713 0)
(-0.000414984 -0.390243 0)
(-0.000797977 0.0330199 0)
(-0.00267556 0.0642883 0)
(-0.00469403 0.0756745 0)
(-0.00506669 0.0788576 0)
(-0.00341457 0.0800006 0)
(0.000164885 0.0817568 0)
(0.00581179 0.0851005 0)
(0.0139448 0.0904259 0)
(0.0250886 0.0974415 0)
(0.0397167 0.105094 0)
(0.0573886 0.110199 0)
(0.0756601 0.106691 0)
(0.0901098 0.0868887 0)
(0.0969171 0.0477563 0)
(0.0913813 -0.00431367 0)
(0.0768215 -0.0572312 0)
(0.0422703 -0.105279 0)
(0.0153462 -0.184972 0)
(-0.0407945 -0.350418 0)
(0.0103248 -0.423506 0)
(-0.00188832 0.0351256 0)
(-0.00497437 0.0676908 0)
(-0.00733477 0.0781068 0)
(-0.00701721 0.0787633 0)
(-0.00399284 0.0773416 0)
(0.00125491 0.0767367 0)
(0.00866218 0.0776771 0)
(0.0184824 0.0801674 0)
(0.0310476 0.0838496 0)
(0.0466299 0.0877888 0)
(0.0648486 0.0899347 0)
(0.0839437 0.0865691 0)
(0.099974 0.0728593 0)
(0.108897 0.0453921 0)
(0.105558 0.00755563 0)
(0.0923652 -0.0341185 0)
(0.0575519 -0.0733993 0)
(0.0353566 -0.151625 0)
(-0.0312038 -0.34318 0)
(0.0242749 -0.452659 0)
(-0.0039628 0.0427329 0)
(-0.0114009 0.0707084 0)
(-0.0147115 0.0745422 0)
(-0.0124717 0.0728578 0)
(-0.00698052 0.0702188 0)
(0.000362992 0.0682644 0)
(0.00937555 0.0674771 0)
(0.0203758 0.0677486 0)
(0.0336533 0.0688148 0)
(0.049306 0.0699791 0)
(0.0669071 0.0700572 0)
(0.0851792 0.0668801 0)
(0.100916 0.0580437 0)
(0.111064 0.0407558 0)
(0.109116 0.0166653 0)
(0.0982688 -0.0125906 0)
(0.0662942 -0.0451481 0)
(0.0509647 -0.125862 0)
(-0.017693 -0.336924 0)
(0.0458818 -0.469226 0)
(-0.00323265 0.0367514 0)
(-0.0104742 0.0838693 0)
(-0.0185852 0.0861725 0)
(-0.0181118 0.07661 0)
(-0.0126383 0.0687654 0)
(-0.00478478 0.0635691 0)
(0.00514662 0.0600085 0)
(0.0172015 0.0575117 0)
(0.0313797 0.0559051 0)
(0.047482 0.0545389 0)
(0.0648256 0.053095 0)
(0.0827552 0.0500283 0)
(0.0980453 0.0448992 0)
(0.11057 0.0353144 0)
(0.111465 0.0225558 0)
(0.108882 0.00379514 0)
(0.083311 -0.0252815 0)
(0.0762255 -0.111031 0)
(0.0195392 -0.313501 0)
(0.0858659 -0.446572 0)
(-0.0979263 0.0960493 0)
(-0.073747 0.0763177 0)
(-0.0614653 0.0587204 0)
(-0.0365136 0.0510257 0)
(-0.0131387 0.0454376 0)
(0.00982707 0.0409325 0)
(0.0316544 0.0373216 0)
(0.0542127 0.034347 0)
(0.0752972 0.0323533 0)
(0.0984555 0.0305412 0)
(0.118247 0.029459 0)
(0.141975 0.0277646 0)
(0.157382 0.0263103 0)
(0.178912 0.0232584 0)
(0.18244 0.0189627 0)
(0.197282 0.00890504 0)
(0.17488 -0.0162599 0)
(0.18155 -0.0823962 0)
(0.134893 -0.226815 0)
(0.16731 -0.339146 0)
(0.135211 0.109122 0)
(0.170717 0.0864043 0)
(0.230449 0.0647632 0)
(0.285972 0.0507911 0)
(0.329006 0.0418042 0)
(0.367019 0.0350188 0)
(0.396337 0.0300516 0)
(0.427039 0.0256904 0)
(0.44895 0.0226892 0)
(0.476767 0.0196467 0)
(0.492908 0.0179528 0)
(0.519892 0.0156044 0)
(0.529855 0.0148445 0)
(0.555967 0.0126804 0)
(0.555565 0.0124204 0)
(0.575303 0.00854281 0)
(0.548696 0.00407022 0)
(0.539092 -0.0148186 0)
(0.437095 -0.0472822 0)
(0.338834 -0.099465 0)
)
;

boundaryField
{
    movingWall
    {
        type            fixedValue;
        value           uniform (1 0 0);
    }
    fixedWalls
    {
        type            noSlip;
    }
    frontAndBack
    {
        type            empty;
    }
}


// ************************************************************************* //
