/*--------------------------------*- C++ -*----------------------------------*\
| =========                 |                                                 |
| \\      /  F ield         | OpenFOAM: The Open Source CFD Toolbox           |
|  \\    /   O peration     | Version:  2212                                  |
|   \\  /    A nd           | Website:  www.openfoam.com                      |
|    \\/     M anipulation  |                                                 |
\*---------------------------------------------------------------------------*/
FoamFile
{
    version     2.0;
    format      ascii;
    arch        "LSB;label=32;scalar=64";
    class       surfaceScalarField;
    location    "0.545";
    object      phi;
}
// * * * * * * * * * * * * * * * * * * * * * * * * * * * * * * * * * * * * * //

dimensions      [0 3 -1 0 0 0 0];

oriented        oriented;

internalField   nonuniform List<scalar> 
760
(
-3.48272e-08
3.48276e-08
-1.1535e-07
8.05226e-08
-2.1418e-07
9.88298e-08
-3.19223e-07
1.05044e-07
-4.27314e-07
1.08091e-07
-5.37856e-07
1.10542e-07
-6.50049e-07
1.12193e-07
-7.61723e-07
1.11675e-07
-8.68607e-07
1.06884e-07
-9.63664e-07
9.50573e-08
-1.03663e-06
7.2964e-08
-1.07417e-06
3.75376e-08
-1.0606e-06
-1.35662e-08
-9.82633e-07
-7.79661e-08
-8.34665e-07
-1.47967e-07
-6.27014e-07
-2.07651e-07
-3.90606e-07
-2.36408e-07
-1.73976e-07
-2.1663e-07
-3.10981e-08
-1.42878e-07
-3.10988e-08
-8.96728e-08
1.245e-07
-2.55499e-07
2.46349e-07
-4.51982e-07
2.95313e-07
-6.6012e-07
3.13181e-07
-8.72689e-07
3.2066e-07
-1.08638e-06
3.24237e-07
-1.29778e-06
3.23587e-07
-1.50135e-06
3.15251e-07
-1.68835e-06
2.93875e-07
-1.84591e-06
2.52617e-07
-1.95679e-06
1.83853e-07
-2.00012e-06
8.08648e-08
-1.95392e-06
-5.97626e-08
-1.7975e-06
-2.34389e-07
-1.52544e-06
-4.20024e-07
-1.15582e-06
-5.77279e-07
-7.39421e-07
-6.52803e-07
-3.55782e-07
-6.00269e-07
-8.90113e-08
-4.09648e-07
-1.2011e-07
-1.18702e-07
2.43202e-07
-3.29321e-07
4.56968e-07
-5.75016e-07
5.41008e-07
-8.33461e-07
5.71627e-07
-1.09599e-06
5.83184e-07
-1.35828e-06
5.86532e-07
-1.61599e-06
5.81295e-07
-1.8626e-06
5.6186e-07
-2.08817e-06
5.19447e-07
-2.27833e-06
4.42777e-07
-2.41357e-06
3.19098e-07
-2.46967e-06
1.36965e-07
-2.41851e-06
-1.10928e-07
-2.23198e-06
-4.20921e-07
-1.8963e-06
-7.55702e-07
-1.42838e-06
-1.0452e-06
-8.94362e-07
-1.18682e-06
-4.09231e-07
-1.0854e-06
-9.10795e-08
-7.278e-07
-2.1119e-07
-1.31008e-07
3.7421e-07
-3.63127e-07
6.89087e-07
-6.3274e-07
8.10621e-07
-9.15707e-07
8.54593e-07
-1.20335e-06
8.7083e-07
-1.49194e-06
8.75116e-07
-1.77796e-06
8.6732e-07
-2.05601e-06
8.39911e-07
-2.31732e-06
7.80754e-07
-2.54826e-06
6.73721e-07
-2.72865e-06
4.99481e-07
-2.83047e-06
2.38786e-07
-2.81851e-06
-1.22881e-07
-2.64507e-06
-5.94362e-07
-2.27451e-06
-1.12627e-06
-1.70881e-06
-1.6109e-06
-1.02971e-06
-1.86592e-06
-4.15794e-07
-1.69932e-06
-5.64407e-08
-1.08715e-06
-2.6763e-07
-1.34456e-07
5.08666e-07
-3.74946e-07
9.29576e-07
-6.55075e-07
1.09075e-06
-9.5006e-07
1.14958e-06
-1.25207e-06
1.17284e-06
-1.55903e-06
1.18208e-06
-1.86973e-06
1.17802e-06
-2.18164e-06
1.15182e-06
-2.48925e-06
1.08836e-06
-2.78202e-06
9.66495e-07
-3.04131e-06
7.58765e-07
-3.23514e-06
4.32622e-07
-3.3246e-06
-3.34221e-08
-3.2253e-06
-6.93658e-07
-2.86081e-06
-1.49076e-06
-2.18779e-06
-2.28392e-06
-1.29204e-06
-2.76166e-06
-4.52379e-07
-2.53898e-06
-6.07364e-09
-1.53346e-06
-2.73704e-07
-1.33042e-07
6.41708e-07
-3.74537e-07
1.17107e-06
-6.57819e-07
1.37403e-06
-9.58232e-07
1.44999e-06
-1.26931e-06
1.48392e-06
-1.59143e-06
1.50419e-06
-1.92685e-06
1.51344e-06
-2.2777e-06
1.50267e-06
-2.64434e-06
1.45501e-06
-3.02308e-06
1.34523e-06
-3.4023e-06
1.13798e-06
-3.75543e-06
7.85757e-07
-4.02385e-06
2.34991e-07
-4.1156e-06
-6.01906e-07
-3.85358e-06
-1.75278e-06
-3.09954e-06
-3.03796e-06
-1.91036e-06
-3.95084e-06
-6.76806e-07
-3.77254e-06
2.67806e-08
-2.23705e-06
-2.46923e-07
-1.28492e-07
7.702e-07
-3.66276e-07
1.40885e-06
-6.47773e-07
1.65553e-06
-9.4877e-07
1.75099e-06
-1.26437e-06
1.79953e-06
-1.59784e-06
1.83766e-06
-1.9559e-06
1.8715e-06
-2.34709e-06
1.89386e-06
-2.78075e-06
1.88867e-06
-3.26545e-06
1.82993e-06
-3.80623e-06
1.67876e-06
-4.39489e-06
1.37442e-06
-4.97176e-06
8.1186e-07
-5.42541e-06
-1.48254e-07
-5.42338e-06
-1.75482e-06
-4.69231e-06
-3.76902e-06
-3.2183e-06
-5.42486e-06
-1.42154e-06
-5.5693e-06
-1.02713e-07
-3.55587e-06
-3.49636e-07
-1.21462e-07
8.91662e-07
-3.51761e-07
1.63915e-06
-6.27023e-07
1.93079e-06
-9.23342e-07
2.04731e-06
-1.23723e-06
2.11342e-06
-1.5749e-06
2.17533e-06
-1.948e-06
2.24461e-06
-2.37291e-06
2.31877e-06
-2.87135e-06
2.3871e-06
-3.47113e-06
2.42971e-06
-4.20587e-06
2.4135e-06
-5.10296e-06
2.27151e-06
-6.1236e-06
1.83251e-06
-7.03233e-06
7.60474e-07
-7.44114e-06
-1.34601e-06
-6.90984e-06
-4.30033e-06
-5.36979e-06
-6.9649e-06
-3.04286e-06
-7.89623e-06
-6.60137e-07
-5.93859e-06
-1.00977e-06
-1.1234e-07
1.004e-06
-3.3177e-07
1.85858e-06
-5.96133e-07
2.19515e-06
-8.81279e-07
2.33245e-06
-1.18454e-06
2.41667e-06
-1.51453e-06
2.50532e-06
-1.88739e-06
2.61747e-06
-2.32738e-06
2.75876e-06
-2.86993e-06
2.92965e-06
-3.56564e-06
3.12542e-06
-4.48001e-06
3.32787e-06
-5.67038e-06
3.46187e-06
-7.09088e-06
3.25302e-06
-8.42581e-06
2.0954e-06
-9.15153e-06
-6.20292e-07
-8.97386e-06
-4.478e-06
-7.78132e-06
-8.15744e-06
-5.3477e-06
-1.03299e-05
-1.88809e-06
-9.3982e-06
-2.89786e-06
-1.01848e-07
1.10585e-06
-3.07698e-07
2.06443e-06
-5.5645e-07
2.44391e-06
-8.22801e-07
2.5988e-06
-1.10391e-06
2.69779e-06
-1.40954e-06
2.81094e-06
-1.75852e-06
2.96646e-06
-2.18041e-06
3.18064e-06
-2.72062e-06
3.46986e-06
-3.44633e-06
3.85114e-06
-4.43881e-06
4.32034e-06
-5.74175e-06
4.76481e-06
-7.2524e-06
4.76366e-06
-8.65024e-06
3.49324e-06
-9.38593e-06
1.15404e-07
-9.57926e-06
-4.28466e-06
-9.02434e-06
-8.71236e-06
-7.16761e-06
-1.21866e-05
-3.50108e-06
-1.30647e-05
-6.39894e-06
-9.14939e-08
1.19734e-06
-2.82623e-07
2.25556e-06
-5.11778e-07
2.67306e-06
-7.51386e-07
2.83841e-06
-9.97269e-07
2.94367e-06
-1.25842e-06
3.07209e-06
-1.553e-06
3.26104e-06
-1.9096e-06
3.53724e-06
-2.37166e-06
3.93192e-06
-3.00059e-06
4.48007e-06
-3.85798e-06
5.17773e-06
-4.93877e-06
5.84561e-06
-6.09169e-06
5.91658e-06
-7.05175e-06
4.4533e-06
-7.77919e-06
8.42839e-07
-8.1312e-06
-3.93265e-06
-8.15235e-06
-8.69121e-06
-7.26859e-06
-1.30703e-05
-4.51924e-06
-1.58141e-05
-1.09182e-05
-8.40061e-08
1.28135e-06
-2.62205e-07
2.43376e-06
-4.69601e-07
2.88046e-06
-6.75393e-07
3.0442e-06
-8.73327e-07
3.1416e-06
-1.06985e-06
3.2686e-06
-1.27852e-06
3.46972e-06
-1.51938e-06
3.7781e-06
-1.81959e-06
4.23213e-06
-2.21143e-06
4.87191e-06
-2.71661e-06
5.68291e-06
-3.30147e-06
6.43047e-06
-3.86521e-06
6.48032e-06
-4.33245e-06
4.92054e-06
-4.83794e-06
1.34833e-06
-5.33795e-06
-3.43264e-06
-5.82994e-06
-8.19922e-06
-5.86477e-06
-1.30355e-05
-4.15094e-06
-1.75279e-05
-1.50691e-05
-8.36757e-08
1.36503e-06
-2.55349e-07
2.60544e-06
-4.42024e-07
3.06713e-06
-6.09099e-07
3.21128e-06
-7.48861e-07
3.28136e-06
-8.64906e-07
3.38465e-06
-9.64008e-07
3.56882e-06
-1.05319e-06
3.86728e-06
-1.1369e-06
4.31584e-06
-1.2111e-06
4.94611e-06
-1.2671e-06
5.73891e-06
-1.28363e-06
6.447e-06
-1.29039e-06
6.48707e-06
-1.3924e-06
5.02255e-06
-1.7082e-06
1.66413e-06
-2.33885e-06
-2.80199e-06
-3.21999e-06
-7.31808e-06
-3.98394e-06
-1.22716e-05
-3.14764e-06
-1.83642e-05
-1.82168e-05
-9.78889e-08
1.46292e-06
-2.75728e-07
2.78327e-06
-4.45303e-07
3.23671e-06
-5.70615e-07
3.33659e-06
-6.45924e-07
3.35667e-06
-6.73531e-07
3.41226e-06
-6.53963e-07
3.54925e-06
-5.81896e-07
3.79521e-06
-4.42237e-07
4.17618e-06
-1.97787e-07
4.70166e-06
1.83339e-07
5.35779e-06
6.54481e-07
5.97586e-06
1.11813e-06
6.02342e-06
1.36543e-06
4.77525e-06
1.14433e-06
1.88524e-06
4.16781e-07
-2.07444e-06
-7.82337e-07
-6.11896e-06
-2.15169e-06
-1.09022e-05
-2.1934e-06
-1.83225e-05
-2.04102e-05
-1.3699e-07
1.59991e-06
-3.43444e-07
2.98973e-06
-5.05656e-07
3.39892e-06
-5.86845e-07
3.41778e-06
-5.92568e-07
3.3624e-06
-5.29877e-07
3.34957e-06
-3.96171e-07
3.41555e-06
-1.78488e-07
3.57753e-06
1.55844e-07
3.84185e-06
6.23809e-07
4.23369e-06
1.27307e-06
4.70853e-06
2.11481e-06
5.13412e-06
2.98623e-06
5.15199e-06
3.54461e-06
4.21688e-06
3.44178e-06
1.98807e-06
2.61301e-06
-1.24567e-06
1.18853e-06
-4.69448e-06
-5.64428e-07
-9.14924e-06
-1.30135e-06
-1.75856e-05
-2.17115e-05
-2.17497e-07
1.8174e-06
-4.80026e-07
3.25226e-06
-6.33407e-07
3.5523e-06
-6.66822e-07
3.45119e-06
-6.03623e-07
3.2992e-06
-4.57119e-07
3.20306e-06
-2.24566e-07
3.18299e-06
1.10852e-07
3.24211e-06
5.65752e-07
3.38695e-06
1.18623e-06
3.61322e-06
2.00215e-06
3.89261e-06
3.0042e-06
4.13207e-06
4.03834e-06
4.11785e-06
4.77036e-06
3.48485e-06
4.81064e-06
1.94779e-06
3.9903e-06
-4.25331e-07
2.42286e-06
-3.12704e-06
5.15147e-07
-7.24153e-06
-5.04814e-07
-1.65656e-05
-2.22163e-05
-4.00862e-07
2.21826e-06
-8.22254e-07
3.67365e-06
-9.42846e-07
3.67289e-06
-8.65785e-07
3.37413e-06
-6.99736e-07
3.13315e-06
-4.6741e-07
2.97074e-06
-1.56135e-07
2.87172e-06
2.57724e-07
2.82825e-06
8.00976e-07
2.84369e-06
1.50384e-06
2.91035e-06
2.37904e-06
3.01741e-06
3.40938e-06
3.10173e-06
4.45566e-06
3.07157e-06
5.24577e-06
2.69474e-06
5.37217e-06
1.82139e-06
4.68799e-06
2.58846e-07
3.22522e-06
-1.66427e-06
1.63942e-06
-5.65573e-06
3.44491e-07
-1.52707e-05
-2.18718e-05
-4.06818e-07
2.62508e-06
-9.11581e-07
4.17841e-06
-1.13542e-06
3.89673e-06
-1.13356e-06
3.37228e-06
-9.66825e-07
2.96641e-06
-6.81669e-07
2.68558e-06
-2.87683e-07
2.47773e-06
2.25591e-07
2.31498e-06
8.58767e-07
2.21052e-06
1.6314e-06
2.13772e-06
2.53093e-06
2.11787e-06
3.54688e-06
2.08578e-06
4.56185e-06
2.05661e-06
5.38881e-06
1.86777e-06
5.71283e-06
1.49737e-06
5.35638e-06
6.15298e-07
4.56321e-06
-8.71098e-07
3.43298e-06
-4.52551e-06
1.61035e-06
-1.34481e-05
-2.02615e-05
-3.92563e-06
6.55071e-06
-3.75614e-06
4.00892e-06
-2.57001e-06
2.7106e-06
-1.41606e-06
2.21832e-06
-3.5871e-07
1.90906e-06
6.69154e-07
1.65772e-06
1.68307e-06
1.46382e-06
2.69918e-06
1.29887e-06
3.71696e-06
1.19273e-06
4.75968e-06
1.09501e-06
5.82217e-06
1.05538e-06
6.90875e-06
9.99194e-07
7.96551e-06
9.99853e-07
8.91739e-06
9.15897e-07
9.6509e-06
7.63865e-07
9.9386e-06
3.27595e-07
9.76524e-06
-6.97745e-07
8.99011e-06
-3.75037e-06
5.20562e-06
-9.66357e-06
-1.50559e-05
6.55071e-06
1.05596e-05
1.32702e-05
1.54886e-05
1.73976e-05
1.90553e-05
2.05192e-05
2.1818e-05
2.30108e-05
2.41058e-05
2.51612e-05
2.61603e-05
2.71602e-05
2.80761e-05
2.884e-05
2.91676e-05
2.84698e-05
2.47194e-05
1.50559e-05
)
;

boundaryField
{
    movingWall
    {
        type            calculated;
        value           uniform 0;
    }
    fixedWalls
    {
        type            calculated;
        value           uniform 0;
    }
    frontAndBack
    {
        type            empty;
        value           nonuniform List<scalar> 0();
    }
}


// ************************************************************************* //
