/*--------------------------------*- C++ -*----------------------------------*\
| =========                 |                                                 |
| \\      /  F ield         | OpenFOAM: The Open Source CFD Toolbox           |
|  \\    /   O peration     | Version:  2212                                  |
|   \\  /    A nd           | Website:  www.openfoam.com                      |
|    \\/     M anipulation  |                                                 |
\*---------------------------------------------------------------------------*/
FoamFile
{
    version     2.0;
    format      ascii;
    arch        "LSB;label=32;scalar=64";
    class       volVectorField;
    location    "0.545";
    object      U;
}
// * * * * * * * * * * * * * * * * * * * * * * * * * * * * * * * * * * * * * //

dimensions      [0 1 -1 0 0 0 0];

internalField   nonuniform List<vector> 
400
(
(-0.000233744 0.000209146 0)
(-0.00134368 0.000587995 0)
(-0.00324276 0.000741598 0)
(-0.00532103 0.00079163 0)
(-0.00746143 0.00082078 0)
(-0.00965283 0.000852443 0)
(-0.011888 0.000884712 0)
(-0.0141399 0.000905822 0)
(-0.0163459 0.000897643 0)
(-0.0183939 0.000835555 0)
(-0.0201104 0.000689385 0)
(-0.0212553 0.000428095 0)
(-0.0215312 2.87183e-05 0)
(-0.020634 -0.000508816 0)
(-0.0183593 -0.00110894 0)
(-0.0147462 -0.00163343 0)
(-0.0102116 -0.0018973 0)
(-0.00552564 -0.00174023 0)
(-0.00160767 -0.00110468 0)
(2.06894e-05 -0.000143873 0)
(-0.00070032 0.00140013 0)
(-0.00316755 0.00294945 0)
(-0.0069693 0.00357729 0)
(-0.0110989 0.00380276 0)
(-0.0153292 0.00390908 0)
(-0.0196076 0.00398216 0)
(-0.0238801 0.00401612 0)
(-0.0280622 0.00396463 0)
(-0.0320138 0.00375643 0)
(-0.035519 0.00329918 0)
(-0.0382735 0.00248704 0)
(-0.0398886 0.00122152 0)
(-0.0399188 -0.00054945 0)
(-0.0379134 -0.00276318 0)
(-0.0335883 -0.00513542 0)
(-0.0270579 -0.00714572 0)
(-0.0190113 -0.00811214 0)
(-0.0107115 -0.00745585 0)
(-0.00372106 -0.00502268 0)
(-0.000384873 -0.00130087 0)
(-0.000946677 0.00360373 0)
(-0.00413422 0.00689329 0)
(-0.00891813 0.00820252 0)
(-0.014063 0.0086831 0)
(-0.0193019 0.00887466 0)
(-0.0245709 0.00894712 0)
(-0.0297986 0.00889275 0)
(-0.0348816 0.00862107 0)
(-0.039659 0.0079921 0)
(-0.0438881 0.00682742 0)
(-0.0472271 0.00492725 0)
(-0.0492306 0.00211189 0)
(-0.0493589 -0.00170567 0)
(-0.0470222 -0.00640077 0)
(-0.0417657 -0.0114155 0)
(-0.0335946 -0.0156791 0)
(-0.0233148 -0.0177223 0)
(-0.0126851 -0.0162601 0)
(-0.004002 -0.0110682 0)
(-0.000252145 -0.00328673 0)
(-0.00104168 0.00614832 0)
(-0.00455916 0.0114072 0)
(-0.00982399 0.0134529 0)
(-0.0154618 0.0141948 0)
(-0.0211961 0.0144679 0)
(-0.0269771 0.0145358 0)
(-0.0327483 0.0143917 0)
(-0.0384264 0.0139036 0)
(-0.0438747 0.0128628 0)
(-0.0488721 0.0109985 0)
(-0.0530797 0.00799801 0)
(-0.0560156 0.00356045 0)
(-0.0570362 -0.00250632 0)
(-0.0552825 -0.0101347 0)
(-0.0498689 -0.0185167 0)
(-0.0403972 -0.0258942 0)
(-0.0276012 -0.0295596 0)
(-0.0139631 -0.0269311 0)
(-0.00321298 -0.0177495 0)
(0.000369126 -0.00482769 0)
(-0.0010584 0.0088199 0)
(-0.00468885 0.016163 0)
(-0.0101569 0.0189808 0)
(-0.0160217 0.0200013 0)
(-0.022014 0.0203852 0)
(-0.0281142 0.0205023 0)
(-0.0343058 0.020356 0)
(-0.0405579 0.0197804 0)
(-0.0467977 0.0185025 0)
(-0.0528709 0.0161518 0)
(-0.0584877 0.012267 0)
(-0.0631666 0.00633419 0)
(-0.066182 -0.00208242 0)
(-0.066292 -0.0130374 0)
(-0.0618377 -0.0258704 0)
(-0.0514897 -0.0379845 0)
(-0.0354232 -0.0446521 0)
(-0.0168934 -0.0406278 0)
(-0.00203394 -0.0252816 0)
(0.00149325 -0.00539617 0)
(-0.00103288 0.0115043 0)
(-0.00465476 0.0209982 0)
(-0.0101704 0.02463 0)
(-0.0161186 0.0259678 0)
(-0.0222467 0.0265245 0)
(-0.0285758 0.0267946 0)
(-0.0351487 0.0268079 0)
(-0.0420158 0.0263814 0)
(-0.0492103 0.0251915 0)
(-0.0567102 0.0227719 0)
(-0.0643792 0.0184947 0)
(-0.071851 0.0115672 0)
(-0.0783149 0.00112562 0)
(-0.0823218 -0.0134637 0)
(-0.0810934 -0.0321866 0)
(-0.0712502 -0.0517754 0)
(-0.0516495 -0.0645403 0)
(-0.0258386 -0.0600947 0)
(-0.00239062 -0.0354825 0)
(0.00299446 -0.00486731 0)
(-0.000979702 0.0141262 0)
(-0.00451522 0.0258019 0)
(-0.00997718 0.0302895 0)
(-0.015909 0.0319933 0)
(-0.0220768 0.0328017 0)
(-0.0285471 0.0333575 0)
(-0.0354349 0.0337426 0)
(-0.0428971 0.0337869 0)
(-0.0511185 0.0331514 0)
(-0.0602886 0.031312 0)
(-0.0705656 0.0275147 0)
(-0.0819599 0.0206871 0)
(-0.0939999 0.00924779 0)
(-0.105055 -0.00886761 0)
(-0.110472 -0.0347139 0)
(-0.103699 -0.0656752 0)
(-0.0819788 -0.089856 0)
(-0.0481936 -0.088827 0)
(-0.00983204 -0.0531961 0)
(0.00422875 -0.0048724 0)
(-0.000904279 0.0166308 0)
(-0.00429236 0.0304919 0)
(-0.00961678 0.0358685 0)
(-0.0154346 0.0379803 0)
(-0.0215262 0.0391131 0)
(-0.0280004 0.0400873 0)
(-0.0350483 0.0410712 0)
(-0.0429486 0.0419559 0)
(-0.0520772 0.0424554 0)
(-0.062919 0.0420858 0)
(-0.0761142 0.0401016 0)
(-0.0924778 0.0352646 0)
(-0.112328 0.0250378 0)
(-0.133148 0.00472141 0)
(-0.147762 -0.0303419 0)
(-0.146504 -0.0776858 0)
(-0.126296 -0.119356 0)
(-0.0884186 -0.128481 0)
(-0.0340115 -0.0872891 0)
(0.00301098 -0.0111461 0)
(-0.000810564 0.0189728 0)
(-0.00399889 0.0349977 0)
(-0.00910581 0.0412775 0)
(-0.0146993 0.0438135 0)
(-0.0205612 0.0453105 0)
(-0.0268305 0.0467983 0)
(-0.033762 0.0485737 0)
(-0.0417485 0.0506519 0)
(-0.0513622 0.0529044 0)
(-0.0634078 0.0550509 0)
(-0.0790552 0.0565661 0)
(-0.100052 0.0561217 0)
(-0.127701 0.0495179 0)
(-0.158422 0.0273336 0)
(-0.180551 -0.0203908 0)
(-0.183891 -0.0883834 0)
(-0.169807 -0.150909 0)
(-0.136276 -0.178441 0)
(-0.0771768 -0.14564 0)
(-0.00499092 -0.0311167 0)
(-0.00070669 0.0211164 0)
(-0.00365771 0.0392572 0)
(-0.00847532 0.0464225 0)
(-0.013724 0.0493521 0)
(-0.019168 0.0511907 0)
(-0.0249534 0.0532079 0)
(-0.0313671 0.0558685 0)
(-0.0388695 0.0593771 0)
(-0.0481653 0.0638783 0)
(-0.0602691 0.069468 0)
(-0.0766326 0.0759326 0)
(-0.0995371 0.0814303 0)
(-0.130752 0.0788249 0)
(-0.164999 0.0533428 0)
(-0.18712 -0.00737666 0)
(-0.191678 -0.0956027 0)
(-0.186032 -0.178284 0)
(-0.164835 -0.231954 0)
(-0.116812 -0.222742 0)
(-0.022408 -0.0770828 0)
(-0.000609418 0.0230468 0)
(-0.00331678 0.0432287 0)
(-0.00779802 0.0512134 0)
(-0.0125868 0.0544378 0)
(-0.0174082 0.0565055 0)
(-0.0223865 0.0589465 0)
(-0.0277907 0.062414 0)
(-0.0340551 0.0673348 0)
(-0.0418497 0.0741808 0)
(-0.0521018 0.083465 0)
(-0.0659787 0.0950881 0)
(-0.0853699 0.105971 0)
(-0.111805 0.105705 0)
(-0.139565 0.0763779 0)
(-0.156318 0.00686325 0)
(-0.160016 -0.0916135 0)
(-0.160837 -0.188192 0)
(-0.154065 -0.269084 0)
(-0.126499 -0.300357 0)
(-0.0370322 -0.170792 0)
(-0.000548826 0.024791 0)
(-0.00306251 0.0469172 0)
(-0.00720929 0.0555912 0)
(-0.0114508 0.0589228 0)
(-0.0154584 0.0609962 0)
(-0.0193142 0.0636057 0)
(-0.0232186 0.0675768 0)
(-0.0274751 0.0735207 0)
(-0.0325163 0.0821555 0)
(-0.0388674 0.0942437 0)
(-0.0470028 0.109539 0)
(-0.057951 0.123665 0)
(-0.0734318 0.124196 0)
(-0.0896229 0.0927235 0)
(-0.0986475 0.0207801 0)
(-0.101248 -0.0769661 0)
(-0.108549 -0.17674 0)
(-0.114776 -0.274268 0)
(-0.109771 -0.350797 0)
(-0.0318935 -0.276246 0)
(-0.000573033 0.0264413 0)
(-0.00302946 0.0503816 0)
(-0.00692302 0.0595084 0)
(-0.0105827 0.0626559 0)
(-0.0136299 0.0644106 0)
(-0.0161139 0.0668039 0)
(-0.0181497 0.0707725 0)
(-0.0198552 0.0770074 0)
(-0.0213238 0.0862886 0)
(-0.0225615 0.0993743 0)
(-0.0234017 0.115879 0)
(-0.0241235 0.130791 0)
(-0.0270283 0.131762 0)
(-0.0314282 0.101346 0)
(-0.034477 0.0319808 0)
(-0.0380665 -0.0607974 0)
(-0.052074 -0.155657 0)
(-0.06849 -0.257057 0)
(-0.0851991 -0.366156 0)
(-0.0168891 -0.342988 0)
(-0.00076803 0.0282297 0)
(-0.00343806 0.0538981 0)
(-0.00724317 0.0631627 0)
(-0.0103244 0.0656827 0)
(-0.0123169 0.0666534 0)
(-0.0132903 0.0683306 0)
(-0.0132989 0.0716701 0)
(-0.0122964 0.0773063 0)
(-0.0100872 0.0858908 0)
(-0.00621599 0.0978902 0)
(-0.000267357 0.113018 0)
(0.00818853 0.127053 0)
(0.0168621 0.128697 0)
(0.0228422 0.101961 0)
(0.02465 0.0389303 0)
(0.0193102 -0.0459377 0)
(-0.00117834 -0.13137 0)
(-0.024568 -0.230301 0)
(-0.0629596 -0.367748 0)
(-0.00403365 -0.39182 0)
(-0.00125439 0.030447 0)
(-0.00459683 0.0574683 0)
(-0.00864729 0.0660663 0)
(-0.0112147 0.0674779 0)
(-0.0120571 0.0673455 0)
(-0.0114387 0.0679406 0)
(-0.00944092 0.0701303 0)
(-0.00592397 0.0744018 0)
(-0.000615126 0.081116 0)
(0.0073096 0.0906452 0)
(0.018667 0.102493 0)
(0.0336059 0.113798 0)
(0.0499475 0.115715 0)
(0.0633332 0.0951706 0)
(0.0691505 0.0437189 0)
(0.0646674 -0.0297784 0)
(0.0403513 -0.103285 0)
(0.0143811 -0.1945 0)
(-0.0438417 -0.357631 0)
(0.00989816 -0.428136 0)
(-0.00229242 0.0337284 0)
(-0.0068949 0.0628251 0)
(-0.0114276 0.070588 0)
(-0.0134529 0.0696639 0)
(-0.0130919 0.0673847 0)
(-0.010924 0.0662008 0)
(-0.00711586 0.0666633 0)
(-0.00156349 0.0689515 0)
(0.006237 0.0731831 0)
(0.0170396 0.0795585 0)
(0.0314483 0.0873819 0)
(0.0495728 0.0945461 0)
(0.0695094 0.0954527 0)
(0.0870148 0.0808307 0)
(0.0955712 0.043213 0)
(0.09262 -0.0144455 0)
(0.0664335 -0.0744965 0)
(0.0412797 -0.161452 0)
(-0.0307872 -0.349677 0)
(0.0249731 -0.456393 0)
(-0.00420896 0.0422572 0)
(-0.0129033 0.0675006 0)
(-0.0183188 0.0692554 0)
(-0.0186031 0.0665092 0)
(-0.0160409 0.0634543 0)
(-0.0120001 0.0613309 0)
(-0.00658085 0.06045 0)
(0.000572464 0.0608564 0)
(0.0100572 0.0626538 0)
(0.0225193 0.0657389 0)
(0.0383152 0.0696988 0)
(0.0573005 0.073033 0)
(0.0777807 0.0727403 0)
(0.0967007 0.0630684 0)
(0.106137 0.0392558 0)
(0.105423 -0.000550985 0)
(0.0801068 -0.0464627 0)
(0.0588476 -0.132133 0)
(-0.0155021 -0.339986 0)
(0.0472221 -0.472304 0)
(-0.003061 0.0370918 0)
(-0.0115456 0.0827283 0)
(-0.0220982 0.0834692 0)
(-0.0243291 0.073128 0)
(-0.0218316 0.0651922 0)
(-0.0170593 0.0600034 0)
(-0.0101682 0.0564309 0)
(-0.00109593 0.0539582 0)
(0.0103557 0.0526667 0)
(0.0244885 0.052234 0)
(0.0411729 0.0526817 0)
(0.0603698 0.0527645 0)
(0.0799618 0.0517292 0)
(0.099571 0.0456827 0)
(0.109293 0.0331917 0)
(0.114462 0.00900106 0)
(0.0932168 -0.026475 0)
(0.081989 -0.11462 0)
(0.0214148 -0.314437 0)
(0.0869928 -0.447548 0)
(-0.0978173 0.0965583 0)
(-0.0741739 0.0762534 0)
(-0.0630803 0.0579637 0)
(-0.0397173 0.0500668 0)
(-0.0181061 0.044438 0)
(0.00314778 0.0398793 0)
(0.0233907 0.0361831 0)
(0.0442963 0.0331032 0)
(0.0638651 0.0310665 0)
(0.0856509 0.0294051 0)
(0.104832 0.0287419 0)
(0.128687 0.0279058 0)
(0.145423 0.0276996 0)
(0.170197 0.0257799 0)
(0.177402 0.0218057 0)
(0.197343 0.0102811 0)
(0.178048 -0.0169311 0)
(0.184453 -0.0838074 0)
(0.135673 -0.22723 0)
(0.167684 -0.340164 0)
(0.135404 0.109506 0)
(0.171347 0.0869463 0)
(0.231262 0.0652816 0)
(0.286627 0.051226 0)
(0.329252 0.0421186 0)
(0.366801 0.0352499 0)
(0.395525 0.0301922 0)
(0.425724 0.0257478 0)
(0.44693 0.0226767 0)
(0.474313 0.019579 0)
(0.489851 0.0178849 0)
(0.516934 0.015556 0)
(0.526925 0.0149325 0)
(0.55411 0.0128661 0)
(0.554673 0.0127287 0)
(0.576034 0.00870213 0)
(0.550351 0.0039642 0)
(0.540998 -0.0150551 0)
(0.438149 -0.0471529 0)
(0.339065 -0.0991201 0)
)
;

boundaryField
{
    movingWall
    {
        type            fixedValue;
        value           uniform (1 0 0);
    }
    fixedWalls
    {
        type            noSlip;
    }
    frontAndBack
    {
        type            empty;
    }
}


// ************************************************************************* //
