/*--------------------------------*- C++ -*----------------------------------*\
| =========                 |                                                 |
| \\      /  F ield         | OpenFOAM: The Open Source CFD Toolbox           |
|  \\    /   O peration     | Version:  2212                                  |
|   \\  /    A nd           | Website:  www.openfoam.com                      |
|    \\/     M anipulation  |                                                 |
\*---------------------------------------------------------------------------*/
FoamFile
{
    version     2.0;
    format      ascii;
    arch        "LSB;label=32;scalar=64";
    class       surfaceScalarField;
    location    "4.93";
    object      phi;
}
// * * * * * * * * * * * * * * * * * * * * * * * * * * * * * * * * * * * * * //

dimensions      [0 3 -1 0 0 0 0];

oriented        oriented;

internalField   nonuniform List<scalar> 
760
(
1.55187e-07
-1.55171e-07
2.9165e-07
-1.36464e-07
3.07526e-07
-1.58765e-08
1.81255e-07
1.26271e-07
-1.22108e-07
3.03363e-07
-6.66136e-07
5.44028e-07
-1.48273e-06
8.16596e-07
-2.48515e-06
1.00241e-06
-3.47224e-06
9.87092e-07
-4.21151e-06
7.39271e-07
-4.53608e-06
3.24569e-07
-4.34864e-06
-1.87443e-07
-3.59274e-06
-7.55898e-07
-2.38223e-06
-1.21051e-06
-9.46779e-07
-1.43545e-06
3.39213e-07
-1.28599e-06
1.08267e-06
-7.43456e-07
1.02895e-06
5.37146e-08
4.59595e-07
5.69359e-07
4.59595e-07
1.23461e-07
-2.78632e-07
7.17341e-08
-8.47371e-08
-2.99657e-07
3.55514e-07
-1.07952e-06
9.06135e-07
-2.3126e-06
1.53645e-06
-3.91878e-06
2.1502e-06
-5.64859e-06
2.54641e-06
-7.18981e-06
2.54363e-06
-8.31813e-06
2.11541e-06
-8.92369e-06
1.34484e-06
-8.9594e-06
3.60283e-07
-8.40257e-06
-7.44278e-07
-7.28439e-06
-1.87408e-06
-5.63782e-06
-2.85708e-06
-3.60648e-06
-3.46679e-06
-1.49454e-06
-3.39793e-06
1.72407e-07
-2.4104e-06
8.54252e-07
-6.28131e-07
5.23876e-07
8.99736e-07
9.83471e-07
-1.28803e-07
-1.49829e-07
-6.3499e-07
4.2145e-07
-1.62354e-06
1.34407e-06
-3.13515e-06
2.41774e-06
-5.04473e-06
3.44602e-06
-7.05432e-06
4.1598e-06
-8.8496e-06
4.34168e-06
-1.02506e-05
3.94461e-06
-1.12054e-05
3.07026e-06
-1.17064e-05
1.84584e-06
-1.17021e-05
3.55936e-07
-1.12456e-05
-1.20074e-06
-1.03168e-05
-2.80293e-06
-8.8612e-06
-4.31265e-06
-6.85884e-06
-5.46915e-06
-4.39848e-06
-5.8583e-06
-1.87883e-06
-4.93004e-06
-8.86828e-08
-2.41828e-06
2.93765e-07
5.17288e-07
1.27724e-06
-4.99988e-07
3.50159e-07
-1.55705e-06
1.47851e-06
-3.11154e-06
2.89856e-06
-5.06661e-06
4.37281e-06
-7.16346e-06
5.54287e-06
-9.0955e-06
6.09184e-06
-1.06609e-05
5.90704e-06
-1.18167e-05
5.10049e-06
-1.25911e-05
3.84465e-06
-1.30188e-05
2.27355e-06
-1.3085e-05
4.22093e-07
-1.28476e-05
-1.43813e-06
-1.22684e-05
-3.38215e-06
-1.12454e-05
-5.33564e-06
-9.64759e-06
-7.06694e-06
-7.35026e-06
-8.15563e-06
-4.39168e-06
-7.88862e-06
-1.37762e-06
-5.43235e-06
1.1978e-07
-9.80109e-07
1.39702e-06
-8.59419e-07
1.20958e-06
-2.35428e-06
2.97337e-06
-4.21866e-06
4.76295e-06
-6.2587e-06
6.41284e-06
-8.19454e-06
7.47871e-06
-9.80403e-06
7.70134e-06
-1.10102e-05
7.11324e-06
-1.18394e-05
5.92969e-06
-1.23536e-05
4.35876e-06
-1.26255e-05
2.54551e-06
-1.27461e-05
5.42674e-07
-1.27025e-05
-1.48171e-06
-1.24855e-05
-3.59916e-06
-1.20157e-05
-5.80542e-06
-1.11066e-05
-7.97607e-06
-9.47015e-06
-9.79209e-06
-6.80745e-06
-1.05513e-05
-3.21729e-06
-9.0225e-06
-2.61838e-07
-3.93557e-06
1.13518e-06
-1.08272e-06
2.29229e-06
-2.77389e-06
4.66454e-06
-4.66049e-06
6.64955e-06
-6.51166e-06
8.26401e-06
-8.10384e-06
9.07089e-06
-9.30597e-06
8.90346e-06
-1.01135e-05
7.92079e-06
-1.05914e-05
6.40759e-06
-1.08301e-05
4.59745e-06
-1.09298e-05
2.64521e-06
-1.10122e-05
6.25046e-07
-1.10647e-05
-1.42917e-06
-1.11029e-05
-3.56093e-06
-1.10973e-05
-5.81103e-06
-1.08937e-05
-8.17975e-06
-1.01643e-05
-1.05214e-05
-8.41548e-06
-1.23002e-05
-5.23242e-06
-1.22056e-05
-1.15679e-06
-8.0112e-06
-2.16148e-08
-1.10582e-06
3.39812e-06
-2.74712e-06
6.30584e-06
-4.43834e-06
8.34077e-06
-5.96823e-06
9.79391e-06
-7.17702e-06
1.02797e-05
-8.00195e-06
9.72839e-06
-8.48022e-06
8.39905e-06
-8.69865e-06
6.62603e-06
-8.76111e-06
4.6599e-06
-8.76522e-06
2.64933e-06
-8.79427e-06
6.5409e-07
-8.86722e-06
-1.35622e-06
-9.00381e-06
-3.42434e-06
-9.21513e-06
-5.59972e-06
-9.44378e-06
-7.9511e-06
-9.45743e-06
-1.05077e-05
-8.73666e-06
-1.30209e-05
-6.52479e-06
-1.44174e-05
-2.41842e-06
-1.21176e-05
-2.44004e-06
-9.31353e-07
4.32947e-06
-2.33735e-06
7.71184e-06
-3.7194e-06
9.72282e-06
-4.89413e-06
1.09686e-05
-5.76054e-06
1.11461e-05
-6.30129e-06
1.02691e-05
-6.57306e-06
8.67082e-06
-6.6668e-06
6.71977e-06
-6.67908e-06
4.67218e-06
-6.68365e-06
2.6539e-06
-6.71704e-06
6.87483e-07
-6.79663e-06
-1.27663e-06
-6.94358e-06
-3.27739e-06
-7.18832e-06
-5.35497e-06
-7.54738e-06
-7.59204e-06
-7.92861e-06
-1.01265e-05
-7.92098e-06
-1.30286e-05
-6.70678e-06
-1.56316e-05
-3.57921e-06
-1.52451e-05
-6.01925e-06
-6.21882e-07
4.95135e-06
-1.68033e-06
8.77029e-06
-2.70985e-06
1.07523e-05
-3.54569e-06
1.18045e-05
-4.13213e-06
1.17325e-05
-4.47891e-06
1.06159e-05
-4.64459e-06
8.8365e-06
-4.70768e-06
6.78286e-06
-4.74096e-06
4.70546e-06
-4.78863e-06
2.70157e-06
-4.86118e-06
7.60027e-07
-4.96528e-06
-1.17253e-06
-5.11101e-06
-3.13166e-06
-5.32714e-06
-5.13884e-06
-5.6686e-06
-7.25058e-06
-6.14808e-06
-9.64704e-06
-6.54584e-06
-1.26308e-05
-6.12004e-06
-1.60574e-05
-3.91808e-06
-1.74471e-05
-9.93732e-06
-2.31023e-07
5.18237e-06
-8.89148e-07
9.42841e-06
-1.5584e-06
1.14216e-05
-2.08582e-06
1.23319e-05
-2.44346e-06
1.20902e-05
-2.65538e-06
1.08278e-05
-2.76968e-06
8.9508e-06
-2.83975e-06
6.85292e-06
-2.91061e-06
4.77632e-06
-3.00461e-06
2.79557e-06
-3.12462e-06
8.80043e-07
-3.27046e-06
-1.02669e-06
-3.44247e-06
-2.95965e-06
-3.6531e-06
-4.9282e-06
-3.95353e-06
-6.95015e-06
-4.42561e-06
-9.17496e-06
-5.01529e-06
-1.20411e-05
-5.1189e-06
-1.59538e-05
-3.55519e-06
-1.90108e-05
-1.34925e-05
1.63508e-07
5.01887e-06
-6.89687e-08
9.66089e-06
-4.00661e-07
1.17533e-05
-6.50483e-07
1.25817e-05
-8.04156e-07
1.22438e-05
-8.92709e-07
1.09164e-05
-9.55635e-07
9.01373e-06
-1.02495e-06
6.92224e-06
-1.11739e-06
4.86875e-06
-1.24072e-06
2.9189e-06
-1.39736e-06
1.03669e-06
-1.5895e-06
-8.34552e-07
-1.81592e-06
-2.73324e-06
-2.07476e-06
-4.66936e-06
-2.39402e-06
-6.63089e-06
-2.86632e-06
-8.70266e-06
-3.55515e-06
-1.13523e-05
-4.02306e-06
-1.54859e-05
-3.02427e-06
-2.00096e-05
-1.65168e-05
4.9982e-07
4.51905e-06
6.97442e-07
9.46327e-06
7.40693e-07
1.171e-05
7.76515e-07
1.25459e-05
8.21782e-07
1.21986e-05
8.50995e-07
1.08872e-05
8.44254e-07
9.02047e-06
7.93241e-07
6.97325e-06
6.9923e-07
4.96277e-06
5.6414e-07
3.05399e-06
3.83134e-07
1.21769e-06
1.49985e-07
-6.01402e-07
-1.37207e-07
-2.44605e-06
-4.8512e-07
-4.32144e-06
-8.98354e-07
-6.21766e-06
-1.422e-06
-8.17901e-06
-2.20331e-06
-1.0571e-05
-2.95473e-06
-1.47345e-05
-2.46139e-06
-2.05029e-05
-1.89782e-05
7.54755e-07
3.76429e-06
1.35154e-06
8.86648e-06
1.74393e-06
1.13176e-05
2.07325e-06
1.22166e-05
2.3464e-06
1.19254e-05
2.53289e-06
1.07007e-05
2.62427e-06
8.9291e-06
2.63124e-06
6.96628e-06
2.56818e-06
5.02583e-06
2.44234e-06
3.17982e-06
2.24676e-06
1.41328e-06
1.96743e-06
-3.22075e-07
1.60423e-06
-2.08285e-06
1.15216e-06
-3.86937e-06
6.06391e-07
-5.67189e-06
-8.5333e-08
-7.48729e-06
-9.59341e-07
-9.69699e-06
-1.92256e-06
-1.37713e-05
-1.92684e-06
-2.04986e-05
-2.0905e-05
8.69059e-07
2.89523e-06
1.80711e-06
7.92842e-06
2.54809e-06
1.05767e-05
3.18863e-06
1.1576e-05
3.73603e-06
1.1378e-05
4.14676e-06
1.029e-05
4.40469e-06
8.67117e-06
4.52379e-06
6.84718e-06
4.52743e-06
5.02218e-06
4.4313e-06
3.27596e-06
4.23374e-06
1.61084e-06
3.90437e-06
7.29693e-09
3.46047e-06
-1.63895e-06
2.87794e-06
-3.28684e-06
2.15717e-06
-4.95112e-06
1.31596e-06
-6.64608e-06
2.62862e-07
-8.64389e-06
-9.62462e-07
-1.2546e-05
-1.42926e-06
-2.00318e-05
-2.23343e-05
8.04949e-07
2.09028e-06
1.95092e-06
6.78245e-06
2.99256e-06
9.53504e-06
3.96534e-06
1.06033e-05
4.84201e-06
1.05013e-05
5.55636e-06
9.57561e-06
6.06902e-06
8.15851e-06
6.38299e-06
6.53321e-06
6.51956e-06
4.88561e-06
6.49743e-06
3.29809e-06
6.31569e-06
1.79257e-06
5.97039e-06
3.52599e-07
5.43114e-06
-1.0997e-06
4.7034e-06
-2.55911e-06
3.77918e-06
-4.02689e-06
2.68693e-06
-5.55383e-06
1.38525e-06
-7.34222e-06
-1.57446e-07
-1.10033e-05
-9.15358e-07
-1.92739e-05
-2.32496e-05
5.7655e-07
1.51373e-06
1.75676e-06
5.60224e-06
3.09408e-06
8.19772e-06
4.44436e-06
9.25298e-06
5.71017e-06
9.23552e-06
6.79284e-06
8.49294e-06
7.62684e-06
7.32451e-06
8.19952e-06
5.96053e-06
8.5236e-06
4.56153e-06
8.61641e-06
3.20528e-06
8.48499e-06
1.924e-06
8.12699e-06
7.10591e-07
7.49876e-06
-4.7146e-07
6.61708e-06
-1.67744e-06
5.46906e-06
-2.87887e-06
4.09553e-06
-4.1803e-06
2.56736e-06
-5.81405e-06
9.53715e-07
-9.38961e-06
-1.45953e-07
-1.81743e-05
-2.33956e-05
1.51562e-07
1.36217e-06
1.03797e-06
4.71583e-06
2.51415e-06
6.72153e-06
4.23533e-06
7.53181e-06
5.95671e-06
7.51414e-06
7.49083e-06
6.95882e-06
8.73499e-06
6.08036e-06
9.65949e-06
5.03602e-06
1.02596e-05
3.96139e-06
1.05474e-05
2.91747e-06
1.05291e-05
1.94232e-06
1.02106e-05
1.02915e-06
9.54749e-06
1.91614e-07
8.55924e-06
-6.89182e-07
7.2375e-06
-1.55714e-06
5.63336e-06
-2.57617e-06
3.90645e-06
-4.08713e-06
2.23754e-06
-7.72071e-06
6.51913e-07
-1.65886e-05
-2.27437e-05
-5.16925e-07
1.8791e-06
2.00158e-07
3.99875e-06
1.75486e-06
5.16684e-06
3.8176e-06
5.46907e-06
5.97244e-06
5.3593e-06
7.93326e-06
4.99799e-06
9.56355e-06
4.45007e-06
1.0822e-05
3.77754e-06
1.16913e-05
3.09209e-06
1.21882e-05
2.42063e-06
1.23166e-05
1.81389e-06
1.20967e-05
1.24901e-06
1.15514e-05
7.36938e-07
1.06531e-05
2.09143e-07
9.40599e-06
-3.1003e-07
7.88142e-06
-1.05159e-06
6.26509e-06
-2.47081e-06
4.45539e-06
-5.911e-06
2.05505e-06
-1.41883e-05
-2.06886e-05
-4.179e-06
6.0581e-06
-3.64203e-06
3.46178e-06
-1.24763e-06
2.77244e-06
1.55006e-06
2.67137e-06
4.28887e-06
2.62049e-06
6.82274e-06
2.46413e-06
9.0388e-06
2.23401e-06
1.08771e-05
1.93924e-06
1.23196e-05
1.64963e-06
1.33934e-05
1.3468e-06
1.41158e-05
1.09149e-06
1.45314e-05
8.33417e-07
1.46283e-05
6.40004e-07
1.44163e-05
4.21148e-07
1.38885e-05
2.17755e-07
1.30604e-05
-2.23473e-07
1.19211e-05
-1.33152e-06
1.01117e-05
-4.1016e-06
5.63759e-06
-9.71416e-06
-1.5051e-05
6.0581e-06
9.51987e-06
1.22923e-05
1.49637e-05
1.75842e-05
2.00483e-05
2.22823e-05
2.42216e-05
2.58712e-05
2.7218e-05
2.83095e-05
2.91429e-05
2.97829e-05
3.0204e-05
3.04218e-05
3.01983e-05
2.88668e-05
2.47652e-05
1.5051e-05
)
;

boundaryField
{
    movingWall
    {
        type            calculated;
        value           uniform 0;
    }
    fixedWalls
    {
        type            calculated;
        value           uniform 0;
    }
    frontAndBack
    {
        type            empty;
        value           nonuniform List<scalar> 0();
    }
}


// ************************************************************************* //
