/*--------------------------------*- C++ -*----------------------------------*\
| =========                 |                                                 |
| \\      /  F ield         | OpenFOAM: The Open Source CFD Toolbox           |
|  \\    /   O peration     | Version:  2212                                  |
|   \\  /    A nd           | Website:  www.openfoam.com                      |
|    \\/     M anipulation  |                                                 |
\*---------------------------------------------------------------------------*/
FoamFile
{
    version     2.0;
    format      ascii;
    arch        "LSB;label=32;scalar=64";
    class       volVectorField;
    location    "0.165";
    object      U;
}
// * * * * * * * * * * * * * * * * * * * * * * * * * * * * * * * * * * * * * //

dimensions      [0 1 -1 0 0 0 0];

internalField   nonuniform List<vector> 
400
(
(-0.000221264 0.0002164 0)
(-0.000986078 0.000436873 0)
(-0.00209064 0.000474716 0)
(-0.00317822 0.00045905 0)
(-0.00419693 0.000428505 0)
(-0.0051288 0.000388421 0)
(-0.00595243 0.000338825 0)
(-0.00664579 0.000279384 0)
(-0.00718697 0.000209941 0)
(-0.0075546 0.000130687 0)
(-0.00772869 4.22277e-05 0)
(-0.00769085 -5.46269e-05 0)
(-0.00742648 -0.000157496 0)
(-0.00692742 -0.00026322 0)
(-0.00619329 -0.000367575 0)
(-0.00523433 -0.000465173 0)
(-0.00407298 -0.000549079 0)
(-0.00274371 -0.000605306 0)
(-0.00134102 -0.000581762 0)
(-0.000319798 -0.000316568 0)
(-0.000460031 0.000995071 0)
(-0.00182442 0.00177091 0)
(-0.00365117 0.00189218 0)
(-0.00543898 0.00182222 0)
(-0.00710554 0.00169036 0)
(-0.00861786 0.00151794 0)
(-0.00993903 0.00130753 0)
(-0.0110339 0.00105971 0)
(-0.0118693 0.000775411 0)
(-0.0124148 0.000456419 0)
(-0.0126434 0.000105885 0)
(-0.012531 -0.000271134 0)
(-0.0120593 -0.000666291 0)
(-0.0112208 -0.001068 0)
(-0.010019 -0.00146077 0)
(-0.0084729 -0.00182492 0)
(-0.00662011 -0.00213443 0)
(-0.00451528 -0.00233778 0)
(-0.00229735 -0.00225971 0)
(-0.000593066 -0.00133335 0)
(-0.000528671 0.00216896 0)
(-0.00207862 0.00364308 0)
(-0.00413367 0.00385697 0)
(-0.0061365 0.00370594 0)
(-0.0080005 0.00342744 0)
(-0.00969088 0.00306449 0)
(-0.0111673 0.00262467 0)
(-0.0123914 0.00211112 0)
(-0.0133278 0.00152713 0)
(-0.0139433 0.00087731 0)
(-0.014208 0.000168562 0)
(-0.0140947 -0.000588563 0)
(-0.0135823 -0.00137826 0)
(-0.0126594 -0.00217834 0)
(-0.0113265 -0.00295896 0)
(-0.00960129 -0.00368172 0)
(-0.00752243 -0.00429477 0)
(-0.00514833 -0.00469729 0)
(-0.00263239 -0.00456393 0)
(-0.000683898 -0.00280773 0)
(-0.00056073 0.00342236 0)
(-0.00221335 0.00564372 0)
(-0.00440823 0.00595151 0)
(-0.00654496 0.00571219 0)
(-0.00853466 0.00527895 0)
(-0.0103433 0.00471659 0)
(-0.0119298 0.00403751 0)
(-0.0132552 0.0032472 0)
(-0.0142825 0.00235097 0)
(-0.0149766 0.0013556 0)
(-0.0153045 0.000270799 0)
(-0.0152339 -0.000888512 0)
(-0.0147365 -0.00210057 0)
(-0.013793 -0.00333306 0)
(-0.012395 -0.00454144 0)
(-0.0105525 -0.00566672 0)
(-0.00829982 -0.00662733 0)
(-0.00569716 -0.00726593 0)
(-0.00291644 -0.0070879 0)
(-0.000756664 -0.00442409 0)
(-0.000597283 0.00474421 0)
(-0.00236512 0.00776374 0)
(-0.0047187 0.00817136 0)
(-0.00701032 0.00783986 0)
(-0.00914767 0.00724713 0)
(-0.0110976 0.00648062 0)
(-0.012819 0.00555742 0)
(-0.0142726 0.00448492 0)
(-0.0154205 0.0032696 0)
(-0.0162253 0.001919 0)
(-0.0166493 0.000443682 0)
(-0.0166538 -0.00113959 0)
(-0.0162007 -0.0028052 0)
(-0.0152567 -0.00451263 0)
(-0.0137986 -0.00620309 0)
(-0.0118218 -0.00779468 0)
(-0.00935119 -0.00916948 0)
(-0.00644748 -0.0101001 0)
(-0.0033101 -0.00989242 0)
(-0.000859287 -0.00622101 0)
(-0.000645643 0.00616422 0)
(-0.00256175 0.0100489 0)
(-0.00511742 0.0105653 0)
(-0.00760614 0.010137 0)
(-0.0099312 0.00937815 0)
(-0.0120607 0.00840074 0)
(-0.0139543 0.00722676 0)
(-0.0155729 0.00586514 0)
(-0.0168787 0.00432241 0)
(-0.0178322 0.00260496 0)
(-0.0183914 0.000721524 0)
(-0.0185093 -0.00131286 0)
(-0.0181337 -0.003473 0)
(-0.0172129 -0.0057138 0)
(-0.0157001 -0.00796414 0)
(-0.0135661 -0.0101171 0)
(-0.0108161 -0.012009 0)
(-0.00750629 -0.0133205 0)
(-0.00387306 -0.0131112 0)
(-0.00100801 -0.00829184 0)
(-0.000707293 0.00771168 0)
(-0.0028101 0.012545 0)
(-0.00561809 0.01318 0)
(-0.00835101 0.0126481 0)
(-0.010907 0.0117139 0)
(-0.0132566 0.0105169 0)
(-0.0153609 0.00908443 0)
(-0.0171832 0.00742681 0)
(-0.0186869 0.00554944 0)
(-0.0198323 0.00345531 0)
(-0.0205729 0.0011476 0)
(-0.0208539 -0.00136567 0)
(-0.0206069 -0.0040666 0)
(-0.0197537 -0.00691209 0)
(-0.018213 -0.00982431 0)
(-0.0159148 -0.0126716 0)
(-0.012826 -0.0152332 0)
(-0.0089842 -0.0170654 0)
(-0.00467124 -0.0169097 0)
(-0.00122127 -0.0107544 0)
(-0.000783578 0.00941791 0)
(-0.00311547 0.0153013 0)
(-0.00623054 0.0160648 0)
(-0.00925703 0.0154185 0)
(-0.0120874 0.0142961 0)
(-0.0146964 0.012868 0)
(-0.0170489 0.0111685 0)
(-0.0191125 0.00920918 0)
(-0.0208548 0.00699325 0)
(-0.0222387 0.00451766 0)
(-0.0232171 0.00177572 0)
(-0.0237283 -0.00123815 0)
(-0.0236853 -0.00452478 0)
(-0.022977 -0.00805426 0)
(-0.0214739 -0.0117547 0)
(-0.01904 -0.0154765 0)
(-0.0155704 -0.0189321 0)
(-0.0110522 -0.0215075 0)
(-0.00581405 -0.0215132 0)
(-0.00153138 -0.0137759 0)
(-0.0008768 0.0113181 0)
(-0.00348579 0.0183731 0)
(-0.00696819 0.0192725 0)
(-0.0103397 0.0184947 0)
(-0.0134871 0.0171654 0)
(-0.016392 0.0154912 0)
(-0.0190259 0.013515 0)
(-0.0213648 0.0112504 0)
(-0.023385 0.00869785 0)
(-0.0250566 0.00584574 0)
(-0.0263358 0.00267271 0)
(-0.0271621 -0.000848082 0)
(-0.0274315 -0.00475297 0)
(-0.026994 -0.00904234 0)
(-0.0256571 -0.0136757 0)
(-0.0231835 -0.0185078 0)
(-0.0193393 -0.0231842 0)
(-0.0139944 -0.0268613 0)
(-0.00750036 -0.027242 0)
(-0.00200111 -0.0176141 0)
(-0.000991029 0.0134538 0)
(-0.00393393 0.0218231 0)
(-0.0078517 0.0228601 0)
(-0.0116217 0.0219236 0)
(-0.0151261 0.0203599 0)
(-0.0183574 0.0184187 0)
(-0.0212986 0.0161543 0)
(-0.0239389 0.0135839 0)
(-0.0262693 0.010705 0)
(-0.0282743 0.00749605 0)
(-0.0299223 0.00391546 0)
(-0.0311666 -9.80819e-05 0)
(-0.0318938 -0.00461368 0)
(-0.0319177 -0.00971141 0)
(-0.0309742 -0.0154216 0)
(-0.0286807 -0.0216537 0)
(-0.0245825 -0.0280173 0)
(-0.0183013 -0.0333781 0)
(-0.0101207 -0.0345632 0)
(-0.00276462 -0.0227011 0)
(-0.00113351 0.0158769 0)
(-0.00448134 0.0257256 0)
(-0.00891365 0.0268903 0)
(-0.0131376 0.0257508 0)
(-0.0170333 0.023912 0)
(-0.0206118 0.0216743 0)
(-0.0238736 0.0191068 0)
(-0.0268276 0.0162326 0)
(-0.0294872 0.013048 0)
(-0.0318618 0.00952197 0)
(-0.0339474 0.00559114 0)
(-0.0357112 0.00115486 0)
(-0.0370689 -0.00391164 0)
(-0.0378331 -0.00980178 0)
(-0.0376575 -0.0166848 0)
(-0.03598 -0.0246293 0)
(-0.0319988 -0.0333132 0)
(-0.0248514 -0.041295 0)
(-0.0145025 -0.044162 0)
(-0.00413531 -0.0298352 0)
(-0.0013173 0.0186576 0)
(-0.00516424 0.0301732 0)
(-0.0102062 0.0314322 0)
(-0.0149398 0.0300192 0)
(-0.0192512 0.0278443 0)
(-0.0231819 0.0252678 0)
(-0.0267583 0.0223767 0)
(-0.0300167 0.019202 0)
(-0.0330003 0.0157423 0)
(-0.0357537 0.0119614 0)
(-0.0383153 0.00777974 0)
(-0.0407004 0.00306182 0)
(-0.0428903 -0.00240273 0)
(-0.0447459 -0.0089368 0)
(-0.0459045 -0.0169414 0)
(-0.0456348 -0.0268249 0)
(-0.0426515 -0.0385881 0)
(-0.0352432 -0.0506532 0)
(-0.0224622 -0.0570607 0)
(-0.00686742 -0.0407116 0)
(-0.00156652 0.0218984 0)
(-0.00604498 0.0352867 0)
(-0.0118139 0.036563 0)
(-0.0171089 0.0347636 0)
(-0.0218417 0.0321633 0)
(-0.0261055 0.0291888 0)
(-0.0299641 0.0259446 0)
(-0.0334877 0.0224707 0)
(-0.0367553 0.0187724 0)
(-0.039855 0.0148171 0)
(-0.0428832 0.010522 0)
(-0.0459396 0.00572928 0)
(-0.0491307 0.000161426 0)
(-0.0524682 -0.00662322 0)
(-0.0557342 -0.0153678 0)
(-0.0581849 -0.0270617 0)
(-0.0580263 -0.0425352 0)
(-0.0522508 -0.0607541 0)
(-0.0376547 -0.0744588 0)
(-0.0125362 -0.0589542 0)
(-0.00192679 0.0257626 0)
(-0.00723333 0.0412369 0)
(-0.0138747 0.0423703 0)
(-0.0197671 0.0400022 0)
(-0.0248932 0.0368494 0)
(-0.0294355 0.0333983 0)
(-0.0335093 0.0297605 0)
(-0.037222 0.0259821 0)
(-0.0406881 0.0220794 0)
(-0.0440412 0.0180375 0)
(-0.0474468 0.013796 0)
(-0.0511183 0.00921751 0)
(-0.055328 0.00402282 0)
(-0.0604222 -0.00231151 0)
(-0.0666551 -0.0108247 0)
(-0.0736837 -0.0233478 0)
(-0.0794971 -0.0423759 0)
(-0.0792019 -0.0689467 0)
(-0.0646254 -0.0960711 0)
(-0.0224572 -0.0899251 0)
(-0.00248527 0.0305129 0)
(-0.00892565 0.0482111 0)
(-0.0166224 0.0488869 0)
(-0.0231004 0.0456963 0)
(-0.028525 0.0418361 0)
(-0.0332393 0.0378182 0)
(-0.0374194 0.0337373 0)
(-0.0412019 0.0296366 0)
(-0.0447256 0.0255472 0)
(-0.0481562 0.0214874 0)
(-0.0517149 0.0174554 0)
(-0.0557248 0.013405 0)
(-0.0606854 0.00918846 0)
(-0.0673864 0.00437358 0)
(-0.0769564 -0.00214896 0)
(-0.0902235 -0.0131824 0)
(-0.105276 -0.0341604 0)
(-0.113826 -0.0711711 0)
(-0.0996568 -0.121879 0)
(-0.030277 -0.142358 0)
(-0.00345155 0.0365366 0)
(-0.0115191 0.0569844 0)
(-0.0204056 0.0565403 0)
(-0.0273272 0.051868 0)
(-0.0328601 0.0470212 0)
(-0.0375735 0.042326 0)
(-0.0416928 0.0377435 0)
(-0.0453576 0.0332804 0)
(-0.0487071 0.0289833 0)
(-0.0519101 0.0249133 0)
(-0.0551985 0.0211605 0)
(-0.0589314 0.0178431 0)
(-0.0637443 0.0151278 0)
(-0.0708256 0.0130321 0)
(-0.0823234 0.0107323 0)
(-0.100598 0.00419687 0)
(-0.123128 -0.0175518 0)
(-0.136522 -0.0719164 0)
(-0.120823 -0.16675 0)
(-0.0191077 -0.235183 0)
(-0.00519626 0.0466428 0)
(-0.0159314 0.065498 0)
(-0.0261839 0.0623507 0)
(-0.0330298 0.0571155 0)
(-0.038058 0.0518031 0)
(-0.0423244 0.0465953 0)
(-0.0459289 0.0414971 0)
(-0.0489373 0.0365871 0)
(-0.0514804 0.0319861 0)
(-0.0537166 0.0277984 0)
(-0.055835 0.0242216 0)
(-0.0580714 0.021546 0)
(-0.0608899 0.020405 0)
(-0.0653007 0.0215169 0)
(-0.073754 0.0246034 0)
(-0.0894635 0.0236842 0)
(-0.108728 -0.000382529 0)
(-0.117028 -0.0850666 0)
(-0.109408 -0.238546 0)
(0.0119911 -0.353915 0)
(-0.000726362 0.0457949 0)
(-0.0170823 0.0860381 0)
(-0.0335069 0.0799066 0)
(-0.0399021 0.0675021 0)
(-0.04325 0.058428 0)
(-0.0447942 0.0510688 0)
(-0.0450406 0.0444573 0)
(-0.0444296 0.0385026 0)
(-0.0433425 0.0332583 0)
(-0.0419733 0.0286914 0)
(-0.0405086 0.0250349 0)
(-0.0387961 0.022525 0)
(-0.0369383 0.0221362 0)
(-0.0346518 0.0248456 0)
(-0.0334567 0.0305741 0)
(-0.0348808 0.0315354 0)
(-0.0418346 0.00568032 0)
(-0.0372276 -0.101768 0)
(-0.0574785 -0.288054 0)
(0.0530409 -0.411335 0)
(-0.0930307 0.103706 0)
(-0.0705913 0.0814116 0)
(-0.0567996 0.059235 0)
(-0.037116 0.0507886 0)
(-0.0182635 0.0445992 0)
(-0.000737081 0.0387598 0)
(0.0150714 0.0333488 0)
(0.0293356 0.0285859 0)
(0.0417222 0.0246525 0)
(0.0530353 0.0211613 0)
(0.0624188 0.0185486 0)
(0.0719409 0.0164235 0)
(0.0793662 0.0163166 0)
(0.0887782 0.0181179 0)
(0.0950073 0.023158 0)
(0.110936 0.024056 0)
(0.102979 0.00277598 0)
(0.13046 -0.0752197 0)
(0.0867198 -0.226113 0)
(0.140612 -0.330919 0)
(0.138391 0.112193 0)
(0.17634 0.0912517 0)
(0.239933 0.069024 0)
(0.296307 0.0542619 0)
(0.34112 0.0442816 0)
(0.377615 0.036697 0)
(0.407504 0.0306059 0)
(0.433747 0.02534 0)
(0.454261 0.0210971 0)
(0.474676 0.0173064 0)
(0.487309 0.0143144 0)
(0.505654 0.0119682 0)
(0.5112 0.00978364 0)
(0.53202 0.00942849 0)
(0.529405 0.00846651 0)
(0.55374 0.00841331 0)
(0.5291 0.00517667 0)
(0.531688 -0.0160763 0)
(0.430009 -0.0405833 0)
(0.33267 -0.0910038 0)
)
;

boundaryField
{
    movingWall
    {
        type            fixedValue;
        value           uniform (1 0 0);
    }
    fixedWalls
    {
        type            noSlip;
    }
    frontAndBack
    {
        type            empty;
    }
}


// ************************************************************************* //
