/*--------------------------------*- C++ -*----------------------------------*\
| =========                 |                                                 |
| \\      /  F ield         | OpenFOAM: The Open Source CFD Toolbox           |
|  \\    /   O peration     | Version:  2212                                  |
|   \\  /    A nd           | Website:  www.openfoam.com                      |
|    \\/     M anipulation  |                                                 |
\*---------------------------------------------------------------------------*/
FoamFile
{
    version     2.0;
    format      ascii;
    arch        "LSB;label=32;scalar=64";
    class       surfaceScalarField;
    location    "2.545";
    object      phi;
}
// * * * * * * * * * * * * * * * * * * * * * * * * * * * * * * * * * * * * * //

dimensions      [0 3 -1 0 0 0 0];

oriented        oriented;

internalField   nonuniform List<scalar> 
760
(
1.32929e-07
-1.32927e-07
2.44904e-07
-1.11974e-07
2.50939e-07
-6.03577e-09
1.28762e-07
1.22177e-07
-1.5671e-07
2.85473e-07
-6.61984e-07
5.05273e-07
-1.41692e-06
7.54937e-07
-2.34981e-06
9.32892e-07
-3.28133e-06
9.3152e-07
-3.99425e-06
7.12912e-07
-4.32271e-06
3.2846e-07
-4.17156e-06
-1.51145e-07
-3.47561e-06
-6.95949e-07
-2.33929e-06
-1.13632e-06
-9.78913e-07
-1.36038e-06
2.50013e-07
-1.22893e-06
9.79291e-07
-7.29279e-07
9.56435e-07
2.28562e-08
4.3173e-07
5.24705e-07
4.3173e-07
8.80137e-08
-2.20941e-07
1.10022e-08
-3.49624e-08
-3.45252e-07
3.50219e-07
-1.06922e-06
8.46147e-07
-2.20806e-06
1.42431e-06
-3.7011e-06
1.99831e-06
-5.33289e-06
2.38673e-06
-6.81439e-06
2.41439e-06
-7.92017e-06
2.0373e-06
-8.53126e-06
1.32401e-06
-8.59641e-06
3.9361e-07
-8.08687e-06
-6.60694e-07
-7.03308e-06
-1.74974e-06
-5.46508e-06
-2.70431e-06
-3.51993e-06
-3.30553e-06
-1.48919e-06
-3.25967e-06
1.16346e-07
-2.33482e-06
7.91733e-07
-6.5253e-07
4.94801e-07
8.21637e-07
9.26531e-07
-1.48616e-07
-7.23255e-08
-6.38654e-07
4.55076e-07
-1.56017e-06
1.27174e-06
-2.95883e-06
2.24481e-06
-4.74175e-06
3.20723e-06
-6.65108e-06
3.90764e-06
-8.38913e-06
4.12478e-06
-9.76664e-06
3.79191e-06
-1.07177e-05
2.98833e-06
-1.12282e-05
1.83449e-06
-1.1254e-05
4.19495e-07
-1.08302e-05
-1.08452e-06
-9.94663e-06
-2.63332e-06
-8.55134e-06
-4.09961e-06
-6.6238e-06
-5.23306e-06
-4.25333e-06
-5.63014e-06
-1.82377e-06
-4.76437e-06
-9.74172e-08
-2.37889e-06
2.83892e-07
4.40329e-07
1.21042e-06
-4.75371e-07
4.03046e-07
-1.46611e-06
1.44581e-06
-2.90965e-06
2.71528e-06
-4.7394e-06
4.07456e-06
-6.73536e-06
5.2032e-06
-8.61143e-06
5.7837e-06
-1.01587e-05
5.67208e-06
-1.13142e-05
4.9474e-06
-1.20966e-05
3.77069e-06
-1.25371e-05
2.27495e-06
-1.26244e-05
5.06864e-07
-1.24071e-05
-1.30181e-06
-1.18564e-05
-3.18408e-06
-1.08724e-05
-5.08358e-06
-9.32747e-06
-6.77799e-06
-7.10046e-06
-7.85715e-06
-4.23585e-06
-7.62898e-06
-1.33294e-06
-5.2818e-06
1.14249e-07
-1.00686e-06
1.32467e-06
-7.95041e-07
1.19809e-06
-2.18231e-06
2.83308e-06
-3.9247e-06
4.45766e-06
-5.86249e-06
6.01235e-06
-7.74067e-06
7.08138e-06
-9.33447e-06
7.37751e-06
-1.05477e-05
6.88533e-06
-1.13915e-05
5.79117e-06
-1.19212e-05
4.30039e-06
-1.2207e-05
2.56077e-06
-1.23331e-05
6.32918e-07
-1.23015e-05
-1.33337e-06
-1.21007e-05
-3.38491e-06
-1.16511e-05
-5.53319e-06
-1.07691e-05
-7.65998e-06
-9.17269e-06
-9.45355e-06
-6.57894e-06
-1.02227e-05
-3.09996e-06
-8.76078e-06
-2.56017e-07
-3.8508e-06
1.06866e-06
-9.91691e-07
2.18978e-06
-2.56401e-06
4.4054e-06
-4.34332e-06
6.23698e-06
-6.12558e-06
7.79461e-06
-7.69373e-06
8.64952e-06
-8.90313e-06
8.58691e-06
-9.72892e-06
7.71112e-06
-1.02242e-05
6.28645e-06
-1.04741e-05
4.55033e-06
-1.05781e-05
2.66476e-06
-1.06565e-05
7.11317e-07
-1.0715e-05
-1.2749e-06
-1.0763e-05
-3.33688e-06
-1.07718e-05
-5.52437e-06
-1.05856e-05
-7.84626e-06
-9.87622e-06
-1.01629e-05
-8.16027e-06
-1.19387e-05
-5.0482e-06
-1.18728e-05
-1.11383e-06
-7.78517e-06
-4.51734e-08
-1.01002e-06
3.1998e-06
-2.54223e-06
5.93761e-06
-4.15183e-06
7.84658e-06
-5.63801e-06
9.28079e-06
-6.84058e-06
9.85208e-06
-7.67983e-06
9.42616e-06
-8.17465e-06
8.20594e-06
-8.40204e-06
6.51385e-06
-8.46257e-06
4.61086e-06
-8.45636e-06
2.65856e-06
-8.47294e-06
7.27893e-07
-8.5419e-06
-1.20594e-06
-8.68459e-06
-3.19419e-06
-8.91391e-06
-5.29506e-06
-9.16827e-06
-7.5919e-06
-9.20631e-06
-1.01249e-05
-8.5052e-06
-1.26398e-05
-6.3304e-06
-1.40477e-05
-2.32713e-06
-1.17884e-05
-2.37231e-06
-8.50788e-07
4.05059e-06
-2.16818e-06
7.25501e-06
-3.49099e-06
9.16939e-06
-4.63885e-06
1.04286e-05
-5.50508e-06
1.07183e-05
-6.05746e-06
9.97854e-06
-6.3384e-06
8.48689e-06
-6.4314e-06
6.60685e-06
-6.43197e-06
4.61143e-06
-6.41853e-06
2.64511e-06
-6.4344e-06
7.4377e-07
-6.50131e-06
-1.13903e-06
-6.646e-06
-3.04949e-06
-6.90479e-06
-5.03626e-06
-7.29498e-06
-7.20171e-06
-7.71475e-06
-9.70509e-06
-7.73696e-06
-1.26176e-05
-6.54407e-06
-1.52405e-05
-3.45029e-06
-1.48822e-05
-5.8226e-06
-5.67529e-07
4.61812e-06
-1.56162e-06
8.2491e-06
-2.55026e-06
1.0158e-05
-3.36846e-06
1.12468e-05
-3.95466e-06
1.13045e-05
-4.30793e-06
1.03318e-05
-4.47733e-06
8.65629e-06
-4.53636e-06
6.66588e-06
-4.55811e-06
4.63318e-06
-4.59016e-06
2.67716e-06
-4.64579e-06
7.99397e-07
-4.73292e-06
-1.0519e-06
-4.86663e-06
-2.91579e-06
-5.08362e-06
-4.81927e-06
-5.44772e-06
-6.83761e-06
-5.96955e-06
-9.18326e-06
-6.40711e-06
-1.218e-05
-6.00049e-06
-1.56472e-05
-3.824e-06
-1.70587e-05
-9.6466e-06
-2.10297e-07
4.82841e-06
-8.28354e-07
8.86715e-06
-1.47137e-06
1.0801e-05
-1.98676e-06
1.17622e-05
-2.34206e-06
1.16598e-05
-2.55543e-06
1.05452e-05
-2.67064e-06
8.77149e-06
-2.73863e-06
6.73387e-06
-2.80375e-06
4.6983e-06
-2.88913e-06
2.76254e-06
-2.99686e-06
9.0713e-07
-3.12571e-06
-9.23047e-07
-3.2786e-06
-2.76291e-06
-3.4756e-06
-4.62227e-06
-3.78174e-06
-6.53147e-06
-4.28718e-06
-8.67782e-06
-4.92079e-06
-1.15464e-05
-5.04866e-06
-1.55193e-05
-3.50333e-06
-1.8604e-05
-1.31499e-05
1.49359e-07
4.67905e-06
-6.50453e-08
9.08156e-06
-3.81664e-07
1.11177e-05
-6.23926e-07
1.20045e-05
-7.74338e-07
1.18102e-05
-8.61571e-07
1.06324e-05
-9.24349e-07
8.83427e-06
-9.9476e-07
6.80429e-06
-1.08812e-06
4.79166e-06
-1.21011e-06
2.88453e-06
-1.36007e-06
1.05709e-06
-1.53826e-06
-7.44858e-07
-1.74381e-06
-2.55736e-06
-1.98023e-06
-4.38584e-06
-2.28742e-06
-6.22429e-06
-2.77569e-06
-8.18955e-06
-3.5016e-06
-1.08205e-05
-3.99238e-06
-1.50285e-05
-3.0015e-06
-1.95949e-05
-1.61514e-05
4.51887e-07
4.22717e-06
6.36338e-07
8.8971e-06
6.80214e-07
1.10738e-05
7.21557e-07
1.19632e-05
7.75088e-07
1.17567e-05
8.11477e-07
1.0596e-05
8.07303e-07
8.83845e-06
7.54221e-07
6.85737e-06
6.55396e-07
4.89048e-06
5.17444e-07
3.02248e-06
3.39382e-07
1.23515e-06
1.16965e-07
-5.22441e-07
-1.53119e-07
-2.28728e-06
-4.78277e-07
-4.06069e-06
-8.70297e-07
-5.83227e-06
-1.3919e-06
-7.66794e-06
-2.19658e-06
-1.00158e-05
-2.96418e-06
-1.42609e-05
-2.46658e-06
-2.00925e-05
-1.8618e-05
6.75442e-07
3.55172e-06
1.23001e-06
8.34253e-06
1.60685e-06
1.0697e-05
1.93655e-06
1.16335e-05
2.22174e-06
1.14715e-05
2.42174e-06
1.0396e-05
2.52e-06
8.74019e-06
2.5258e-06
6.85156e-06
2.4569e-06
4.95938e-06
2.3256e-06
3.15379e-06
2.12981e-06
1.43094e-06
1.8568e-06
-2.49432e-07
1.50683e-06
-1.93731e-06
1.0748e-06
-3.62866e-06
5.53176e-07
-5.31064e-06
-1.2131e-07
-6.99345e-06
-1.00415e-06
-9.13296e-06
-1.97561e-06
-1.32894e-05
-1.95203e-06
-2.01161e-05
-2.057e-05
7.70468e-07
2.78126e-06
1.63444e-06
7.47856e-06
2.33776e-06
9.99363e-06
2.96733e-06
1.10039e-05
3.52186e-06
1.0917e-05
3.94721e-06
9.97067e-06
4.21667e-06
8.47072e-06
4.33986e-06
6.72838e-06
4.3416e-06
4.95764e-06
4.24127e-06
3.25412e-06
4.0406e-06
1.63161e-06
3.71942e-06
7.17499e-08
3.28303e-06
-1.50093e-06
2.71708e-06
-3.0627e-06
2.02107e-06
-4.61464e-06
1.20636e-06
-6.17874e-06
1.68353e-07
-8.09495e-06
-1.04923e-06
-1.20719e-05
-1.47061e-06
-1.96947e-05
-2.20407e-05
7.06103e-07
2.07515e-06
1.74658e-06
6.43808e-06
2.72484e-06
9.01538e-06
3.66757e-06
1.00611e-05
4.53834e-06
1.00462e-05
5.26133e-06
9.24768e-06
5.78573e-06
7.94632e-06
6.1071e-06
6.40701e-06
6.24556e-06
4.81918e-06
6.22229e-06
3.27739e-06
6.04101e-06
1.81289e-06
5.69514e-06
4.17616e-07
5.16415e-06
-9.6993e-07
4.45206e-06
-2.35061e-06
3.55465e-06
-3.71723e-06
2.50325e-06
-5.12733e-06
1.2435e-06
-6.83521e-06
-2.42371e-07
-1.0586e-05
-9.78568e-07
-1.89585e-05
-2.30192e-05
4.98101e-07
1.57705e-06
1.55089e-06
5.3853e-06
2.79072e-06
7.77555e-06
4.07391e-06
8.77794e-06
5.305e-06
8.81513e-06
6.37786e-06
8.17481e-06
7.21518e-06
7.10901e-06
7.79402e-06
5.82816e-06
8.12255e-06
4.49065e-06
8.21812e-06
3.18182e-06
8.089e-06
1.94201e-06
7.73626e-06
7.70355e-07
7.11885e-06
-3.52517e-07
6.25805e-06
-1.48981e-06
5.14553e-06
-2.60472e-06
3.83083e-06
-3.81262e-06
2.36541e-06
-5.36979e-06
7.93937e-07
-9.01452e-06
-2.2245e-07
-1.79421e-05
-2.32417e-05
1.04187e-07
1.47286e-06
8.61842e-07
4.62765e-06
2.21547e-06
6.42193e-06
3.83226e-06
7.16114e-06
5.48162e-06
7.16578e-06
6.97642e-06
6.68001e-06
8.20307e-06
5.88236e-06
9.12117e-06
4.91005e-06
9.71875e-06
3.89308e-06
1.00065e-05
2.89404e-06
9.98867e-06
1.95987e-06
9.67396e-06
1.08507e-06
9.03501e-06
2.86424e-07
8.07338e-06
-5.28175e-07
6.80457e-06
-1.33592e-06
5.28068e-06
-2.28874e-06
3.65736e-06
-3.74647e-06
2.0827e-06
-7.43986e-06
5.90768e-07
-1.64502e-05
-2.26509e-05
-4.88156e-07
1.96102e-06
1.1657e-07
4.02292e-06
1.50538e-06
5.03312e-06
3.40734e-06
5.25918e-06
5.43614e-06
5.13698e-06
7.31304e-06
4.80311e-06
8.89218e-06
4.30322e-06
1.01227e-05
3.67953e-06
1.09776e-05
3.03819e-06
1.14712e-05
2.40042e-06
1.16065e-05
1.82455e-06
1.14062e-05
1.28537e-06
1.08844e-05
8.08285e-07
1.00365e-05
3.19656e-07
8.87563e-06
-1.75016e-07
7.45977e-06
-8.72874e-07
5.98102e-06
-2.26772e-06
4.29706e-06
-5.7559e-06
1.98839e-06
-1.41415e-05
-2.06625e-05
-4.15053e-06
6.11155e-06
-3.65116e-06
3.52355e-06
-1.37719e-06
2.75915e-06
1.27081e-06
2.61117e-06
3.87076e-06
2.53703e-06
6.29394e-06
2.37993e-06
8.43326e-06
2.16391e-06
1.02254e-05
1.88735e-06
1.16462e-05
1.61746e-06
1.27161e-05
1.33044e-06
1.34492e-05
1.09146e-06
1.38882e-05
8.46447e-07
1.40272e-05
6.69278e-07
1.38864e-05
4.6042e-07
1.34413e-05
2.70128e-07
1.2707e-05
-1.38562e-07
1.16994e-05
-1.26015e-06
1.00126e-05
-4.06909e-06
5.59649e-06
-9.72544e-06
-1.5066e-05
6.11155e-06
9.6351e-06
1.23943e-05
1.50054e-05
1.75425e-05
1.99224e-05
2.20863e-05
2.39736e-05
2.55911e-05
2.69215e-05
2.8013e-05
2.88595e-05
2.95287e-05
2.99892e-05
3.02593e-05
3.01207e-05
2.88606e-05
2.47915e-05
1.5066e-05
)
;

boundaryField
{
    movingWall
    {
        type            calculated;
        value           uniform 0;
    }
    fixedWalls
    {
        type            calculated;
        value           uniform 0;
    }
    frontAndBack
    {
        type            empty;
        value           nonuniform List<scalar> 0();
    }
}


// ************************************************************************* //
