/*--------------------------------*- C++ -*----------------------------------*\
| =========                 |                                                 |
| \\      /  F ield         | OpenFOAM: The Open Source CFD Toolbox           |
|  \\    /   O peration     | Version:  2212                                  |
|   \\  /    A nd           | Website:  www.openfoam.com                      |
|    \\/     M anipulation  |                                                 |
\*---------------------------------------------------------------------------*/
FoamFile
{
    version     2.0;
    format      ascii;
    arch        "LSB;label=32;scalar=64";
    class       surfaceScalarField;
    location    "3.515";
    object      phi;
}
// * * * * * * * * * * * * * * * * * * * * * * * * * * * * * * * * * * * * * //

dimensions      [0 3 -1 0 0 0 0];

oriented        oriented;

internalField   nonuniform List<scalar> 
760
(
1.50841e-07
-1.50842e-07
2.82484e-07
-1.31643e-07
2.96428e-07
-1.39445e-08
1.70746e-07
1.25682e-07
-1.29344e-07
3.0009e-07
-6.65862e-07
5.36518e-07
-1.47014e-06
8.04277e-07
-2.45855e-06
9.88416e-07
-3.43475e-06
9.76192e-07
-4.16961e-06
7.34862e-07
-4.49636e-06
3.2675e-07
-4.31843e-06
-1.77929e-07
-3.57687e-06
-7.41564e-07
-2.38287e-06
-1.194e-06
-9.62716e-07
-1.42015e-06
3.13269e-07
-1.27599e-06
1.05729e-06
-7.44019e-07
1.01287e-06
4.44126e-08
4.53747e-07
5.59128e-07
4.53747e-07
1.16355e-07
-2.67197e-07
5.94396e-08
-7.47269e-08
-3.09659e-07
3.55155e-07
-1.07913e-06
8.9515e-07
-2.29383e-06
1.5148e-06
-3.87709e-06
2.11978e-06
-5.58631e-06
2.5135e-06
-7.11434e-06
2.51644e-06
-8.23725e-06
2.0991e-06
-8.84388e-06
1.34149e-06
-8.8863e-06
3.69175e-07
-8.34072e-06
-7.23508e-07
-7.23804e-06
-1.84425e-06
-5.6098e-06
-2.82224e-06
-3.59743e-06
-3.43252e-06
-1.50164e-06
-3.37178e-06
1.54427e-07
-2.40009e-06
8.38401e-07
-6.39562e-07
5.17173e-07
8.80357e-07
9.7092e-07
-1.3324e-07
-1.33956e-07
-6.3716e-07
4.29193e-07
-1.61316e-06
1.33116e-06
-3.10244e-06
2.38442e-06
-4.98556e-06
3.39792e-06
-6.97243e-06
4.10664e-06
-8.75267e-06
4.29373e-06
-1.01452e-05
3.90895e-06
-1.10961e-05
3.05007e-06
-1.15972e-05
1.84257e-06
-1.15992e-05
3.71199e-07
-1.11509e-05
-1.17183e-06
-1.02343e-05
-2.76092e-06
-8.79486e-06
-4.26163e-06
-6.81189e-06
-5.41549e-06
-4.37286e-06
-5.81081e-06
-1.87248e-06
-4.90047e-06
-9.37425e-08
-2.4183e-06
2.9102e-07
4.95594e-07
1.26194e-06
-4.95967e-07
3.62011e-07
-1.54063e-06
1.47386e-06
-3.07292e-06
2.86345e-06
-5.00117e-06
4.31267e-06
-7.07396e-06
5.47071e-06
-8.98923e-06
6.02192e-06
-1.05447e-05
5.84916e-06
-1.16946e-05
5.05886e-06
-1.24658e-05
3.8213e-06
-1.28932e-05
2.26992e-06
-1.29636e-05
4.41611e-07
-1.27322e-05
-1.40321e-06
-1.21626e-05
-3.33048e-06
-1.1153e-05
-5.27127e-06
-9.57197e-06
-6.99651e-06
-7.29509e-06
-8.08768e-06
-4.36062e-06
-7.83495e-06
-1.3715e-06
-5.40741e-06
1.17501e-07
-9.93403e-07
1.37944e-06
-8.47085e-07
1.2091e-06
-2.3203e-06
2.94707e-06
-4.15843e-06
4.70158e-06
-6.17377e-06
6.32801e-06
-8.0916e-06
7.38855e-06
-9.69021e-06
7.62052e-06
-1.08898e-05
7.04874e-06
-1.17145e-05
5.88358e-06
-1.22258e-05
4.33261e-06
-1.24969e-05
2.54105e-06
-1.26179e-05
5.62541e-07
-1.25792e-05
-1.4419e-06
-1.23704e-05
-3.53923e-06
-1.19115e-05
-5.73018e-06
-1.10156e-05
-7.89248e-06
-9.39509e-06
-9.70814e-06
-6.75407e-06
-1.0476e-05
-3.19324e-06
-8.96824e-06
-2.62326e-07
-3.92432e-06
1.11712e-06
-1.06397e-06
2.27307e-06
-2.72978e-06
4.61287e-06
-4.59124e-06
6.56304e-06
-6.42247e-06
8.15924e-06
-8.0019e-06
8.96797e-06
-9.19653e-06
8.81516e-06
-9.99859e-06
7.8508e-06
-1.04714e-05
6.35636e-06
-1.07051e-05
4.56639e-06
-1.08011e-05
2.63699e-06
-1.08812e-05
6.42677e-07
-1.09377e-05
-1.38546e-06
-1.09841e-05
-3.49283e-06
-1.09898e-05
-5.72444e-06
-1.07989e-05
-8.0834e-06
-1.00825e-05
-1.04245e-05
-8.34864e-06
-1.22098e-05
-5.18819e-06
-1.21287e-05
-1.14838e-06
-7.96413e-06
-3.12641e-08
-1.08488e-06
3.35795e-06
-2.70135e-06
6.22934e-06
-4.3713e-06
8.23299e-06
-5.88559e-06
9.67353e-06
-7.08473e-06
1.01671e-05
-7.90312e-06
9.63356e-06
-8.37482e-06
8.3225e-06
-8.58537e-06
6.56691e-06
-8.63892e-06
4.61993e-06
-8.63501e-06
2.63308e-06
-8.65964e-06
6.67313e-07
-8.73453e-06
-1.31057e-06
-8.8793e-06
-3.34806e-06
-9.10435e-06
-5.49939e-06
-9.34936e-06
-7.83839e-06
-9.37817e-06
-1.03957e-05
-8.66955e-06
-1.29184e-05
-6.4726e-06
-1.43256e-05
-2.3961e-06
-1.20406e-05
-2.42736e-06
-9.12609e-07
4.27056e-06
-2.29718e-06
7.61391e-06
-3.66222e-06
9.59804e-06
-4.82483e-06
1.08361e-05
-5.68311e-06
1.10254e-05
-6.21701e-06
1.01674e-05
-6.48063e-06
8.58613e-06
-6.56406e-06
6.65033e-06
-6.56494e-06
4.62082e-06
-6.5593e-06
2.62744e-06
-6.58645e-06
6.94461e-07
-6.66536e-06
-1.23167e-06
-6.81843e-06
-3.19499e-06
-7.07658e-06
-5.24124e-06
-7.45471e-06
-7.46026e-06
-7.85578e-06
-9.99465e-06
-7.8632e-06
-1.2911e-05
-6.65964e-06
-1.55292e-05
-3.54511e-06
-1.51552e-05
-5.97247e-06
-6.08267e-07
4.87882e-06
-1.65022e-06
8.65586e-06
-2.66699e-06
1.06148e-05
-3.49354e-06
1.16627e-05
-4.073e-06
1.16048e-05
-4.41307e-06
1.05075e-05
-4.5706e-06
8.74366e-06
-4.62379e-06
6.70353e-06
-4.64653e-06
4.64356e-06
-4.685e-06
2.66591e-06
-4.75102e-06
7.60481e-07
-4.85233e-06
-1.13036e-06
-5.00028e-06
-3.04705e-06
-5.22526e-06
-5.01625e-06
-5.58311e-06
-7.10241e-06
-6.08377e-06
-9.49399e-06
-6.49943e-06
-1.24954e-05
-6.0833e-06
-1.59453e-05
-3.89109e-06
-1.73474e-05
-9.86356e-06
-2.24821e-07
5.10364e-06
-8.72152e-07
9.30319e-06
-1.53287e-06
1.12755e-05
-2.05386e-06
1.21837e-05
-2.40608e-06
1.19571e-05
-2.61248e-06
1.07139e-05
-2.7205e-06
8.85168e-06
-2.78349e-06
6.76652e-06
-2.84728e-06
4.70734e-06
-2.93501e-06
2.75364e-06
-3.04966e-06
8.75141e-07
-3.19144e-06
-9.88589e-07
-3.3616e-06
-2.87688e-06
-3.5745e-06
-4.80335e-06
-3.88465e-06
-6.79226e-06
-4.37414e-06
-9.00449e-06
-4.98216e-06
-1.18873e-05
-5.09599e-06
-1.58315e-05
-3.53941e-06
-1.8904e-05
-1.3403e-05
1.61236e-07
4.94241e-06
-6.62702e-08
9.53069e-06
-3.93381e-07
1.16026e-05
-6.39726e-07
1.243e-05
-7.90296e-07
1.21076e-05
-8.75683e-07
1.07993e-05
-9.35493e-07
8.91149e-06
-1.00193e-06
6.83296e-06
-1.0918e-06
4.79721e-06
-1.21248e-06
2.87431e-06
-1.36563e-06
1.0283e-06
-1.55324e-06
-8.00978e-07
-1.77471e-06
-2.65542e-06
-2.02999e-06
-4.54808e-06
-2.35021e-06
-6.47204e-06
-2.83251e-06
-8.52219e-06
-3.53609e-06
-1.11838e-05
-4.0126e-06
-1.5355e-05
-3.01719e-06
-1.98994e-05
-1.64202e-05
4.89361e-07
4.45305e-06
6.84165e-07
9.33589e-06
7.27061e-07
1.15597e-05
7.63383e-07
1.23937e-05
8.09741e-07
1.20613e-05
8.3982e-07
1.07692e-05
8.32902e-07
8.91841e-06
7.80529e-07
6.88533e-06
6.85139e-07
4.8926e-06
5.49627e-07
3.00983e-06
3.70422e-07
1.2075e-06
1.41599e-07
-5.72155e-07
-1.39639e-07
-2.37418e-06
-4.80062e-07
-4.20765e-06
-8.87213e-07
-6.06488e-06
-1.41161e-06
-7.99779e-06
-2.20095e-06
-1.03944e-05
-2.95743e-06
-1.45985e-05
-2.46291e-06
-2.03939e-05
-1.88831e-05
7.36483e-07
3.71656e-06
1.32298e-06
8.74939e-06
1.70987e-06
1.11729e-05
2.03617e-06
1.20674e-05
2.30814e-06
1.17893e-05
2.49341e-06
1.0584e-05
2.58199e-06
8.82984e-06
2.58454e-06
6.88278e-06
2.5166e-06
4.96055e-06
2.38765e-06
3.13877e-06
2.19247e-06
1.40269e-06
1.91755e-06
-2.97237e-07
1.56147e-06
-2.01809e-06
1.11893e-06
-3.76511e-06
5.83724e-07
-5.52968e-06
-9.99412e-08
-7.31413e-06
-9.75044e-07
-9.51933e-06
-1.93914e-06
-1.36344e-05
-1.93466e-06
-2.03984e-05
-2.08177e-05
8.45999e-07
2.87057e-06
1.7659e-06
7.82949e-06
2.49549e-06
1.04433e-05
3.12873e-06
1.14342e-05
3.6715e-06
1.12465e-05
4.0784e-06
1.01771e-05
4.33148e-06
8.57676e-06
4.44438e-06
6.76987e-06
4.44167e-06
4.96326e-06
4.34067e-06
3.23976e-06
4.1411e-06
1.60226e-06
3.81772e-06
2.61367e-08
3.38047e-06
-1.58084e-06
2.80908e-06
-3.19372e-06
2.10229e-06
-4.82289e-06
1.27474e-06
-6.48658e-06
2.31326e-07
-8.47591e-06
-9.89169e-07
-1.24139e-05
-1.44189e-06
-1.99456e-05
-2.22596e-05
7.81892e-07
2.08867e-06
1.90226e-06
6.70913e-06
2.92618e-06
9.41934e-06
3.88666e-06
1.04737e-05
4.75449e-06
1.03787e-05
5.46185e-06
9.4697e-06
5.96763e-06
8.07097e-06
6.2741e-06
6.4634e-06
6.40344e-06
4.83392e-06
6.3761e-06
3.2671e-06
6.1934e-06
1.78496e-06
5.84874e-06
3.70802e-07
5.31782e-06
-1.04991e-06
4.60239e-06
-2.4783e-06
3.69472e-06
-3.91523e-06
2.62265e-06
-5.41452e-06
1.33962e-06
-7.19288e-06
-1.82437e-07
-1.08919e-05
-9.33923e-07
-1.91942e-05
-2.31936e-05
5.587e-07
1.52997e-06
1.70899e-06
5.55884e-06
3.02146e-06
8.10687e-06
4.35142e-06
9.14373e-06
5.60163e-06
9.1285e-06
6.67237e-06
8.39896e-06
7.49649e-06
7.24685e-06
8.06022e-06
5.89967e-06
8.3765e-06
4.51764e-06
8.46394e-06
3.17966e-06
8.33045e-06
1.91845e-06
7.97501e-06
7.26239e-07
7.3551e-06
-4.30006e-07
6.48714e-06
-1.61034e-06
5.35842e-06
-2.7865e-06
4.01065e-06
-4.06675e-06
2.50661e-06
-5.68884e-06
9.08018e-07
-9.29326e-06
-1.67276e-07
-1.81189e-05
-2.33608e-05
1.41097e-07
1.38887e-06
9.98486e-07
4.70145e-06
2.4454e-06
6.65996e-06
4.13917e-06
7.44995e-06
5.83768e-06
7.42999e-06
7.35394e-06
6.8827e-06
8.58378e-06
6.01701e-06
9.4965e-06
4.98695e-06
1.00869e-05
3.9272e-06
1.03682e-05
2.89837e-06
1.03468e-05
1.93986e-06
1.00297e-05
1.04339e-06
9.37793e-06
2.21737e-07
8.40365e-06
-6.36066e-07
7.10471e-06
-1.48756e-06
5.53058e-06
-2.49261e-06
3.83757e-06
-3.99583e-06
2.19629e-06
-7.65199e-06
6.35935e-07
-1.65585e-05
-2.27249e-05
-5.09555e-07
1.89843e-06
1.83913e-07
4.00798e-06
1.70263e-06
5.14124e-06
3.72786e-06
5.42472e-06
5.84933e-06
5.30851e-06
7.78356e-06
4.94848e-06
9.39274e-06
4.40783e-06
1.06351e-05
3.74457e-06
1.14923e-05
3.07006e-06
1.19819e-05
2.40876e-06
1.21089e-05
1.81287e-06
1.18944e-05
1.25789e-06
1.1358e-05
7.5814e-07
1.04787e-05
2.43228e-07
9.2609e-06
-2.69788e-07
7.77041e-06
-1.00212e-06
6.19334e-06
-2.41876e-06
4.41678e-06
-5.87542e-06
2.03899e-06
-1.41807e-05
-2.06859e-05
-4.17114e-06
6.06957e-06
-3.63947e-06
3.4763e-06
-1.26984e-06
2.77161e-06
1.49499e-06
2.65989e-06
4.2008e-06
2.6027e-06
6.70503e-06
2.44425e-06
8.89709e-06
2.21577e-06
1.07174e-05
1.92425e-06
1.21482e-05
1.63922e-06
1.32163e-05
1.34074e-06
1.39387e-05
1.09046e-06
1.43597e-05
8.36894e-07
1.44691e-05
6.48693e-07
1.42793e-05
4.33039e-07
1.37768e-05
2.32751e-07
1.2976e-05
-2.01388e-07
1.18715e-05
-1.31419e-06
1.00915e-05
-4.09549e-06
5.62934e-06
-9.71852e-06
-1.50566e-05
6.06957e-06
9.54588e-06
1.23175e-05
1.49774e-05
1.75801e-05
2.00243e-05
2.22401e-05
2.41644e-05
2.58036e-05
2.71443e-05
2.82348e-05
2.90717e-05
2.97203e-05
3.01534e-05
3.03861e-05
3.01848e-05
2.88706e-05
2.47751e-05
1.50566e-05
)
;

boundaryField
{
    movingWall
    {
        type            calculated;
        value           uniform 0;
    }
    fixedWalls
    {
        type            calculated;
        value           uniform 0;
    }
    frontAndBack
    {
        type            empty;
        value           nonuniform List<scalar> 0();
    }
}


// ************************************************************************* //
