/*--------------------------------*- C++ -*----------------------------------*\
| =========                 |                                                 |
| \\      /  F ield         | OpenFOAM: The Open Source CFD Toolbox           |
|  \\    /   O peration     | Version:  2212                                  |
|   \\  /    A nd           | Website:  www.openfoam.com                      |
|    \\/     M anipulation  |                                                 |
\*---------------------------------------------------------------------------*/
FoamFile
{
    version     2.0;
    format      ascii;
    arch        "LSB;label=32;scalar=64";
    class       surfaceScalarField;
    location    "4.015";
    object      phi;
}
// * * * * * * * * * * * * * * * * * * * * * * * * * * * * * * * * * * * * * //

dimensions      [0 3 -1 0 0 0 0];

oriented        oriented;

internalField   nonuniform List<scalar> 
760
(
1.5336e-07
-1.53381e-07
2.87796e-07
-1.34436e-07
3.02808e-07
-1.50122e-08
1.76706e-07
1.26102e-07
-1.2536e-07
3.02067e-07
-6.663e-07
5.4094e-07
-1.47775e-06
8.11452e-07
-2.47431e-06
9.9656e-07
-3.45692e-06
9.82612e-07
-4.19454e-06
7.37618e-07
-4.52026e-06
3.25719e-07
-4.33709e-06
-1.8317e-07
-3.58741e-06
-7.49681e-07
-2.38386e-06
-1.20355e-06
-9.54652e-07
-1.42921e-06
3.27502e-07
-1.28215e-06
1.07171e-06
-7.44212e-07
1.02225e-06
4.94624e-08
4.57209e-07
5.65042e-07
4.5721e-07
1.20466e-07
-2.73848e-07
6.64767e-08
-8.04459e-08
-3.04149e-07
3.55613e-07
-1.07987e-06
9.01823e-07
-2.30536e-06
1.52755e-06
-3.90183e-06
2.13741e-06
-5.62276e-06
2.53239e-06
-7.15821e-06
2.53201e-06
-8.28416e-06
2.10856e-06
-8.89024e-06
1.3437e-06
-8.92893e-06
3.64417e-07
-8.37708e-06
-7.35025e-07
-7.26569e-06
-1.86107e-06
-5.62702e-06
-2.84222e-06
-3.6037e-06
-3.45253e-06
-1.49838e-06
-3.38748e-06
1.64263e-07
-2.40685e-06
8.4738e-07
-6.33653e-07
5.21038e-07
8.91385e-07
9.78247e-07
-1.30782e-07
-1.43066e-07
-6.36244e-07
4.25017e-07
-1.61977e-06
1.33914e-06
-3.12205e-06
2.4041e-06
-5.02018e-06
3.42568e-06
-7.01955e-06
4.13678e-06
-8.80778e-06
4.32061e-06
-1.02046e-05
3.92886e-06
-1.11575e-05
3.06146e-06
-1.16585e-05
1.84468e-06
-1.16571e-05
3.63027e-07
-1.12044e-05
-1.18771e-06
-1.02812e-05
-2.78434e-06
-8.8329e-06
-4.29049e-06
-6.83915e-06
-5.44628e-06
-4.38807e-06
-5.83856e-06
-1.87663e-06
-4.91829e-06
-9.11424e-08
-2.41914e-06
2.92512e-07
5.07731e-07
1.27076e-06
-4.98506e-07
3.5544e-07
-1.55058e-06
1.47709e-06
-3.09572e-06
2.88428e-06
-5.039e-06
4.34738e-06
-7.12474e-06
5.51143e-06
-9.04857e-06
6.06061e-06
-1.06088e-05
5.8808e-06
-1.17615e-05
5.08158e-06
-1.25342e-05
3.83419e-06
-1.29618e-05
2.27223e-06
-1.30301e-05
4.31393e-07
-1.27958e-05
-1.42205e-06
-1.22213e-05
-3.35883e-06
-1.12047e-05
-5.30713e-06
-9.61462e-06
-7.03632e-06
-7.32654e-06
-8.12664e-06
-4.37863e-06
-7.8662e-06
-1.37536e-06
-5.42241e-06
1.18634e-07
-9.86261e-07
1.38939e-06
-8.54374e-07
1.20981e-06
-2.3401e-06
2.96282e-06
-4.19294e-06
4.73712e-06
-6.22151e-06
6.37594e-06
-8.14836e-06
7.43828e-06
-9.75195e-06
7.66421e-06
-1.09544e-05
7.08321e-06
-1.1781e-05
5.90823e-06
-1.22936e-05
4.3468e-06
-1.25653e-05
2.54389e-06
-1.26864e-05
5.52485e-07
-1.26456e-05
-1.46285e-06
-1.24329e-05
-3.57145e-06
-1.19687e-05
-5.77136e-06
-1.1066e-05
-7.939e-06
-9.43711e-06
-9.75556e-06
-6.78426e-06
-1.05191e-05
-3.2071e-06
-8.99957e-06
-2.62214e-07
-3.93115e-06
1.12718e-06
-1.07474e-06
2.28455e-06
-2.75484e-06
4.64292e-06
-4.62994e-06
6.61222e-06
-6.47132e-06
8.21732e-06
-8.05659e-06
9.02356e-06
-9.25421e-06
8.86182e-06
-1.00584e-05
7.88737e-06
-1.05333e-05
6.38315e-06
-1.07694e-05
4.5829e-06
-1.08674e-05
2.64189e-06
-1.09491e-05
6.34219e-07
-1.10042e-05
-1.40776e-06
-1.10471e-05
-3.52854e-06
-1.10476e-05
-5.77086e-06
-1.08505e-05
-8.13608e-06
-1.01277e-05
-1.04784e-05
-8.38591e-06
-1.22608e-05
-5.21306e-06
-1.21724e-05
-1.15322e-06
-7.991e-06
-2.60361e-08
-1.09663e-06
3.38117e-06
-2.72676e-06
6.27306e-06
-4.40785e-06
8.29332e-06
-5.92969e-06
9.73916e-06
-7.13284e-06
1.02267e-05
-7.95355e-06
9.68253e-06
-8.4277e-06
8.36152e-06
-8.6416e-06
6.59705e-06
-8.69933e-06
4.64064e-06
-8.69959e-06
2.64214e-06
-8.72701e-06
6.61646e-07
-8.80183e-06
-1.33294e-06
-8.94349e-06
-3.38689e-06
-9.16248e-06
-5.55187e-06
-9.39979e-06
-7.89877e-06
-9.42121e-06
-1.0457e-05
-8.70649e-06
-1.29755e-05
-6.50158e-06
-1.43773e-05
-2.40852e-06
-1.20841e-05
-2.43456e-06
-9.22885e-07
4.30406e-06
-2.31899e-06
7.66916e-06
-3.69267e-06
9.667e-06
-4.86082e-06
1.09073e-05
-5.72219e-06
1.10881e-05
-6.25838e-06
1.02187e-05
-6.525e-06
8.62814e-06
-6.61268e-06
6.68473e-06
-6.61872e-06
4.64668e-06
-6.61816e-06
2.64158e-06
-6.64902e-06
6.92509e-07
-6.72939e-06
-1.25258e-06
-6.88079e-06
-3.23548e-06
-7.13354e-06
-5.29912e-06
-7.50302e-06
-7.52929e-06
-7.89454e-06
-1.00655e-05
-7.89452e-06
-1.29756e-05
-6.68555e-06
-1.55863e-05
-3.564e-06
-1.52056e-05
-5.99856e-06
-6.15541e-07
4.9196e-06
-1.66618e-06
8.7198e-06
-2.68923e-06
1.069e-05
-3.5198e-06
1.17379e-05
-4.10171e-06
1.167e-05
-4.44388e-06
1.05609e-05
-4.60415e-06
8.78841e-06
-4.66108e-06
6.74166e-06
-4.68823e-06
4.67382e-06
-4.73102e-06
2.68437e-06
-4.80075e-06
7.62234e-07
-4.9046e-06
-1.14873e-06
-5.05309e-06
-3.08698e-06
-5.27542e-06
-5.07679e-06
-5.62644e-06
-7.17827e-06
-6.11719e-06
-9.57475e-06
-6.52408e-06
-1.25687e-05
-6.1032e-06
-1.60072e-05
-3.90592e-06
-1.74029e-05
-9.90448e-06
-2.27959e-07
5.14756e-06
-8.80859e-07
9.3727e-06
-1.54567e-06
1.13549e-05
-2.06929e-06
1.22615e-05
-2.42326e-06
1.2024e-05
-2.63116e-06
1.07688e-05
-2.7409e-06
8.89814e-06
-2.80603e-06
6.80679e-06
-2.87227e-06
4.74007e-06
-2.96261e-06
2.77471e-06
-3.08013e-06
8.79754e-07
-3.22489e-06
-1.00397e-06
-3.39761e-06
-2.91427e-06
-3.61132e-06
-4.86307e-06
-3.91836e-06
-6.87123e-06
-4.40016e-06
-9.09295e-06
-4.99931e-06
-1.19695e-05
-5.10813e-06
-1.58984e-05
-3.54795e-06
-1.89631e-05
-1.34524e-05
1.6266e-07
4.9849e-06
-6.74187e-08
9.60278e-06
-3.96697e-07
1.16841e-05
-6.44342e-07
1.25091e-05
-7.95694e-07
1.21753e-05
-8.81581e-07
1.08547e-05
-9.41659e-07
8.95822e-06
-1.00821e-06
6.87334e-06
-1.09826e-06
4.83012e-06
-1.21959e-06
2.89604e-06
-1.37438e-06
1.03454e-06
-1.56481e-06
-8.1354e-07
-1.79007e-06
-2.68902e-06
-2.0489e-06
-4.60424e-06
-2.37042e-06
-6.54971e-06
-2.84894e-06
-8.61443e-06
-3.54558e-06
-1.12729e-05
-4.01793e-06
-1.5426e-05
-3.02093e-06
-1.99601e-05
-1.64734e-05
4.95191e-07
4.48971e-06
6.91572e-07
9.4064e-06
7.34606e-07
1.16411e-05
7.70742e-07
1.2473e-05
8.16867e-07
1.21292e-05
8.47133e-07
1.08244e-05
8.41171e-07
8.96418e-06
7.90419e-07
6.9241e-06
6.96643e-07
4.9239e-06
5.62027e-07
3.03065e-06
3.82249e-07
1.21432e-06
1.5105e-07
-5.8234e-07
-1.33814e-07
-2.40415e-06
-4.79144e-07
-4.25891e-06
-8.90715e-07
-6.13814e-06
-1.41586e-06
-8.08929e-06
-2.20164e-06
-1.04871e-05
-2.95574e-06
-1.46719e-05
-2.462e-06
-2.04538e-05
-1.89354e-05
7.46492e-07
3.74321e-06
1.33843e-06
8.81446e-06
1.72788e-06
1.12517e-05
2.05532e-06
1.21456e-05
2.32755e-06
1.1857e-05
2.51338e-06
1.06386e-05
2.60362e-06
8.87394e-06
2.60885e-06
6.91886e-06
2.54388e-06
4.98888e-06
2.41704e-06
3.15749e-06
2.22222e-06
1.40914e-06
1.9455e-06
-3.05619e-07
1.58576e-06
-2.04441e-06
1.13802e-06
-3.81117e-06
5.96847e-07
-5.59697e-06
-9.15348e-08
-7.40091e-06
-9.66387e-07
-9.61224e-06
-1.93009e-06
-1.37082e-05
-1.93041e-06
-2.04535e-05
-2.08658e-05
8.58605e-07
2.88461e-06
1.78807e-06
7.88499e-06
2.52317e-06
1.05166e-05
3.15938e-06
1.15094e-05
3.7036e-06
1.13127e-05
4.11167e-06
1.02305e-05
4.36667e-06
8.61894e-06
4.48244e-06
6.8031e-06
4.48292e-06
4.9884e-06
4.38453e-06
3.25587e-06
4.18619e-06
1.60748e-06
3.86112e-06
1.9452e-08
3.42096e-06
-1.60425e-06
2.84447e-06
-3.23469e-06
2.13089e-06
-4.88339e-06
1.29646e-06
-6.56647e-06
2.48151e-07
-8.56393e-06
-9.74814e-07
-1.24852e-05
-1.4351e-06
-1.99932e-05
-2.23009e-05
7.94569e-07
2.09004e-06
1.92854e-06
6.75102e-06
2.96129e-06
9.48381e-06
3.92714e-06
1.05435e-05
4.79821e-06
1.04417e-05
5.50777e-06
9.52097e-06
6.01582e-06
8.11089e-06
6.32513e-06
6.49379e-06
6.45756e-06
4.85597e-06
6.43281e-06
3.28061e-06
6.25126e-06
1.78903e-06
5.90659e-06
3.64126e-07
5.3729e-06
-1.07056e-06
4.65256e-06
-2.51435e-06
3.73761e-06
-3.96844e-06
2.65596e-06
-5.48482e-06
1.36371e-06
-7.27168e-06
-1.69005e-07
-1.09525e-05
-9.23939e-07
-1.92383e-05
-2.32248e-05
5.68654e-07
1.52139e-06
1.73518e-06
5.5845e-06
3.06052e-06
8.15847e-06
4.40027e-06
9.20375e-06
5.65721e-06
9.18473e-06
6.73241e-06
8.44577e-06
7.55989e-06
7.28341e-06
8.12671e-06
5.92696e-06
8.44594e-06
4.53674e-06
8.53571e-06
3.19084e-06
8.40347e-06
1.92127e-06
8.0476e-06
7.19997e-07
7.42502e-06
-4.47976e-07
6.55182e-06
-1.64114e-06
5.41481e-06
-2.83143e-06
4.05487e-06
-4.12488e-06
2.53889e-06
-5.7557e-06
9.32617e-07
-9.34626e-06
-1.55732e-07
-1.81499e-05
-2.33805e-05
1.47051e-07
1.37434e-06
1.02059e-06
4.71096e-06
2.48321e-06
6.69584e-06
4.19105e-06
7.4959e-06
5.90049e-06
7.4753e-06
7.42446e-06
6.9218e-06
8.65994e-06
6.04793e-06
9.57711e-06
5.0098e-06
1.01713e-05
3.94254e-06
1.04553e-05
2.9068e-06
1.04356e-05
1.94097e-06
1.01186e-05
1.03708e-06
9.46267e-06
2.07917e-07
8.48289e-06
-6.6136e-07
7.1738e-06
-1.52234e-06
5.58516e-06
-2.53624e-06
3.87478e-06
-4.04532e-06
2.21882e-06
-7.6903e-06
6.44699e-07
-1.65758e-05
-2.27358e-05
-5.13469e-07
1.88781e-06
1.93734e-07
4.00376e-06
1.73281e-06
5.15677e-06
3.77849e-06
5.45022e-06
5.91721e-06
5.33658e-06
7.86427e-06
4.97474e-06
9.48296e-06
4.42924e-06
1.07322e-05
3.76058e-06
1.15944e-05
3.08029e-06
1.20871e-05
2.41412e-06
1.22149e-05
1.81319e-06
1.19983e-05
1.25363e-06
1.14584e-05
7.47868e-07
1.05706e-05
2.26392e-07
9.33874e-06
-2.90445e-07
7.83094e-06
-1.02845e-06
6.233e-06
-2.44738e-06
4.43834e-06
-5.89564e-06
2.04798e-06
-1.41854e-05
-2.06879e-05
-4.17517e-06
6.06298e-06
-3.6397e-06
3.46829e-06
-1.25559e-06
2.77266e-06
1.52776e-06
2.66687e-06
4.25145e-06
2.61289e-06
6.77105e-06
2.45514e-06
8.97492e-06
2.22537e-06
1.08036e-05
1.93187e-06
1.22396e-05
1.64435e-06
1.331e-05
1.34368e-06
1.40323e-05
1.09093e-06
1.44507e-05
8.352e-07
1.45542e-05
6.44365e-07
1.43536e-05
4.27015e-07
1.38383e-05
2.24875e-07
1.30232e-05
-2.13399e-07
1.18998e-05
-1.32392e-06
1.01033e-05
-4.09917e-06
5.63416e-06
-9.71627e-06
-1.50537e-05
6.06298e-06
9.53127e-06
1.23039e-05
1.49708e-05
1.75837e-05
2.00388e-05
2.22642e-05
2.41961e-05
2.58404e-05
2.71841e-05
2.8275e-05
2.91102e-05
2.97546e-05
3.01816e-05
3.04065e-05
3.01931e-05
2.88691e-05
2.477e-05
1.50537e-05
)
;

boundaryField
{
    movingWall
    {
        type            calculated;
        value           uniform 0;
    }
    fixedWalls
    {
        type            calculated;
        value           uniform 0;
    }
    frontAndBack
    {
        type            empty;
        value           nonuniform List<scalar> 0();
    }
}


// ************************************************************************* //
