/*--------------------------------*- C++ -*----------------------------------*\
| =========                 |                                                 |
| \\      /  F ield         | OpenFOAM: The Open Source CFD Toolbox           |
|  \\    /   O peration     | Version:  2212                                  |
|   \\  /    A nd           | Website:  www.openfoam.com                      |
|    \\/     M anipulation  |                                                 |
\*---------------------------------------------------------------------------*/
FoamFile
{
    version     2.0;
    format      ascii;
    arch        "LSB;label=32;scalar=64";
    class       volVectorField;
    location    "0.665";
    object      U;
}
// * * * * * * * * * * * * * * * * * * * * * * * * * * * * * * * * * * * * * //

dimensions      [0 1 -1 0 0 0 0];

internalField   nonuniform List<vector> 
400
(
(-0.000248169 0.000202984 0)
(-0.00152791 0.00065474 0)
(-0.00377066 0.000837567 0)
(-0.00623762 0.000899679 0)
(-0.00880891 0.000947649 0)
(-0.0114985 0.00101192 0)
(-0.0143228 0.00109025 0)
(-0.0172649 0.00116527 0)
(-0.0202438 0.00120524 0)
(-0.0230776 0.00115985 0)
(-0.0254496 0.000961157 0)
(-0.0268938 0.000538489 0)
(-0.026823 -0.000151612 0)
(-0.024709 -0.00106945 0)
(-0.0203956 -0.00197786 0)
(-0.0143788 -0.00252917 0)
(-0.00788078 -0.00241181 0)
(-0.0024616 -0.0015941 0)
(0.000584565 -0.000430883 0)
(0.000691858 0.000483627 0)
(-0.000855443 0.00162363 0)
(-0.00390372 0.0035208 0)
(-0.00863616 0.00429873 0)
(-0.0138147 0.00461259 0)
(-0.0191986 0.00482484 0)
(-0.0247619 0.00503903 0)
(-0.0304619 0.00523608 0)
(-0.0361907 0.00533213 0)
(-0.041725 0.0051877 0)
(-0.0466779 0.00460572 0)
(-0.0504686 0.00335072 0)
(-0.0523417 0.00121528 0)
(-0.0514515 -0.00185455 0)
(-0.0470631 -0.00555306 0)
(-0.0390216 -0.00902029 0)
(-0.0281855 -0.0110153 0)
(-0.0165103 -0.0104551 0)
(-0.00658011 -0.00726457 0)
(-0.000509362 -0.0027287 0)
(0.000677237 0.000846583 0)
(-0.00121123 0.0044085 0)
(-0.0052873 0.00851415 0)
(-0.011418 0.0101797 0)
(-0.0180612 0.0108904 0)
(-0.0249308 0.0113309 0)
(-0.0319863 0.0116937 0)
(-0.0391531 0.01193 0)
(-0.0462835 0.0118587 0)
(-0.0531063 0.0111941 0)
(-0.0591771 0.00955543 0)
(-0.063843 0.00651212 0)
(-0.0662452 0.00170853 0)
(-0.065354 -0.00490502 0)
(-0.0601678 -0.0127247 0)
(-0.0502367 -0.0200715 0)
(-0.0363528 -0.0243783 0)
(-0.020926 -0.0232444 0)
(-0.00762056 -0.0163803 0)
(6.23e-05 -0.00659563 0)
(0.00104274 0.000940951 0)
(-0.001365 0.00771149 0)
(-0.00594749 0.0143528 0)
(-0.0128006 0.0169928 0)
(-0.0201927 0.0181259 0)
(-0.027829 0.0188069 0)
(-0.0356886 0.0193262 0)
(-0.0437189 0.0196086 0)
(-0.0518071 0.0193807 0)
(-0.0597339 0.0182176 0)
(-0.0671179 0.0155558 0)
(-0.0733523 0.0107413 0)
(-0.0775432 0.00317992 0)
(-0.0784422 -0.00734747 0)
(-0.07444 -0.0201959 0)
(-0.0641663 -0.0328455 0)
(-0.0477837 -0.0409332 0)
(-0.0278228 -0.0397749 0)
(-0.00918096 -0.0280656 0)
(0.00155125 -0.0108046 0)
(0.00188348 0.00211449 0)
(-0.00139379 0.0112256 0)
(-0.00614231 0.020567 0)
(-0.0132816 0.0242354 0)
(-0.0209968 0.0258228 0)
(-0.029008 0.0267949 0)
(-0.0373425 0.0275604 0)
(-0.0460195 0.0280385 0)
(-0.055032 0.0278901 0)
(-0.06431 0.026578 0)
(-0.0736703 0.0233717 0)
(-0.0827225 0.0173509 0)
(-0.0906859 0.00748659 0)
(-0.0960979 -0.0069871 0)
(-0.0963403 -0.0257103 0)
(-0.0882723 -0.0458231 0)
(-0.0707396 -0.0606548 0)
(-0.045641 -0.0620002 0)
(-0.017962 -0.0455741 0)
(0.00159383 -0.0172208 0)
(0.0030618 0.00455952 0)
(-0.00134007 0.0147451 0)
(-0.00602465 0.0268635 0)
(-0.0131562 0.0316182 0)
(-0.0209167 0.0337202 0)
(-0.0290552 0.0350821 0)
(-0.0376662 0.0362666 0)
(-0.0468798 0.0372285 0)
(-0.0568585 0.0376141 0)
(-0.0677831 0.0368371 0)
(-0.0798501 0.0340722 0)
(-0.0931885 0.0281626 0)
(-0.107401 0.0174088 0)
(-0.120618 -0.000273398 0)
(-0.12869 -0.0257583 0)
(-0.126035 -0.0562109 0)
(-0.110021 -0.0822707 0)
(-0.0813215 -0.091342 0)
(-0.0423481 -0.0741913 0)
(-0.00442078 -0.0308743 0)
(0.00438218 0.00667693 0)
(-0.00122538 0.0181117 0)
(-0.00567573 0.0330113 0)
(-0.012578 0.0389064 0)
(-0.0201624 0.0415966 0)
(-0.0282092 0.0434718 0)
(-0.0368838 0.0452952 0)
(-0.046447 0.0471194 0)
(-0.0572754 0.0486645 0)
(-0.0698831 0.0494182 0)
(-0.0850089 0.0486181 0)
(-0.103632 0.0449604 0)
(-0.126042 0.0356744 0)
(-0.149347 0.0159526 0)
(-0.166461 -0.0181749 0)
(-0.170159 -0.062857 0)
(-0.158492 -0.104883 0)
(-0.130468 -0.127878 0)
(-0.0839851 -0.118128 0)
(-0.0249834 -0.0618619 0)
(0.0043059 0.00446314 0)
(-0.001062 0.021202 0)
(-0.00513929 0.0388233 0)
(-0.0116212 0.0458957 0)
(-0.018815 0.0492339 0)
(-0.0265185 0.0517286 0)
(-0.0349508 0.0543971 0)
(-0.0444922 0.0574691 0)
(-0.0557338 0.0608603 0)
(-0.0695267 0.0643027 0)
(-0.0871316 0.0672388 0)
(-0.110325 0.0680375 0)
(-0.139811 0.0618278 0)
(-0.170932 0.039506 0)
(-0.192857 -0.00589559 0)
(-0.200005 -0.0681578 0)
(-0.194487 -0.127614 0)
(-0.173242 -0.169115 0)
(-0.130668 -0.176835 0)
(-0.0652205 -0.122201 0)
(-0.000553042 -0.0109692 0)
(-0.000861347 0.0239159 0)
(-0.00445079 0.0441395 0)
(-0.010339 0.0523912 0)
(-0.0169183 0.0563907 0)
(-0.0239749 0.0595415 0)
(-0.0317378 0.0631643 0)
(-0.0406445 0.0677418 0)
(-0.0514065 0.0735012 0)
(-0.065041 0.0805431 0)
(-0.0829665 0.0884207 0)
(-0.107168 0.0944445 0)
(-0.138069 0.0905094 0)
(-0.169197 0.0637098 0)
(-0.189293 0.00732461 0)
(-0.196129 -0.068424 0)
(-0.196142 -0.141699 0)
(-0.186385 -0.202334 0)
(-0.159375 -0.235683 0)
(-0.106961 -0.20199 0)
(-0.0165473 -0.0473109 0)
(-0.000641098 0.0261791 0)
(-0.00366231 0.0488262 0)
(-0.00881178 0.0582056 0)
(-0.0145582 0.0628009 0)
(-0.0206372 0.0665232 0)
(-0.027224 0.0710239 0)
(-0.0347051 0.0770723 0)
(-0.0437224 0.0852337 0)
(-0.0551395 0.0959304 0)
(-0.0699948 0.108504 0)
(-0.0898036 0.11865 0)
(-0.114719 0.115439 0)
(-0.138389 0.0845819 0)
(-0.151964 0.0217116 0)
(-0.156669 -0.0592969 0)
(-0.160546 -0.139106 0)
(-0.161525 -0.21234 0)
(-0.151953 -0.27266 0)
(-0.12012 -0.278129 0)
(-0.0350868 -0.124801 0)
(-0.000429934 0.0279579 0)
(-0.00286011 0.0527927 0)
(-0.00718284 0.0631755 0)
(-0.0119198 0.0681983 0)
(-0.0167194 0.072255 0)
(-0.0216434 0.0773158 0)
(-0.0269174 0.0843956 0)
(-0.032915 0.0942938 0)
(-0.0400777 0.10757 0)
(-0.048816 0.123201 0)
(-0.0601347 0.135574 0)
(-0.0747868 0.132272 0)
(-0.0885608 0.0993286 0)
(-0.0959657 0.0345877 0)
(-0.0990889 -0.0465959 0)
(-0.105339 -0.12671 0)
(-0.11473 -0.202718 0)
(-0.119153 -0.280979 0)
(-0.107827 -0.332201 0)
(-0.0354178 -0.226194 0)
(-0.000271585 0.0292878 0)
(-0.0021776 0.0560361 0)
(-0.00567758 0.067219 0)
(-0.00931005 0.0723909 0)
(-0.0126254 0.0763938 0)
(-0.0155525 0.081474 0)
(-0.0181135 0.0887916 0)
(-0.0203388 0.0992043 0)
(-0.0221925 0.113246 0)
(-0.0235521 0.129707 0)
(-0.0250869 0.142574 0)
(-0.0285617 0.139714 0)
(-0.0328528 0.107702 0)
(-0.0360425 0.0444551 0)
(-0.0405758 -0.0348169 0)
(-0.0497041 -0.112981 0)
(-0.066292 -0.185784 0)
(-0.0812413 -0.270212 0)
(-0.0879827 -0.354987 0)
(-0.0228201 -0.297802 0)
(-0.000225 0.0302922 0)
(-0.0017919 0.0586302 0)
(-0.00460268 0.0702792 0)
(-0.00715449 0.0752129 0)
(-0.00891939 0.0786905 0)
(-0.00973974 0.0831599 0)
(-0.00948852 0.0898061 0)
(-0.0079162 0.0993646 0)
(-0.00461938 0.112233 0)
(0.000751708 0.127376 0)
(0.00806913 0.139621 0)
(0.0149823 0.137864 0)
(0.0192788 0.109287 0)
(0.0202997 0.0509613 0)
(0.0137818 -0.0233819 0)
(0.00196242 -0.0960035 0)
(-0.0213304 -0.163463 0)
(-0.0444886 -0.249771 0)
(-0.0694028 -0.363653 0)
(-0.01217 -0.35038 0)
(-0.000386658 0.0312684 0)
(-0.00196354 0.0609544 0)
(-0.00433611 0.0727033 0)
(-0.00590612 0.0768878 0)
(-0.0061633 0.079261 0)
(-0.00497132 0.0824687 0)
(-0.00218494 0.087578 0)
(0.00258654 0.0952369 0)
(0.0100085 0.105565 0)
(0.0206479 0.117685 0)
(0.0343323 0.127893 0)
(0.0486451 0.127274 0)
(0.0597381 0.104687 0)
(0.064759 0.0557027 0)
(0.0591546 -0.0107531 0)
(0.0463815 -0.0761433 0)
(0.0166679 -0.135228 0)
(-0.010677 -0.218007 0)
(-0.052648 -0.358084 0)
(-0.000724091 -0.3909 0)
(-0.000880461 0.0325836 0)
(-0.00302731 0.0630715 0)
(-0.00542025 0.0739454 0)
(-0.0061955 0.0768151 0)
(-0.00499007 0.0777462 0)
(-0.00196963 0.0793325 0)
(0.00301584 0.0825199 0)
(0.0103434 0.0877484 0)
(0.0205209 0.0949415 0)
(0.0341632 0.10323 0)
(0.0511626 0.110013 0)
(0.0694723 0.109346 0)
(0.08486 0.0928834 0)
(0.0930792 0.0553037 0)
(0.0895831 0.00200007 0)
(0.0767484 -0.0543136 0)
(0.0430425 -0.105873 0)
(0.0157473 -0.186332 0)
(-0.0409474 -0.351116 0)
(0.0104044 -0.423865 0)
(-0.00195827 0.0349006 0)
(-0.00531663 0.0668339 0)
(-0.00807186 0.0767641 0)
(-0.00817862 0.0771354 0)
(-0.00562514 0.0755656 0)
(-0.000931168 0.0748739 0)
(0.00584349 0.0757935 0)
(0.0149653 0.0783177 0)
(0.0267905 0.0822447 0)
(0.0416966 0.0867811 0)
(0.0595406 0.0901249 0)
(0.078852 0.0886406 0)
(0.0959487 0.0771631 0)
(0.106571 0.0509294 0)
(0.105077 0.0124898 0)
(0.0933135 -0.0320087 0)
(0.0593192 -0.0740874 0)
(0.0362061 -0.153072 0)
(-0.0311166 -0.344065 0)
(0.0243802 -0.453269 0)
(-0.00400314 0.0426709 0)
(-0.0116644 0.0701499 0)
(-0.0153504 0.0735986 0)
(-0.0135571 0.0717134 0)
(-0.00857548 0.0689952 0)
(-0.00180397 0.0670171 0)
(0.00659647 0.066258 0)
(0.0169826 0.0666059 0)
(0.0296946 0.0678791 0)
(0.0449175 0.0694675 0)
(0.0623827 0.0702965 0)
(0.0809873 0.0682341 0)
(0.0977437 0.0606876 0)
(0.109474 0.0441751 0)
(0.109218 0.0196247 0)
(0.0997318 -0.0112958 0)
(0.0683363 -0.0455677 0)
(0.0519508 -0.126462 0)
(-0.0173758 -0.33687 0)
(0.0461065 -0.469332 0)
(-0.00319471 0.0368246 0)
(-0.0106483 0.0836739 0)
(-0.0191912 0.0856866 0)
(-0.0192017 0.0759682 0)
(-0.0142574 0.0680963 0)
(-0.00694495 0.0628944 0)
(0.00245626 0.0593542 0)
(0.014025 0.0568969 0)
(0.0278027 0.0553854 0)
(0.0436515 0.0542264 0)
(0.0609942 0.0531459 0)
(0.0792586 0.050614 0)
(0.0953717 0.0460974 0)
(0.109109 0.0368923 0)
(0.111349 0.0239518 0)
(0.109758 0.00439241 0)
(0.0845342 -0.0254964 0)
(0.0767426 -0.11142 0)
(0.0196389 -0.313804 0)
(0.0859584 -0.446811 0)
(-0.0979025 0.0961432 0)
(-0.073817 0.0763087 0)
(-0.0617512 0.0585788 0)
(-0.037093 0.0508357 0)
(-0.0140548 0.0452305 0)
(0.00858607 0.0407092 0)
(0.0301246 0.0370804 0)
(0.0523859 0.0341006 0)
(0.0732157 0.0321093 0)
(0.0961688 0.0303398 0)
(0.115887 0.0293536 0)
(0.139702 0.0278153 0)
(0.155389 0.0265655 0)
(0.177462 0.0236546 0)
(0.181648 0.0193574 0)
(0.197168 0.00907553 0)
(0.175222 -0.0163275 0)
(0.18173 -0.0824878 0)
(0.134928 -0.226726 0)
(0.167361 -0.33914 0)
(0.135246 0.109192 0)
(0.170833 0.086503 0)
(0.230598 0.0648582 0)
(0.286089 0.0508716 0)
(0.329045 0.0418592 0)
(0.366956 0.035059 0)
(0.396161 0.0300749 0)
(0.426752 0.0256961 0)
(0.448534 0.0226821 0)
(0.476256 0.0196273 0)
(0.492305 0.0179351 0)
(0.519284 0.0155931 0)
(0.529283 0.014853 0)
(0.555536 0.012712 0)
(0.555327 0.0124514 0)
(0.575265 0.00856858 0)
(0.548826 0.00404255 0)
(0.539215 -0.0148118 0)
(0.437149 -0.0472968 0)
(0.338837 -0.099486 0)
)
;

boundaryField
{
    movingWall
    {
        type            fixedValue;
        value           uniform (1 0 0);
    }
    fixedWalls
    {
        type            noSlip;
    }
    frontAndBack
    {
        type            empty;
    }
}


// ************************************************************************* //
