/*--------------------------------*- C++ -*----------------------------------*\
| =========                 |                                                 |
| \\      /  F ield         | OpenFOAM: The Open Source CFD Toolbox           |
|  \\    /   O peration     | Version:  2212                                  |
|   \\  /    A nd           | Website:  www.openfoam.com                      |
|    \\/     M anipulation  |                                                 |
\*---------------------------------------------------------------------------*/
FoamFile
{
    version     2.0;
    format      ascii;
    arch        "LSB;label=32;scalar=64";
    class       volScalarField;
    location    "0.46";
    object      p;
}
// * * * * * * * * * * * * * * * * * * * * * * * * * * * * * * * * * * * * * //

dimensions      [0 2 -2 0 0 0 0];

internalField   nonuniform List<scalar> 
400
(
-1.08345e-09
-1.70474e-05
2.74698e-05
0.00012873
0.000286328
0.00050273
0.000781661
0.00112747
0.0015441
0.00203362
0.00259425
0.00321774
0.00388635
0.0045696
0.00522324
0.00579256
0.00622335
0.0064812
0.00656663
0.00649783
1.90956e-05
1.79579e-06
5.16027e-05
0.000155491
0.000312027
0.000524812
0.000798169
0.00113669
0.00154456
0.00202434
0.00257505
0.00318961
0.00385177
0.00453335
0.00518887
0.00576116
0.00619244
0.00644702
0.00652675
0.00644653
-3.83902e-05
-6.182e-05
-1.33451e-05
8.78939e-05
0.000239259
0.000444903
0.000709872
0.00103974
0.00144017
0.00191582
0.0024686
0.00309476
0.00378122
0.00450016
0.00520239
0.00581974
0.00627847
0.00653127
0.00658368
0.0064616
-0.000176058
-0.000205406
-0.000161357
-6.65834e-05
7.5693e-05
0.000270203
0.000522972
0.000841136
0.00123273
0.00170586
0.00226706
0.00291775
0.00364937
0.00443817
0.00522773
0.0059309
0.00644382
0.0066946
0.0066964
0.00650355
-0.000397496
-0.0004316
-0.000394013
-0.000309134
-0.000180201
-1.76996e-06
0.000233345
0.000534163
0.000911674
0.0013785
0.00194757
0.00262805
0.00341824
0.00430645
0.00522779
0.00606858
0.00667286
0.00692
0.00683286
0.00651639
-0.000702482
-0.000741285
-0.000712522
-0.000641488
-0.000531285
-0.000375857
-0.000166977
0.000106165
0.000457589
0.000904879
0.00146879
0.00217059
0.00302557
0.00402477
0.00512456
0.00617553
0.00693294
0.00717808
0.00694378
0.0064042
-0.00108739
-0.00113156
-0.00111443
-0.001062
-0.000977448
-0.000854565
-0.000684716
-0.000456109
-0.000152655
0.0002472
0.000771641
0.00145576
0.00233568
0.00342826
0.00473503
0.00608757
0.00710989
0.00737951
0.00692754
0.00600581
-0.0015463
-0.00159678
-0.00159433
-0.00156586
-0.00151517
-0.00143678
-0.00132298
-0.00116288
-0.00094096
-0.000635175
-0.000214613
0.000363204
0.00115486
0.00222787
0.00363828
0.00533837
0.0068164
0.00726276
0.00659071
0.00515762
-0.00207125
-0.00212899
-0.00214397
-0.00214461
-0.00213622
-0.00211541
-0.00207741
-0.00201542
-0.0019194
-0.00177454
-0.00156024
-0.00125156
-0.00080946
-0.00014301
0.000920872
0.00274506
0.00484753
0.00600154
0.00560766
0.0040561
-0.00265231
-0.00271792
-0.00275194
-0.00278526
-0.00282593
-0.0028744
-0.00293146
-0.00299859
-0.00307857
-0.00317622
-0.003303
-0.00350148
-0.00387248
-0.00442851
-0.00467818
-0.00381325
-0.0013362
0.00156743
0.00327502
0.00354376
-0.00327817
-0.00335156
-0.00340375
-0.00346971
-0.00356187
-0.00368633
-0.00385203
-0.00407322
-0.00437376
-0.00479435
-0.00540884
-0.00638946
-0.00812428
-0.0109689
-0.0142375
-0.0156364
-0.0134932
-0.00821237
-0.00213699
0.00277506
-0.00393742
-0.00401728
-0.00408257
-0.0041751
-0.00431373
-0.00451166
-0.00478762
-0.00517132
-0.00571316
-0.0065021
-0.00769998
-0.00964598
-0.0130587
-0.0186723
-0.0256843
-0.0303167
-0.0289997
-0.0220424
-0.0120984
-0.00200875
-0.00462121
-0.00470436
-0.00477134
-0.00487553
-0.00504519
-0.00530126
-0.00567161
-0.00620016
-0.00696173
-0.00809014
-0.00982956
-0.0126454
-0.0174198
-0.0249891
-0.0344572
-0.0414974
-0.0413205
-0.0343131
-0.0231657
-0.0101696
-0.00532699
-0.00540562
-0.00545236
-0.00554195
-0.00571598
-0.00600164
-0.00643208
-0.00705916
-0.00797075
-0.00932238
-0.0113927
-0.0146724
-0.0200032
-0.0280085
-0.0378305
-0.0455671
-0.0458287
-0.0394549
-0.0293524
-0.0161821
-0.00606988
-0.00613144
-0.00612325
-0.00615554
-0.00629336
-0.00656786
-0.00701026
-0.0076703
-0.00863338
-0.0100488
-0.0121739
-0.0153955
-0.0205239
-0.0278063
-0.0363025
-0.0424049
-0.0431512
-0.0376076
-0.029819
-0.0170129
-0.00688247
-0.00688691
-0.00674489
-0.00666597
-0.00673086
-0.00695834
-0.0073676
-0.00799756
-0.00891799
-0.010243
-0.0121936
-0.0151071
-0.0194214
-0.0251971
-0.031593
-0.0358933
-0.0361409
-0.0315148
-0.0265112
-0.0117854
-0.00780391
-0.0077954
-0.00743654
-0.00714212
-0.00706137
-0.00719065
-0.00752075
-0.0080704
-0.00889393
-0.0100441
-0.0117531
-0.0141946
-0.01759
-0.0218264
-0.02624
-0.0288693
-0.0284552
-0.0242253
-0.0190888
0.00307139
-0.00978115
-0.00889133
-0.00775725
-0.0072248
-0.00707779
-0.00715773
-0.00742786
-0.00789313
-0.00860088
-0.00961139
-0.0110845
-0.0131335
-0.0158851
-0.0191282
-0.0223498
-0.0238221
-0.0221084
-0.0153844
-0.0019541
0.0384718
-0.00895317
-0.0108623
-0.0091243
-0.00800128
-0.007491
-0.00736219
-0.00747666
-0.00778882
-0.00835846
-0.0092202
-0.010536
-0.0123483
-0.0148107
-0.0175603
-0.0200847
-0.020373
-0.0155733
0.000924031
0.0373741
0.107678
-0.0266353
-0.0115598
-0.00644554
-0.00545542
-0.0053831
-0.00545588
-0.00570645
-0.00615234
-0.00688868
-0.00790284
-0.00937802
-0.0113319
-0.0138826
-0.0165596
-0.0182591
-0.0156668
-0.00294351
0.0310761
0.0996948
0.204725
)
;

boundaryField
{
    movingWall
    {
        type            zeroGradient;
    }
    fixedWalls
    {
        type            zeroGradient;
    }
    frontAndBack
    {
        type            empty;
    }
}


// ************************************************************************* //
