/*--------------------------------*- C++ -*----------------------------------*\
| =========                 |                                                 |
| \\      /  F ield         | OpenFOAM: The Open Source CFD Toolbox           |
|  \\    /   O peration     | Version:  2212                                  |
|   \\  /    A nd           | Website:  www.openfoam.com                      |
|    \\/     M anipulation  |                                                 |
\*---------------------------------------------------------------------------*/
FoamFile
{
    version     2.0;
    format      ascii;
    arch        "LSB;label=32;scalar=64";
    class       surfaceScalarField;
    location    "4.835";
    object      phi;
}
// * * * * * * * * * * * * * * * * * * * * * * * * * * * * * * * * * * * * * //

dimensions      [0 3 -1 0 0 0 0];

oriented        oriented;

internalField   nonuniform List<scalar> 
760
(
1.55071e-07
-1.55089e-07
2.9143e-07
-1.36359e-07
3.07261e-07
-1.58305e-08
1.80998e-07
1.26263e-07
-1.22294e-07
3.03291e-07
-6.66146e-07
5.43852e-07
-1.48244e-06
8.16297e-07
-2.48451e-06
1.00207e-06
-3.47134e-06
9.8683e-07
-4.21053e-06
7.39186e-07
-4.53519e-06
3.24661e-07
-4.34804e-06
-1.87149e-07
-3.59255e-06
-7.55486e-07
-2.38249e-06
-1.21007e-06
-9.47412e-07
-1.43507e-06
3.3838e-07
-1.28579e-06
1.08194e-06
-7.43564e-07
1.02854e-06
5.34068e-08
4.59452e-07
5.69084e-07
4.59452e-07
1.2329e-07
-2.7838e-07
7.14382e-08
-8.45066e-08
-2.99913e-07
3.5552e-07
-1.07955e-06
9.05898e-07
-2.3122e-06
1.53594e-06
-3.91781e-06
2.14946e-06
-5.64708e-06
2.54557e-06
-7.18793e-06
2.54291e-06
-8.31609e-06
2.11499e-06
-8.92168e-06
1.34478e-06
-8.95758e-06
3.60565e-07
-8.40108e-06
-7.43656e-07
-7.28335e-06
-1.87322e-06
-5.63729e-06
-2.85612e-06
-3.60646e-06
-3.46591e-06
-1.49491e-06
-3.39734e-06
1.71811e-07
-2.41028e-06
8.53793e-07
-6.28575e-07
5.23696e-07
8.99181e-07
9.83149e-07
-1.28919e-07
-1.4946e-07
-6.35073e-07
4.21647e-07
-1.62335e-06
1.3438e-06
-3.13443e-06
2.41697e-06
-5.04333e-06
3.44484e-06
-7.05227e-06
4.15841e-06
-8.84706e-06
4.34036e-06
-1.02477e-05
3.94357e-06
-1.12024e-05
3.06965e-06
-1.17033e-05
1.84574e-06
-1.16992e-05
3.56397e-07
-1.1243e-05
-1.19986e-06
-1.03145e-05
-2.80168e-06
-8.85944e-06
-4.31119e-06
-6.85767e-06
-5.46768e-06
-4.39791e-06
-5.8571e-06
-1.87878e-06
-4.92942e-06
-8.88782e-08
-2.41847e-06
2.93683e-07
5.16621e-07
1.27683e-06
-4.99913e-07
3.50453e-07
-1.5567e-06
1.47843e-06
-3.11066e-06
2.89776e-06
-5.06502e-06
4.37133e-06
-7.16115e-06
5.54097e-06
-9.09261e-06
6.08986e-06
-1.06575e-05
5.90528e-06
-1.18131e-05
5.09915e-06
-1.25873e-05
3.84385e-06
-1.30149e-05
2.27339e-06
-1.30812e-05
4.22688e-07
-1.28441e-05
-1.43703e-06
-1.22652e-05
-3.38056e-06
-1.12427e-05
-5.33371e-06
-9.64543e-06
-7.06492e-06
-7.34875e-06
-8.15378e-06
-4.3909e-06
-7.88727e-06
-1.37752e-06
-5.43185e-06
1.19699e-07
-9.806e-07
1.39653e-06
-8.5914e-07
1.20959e-06
-2.35348e-06
2.97277e-06
-4.21717e-06
4.76145e-06
-6.25647e-06
6.41063e-06
-8.19166e-06
7.47616e-06
-9.80065e-06
7.69885e-06
-1.10065e-05
7.11109e-06
-1.18354e-05
5.92806e-06
-1.23493e-05
4.35777e-06
-1.26212e-05
2.54528e-06
-1.27418e-05
5.43302e-07
-1.26984e-05
-1.4804e-06
-1.24818e-05
-3.59722e-06
-1.20124e-05
-5.80305e-06
-1.11038e-05
-7.97354e-06
-9.46792e-06
-9.78966e-06
-6.80593e-06
-1.05493e-05
-3.21667e-06
-9.02111e-06
-2.61884e-07
-3.93539e-06
1.13464e-06
-1.08226e-06
2.29185e-06
-2.77277e-06
4.66329e-06
-4.65866e-06
6.64734e-06
-6.50915e-06
8.26112e-06
-8.10078e-06
9.06779e-06
-9.30246e-06
8.90053e-06
-1.01096e-05
7.91827e-06
-1.05872e-05
6.40563e-06
-1.08256e-05
4.5962e-06
-1.09252e-05
2.64482e-06
-1.10075e-05
6.25639e-07
-1.10603e-05
-1.42765e-06
-1.10989e-05
-3.5586e-06
-1.10938e-05
-5.80817e-06
-1.08906e-05
-8.1767e-06
-1.01618e-05
-1.05185e-05
-8.41348e-06
-1.22976e-05
-5.23115e-06
-1.22034e-05
-1.15658e-06
-8.00996e-06
-2.19322e-08
-1.10528e-06
3.39712e-06
-2.74589e-06
6.3039e-06
-4.43645e-06
8.33789e-06
-5.96576e-06
9.79043e-06
-7.17406e-06
1.02761e-05
-7.99857e-06
9.72504e-06
-8.47642e-06
8.39612e-06
-8.69444e-06
6.62365e-06
-8.75651e-06
4.65826e-06
-8.76034e-06
2.64866e-06
-8.7893e-06
6.54595e-07
-8.86243e-06
-1.35451e-06
-8.99944e-06
-3.42159e-06
-9.21136e-06
-5.59625e-06
-9.44067e-06
-7.94739e-06
-9.4549e-06
-1.05042e-05
-8.73458e-06
-1.30179e-05
-6.52321e-06
-1.44148e-05
-2.41777e-06
-1.21154e-05
-2.4397e-06
-9.30836e-07
4.32796e-06
-2.33622e-06
7.70928e-06
-3.71771e-06
9.71938e-06
-4.89195e-06
1.09647e-05
-5.75792e-06
1.11421e-05
-6.29825e-06
1.02654e-05
-6.56956e-06
8.66743e-06
-6.66281e-06
6.7169e-06
-6.67461e-06
4.67007e-06
-6.67883e-06
2.65287e-06
-6.71207e-06
6.8784e-07
-6.79176e-06
-1.27482e-06
-6.93909e-06
-3.27427e-06
-7.18445e-06
-5.35089e-06
-7.54429e-06
-7.58756e-06
-7.92627e-06
-1.01223e-05
-7.91917e-06
-1.3025e-05
-6.70534e-06
-1.56286e-05
-3.57819e-06
-1.52426e-05
-6.01789e-06
-6.21487e-07
4.94945e-06
-1.67944e-06
8.76724e-06
-2.70853e-06
1.07485e-05
-3.54398e-06
1.18001e-05
-4.13005e-06
1.17281e-05
-4.47644e-06
1.06118e-05
-4.64169e-06
8.83268e-06
-4.70431e-06
6.77952e-06
-4.73715e-06
4.70291e-06
-4.7845e-06
2.70022e-06
-4.85687e-06
7.60216e-07
-4.96099e-06
-1.1707e-06
-5.10695e-06
-3.1283e-06
-5.32355e-06
-5.13429e-06
-5.66571e-06
-7.2454e-06
-6.14599e-06
-9.64198e-06
-6.54439e-06
-1.26266e-05
-6.11892e-06
-1.60541e-05
-3.91726e-06
-1.74442e-05
-9.93516e-06
-2.30828e-07
5.18028e-06
-8.88624e-07
9.42504e-06
-1.55758e-06
1.14174e-05
-2.08474e-06
1.23273e-05
-2.44212e-06
1.20855e-05
-2.65374e-06
1.08234e-05
-2.76771e-06
8.94665e-06
-2.83743e-06
6.84924e-06
-2.90798e-06
4.77347e-06
-3.00175e-06
2.79398e-06
-3.12162e-06
8.80084e-07
-3.2674e-06
-1.02491e-06
-3.43947e-06
-2.95624e-06
-3.65032e-06
-4.92344e-06
-3.9512e-06
-6.94452e-06
-4.42394e-06
-9.16924e-06
-5.01426e-06
-1.20363e-05
-5.11822e-06
-1.59502e-05
-3.55473e-06
-1.90077e-05
-1.34899e-05
1.63458e-07
5.01682e-06
-6.88788e-08
9.65737e-06
-4.00428e-07
1.1749e-05
-6.50123e-07
1.2577e-05
-8.03661e-07
1.2239e-05
-8.9206e-07
1.09118e-05
-9.54825e-07
9.00941e-06
-1.02398e-06
6.9184e-06
-1.11629e-06
4.86577e-06
-1.23951e-06
2.91721e-06
-1.39604e-06
1.03662e-06
-1.58807e-06
-8.32891e-07
-1.81438e-06
-2.72992e-06
-2.0732e-06
-4.66463e-06
-2.39257e-06
-6.62515e-06
-2.86526e-06
-8.69655e-06
-3.55459e-06
-1.13469e-05
-4.02277e-06
-1.5482e-05
-3.02408e-06
-2.00064e-05
-1.6514e-05
4.99535e-07
4.51728e-06
6.97069e-07
9.45984e-06
7.40273e-07
1.17058e-05
7.76063e-07
1.25412e-05
8.21319e-07
1.21938e-05
8.50527e-07
1.08826e-05
8.43766e-07
9.01617e-06
7.92704e-07
6.96946e-06
6.98662e-07
4.95981e-06
5.63577e-07
3.05229e-06
3.82652e-07
1.21754e-06
1.49658e-07
-5.99897e-07
-1.37343e-07
-2.44292e-06
-4.85012e-07
-4.31696e-06
-8.98058e-07
-6.2121e-06
-1.42174e-06
-8.17287e-06
-2.20329e-06
-1.05654e-05
-2.95485e-06
-1.47304e-05
-2.46146e-06
-2.04998e-05
-1.89754e-05
7.54248e-07
3.76303e-06
1.35072e-06
8.86337e-06
1.74288e-06
1.13136e-05
2.072e-06
1.22121e-05
2.34499e-06
1.19208e-05
2.53132e-06
1.06963e-05
2.62251e-06
8.92499e-06
2.62928e-06
6.96269e-06
2.56602e-06
5.02307e-06
2.44009e-06
3.17822e-06
2.24457e-06
1.41306e-06
1.96547e-06
-3.20799e-07
1.60258e-06
-2.08003e-06
1.15087e-06
-3.86525e-06
6.05512e-07
-5.66674e-06
-8.58935e-08
-7.48147e-06
-9.59902e-07
-9.69138e-06
-1.92311e-06
-1.37672e-05
-1.9271e-06
-2.04958e-05
-2.09025e-05
8.68422e-07
2.89461e-06
1.80593e-06
7.92585e-06
2.5465e-06
1.05731e-05
3.18668e-06
1.15719e-05
3.73376e-06
1.13737e-05
4.14418e-06
1.02858e-05
4.40177e-06
8.6674e-06
4.52054e-06
6.84393e-06
4.52391e-06
5.0197e-06
4.4276e-06
3.27453e-06
4.22998e-06
1.61068e-06
3.90101e-06
8.17816e-09
3.45742e-06
-1.63644e-06
2.87539e-06
-3.28322e-06
2.15519e-06
-4.94653e-06
1.31452e-06
-6.6408e-06
2.61817e-07
-8.63868e-06
-9.63312e-07
-1.25421e-05
-1.42967e-06
-2.00294e-05
-2.23322e-05
8.04323e-07
2.09029e-06
1.94955e-06
6.78063e-06
2.99061e-06
9.532e-06
3.96288e-06
1.05996e-05
4.83908e-06
1.04975e-05
5.55298e-06
9.57194e-06
6.06519e-06
8.15518e-06
6.37874e-06
6.53038e-06
6.51497e-06
4.88347e-06
6.49265e-06
3.29685e-06
6.31098e-06
1.79235e-06
5.96572e-06
3.53436e-07
5.42694e-06
-1.09766e-06
4.69978e-06
-2.55607e-06
3.77626e-06
-4.02301e-06
2.68479e-06
-5.54933e-06
1.3838e-06
-7.33768e-06
-1.5821e-07
-1.10001e-05
-9.15926e-07
-1.92717e-05
-2.32481e-05
5.76079e-07
1.51421e-06
1.75547e-06
5.60124e-06
3.09204e-06
8.19543e-06
4.44161e-06
9.25003e-06
5.70677e-06
9.23236e-06
6.78885e-06
8.48987e-06
7.6223e-06
7.32173e-06
8.19449e-06
5.95819e-06
8.51818e-06
4.55978e-06
8.61077e-06
3.20426e-06
8.47931e-06
1.92381e-06
8.1215e-06
7.11243e-07
7.49371e-06
-4.69869e-07
6.61266e-06
-1.67502e-06
5.46542e-06
-2.87577e-06
4.09283e-06
-4.17674e-06
2.5655e-06
-5.81035e-06
9.5235e-07
-9.38691e-06
-1.4658e-07
-1.81728e-05
-2.33947e-05
1.51298e-07
1.36291e-06
1.03695e-06
4.71559e-06
2.51231e-06
6.72006e-06
4.23265e-06
7.52969e-06
5.95324e-06
7.51177e-06
7.48663e-06
6.95647e-06
8.73014e-06
6.07822e-06
9.65408e-06
5.03424e-06
1.02538e-05
3.96009e-06
1.05413e-05
2.91673e-06
1.05229e-05
1.94222e-06
1.02045e-05
1.02967e-06
9.54191e-06
1.92691e-07
8.55426e-06
-6.87366e-07
7.23338e-06
-1.5549e-06
5.63027e-06
-2.57363e-06
3.90444e-06
-4.08451e-06
2.23637e-06
-7.71884e-06
6.51464e-07
-1.65879e-05
-2.27432e-05
-5.16709e-07
1.87962e-06
1.99804e-07
3.99908e-06
1.75359e-06
5.16628e-06
3.81531e-06
5.46797e-06
5.96914e-06
5.35794e-06
7.92906e-06
4.99655e-06
9.55855e-06
4.44873e-06
1.08164e-05
3.77642e-06
1.16852e-05
3.0913e-06
1.21817e-05
2.42018e-06
1.23101e-05
1.81383e-06
1.20905e-05
1.24931e-06
1.15455e-05
7.37647e-07
1.06479e-05
2.10257e-07
9.40176e-06
-3.08781e-07
7.87827e-06
-1.05014e-06
6.26311e-06
-2.46935e-06
4.45435e-06
-5.91008e-06
2.05462e-06
-1.41882e-05
-2.06886e-05
-4.17876e-06
6.05839e-06
-3.64185e-06
3.46217e-06
-1.24805e-06
2.77247e-06
1.5488e-06
2.67112e-06
4.28669e-06
2.62005e-06
6.81966e-06
2.46358e-06
9.03493e-06
2.23347e-06
1.08726e-05
1.93877e-06
1.23146e-05
1.64928e-06
1.33882e-05
1.34659e-06
1.41106e-05
1.09145e-06
1.45263e-05
8.33533e-07
1.46237e-05
6.40286e-07
1.44124e-05
4.21525e-07
1.38854e-05
2.18207e-07
1.30581e-05
-2.22844e-07
1.19199e-05
-1.33106e-06
1.01112e-05
-4.10147e-06
5.63739e-06
-9.71431e-06
-1.50512e-05
6.05839e-06
9.52055e-06
1.2293e-05
1.49642e-05
1.75842e-05
2.00478e-05
2.22813e-05
2.422e-05
2.58693e-05
2.72159e-05
2.83073e-05
2.91409e-05
2.97812e-05
3.02027e-05
3.04209e-05
3.01981e-05
2.8867e-05
2.47655e-05
1.50512e-05
)
;

boundaryField
{
    movingWall
    {
        type            calculated;
        value           uniform 0;
    }
    fixedWalls
    {
        type            calculated;
        value           uniform 0;
    }
    frontAndBack
    {
        type            empty;
        value           nonuniform List<scalar> 0();
    }
}


// ************************************************************************* //
