/*--------------------------------*- C++ -*----------------------------------*\
| =========                 |                                                 |
| \\      /  F ield         | OpenFOAM: The Open Source CFD Toolbox           |
|  \\    /   O peration     | Version:  2212                                  |
|   \\  /    A nd           | Website:  www.openfoam.com                      |
|    \\/     M anipulation  |                                                 |
\*---------------------------------------------------------------------------*/
FoamFile
{
    version     2.0;
    format      ascii;
    arch        "LSB;label=32;scalar=64";
    class       volScalarField;
    location    "2.625";
    object      p;
}
// * * * * * * * * * * * * * * * * * * * * * * * * * * * * * * * * * * * * * //

dimensions      [0 2 -2 0 0 0 0];

internalField   nonuniform List<scalar> 
400
(
-6.89454e-09
-0.000143069
-0.000495972
-0.000992993
-0.00160621
-0.00230671
-0.00294791
-0.0033318
-0.00328955
-0.0026734
-0.00134659
0.000713384
0.00322618
0.00542605
0.00648887
0.00603126
0.00429827
0.00256858
0.0015614
0.00147515
0.000118229
-4.49144e-05
-0.000336338
-0.00070017
-0.00115273
-0.00174597
-0.00248565
-0.00323664
-0.00371037
-0.00355894
-0.00252373
-0.000609427
0.00178716
0.00399042
0.0051857
0.0049351
0.00347677
0.00184009
0.00107561
0.00113514
0.000496993
0.000255652
-5.60042e-05
-0.000502203
-0.00122126
-0.0023357
-0.00381557
-0.00541617
-0.0067108
-0.00720889
-0.00657692
-0.00487578
-0.00243408
0.000156008
0.00210565
0.00278741
0.00216677
0.00102128
0.000136335
0.000106056
0.00103222
0.00066027
0.000175815
-0.000685499
-0.00218352
-0.00442216
-0.00720296
-0.0100724
-0.0124664
-0.0138507
-0.0138955
-0.0126226
-0.010231
-0.00714116
-0.00401434
-0.00157108
-0.000286701
-0.000152487
-0.000741741
-0.00137339
0.00134582
0.000808503
-5.22413e-05
-0.00172079
-0.00446703
-0.00823977
-0.0125801
-0.0168152
-0.0203145
-0.022621
-0.0234763
-0.0227647
-0.0205867
-0.0172005
-0.0130159
-0.00861825
-0.00478392
-0.00231924
-0.00165903
-0.00341591
0.000997763
0.000254891
-0.00115893
-0.00388493
-0.00808583
-0.0134329
-0.0191555
-0.0244287
-0.0286475
-0.0314897
-0.032826
-0.032563
-0.0307611
-0.0275483
-0.023047
-0.0174624
-0.0113767
-0.00615277
-0.00379072
-0.00585555
-0.000298895
-0.00126095
-0.00329135
-0.00707609
-0.0125855
-0.0191615
-0.0257799
-0.0315682
-0.0360204
-0.0389654
-0.0404103
-0.0403804
-0.0389344
-0.0361297
-0.0319283
-0.0261968
-0.0190362
-0.0116499
-0.0071208
-0.00715568
-0.00254334
-0.00367638
-0.00624165
-0.010851
-0.0172772
-0.0245802
-0.0315892
-0.037472
-0.0418583
-0.0447035
-0.0461002
-0.0461512
-0.0449385
-0.0425045
-0.038786
-0.0335245
-0.0264341
-0.0180079
-0.0109404
-0.00742576
-0.00540077
-0.00661151
-0.00953097
-0.0146337
-0.0215371
-0.0291226
-0.0361709
-0.0419321
-0.0461531
-0.0488683
-0.0502073
-0.0502882
-0.049194
-0.0469828
-0.0436529
-0.0390167
-0.0326171
-0.0242591
-0.015566
-0.00926333
-0.00836388
-0.00954998
-0.0126204
-0.0178932
-0.0248995
-0.0324597
-0.0393746
-0.0449666
-0.0490511
-0.0516896
-0.053009
-0.0531076
-0.0520581
-0.0499365
-0.0468173
-0.0426619
-0.037103
-0.0295571
-0.0208745
-0.0132737
-0.0109595
-0.0120494
-0.0150757
-0.0202481
-0.0270745
-0.0344229
-0.0411529
-0.0466187
-0.0506439
-0.0532724
-0.054606
-0.0547187
-0.0536688
-0.0515413
-0.0484763
-0.0445824
-0.0397422
-0.0332485
-0.0255351
-0.0178258
-0.0129153
-0.0138258
-0.0166495
-0.021478
-0.0278912
-0.034896
-0.0414402
-0.0468636
-0.0509259
-0.0536178
-0.0549994
-0.0551233
-0.0540362
-0.0518297
-0.0486943
-0.0448604
-0.0405191
-0.0349159
-0.0283123
-0.0209376
-0.0141904
-0.0147897
-0.0171983
-0.021474
-0.0272891
-0.033852
-0.0402168
-0.0456754
-0.0498716
-0.0527021
-0.0541706
-0.0543055
-0.0531497
-0.0508112
-0.0475102
-0.0435442
-0.0394597
-0.0343447
-0.0286335
-0.0215016
-0.0148578
-0.0150359
-0.0167817
-0.0202384
-0.0252605
-0.0312867
-0.0374669
-0.0430201
-0.0474427
-0.0505004
-0.0521186
-0.0522931
-0.0510558
-0.0485328
-0.044989
-0.0408066
-0.0366005
-0.0315708
-0.0267999
-0.0192072
-0.0150279
-0.0147468
-0.0155821
-0.0179237
-0.0219373
-0.0273149
-0.0332869
-0.0389775
-0.0437112
-0.0470926
-0.0489416
-0.049201
-0.047908
-0.0451718
-0.0413198
-0.0367811
-0.0321983
-0.0270705
-0.0234405
-0.0138765
-0.01482
-0.0141489
-0.0137908
-0.0146973
-0.0175072
-0.0221386
-0.0278781
-0.0337358
-0.0388543
-0.0426583
-0.0448451
-0.0452871
-0.0440113
-0.0410948
-0.0369018
-0.0318771
-0.0267395
-0.0213323
-0.0181298
-0.00407236
-0.0143253
-0.013377
-0.0115552
-0.0108599
-0.012407
-0.0162912
-0.0218171
-0.0278675
-0.0334239
-0.0377364
-0.0403769
-0.0411226
-0.0399694
-0.0369703
-0.0324311
-0.0267294
-0.0205564
-0.013874
-0.00792086
0.0149893
-0.0144251
-0.012599
-0.00882343
-0.00653518
-0.00700659
-0.0103428
-0.0157697
-0.0220549
-0.0280863
-0.0329682
-0.0361728
-0.0373613
-0.0364782
-0.0335259
-0.0286659
-0.0219295
-0.013513
-0.00222975
0.0145785
0.0552402
-0.0118217
-0.0120147
-0.00630655
-0.0025687
-0.00239249
-0.00555248
-0.0110652
-0.0176292
-0.0241133
-0.0295231
-0.0333016
-0.0350241
-0.0345941
-0.0317532
-0.0263625
-0.0176182
-0.00429335
0.018369
0.0581273
0.127634
-0.0295314
-0.010997
-0.00142262
0.00205989
0.00158274
-0.00195046
-0.00773369
-0.0145969
-0.0214194
-0.0271855
-0.0313178
-0.0333727
-0.033216
-0.0304378
-0.024398
-0.0129238
0.00829101
0.0491402
0.120529
0.224043
)
;

boundaryField
{
    movingWall
    {
        type            zeroGradient;
    }
    fixedWalls
    {
        type            zeroGradient;
    }
    frontAndBack
    {
        type            empty;
    }
}


// ************************************************************************* //
