/*--------------------------------*- C++ -*----------------------------------*\
| =========                 |                                                 |
| \\      /  F ield         | OpenFOAM: The Open Source CFD Toolbox           |
|  \\    /   O peration     | Version:  2212                                  |
|   \\  /    A nd           | Website:  www.openfoam.com                      |
|    \\/     M anipulation  |                                                 |
\*---------------------------------------------------------------------------*/
FoamFile
{
    version     2.0;
    format      ascii;
    arch        "LSB;label=32;scalar=64";
    class       surfaceScalarField;
    location    "2.625";
    object      phi;
}
// * * * * * * * * * * * * * * * * * * * * * * * * * * * * * * * * * * * * * //

dimensions      [0 3 -1 0 0 0 0];

oriented        oriented;

internalField   nonuniform List<scalar> 
760
(
1.35914e-07
-1.35913e-07
2.51209e-07
-1.15295e-07
2.58655e-07
-7.44581e-09
1.35839e-07
1.22816e-07
-1.5204e-07
2.87878e-07
-6.62198e-07
5.10159e-07
-1.42462e-06
7.62417e-07
-2.36577e-06
9.41158e-07
-3.30401e-06
9.38239e-07
-4.0206e-06
7.16589e-07
-4.34955e-06
3.28951e-07
-4.19563e-06
-1.53919e-07
-3.4941e-06
-7.01529e-07
-2.35e-06
-1.1441e-06
-9.8076e-07
-1.36924e-06
2.56021e-07
-1.23678e-06
9.89242e-07
-7.33221e-07
9.6466e-07
2.45822e-08
4.3516e-07
5.295e-07
4.3516e-07
9.29325e-08
-2.28846e-07
1.96879e-08
-4.20511e-08
-3.38646e-07
3.50887e-07
-1.06997e-06
8.54139e-07
-2.22085e-06
1.43875e-06
-3.72773e-06
2.01705e-06
-5.37086e-06
2.40554e-06
-6.85864e-06
2.42893e-06
-7.96639e-06
2.046e-06
-8.57675e-06
1.32694e-06
-8.63896e-06
3.91165e-07
-8.12493e-06
-6.67945e-07
-7.06511e-06
-1.76135e-06
-5.4893e-06
-2.71992e-06
-3.53479e-06
-3.32375e-06
-1.49415e-06
-3.27742e-06
1.19678e-07
-2.34705e-06
7.97871e-07
-6.5361e-07
4.98095e-07
8.29275e-07
9.33255e-07
-1.457e-07
-8.31462e-08
-6.37803e-07
4.50052e-07
-1.56797e-06
1.28106e-06
-2.98106e-06
2.26722e-06
-4.77932e-06
3.23701e-06
-6.69934e-06
3.93706e-06
-8.4417e-06
4.1479e-06
-9.81914e-06
3.80638e-06
-1.07683e-05
2.99519e-06
-1.12764e-05
1.83504e-06
-1.1299e-05
4.13719e-07
-1.08723e-05
-1.09459e-06
-9.98523e-06
-2.64846e-06
-8.5851e-06
-4.12005e-06
-6.65109e-06
-5.25775e-06
-4.27173e-06
-5.65678e-06
-1.83213e-06
-4.78664e-06
-9.75769e-08
-2.38817e-06
2.85023e-07
4.46675e-07
1.21828e-06
-4.78542e-07
3.95396e-07
-1.47779e-06
1.4493e-06
-2.93546e-06
2.73873e-06
-4.78027e-06
4.11203e-06
-6.78645e-06
5.2432e-06
-8.6654e-06
5.81601e-06
-1.02101e-05
5.69257e-06
-1.13613e-05
4.95764e-06
-1.21397e-05
3.77353e-06
-1.25771e-05
2.27248e-06
-1.26625e-05
4.99093e-07
-1.24443e-05
-1.31272e-06
-1.18926e-05
-3.20022e-06
-1.09069e-05
-5.10572e-06
-9.35879e-06
-6.80589e-06
-7.1266e-06
-7.88897e-06
-4.25357e-06
-7.65967e-06
-1.33907e-06
-5.30267e-06
1.14669e-07
-1.00706e-06
1.33295e-06
-8.03338e-07
1.19873e-06
-2.20433e-06
2.85029e-06
-3.96154e-06
4.49594e-06
-5.90995e-06
6.06044e-06
-7.79102e-06
7.12427e-06
-9.38104e-06
7.40602e-06
-1.05877e-05
6.89921e-06
-1.14251e-05
5.79504e-06
-1.195e-05
4.29844e-06
-1.22331e-05
2.55564e-06
-1.23593e-05
6.25292e-07
-1.23286e-05
-1.34346e-06
-1.21289e-05
-3.39996e-06
-1.16802e-05
-5.55441e-06
-1.07983e-05
-7.6878e-06
-9.20037e-06
-9.48687e-06
-6.60179e-06
-1.02583e-05
-3.11302e-06
-8.79144e-06
-2.57245e-07
-3.86284e-06
1.0757e-06
-1.00322e-06
2.20196e-06
-2.59032e-06
4.43739e-06
-4.38175e-06
6.28736e-06
-6.1692e-06
7.8479e-06
-7.73504e-06
8.6901e-06
-8.93732e-06
8.60831e-06
-9.7551e-06
7.71699e-06
-1.02439e-05
6.28381e-06
-1.04899e-05
4.54449e-06
-1.05929e-05
2.65865e-06
-1.06729e-05
7.05313e-07
-1.07336e-05
-1.2828e-06
-1.07842e-05
-3.34933e-06
-1.07952e-05
-5.54343e-06
-1.06103e-05
-7.8727e-06
-9.9014e-06
-1.01958e-05
-8.18409e-06
-1.19756e-05
-5.0665e-06
-1.1909e-05
-1.11865e-06
-7.81069e-06
-4.29496e-08
-1.02192e-06
3.22387e-06
-2.56721e-06
5.98269e-06
-4.18507e-06
7.90521e-06
-5.67298e-06
9.33581e-06
-6.87102e-06
9.88815e-06
-7.70259e-06
9.43987e-06
-8.18997e-06
8.20437e-06
-8.41218e-06
6.50602e-06
-8.47062e-06
4.60293e-06
-8.46535e-06
2.65337e-06
-8.48497e-06
7.24931e-07
-8.55765e-06
-1.21011e-06
-8.70379e-06
-3.2032e-06
-8.9354e-06
-5.31182e-06
-9.19059e-06
-7.61751e-06
-9.22856e-06
-1.01578e-05
-8.52675e-06
-1.26774e-05
-6.34892e-06
-1.40869e-05
-2.33612e-06
-1.18235e-05
-2.37907e-06
-8.60599e-07
4.08447e-06
-2.18837e-06
7.31046e-06
-3.51668e-06
9.23352e-06
-4.66456e-06
1.04837e-05
-5.52629e-06
1.07499e-05
-6.0722e-06
9.98579e-06
-6.34736e-06
8.47952e-06
-6.43687e-06
6.59553e-06
-6.43698e-06
4.60305e-06
-6.42559e-06
2.64198e-06
-6.445e-06
7.44337e-07
-6.51619e-06
-1.13893e-06
-6.66485e-06
-3.05453e-06
-6.92616e-06
-5.05051e-06
-7.31675e-06
-7.22693e-06
-7.73512e-06
-9.73943e-06
-7.75546e-06
-1.2657e-05
-6.56047e-06
-1.52818e-05
-3.46293e-06
-1.4921e-05
-5.842e-06
-5.74135e-07
4.65861e-06
-1.57579e-06
8.31212e-06
-2.56827e-06
1.0226e-05
-3.38643e-06
1.13018e-05
-3.96956e-06
1.1333e-05
-4.3185e-06
1.03347e-05
-4.48409e-06
8.64511e-06
-4.54119e-06
6.65263e-06
-4.56326e-06
4.62512e-06
-4.59752e-06
2.67625e-06
-4.65651e-06
8.03319e-07
-4.7476e-06
-1.04783e-06
-4.88506e-06
-2.91708e-06
-5.10454e-06
-4.83102e-06
-5.46875e-06
-6.86272e-06
-5.98821e-06
-9.21997e-06
-6.42267e-06
-1.22226e-05
-6.01394e-06
-1.56906e-05
-3.83403e-06
-1.71009e-05
-9.67603e-06
-2.13049e-07
4.87166e-06
-8.36167e-07
8.93523e-06
-1.48225e-06
1.08721e-05
-1.99842e-06
1.1818e-05
-2.35281e-06
1.16874e-05
-2.56449e-06
1.05464e-05
-2.67812e-06
8.75874e-06
-2.74541e-06
6.71992e-06
-2.81121e-06
4.69092e-06
-2.89842e-06
2.76346e-06
-3.00878e-06
9.13675e-07
-3.14067e-06
-9.15936e-07
-3.2965e-06
-2.76125e-06
-3.4955e-06
-4.63202e-06
-3.80159e-06
-6.55663e-06
-4.30409e-06
-8.71748e-06
-4.93338e-06
-1.15933e-05
-5.05826e-06
-1.55657e-05
-3.51002e-06
-1.86492e-05
-1.31861e-05
1.50592e-07
4.72106e-06
-6.70957e-08
9.15292e-06
-3.86456e-07
1.11914e-05
-6.30529e-07
1.20621e-05
-7.82123e-07
1.1839e-05
-8.70227e-07
1.06345e-05
-9.33765e-07
8.82228e-06
-1.00483e-06
6.79098e-06
-1.09898e-06
4.78507e-06
-1.22207e-06
2.88655e-06
-1.37348e-06
1.06508e-06
-1.55334e-06
-7.3607e-07
-1.76031e-06
-2.55428e-06
-1.9979e-06
-4.39443e-06
-2.30474e-06
-6.24979e-06
-2.79008e-06
-8.23213e-06
-3.51117e-06
-1.08722e-05
-3.99854e-06
-1.50783e-05
-3.00556e-06
-1.96422e-05
-1.61916e-05
4.57092e-07
4.26397e-06
6.41825e-07
8.96819e-06
6.83437e-07
1.11498e-05
7.21226e-07
1.20243e-05
7.70587e-07
1.17896e-05
8.03111e-07
1.0602e-05
7.96106e-07
8.82929e-06
7.41253e-07
6.84583e-06
6.41687e-07
4.88464e-06
5.0344e-07
3.0248e-06
3.25244e-07
1.24327e-06
1.0285e-07
-5.13675e-07
-1.67717e-07
-2.28371e-06
-4.92288e-07
-4.06986e-06
-8.83263e-07
-5.85882e-06
-1.40211e-06
-7.71328e-06
-2.20201e-06
-1.00723e-05
-2.96646e-06
-1.43139e-05
-2.46782e-06
-2.01408e-05
-1.86594e-05
6.84584e-07
3.57939e-06
1.24277e-06
8.41e-06
1.61885e-06
1.07738e-05
1.94454e-06
1.16986e-05
2.22328e-06
1.15109e-05
2.41647e-06
1.04088e-05
2.50948e-06
8.73628e-06
2.5123e-06
6.84301e-06
2.44246e-06
4.95449e-06
2.31172e-06
3.15554e-06
2.11729e-06
1.4377e-06
1.8461e-06
-2.42486e-07
1.49805e-06
-1.93566e-06
1.06754e-06
-3.63935e-06
5.47509e-07
-5.33879e-06
-1.24665e-07
-7.04111e-06
-1.00411e-06
-9.19284e-06
-1.97285e-06
-1.33451e-05
-1.95082e-06
-2.01628e-05
-2.06103e-05
7.82339e-07
2.79705e-06
1.65416e-06
7.53818e-06
2.35953e-06
1.00684e-05
2.98604e-06
1.10721e-05
3.53382e-06
1.09631e-05
3.95092e-06
9.99169e-06
4.21317e-06
8.47402e-06
4.33174e-06
6.72444e-06
4.33178e-06
4.95445e-06
4.23218e-06
3.25514e-06
4.03374e-06
1.63613e-06
3.71573e-06
7.55285e-08
3.28247e-06
-1.50241e-06
2.71903e-06
-3.07591e-06
2.02458e-06
-4.64433e-06
1.21079e-06
-6.22732e-06
1.74855e-07
-8.15691e-06
-1.04176e-06
-1.21285e-05
-1.46715e-06
-1.97374e-05
-2.20774e-05
7.18482e-07
2.07857e-06
1.77145e-06
6.48522e-06
2.75547e-06
9.08437e-06
3.6981e-06
1.01295e-05
4.5639e-06
1.00973e-05
5.27912e-06
9.27648e-06
5.79573e-06
7.95742e-06
6.11149e-06
6.40867e-06
6.24747e-06
4.81847e-06
6.22472e-06
3.27789e-06
6.04612e-06
1.81474e-06
5.70353e-06
4.1812e-07
5.17635e-06
-9.75234e-07
4.46703e-06
-2.36659e-06
3.57069e-06
-3.74799e-06
2.51832e-06
-5.17495e-06
1.25677e-06
-6.89535e-06
-2.33498e-07
-1.06382e-05
-9.72017e-07
-1.89989e-05
-2.30494e-05
5.0838e-07
1.57019e-06
1.57743e-06
5.41617e-06
2.82859e-06
7.8332e-06
4.11765e-06
8.84041e-06
5.34855e-06
8.86642e-06
6.41675e-06
8.20827e-06
7.24769e-06
7.12648e-06
7.82107e-06
5.83529e-06
8.14653e-06
4.49301e-06
8.24176e-06
3.18266e-06
8.11447e-06
1.94203e-06
7.76451e-06
7.68078e-07
7.15002e-06
-3.60739e-07
6.29074e-06
-1.50731e-06
5.17739e-06
-2.63464e-06
3.85858e-06
-3.85613e-06
2.38759e-06
-5.42436e-06
8.12034e-07
-9.06268e-06
-2.13597e-07
-1.79733e-05
-2.3263e-05
1.10632e-07
1.45955e-06
8.8567e-07
4.64113e-06
2.25511e-06
6.46376e-06
3.8842e-06
7.21132e-06
5.54001e-06
7.21061e-06
7.03565e-06
6.71263e-06
8.25983e-06
5.90231e-06
9.17474e-06
4.92038e-06
9.77019e-06
3.89756e-06
1.00575e-05
2.8953e-06
1.0041e-05
1.95857e-06
9.72836e-06
1.08072e-06
9.08987e-06
2.77759e-07
8.12774e-06
-5.45185e-07
6.85467e-06
-1.36158e-06
5.32265e-06
-2.32411e-06
3.6877e-06
-3.78941e-06
2.10184e-06
-7.47683e-06
5.98393e-07
-1.64698e-05
-2.26646e-05
-4.91216e-07
1.95077e-06
1.2883e-07
4.02109e-06
1.54051e-06
5.05208e-06
3.46373e-06
5.28809e-06
5.50775e-06
5.16659e-06
7.39309e-06
4.82729e-06
8.97555e-06
4.31984e-06
1.02066e-05
3.68934e-06
1.10611e-05
3.04301e-06
1.15544e-05
2.40202e-06
1.16895e-05
1.82347e-06
1.14884e-05
1.28187e-06
1.09654e-05
8.00763e-07
1.0113e-05
3.07171e-07
8.94237e-06
-1.90937e-07
7.51346e-06
-8.95194e-07
6.01776e-06
-2.29371e-06
4.31779e-06
-5.77686e-06
1.99716e-06
-1.41492e-05
-2.06675e-05
-4.15369e-06
6.10446e-06
-3.6483e-06
3.51569e-06
-1.35765e-06
2.76144e-06
1.31072e-06
2.61972e-06
3.9289e-06
2.54841e-06
6.36539e-06
2.3908e-06
8.5128e-06
2.17243e-06
1.03089e-05
1.89327e-06
1.17309e-05
1.62097e-06
1.28007e-05
1.33224e-06
1.35326e-05
1.09157e-06
1.39692e-05
8.45217e-07
1.41039e-05
6.6614e-07
1.3955e-05
4.56056e-07
1.35001e-05
2.63916e-07
1.27545e-05
-1.49554e-07
1.17301e-05
-1.26934e-06
1.00271e-05
-4.07389e-06
5.6026e-06
-9.72467e-06
-1.50649e-05
6.10446e-06
9.62016e-06
1.23816e-05
1.50013e-05
1.75497e-05
1.99405e-05
2.2113e-05
2.40062e-05
2.56272e-05
2.69594e-05
2.8051e-05
2.88962e-05
2.95624e-05
3.00184e-05
3.02823e-05
3.01328e-05
2.88634e-05
2.47895e-05
1.50649e-05
)
;

boundaryField
{
    movingWall
    {
        type            calculated;
        value           uniform 0;
    }
    fixedWalls
    {
        type            calculated;
        value           uniform 0;
    }
    frontAndBack
    {
        type            empty;
        value           nonuniform List<scalar> 0();
    }
}


// ************************************************************************* //
