/*--------------------------------*- C++ -*----------------------------------*\
| =========                 |                                                 |
| \\      /  F ield         | OpenFOAM: The Open Source CFD Toolbox           |
|  \\    /   O peration     | Version:  2212                                  |
|   \\  /    A nd           | Website:  www.openfoam.com                      |
|    \\/     M anipulation  |                                                 |
\*---------------------------------------------------------------------------*/
FoamFile
{
    version     2.0;
    format      ascii;
    arch        "LSB;label=32;scalar=64";
    class       volVectorField;
    location    "2.675";
    object      U;
}
// * * * * * * * * * * * * * * * * * * * * * * * * * * * * * * * * * * * * * //

dimensions      [0 1 -1 0 0 0 0];

internalField   nonuniform List<vector> 
400
(
(0.00149174 -0.00152367 0)
(0.00424048 -0.00169223 0)
(0.00568021 -0.00109109 0)
(0.00470357 -0.000500131 0)
(0.00075892 0.000248586 0)
(-0.00717695 0.00170696 0)
(-0.0200924 0.00444528 0)
(-0.0378161 0.0080143 0)
(-0.0578651 0.0104696 0)
(-0.0754601 0.00995731 0)
(-0.0860707 0.00659133 0)
(-0.08721 0.00178422 0)
(-0.0779308 -0.00325909 0)
(-0.0588962 -0.0077768 0)
(-0.0336793 -0.0103271 0)
(-0.00653876 -0.0094192 0)
(0.0148376 -0.00480004 0)
(0.022695 0.00244879 0)
(0.0152718 0.00605692 0)
(0.00414013 0.00446945 0)
(0.00139605 -0.00438046 0)
(0.00229741 -0.00332583 0)
(-0.00145726 0.000827223 0)
(-0.0118596 0.00620805 0)
(-0.0306682 0.0132391 0)
(-0.0584203 0.0221933 0)
(-0.0920712 0.0309052 0)
(-0.125249 0.03506 0)
(-0.152073 0.0321605 0)
(-0.169143 0.0229006 0)
(-0.174924 0.0094201 0)
(-0.169306 -0.00599795 0)
(-0.15285 -0.0216086 0)
(-0.126181 -0.0350192 0)
(-0.0915051 -0.0426567 0)
(-0.0515178 -0.0403634 0)
(-0.0119831 -0.0258318 0)
(0.0154616 -0.00193908 0)
(0.0168825 0.0151161 0)
(0.005345 0.0140709 0)
(-0.000497078 -0.0045703 0)
(-0.00575748 0.00172729 0)
(-0.0193964 0.0138924 0)
(-0.0427471 0.0293712 0)
(-0.0762738 0.0463268 0)
(-0.115903 0.0606086 0)
(-0.154556 0.067133 0)
(-0.186714 0.0635311 0)
(-0.210039 0.0508402 0)
(-0.22382 0.031371 0)
(-0.227981 0.00739433 0)
(-0.223083 -0.0190826 0)
(-0.209427 -0.0459581 0)
(-0.186544 -0.0697422 0)
(-0.154159 -0.0854449 0)
(-0.112286 -0.0862056 0)
(-0.0627887 -0.0653666 0)
(-0.0138489 -0.023113 0)
(0.00902541 0.01636 0)
(0.00413616 0.0224652 0)
(-0.00337567 0.00167185 0)
(-0.0167604 0.0173961 0)
(-0.0413102 0.0393541 0)
(-0.0752586 0.0640573 0)
(-0.116212 0.0860039 0)
(-0.157524 0.0988443 0)
(-0.192861 0.0989031 0)
(-0.219897 0.0869848 0)
(-0.238721 0.0660164 0)
(-0.249858 0.0386397 0)
(-0.254081 0.00673118 0)
(-0.252167 -0.0283859 0)
(-0.244077 -0.0646032 0)
(-0.228777 -0.0990323 0)
(-0.20432 -0.126387 0)
(-0.168069 -0.138072 0)
(-0.117663 -0.122212 0)
(-0.0551634 -0.0696889 0)
(-0.00116376 0.00215715 0)
(0.00471188 0.0269642 0)
(-0.00625585 0.0152267 0)
(-0.0269377 0.0426252 0)
(-0.0594248 0.0728232 0)
(-0.0983245 0.102785 0)
(-0.139401 0.124686 0)
(-0.175925 0.13251 0)
(-0.204088 0.125233 0)
(-0.223911 0.10598 0)
(-0.236584 0.0785138 0)
(-0.243729 0.0456064 0)
(-0.247033 0.00883121 0)
(-0.24747 -0.0310328 0)
(-0.24489 -0.0729009 0)
(-0.238639 -0.115468 0)
(-0.225997 -0.154911 0)
(-0.202382 -0.18295 0)
(-0.161943 -0.184556 0)
(-0.100245 -0.139367 0)
(-0.0216147 -0.0388787 0)
(0.00709504 0.0258229 0)
(-0.00790301 0.0339023 0)
(-0.032778 0.0731784 0)
(-0.0684467 0.108714 0)
(-0.106692 0.14006 0)
(-0.142885 0.158671 0)
(-0.171547 0.159963 0)
(-0.191183 0.145403 0)
(-0.203077 0.119722 0)
(-0.209127 0.087259 0)
(-0.211754 0.0510327 0)
(-0.213031 0.0125646 0)
(-0.214058 -0.0277606 0)
(-0.2151 -0.0704246 0)
(-0.216169 -0.115905 0)
(-0.215081 -0.163073 0)
(-0.206707 -0.206515 0)
(-0.183037 -0.232131 0)
(-0.135687 -0.213006 0)
(-0.0605389 -0.115964 0)
(0.00543657 0.0133828 0)
(-0.00766886 0.0544417 0)
(-0.0328645 0.104637 0)
(-0.0672523 0.142651 0)
(-0.101025 0.172494 0)
(-0.130103 0.186046 0)
(-0.150586 0.180365 0)
(-0.16264 0.158957 0)
(-0.16821 0.127736 0)
(-0.169631 0.0915421 0)
(-0.169446 0.0534995 0)
(-0.169342 0.0149386 0)
(-0.170107 -0.0241108 0)
(-0.172346 -0.0648503 0)
(-0.176621 -0.108778 0)
(-0.18223 -0.157162 0)
(-0.185403 -0.208888 0)
(-0.178128 -0.254825 0)
(-0.15046 -0.268707 0)
(-0.0962372 -0.200879 0)
(-0.00854417 -0.0147894 0)
(-0.00566585 0.0735375 0)
(-0.0276895 0.133516 0)
(-0.0575341 0.172124 0)
(-0.0849487 0.198887 0)
(-0.106701 0.20679 0)
(-0.120372 0.194418 0)
(-0.127106 0.166961 0)
(-0.129109 0.131268 0)
(-0.128805 0.0924993 0)
(-0.128269 0.0535651 0)
(-0.128342 0.0153224 0)
(-0.12926 -0.0226082 0)
(-0.131536 -0.0613639 0)
(-0.135963 -0.10242 0)
(-0.143176 -0.148044 0)
(-0.151745 -0.200786 0)
(-0.155426 -0.258496 0)
(-0.14376 -0.301128 0)
(-0.109616 -0.271013 0)
(-0.0297669 -0.073165 0)
(-0.0025148 0.0883421 0)
(-0.0189505 0.15723 0)
(-0.0422921 0.195549 0)
(-0.0627573 0.218616 0)
(-0.0779194 0.221233 0)
(-0.0865179 0.203336 0)
(-0.0901144 0.171303 0)
(-0.0908052 0.132592 0)
(-0.090703 0.0924676 0)
(-0.0911244 0.0534301 0)
(-0.0921863 0.0157126 0)
(-0.093772 -0.021499 0)
(-0.0960868 -0.0590958 0)
(-0.0997482 -0.0979564 0)
(-0.106038 -0.140057 0)
(-0.115734 -0.189779 0)
(-0.125413 -0.251614 0)
(-0.12443 -0.315982 0)
(-0.105571 -0.327522 0)
(-0.0364323 -0.158263 0)
(0.00111817 0.096752 0)
(-0.00827025 0.174091 0)
(-0.0240182 0.212434 0)
(-0.0375567 0.232404 0)
(-0.0469998 0.231014 0)
(-0.0519331 0.209195 0)
(-0.0538457 0.174119 0)
(-0.0543846 0.133664 0)
(-0.0550997 0.0930759 0)
(-0.0566436 0.0543482 0)
(-0.058772 0.0171278 0)
(-0.061267 -0.0196934 0)
(-0.0641199 -0.0568304 0)
(-0.0676112 -0.0945885 0)
(-0.0728514 -0.133968 0)
(-0.0816275 -0.179244 0)
(-0.0939183 -0.239286 0)
(-0.0995102 -0.316509 0)
(-0.094102 -0.364874 0)
(-0.0305693 -0.236422 0)
(0.00466561 0.0977697 0)
(0.00276772 0.183106 0)
(-0.00506269 0.222487 0)
(-0.0119351 0.24018 0)
(-0.0163176 0.236066 0)
(-0.0182322 0.21206 0)
(-0.0189005 0.175681 0)
(-0.0193782 0.134826 0)
(-0.0206159 0.0945112 0)
(-0.0228345 0.0563477 0)
(-0.0256788 0.0196775 0)
(-0.0290006 -0.0166968 0)
(-0.0327881 -0.053485 0)
(-0.0370668 -0.0907356 0)
(-0.0425191 -0.128553 0)
(-0.0506713 -0.169966 0)
(-0.0644674 -0.22572 0)
(-0.0739199 -0.309738 0)
(-0.0807617 -0.389102 0)
(-0.0228449 -0.300433 0)
(0.00762176 0.0917761 0)
(0.0131362 0.183994 0)
(0.013118 0.225866 0)
(0.012735 0.242854 0)
(0.013311 0.237742 0)
(0.0144924 0.213251 0)
(0.0153395 0.176925 0)
(0.0153465 0.136482 0)
(0.0141376 0.0967109 0)
(0.0117684 0.0591302 0)
(0.00857771 0.0231026 0)
(0.00459626 -0.0125469 0)
(-0.000278561 -0.0486059 0)
(-0.00598247 -0.0851421 0)
(-0.0129578 -0.1218 0)
(-0.0216564 -0.16007 0)
(-0.0374674 -0.210275 0)
(-0.0493311 -0.295903 0)
(-0.0680946 -0.401105 0)
(-0.0146014 -0.35333 0)
(0.00918007 0.0799344 0)
(0.0214683 0.176834 0)
(0.028847 0.222109 0)
(0.0345771 0.239412 0)
(0.0401139 0.234482 0)
(0.045034 0.210945 0)
(0.048435 0.176007 0)
(0.0500089 0.13697 0)
(0.0497331 0.0984008 0)
(0.0478559 0.0618599 0)
(0.0446919 0.0269111 0)
(0.0402041 -0.00753456 0)
(0.0342298 -0.0422779 0)
(0.0268017 -0.0774918 0)
(0.0172287 -0.112728 0)
(0.00638192 -0.148492 0)
(-0.012693 -0.193745 0)
(-0.0256595 -0.27769 0)
(-0.0565245 -0.403837 0)
(-0.00642625 -0.395553 0)
(0.00867321 0.0643725 0)
(0.0263834 0.162107 0)
(0.0409747 0.211572 0)
(0.0530405 0.230819 0)
(0.0640456 0.227564 0)
(0.073611 0.206366 0)
(0.0807608 0.173959 0)
(0.0851066 0.137087 0)
(0.0867312 0.100165 0)
(0.0859813 0.0649491 0)
(0.0832143 0.0313877 0)
(0.0783264 -0.00144331 0)
(0.0711164 -0.0341424 0)
(0.0617644 -0.0671914 0)
(0.0491154 -0.10028 0)
(0.0347599 -0.133423 0)
(0.0109835 -0.173852 0)
(-0.00208706 -0.254636 0)
(-0.0459089 -0.400048 0)
(0.00232267 -0.430679 0)
(0.00604195 0.048423 0)
(0.0263724 0.142047 0)
(0.0468482 0.193909 0)
(0.0649408 0.214505 0)
(0.0819153 0.21303 0)
(0.097328 0.194919 0)
(0.109831 0.166251 0)
(0.118651 0.132922 0)
(0.123682 0.0990051 0)
(0.125205 0.0663519 0)
(0.123518 0.0353023 0)
(0.118722 0.00517203 0)
(0.110322 -0.0243964 0)
(0.0989105 -0.0540985 0)
(0.0824814 -0.083898 0)
(0.0639249 -0.114448 0)
(0.0348027 -0.151106 0)
(0.0212653 -0.228981 0)
(-0.0358724 -0.39298 0)
(0.01282 -0.459948 0)
(0.00202867 0.0352309 0)
(0.0209274 0.119204 0)
(0.0462545 0.171841 0)
(0.0706786 0.193894 0)
(0.094442 0.194436 0)
(0.116703 0.179723 0)
(0.135752 0.155434 0)
(0.150297 0.126536 0)
(0.159873 0.0966161 0)
(0.164674 0.0674823 0)
(0.164686 0.0398064 0)
(0.160581 0.0132762 0)
(0.151077 -0.0123986 0)
(0.137698 -0.0378061 0)
(0.117153 -0.0632286 0)
(0.0943715 -0.0902799 0)
(0.0597145 -0.124174 0)
(0.0440359 -0.200539 0)
(-0.0245161 -0.382712 0)
(0.0275968 -0.482422 0)
(-0.00322587 0.0304146 0)
(0.00801858 0.099125 0)
(0.0326586 0.142421 0)
(0.0627534 0.161801 0)
(0.0942774 0.16343 0)
(0.124914 0.15245 0)
(0.152119 0.133547 0)
(0.174111 0.110573 0)
(0.189831 0.0865147 0)
(0.199517 0.0629363 0)
(0.202465 0.0406753 0)
(0.200214 0.0196405 0)
(0.190387 -0.000376104 0)
(0.176187 -0.019918 0)
(0.1523 -0.0393657 0)
(0.126724 -0.0619304 0)
(0.0869016 -0.0948645 0)
(0.0666519 -0.174203 0)
(-0.00626515 -0.367177 0)
(0.0512118 -0.489884 0)
(-0.012673 0.0203748 0)
(-0.0076847 0.0879951 0)
(0.015963 0.120816 0)
(0.0507272 0.132176 0)
(0.0896746 0.131438 0)
(0.12821 0.122861 0)
(0.163082 0.109199 0)
(0.191904 0.0924731 0)
(0.213239 0.0750019 0)
(0.227906 0.0577366 0)
(0.234002 0.0417397 0)
(0.234987 0.0268332 0)
(0.226323 0.0133762 0)
(0.21504 0.000345589 0)
(0.191374 -0.0127607 0)
(0.169005 -0.0310221 0)
(0.126829 -0.0632879 0)
(0.104063 -0.142974 0)
(0.0356681 -0.325487 0)
(0.0916754 -0.455426 0)
(-0.105186 0.0837311 0)
(-0.0773597 0.0696777 0)
(-0.0496276 0.0717493 0)
(0.000533064 0.0750686 0)
(0.051671 0.0749741 0)
(0.102232 0.0709007 0)
(0.147703 0.0640959 0)
(0.188705 0.0553105 0)
(0.220098 0.0462928 0)
(0.247752 0.0372154 0)
(0.26359 0.0291446 0)
(0.278921 0.021644 0)
(0.280058 0.0154207 0)
(0.284938 0.00943309 0)
(0.270234 0.00298049 0)
(0.264454 -0.00803004 0)
(0.226858 -0.0336033 0)
(0.215245 -0.0943485 0)
(0.149377 -0.229601 0)
(0.170511 -0.341504 0)
(0.130509 0.104248 0)
(0.159488 0.0763732 0)
(0.213897 0.0543949 0)
(0.272084 0.0424525 0)
(0.323666 0.0363742 0)
(0.37467 0.0321469 0)
(0.41788 0.0290003 0)
(0.461938 0.0256328 0)
(0.49419 0.0229981 0)
(0.528872 0.0198547 0)
(0.548156 0.017774 0)
(0.574046 0.0148917 0)
(0.580596 0.013536 0)
(0.599524 0.0107708 0)
(0.591837 0.00988333 0)
(0.601315 0.00547314 0)
(0.566612 0.000539 0)
(0.547632 -0.0179751 0)
(0.436527 -0.0502841 0)
(0.337249 -0.101384 0)
)
;

boundaryField
{
    movingWall
    {
        type            fixedValue;
        value           uniform (1 0 0);
    }
    fixedWalls
    {
        type            noSlip;
    }
    frontAndBack
    {
        type            empty;
    }
}


// ************************************************************************* //
