/*--------------------------------*- C++ -*----------------------------------*\
| =========                 |                                                 |
| \\      /  F ield         | OpenFOAM: The Open Source CFD Toolbox           |
|  \\    /   O peration     | Version:  2212                                  |
|   \\  /    A nd           | Website:  www.openfoam.com                      |
|    \\/     M anipulation  |                                                 |
\*---------------------------------------------------------------------------*/
FoamFile
{
    version     2.0;
    format      ascii;
    arch        "LSB;label=32;scalar=64";
    class       volVectorField;
    location    "2.045";
    object      U;
}
// * * * * * * * * * * * * * * * * * * * * * * * * * * * * * * * * * * * * * //

dimensions      [0 1 -1 0 0 0 0];

internalField   nonuniform List<vector> 
400
(
(0.00112423 -0.00119434 0)
(0.00303663 -0.00125274 0)
(0.00380006 -0.000835702 0)
(0.00268758 -0.000341291 0)
(-0.000918149 0.000347068 0)
(-0.00793003 0.0016142 0)
(-0.0192044 0.00382265 0)
(-0.034706 0.00672107 0)
(-0.05252 0.00894015 0)
(-0.0686887 0.00883735 0)
(-0.0789855 0.00610054 0)
(-0.080712 0.00179691 0)
(-0.0727427 -0.00284464 0)
(-0.0554513 -0.00708492 0)
(-0.0321973 -0.00950035 0)
(-0.00700936 -0.00869896 0)
(0.0128873 -0.00453972 0)
(0.0203722 0.00210799 0)
(0.01393 0.00547737 0)
(0.00384941 0.0040826 0)
(0.000807185 -0.00304481 0)
(0.000633894 -0.00186711 0)
(-0.00348048 0.00137857 0)
(-0.0128544 0.0057503 0)
(-0.0291737 0.0116289 0)
(-0.0531857 0.0191862 0)
(-0.0829756 0.0268725 0)
(-0.113522 0.0312752 0)
(-0.139246 0.0296547 0)
(-0.156376 0.0219121 0)
(-0.162995 0.00974958 0)
(-0.158632 -0.00462733 0)
(-0.14378 -0.0193516 0)
(-0.118921 -0.0321446 0)
(-0.0862644 -0.0395092 0)
(-0.0485315 -0.0375466 0)
(-0.0113702 -0.0242324 0)
(0.0141209 -0.00225372 0)
(0.0156183 0.0137343 0)
(0.00504889 0.0129732 0)
(-0.000901399 -0.00226987 0)
(-0.00634091 0.00355273 0)
(-0.0188229 0.013184 0)
(-0.0391857 0.0257677 0)
(-0.0683182 0.0403034 0)
(-0.103752 0.0535528 0)
(-0.139852 0.0608988 0)
(-0.171188 0.0593368 0)
(-0.194795 0.0489263 0)
(-0.209467 0.031482 0)
(-0.214784 0.00918378 0)
(-0.211044 -0.0158674 0)
(-0.198521 -0.0415284 0)
(-0.176843 -0.0643913 0)
(-0.145823 -0.0796237 0)
(-0.105664 -0.080696 0)
(-0.0585563 -0.0614362 0)
(-0.0126064 -0.0222297 0)
(0.00866616 0.014773 0)
(0.00407 0.0209304 0)
(-0.00316854 0.00386408 0)
(-0.0152341 0.0176854 0)
(-0.036901 0.0353015 0)
(-0.0666045 0.0561069 0)
(-0.103231 0.0761898 0)
(-0.141913 0.0897291 0)
(-0.176771 0.0923459 0)
(-0.204601 0.0834422 0)
(-0.224777 0.0651409 0)
(-0.237401 0.0398925 0)
(-0.242904 0.00966895 0)
(-0.241938 -0.024014 0)
(-0.234554 -0.0590408 0)
(-0.219795 -0.0923749 0)
(-0.195876 -0.118871 0)
(-0.160361 -0.130237 0)
(-0.111393 -0.115336 0)
(-0.0514461 -0.0657918 0)
(-0.000887121 0.00141769 0)
(0.00458383 0.0253492 0)
(-0.00546332 0.015847 0)
(-0.0234784 0.0397458 0)
(-0.0519761 0.0647245 0)
(-0.0866578 0.0911543 0)
(-0.124794 0.112734 0)
(-0.160768 0.123034 0)
(-0.190183 0.119481 0)
(-0.211976 0.103724 0)
(-0.22676 0.0789872 0)
(-0.235687 0.0479969 0)
(-0.240212 0.0125262 0)
(-0.241345 -0.0264281 0)
(-0.239124 -0.0675757 0)
(-0.232778 -0.109255 0)
(-0.219865 -0.147647 0)
(-0.195992 -0.17466 0)
(-0.15576 -0.175931 0)
(-0.095275 -0.132242 0)
(-0.0198609 -0.0366583 0)
(0.0067573 0.0245533 0)
(-0.0067725 0.0318816 0)
(-0.0282926 0.0665669 0)
(-0.0597844 0.0970021 0)
(-0.0946716 0.125978 0)
(-0.129542 0.146004 0)
(-0.159218 0.151267 0)
(-0.181058 0.141215 0)
(-0.195406 0.119229 0)
(-0.203677 0.0893243 0)
(-0.207912 0.0545932 0)
(-0.210195 0.0168531 0)
(-0.211757 -0.0232289 0)
(-0.212949 -0.0657129 0)
(-0.213686 -0.110787 0)
(-0.211992 -0.157182 0)
(-0.202861 -0.19949 0)
(-0.178564 -0.223894 0)
(-0.131063 -0.204361 0)
(-0.0568097 -0.109577 0)
(0.00522391 0.0129846 0)
(-0.00656856 0.0494963 0)
(-0.0284094 0.0945002 0)
(-0.0590298 0.128177 0)
(-0.0904791 0.157083 0)
(-0.119421 0.173632 0)
(-0.141641 0.173073 0)
(-0.156032 0.156667 0)
(-0.163823 0.129149 0)
(-0.166965 0.0952281 0)
(-0.167832 0.0582753 0)
(-0.168321 0.0200246 0)
(-0.169398 -0.0191423 0)
(-0.171657 -0.0600118 0)
(-0.175726 -0.103934 0)
(-0.180943 -0.152005 0)
(-0.183583 -0.203035 0)
(-0.175684 -0.247871 0)
(-0.147402 -0.260584 0)
(-0.0926831 -0.193076 0)
(-0.00754104 -0.0138658 0)
(-0.0048973 0.0659309 0)
(-0.0240803 0.120417 0)
(-0.0508357 0.155671 0)
(-0.0767545 0.182807 0)
(-0.0989594 0.194991 0)
(-0.114368 0.188594 0)
(-0.123006 0.166422 0)
(-0.126589 0.13431 0)
(-0.127294 0.0974837 0)
(-0.127287 0.0592904 0)
(-0.127708 0.0210662 0)
(-0.128838 -0.0171852 0)
(-0.131085 -0.0562519 0)
(-0.135372 -0.0974416 0)
(-0.142382 -0.142895 0)
(-0.150749 -0.195199 0)
(-0.154185 -0.252164 0)
(-0.142209 -0.293685 0)
(-0.107559 -0.263038 0)
(-0.0282317 -0.0690831 0)
(-0.00223439 0.0787018 0)
(-0.0165936 0.141807 0)
(-0.0375937 0.177719 0)
(-0.0571099 0.202243 0)
(-0.0728328 0.210089 0)
(-0.0827505 0.1987 0)
(-0.0875904 0.172034 0)
(-0.0891725 0.136698 0)
(-0.0895252 0.0982022 0)
(-0.0902245 0.0596294 0)
(-0.0915921 0.0217263 0)
(-0.0933879 -0.0159711 0)
(-0.0957009 -0.0540714 0)
(-0.0992365 -0.093163 0)
(-0.105378 -0.135045 0)
(-0.115033 -0.184263 0)
(-0.124738 -0.245516 0)
(-0.123775 -0.309007 0)
(-0.10446 -0.319425 0)
(-0.0358147 -0.151597 0)
(0.000837179 0.0860146 0)
(-0.00736133 0.1571 0)
(-0.0215228 0.193699 0)
(-0.0344504 0.215804 0)
(-0.0442766 0.220168 0)
(-0.0499176 0.205133 0)
(-0.0523758 0.175451 0)
(-0.0532104 0.138251 0)
(-0.0539958 0.099156 0)
(-0.0556704 0.0608358 0)
(-0.0580726 0.0234007 0)
(-0.0607754 -0.0140043 0)
(-0.0636712 -0.051833 0)
(-0.0670534 -0.0899648 0)
(-0.0721506 -0.129078 0)
(-0.0809619 -0.173612 0)
(-0.0934995 -0.233032 0)
(-0.0994784 -0.309778 0)
(-0.0936636 -0.357331 0)
(-0.0305418 -0.229699 0)
(0.00378861 0.0869736 0)
(0.0021875 0.16524 0)
(-0.00477108 0.203151 0)
(-0.011248 0.223358 0)
(-0.0157146 0.225246 0)
(-0.0177183 0.20811 0)
(-0.0183095 0.177102 0)
(-0.0186059 0.139476 0)
(-0.0196071 0.100693 0)
(-0.0217598 0.063033 0)
(-0.0247331 0.0262236 0)
(-0.0281756 -0.0107657 0)
(-0.0320373 -0.0483762 0)
(-0.0363186 -0.0861726 0)
(-0.0417143 -0.123773 0)
(-0.0499509 -0.164216 0)
(-0.0640861 -0.219054 0)
(-0.0741878 -0.30272 0)
(-0.0806329 -0.381476 0)
(-0.0229426 -0.293491 0)
(0.00614289 0.0819909 0)
(0.0110596 0.166082 0)
(0.0112442 0.206313 0)
(0.0110098 0.225788 0)
(0.0117119 0.22655 0)
(0.0133022 0.208799 0)
(0.0147656 0.177809 0)
(0.0154064 0.140694 0)
(0.0147638 0.10267 0)
(0.012759 0.0658172 0)
(0.00972864 0.0298258 0)
(0.00581508 -0.00634278 0)
(0.000898364 -0.0432066 0)
(-0.00494099 -0.0803258 0)
(-0.0120415 -0.116853 0)
(-0.0209621 -0.154086 0)
(-0.0372058 -0.203181 0)
(-0.0499485 -0.288705 0)
(-0.0682767 -0.393748 0)
(-0.0148277 -0.346508 0)
(0.0072841 0.0721998 0)
(0.0179947 0.159791 0)
(0.0249215 0.202724 0)
(0.0305373 0.22213 0)
(0.0362724 0.222704 0)
(0.0418773 0.205669 0)
(0.046252 0.176053 0)
(0.0488188 0.140484 0)
(0.0494194 0.103875 0)
(0.0482123 0.068276 0)
(0.0455375 0.0335452 0)
(0.0413354 -0.00129194 0)
(0.0354751 -0.0366529 0)
(0.0278939 -0.0723403 0)
(0.0180489 -0.107446 0)
(0.00684979 -0.142109 0)
(-0.0126844 -0.186037 0)
(-0.0266054 -0.269989 0)
(-0.0569505 -0.396435 0)
(-0.00671761 -0.388909 0)
(0.00680477 0.0594811 0)
(0.0218416 0.14705 0)
(0.0351494 0.193092 0)
(0.0466499 0.213582 0)
(0.0576557 0.215041 0)
(0.0678933 0.199822 0)
(0.0761453 0.172603 0)
(0.0817087 0.139338 0)
(0.084472 0.104614 0)
(0.0846772 0.0705936 0)
(0.0826431 0.0375004 0)
(0.078368 0.0046118 0)
(0.0715411 -0.028415 0)
(0.0621466 -0.0617633 0)
(0.0492852 -0.0946698 0)
(0.0345346 -0.126706 0)
(0.0103175 -0.165702 0)
(-0.0035011 -0.246685 0)
(-0.0466531 -0.392874 0)
(0.00190917 -0.4245 0)
(0.00471916 0.0465647 0)
(0.0214043 0.129908 0)
(0.0395702 0.177005 0)
(0.0564996 0.197746 0)
(0.0730919 0.200077 0)
(0.088869 0.187296 0)
(0.102295 0.163556 0)
(0.112296 0.133877 0)
(0.118541 0.102323 0)
(0.121183 0.0710575 0)
(0.120451 0.0406859 0)
(0.116513 0.0108125 0)
(0.108686 -0.0188625 0)
(0.0975067 -0.0486633 0)
(0.0811652 -0.0781585 0)
(0.0623951 -0.107583 0)
(0.0330157 -0.142663 0)
(0.019425 -0.220796 0)
(-0.036961 -0.386136 0)
(0.0122048 -0.454566 0)
(0.00148508 0.0359122 0)
(0.0164892 0.110943 0)
(0.0382424 0.157739 0)
(0.060515 0.178609 0)
(0.0831206 0.181627 0)
(0.105049 0.171192 0)
(0.124502 0.151231 0)
(0.139939 0.125801 0)
(0.150646 0.0983015 0)
(0.156643 0.070732 0)
(0.157809 0.0439385 0)
(0.154806 0.0178926 0)
(0.146204 -0.00768501 0)
(0.133428 -0.0328935 0)
(0.113427 -0.0578108 0)
(0.0907928 -0.0837423 0)
(0.0562823 -0.116074 0)
(0.0415997 -0.192947 0)
(-0.0261394 -0.377189 0)
(0.0266805 -0.478239 0)
(-0.00298439 0.03304 0)
(0.0046564 0.0947203 0)
(0.0251016 0.13147 0)
(0.0521969 0.148851 0)
(0.0816368 0.151859 0)
(0.110988 0.144088 0)
(0.137745 0.128743 0)
(0.159991 0.108842 0)
(0.176462 0.0870685 0)
(0.18712 0.0650589 0)
(0.191245 0.0437822 0)
(0.190034 0.0233242 0)
(0.181441 0.00367158 0)
(0.168221 -0.0155857 0)
(0.14539 -0.0345571 0)
(0.120488 -0.0562141 0)
(0.0816111 -0.087761 0)
(0.0634932 -0.167391 0)
(-0.0083084 -0.36324 0)
(0.0501733 -0.487172 0)
(-0.0106488 0.0232391 0)
(-0.0081946 0.0873614 0)
(0.0102258 0.114891 0)
(0.0407891 0.123446 0)
(0.0761317 0.122574 0)
(0.112 0.115636 0)
(0.145299 0.104278 0)
(0.173498 0.0897958 0)
(0.195108 0.0741754 0)
(0.210421 0.0582742 0)
(0.217748 0.0432805 0)
(0.219869 0.0290092 0)
(0.212841 0.0161441 0)
(0.202642 0.00345124 0)
(0.180775 -0.00902541 0)
(0.159949 -0.0266505 0)
(0.119684 -0.0581763 0)
(0.0996517 -0.139005 0)
(0.0333464 -0.324176 0)
(0.090801 -0.454361 0)
(-0.103928 0.0857581 0)
(-0.0769596 0.070515 0)
(-0.0518184 0.0689286 0)
(-0.00538072 0.0702995 0)
(0.0418274 0.0696833 0)
(0.0890197 0.0662138 0)
(0.132147 0.0605644 0)
(0.171696 0.0530258 0)
(0.202768 0.0451496 0)
(0.23058 0.0369452 0)
(0.247385 0.0295945 0)
(0.263674 0.0225451 0)
(0.266451 0.0167666 0)
(0.272568 0.0110192 0)
(0.260166 0.00502949 0)
(0.255642 -0.00593012 0)
(0.219871 -0.0313441 0)
(0.210965 -0.0928144 0)
(0.147732 -0.229231 0)
(0.170127 -0.341273 0)
(0.131358 0.105123 0)
(0.161368 0.07819 0)
(0.216577 0.0562072 0)
(0.27412 0.0437071 0)
(0.323995 0.0370136 0)
(0.37264 0.0323714 0)
(0.41368 0.0290519 0)
(0.45592 0.0256508 0)
(0.487143 0.0230864 0)
(0.52127 0.0200048 0)
(0.540665 0.0180265 0)
(0.566872 0.0151834 0)
(0.57421 0.0139232 0)
(0.593876 0.0111705 0)
(0.587383 0.0103593 0)
(0.59783 0.00587152 0)
(0.564468 0.000985876 0)
(0.546854 -0.0175466 0)
(0.43689 -0.0500067 0)
(0.337604 -0.101236 0)
)
;

boundaryField
{
    movingWall
    {
        type            fixedValue;
        value           uniform (1 0 0);
    }
    fixedWalls
    {
        type            noSlip;
    }
    frontAndBack
    {
        type            empty;
    }
}


// ************************************************************************* //
