/*--------------------------------*- C++ -*----------------------------------*\
| =========                 |                                                 |
| \\      /  F ield         | OpenFOAM: The Open Source CFD Toolbox           |
|  \\    /   O peration     | Version:  2212                                  |
|   \\  /    A nd           | Website:  www.openfoam.com                      |
|    \\/     M anipulation  |                                                 |
\*---------------------------------------------------------------------------*/
FoamFile
{
    version     2.0;
    format      ascii;
    arch        "LSB;label=32;scalar=64";
    class       surfaceScalarField;
    location    "3.135";
    object      phi;
}
// * * * * * * * * * * * * * * * * * * * * * * * * * * * * * * * * * * * * * //

dimensions      [0 3 -1 0 0 0 0];

oriented        oriented;

internalField   nonuniform List<scalar> 
760
(
1.46617e-07
-1.46619e-07
2.73564e-07
-1.26948e-07
2.85476e-07
-1.19119e-08
1.60305e-07
1.25172e-07
-1.36649e-07
2.96954e-07
-6.66098e-07
5.29449e-07
-1.45904e-06
7.92937e-07
-2.43482e-06
9.75783e-07
-3.40123e-06
9.66414e-07
-4.13178e-06
7.30549e-07
-4.45948e-06
3.27701e-07
-4.28786e-06
-1.71617e-07
-3.55632e-06
-7.31546e-07
-2.3745e-06
-1.18181e-06
-9.66703e-07
-1.4078e-06
2.99718e-07
-1.26642e-06
1.04102e-06
-7.41305e-07
1.00132e-06
3.97024e-08
4.49303e-07
5.52017e-07
4.49303e-07
1.0975e-07
-2.56369e-07
4.80135e-08
-6.52108e-08
-3.18814e-07
3.54916e-07
-1.0784e-06
8.84762e-07
-2.27584e-06
1.49439e-06
-3.83803e-06
2.09164e-06
-5.52908e-06
2.48398e-06
-7.04643e-06
2.49313e-06
-8.16584e-06
2.08583e-06
-8.77414e-06
1.33884e-06
-8.82231e-06
3.75874e-07
-8.28519e-06
-7.08742e-07
-7.19342e-06
-1.82332e-06
-5.57816e-06
-2.79706e-06
-3.58004e-06
-3.40592e-06
-1.49801e-06
-3.34846e-06
1.47226e-07
-2.38654e-06
8.29108e-07
-6.42179e-07
5.12673e-07
8.68453e-07
9.61976e-07
-1.36953e-07
-1.19415e-07
-6.38245e-07
4.3608e-07
-1.60223e-06
1.3189e-06
-3.07061e-06
2.35314e-06
-4.92971e-06
3.35349e-06
-6.89731e-06
4.05924e-06
-8.6669e-06
4.25357e-06
-1.00559e-05
3.88211e-06
-1.10075e-05
3.03748e-06
-1.15119e-05
1.84317e-06
-1.15208e-05
3.84861e-07
-1.1079e-05
-1.15059e-06
-1.01703e-05
-2.73203e-06
-8.74081e-06
-4.22653e-06
-6.76986e-06
-5.37688e-06
-4.34562e-06
-5.77269e-06
-1.8608e-06
-4.87136e-06
-9.39909e-08
-2.40899e-06
2.89527e-07
4.84935e-07
1.2515e-06
-4.91588e-07
3.72173e-07
-1.52416e-06
1.46866e-06
-3.03575e-06
2.83049e-06
-4.9399e-06
4.25729e-06
-6.99276e-06
5.40634e-06
-8.89712e-06
5.9636e-06
-1.04501e-05
5.80651e-06
-1.1602e-05
5.03408e-06
-1.23774e-05
3.81289e-06
-1.28099e-05
2.2756e-06
-1.28865e-05
4.61463e-07
-1.26598e-05
-1.37722e-06
-1.20956e-05
-3.2963e-06
-1.10921e-05
-5.23002e-06
-9.51883e-06
-6.95012e-06
-7.25229e-06
-8.03923e-06
-4.33261e-06
-7.79103e-06
-1.36254e-06
-5.37906e-06
1.16629e-07
-9.94239e-07
1.36813e-06
-8.35233e-07
1.20741e-06
-2.28835e-06
2.92178e-06
-4.10308e-06
4.64521e-06
-6.09804e-06
6.25226e-06
-8.00412e-06
7.31241e-06
-9.60019e-06
7.55967e-06
-1.08032e-05
7.0095e-06
-1.16338e-05
5.86472e-06
-1.21517e-05
4.33072e-06
-1.24288e-05
2.55272e-06
-1.25532e-05
5.8586e-07
-1.25183e-05
-1.41207e-06
-1.2313e-05
-3.50157e-06
-1.1857e-05
-5.68602e-06
-1.09641e-05
-7.84305e-06
-9.34815e-06
-9.6552e-06
-6.71627e-06
-1.04229e-05
-3.17233e-06
-8.923e-06
-2.6068e-07
-3.90589e-06
1.10745e-06
-1.04692e-06
2.25433e-06
-2.69018e-06
4.56504e-06
-4.53059e-06
6.48562e-06
-6.34759e-06
8.06926e-06
-7.92194e-06
8.88676e-06
-9.11891e-06
8.75664e-06
-9.92681e-06
7.8174e-06
-1.04061e-05
6.34398e-06
-1.06454e-05
4.57006e-06
-1.07454e-05
2.65272e-06
-1.08274e-05
6.67897e-07
-1.08873e-05
-1.3522e-06
-1.09366e-05
-3.45225e-06
-1.09449e-05
-5.67777e-06
-1.07558e-05
-8.03212e-06
-1.00407e-05
-1.03703e-05
-8.30961e-06
-1.2154e-05
-5.15796e-06
-1.20747e-05
-1.14035e-06
-7.9235e-06
-3.28993e-08
-1.0667e-06
3.32103e-06
-2.66214e-06
6.16048e-06
-4.3156e-06
8.13908e-06
-5.82043e-06
9.57409e-06
-7.01783e-06
1.00842e-05
-7.83948e-06
9.5783e-06
-8.3158e-06
8.29372e-06
-8.52999e-06
6.55818e-06
-8.58536e-06
4.62543e-06
-8.58195e-06
2.6493e-06
-8.60686e-06
6.92812e-07
-8.68388e-06
-1.27518e-06
-8.83211e-06
-3.30402e-06
-9.06173e-06
-5.44816e-06
-9.31142e-06
-7.78243e-06
-9.34353e-06
-1.03382e-05
-8.63657e-06
-1.2861e-05
-6.44335e-06
-1.42679e-05
-2.38073e-06
-1.19861e-05
-2.41363e-06
-8.97117e-07
4.21815e-06
-2.26433e-06
7.52769e-06
-3.61699e-06
9.49175e-06
-4.77309e-06
1.07302e-05
-5.63013e-06
1.09412e-05
-6.16548e-06
1.01136e-05
-6.43042e-06
8.55866e-06
-6.5135e-06
6.64126e-06
-6.51246e-06
4.62439e-06
-6.50465e-06
2.64149e-06
-6.5311e-06
7.19262e-07
-6.61123e-06
-1.19505e-06
-6.76774e-06
-3.14751e-06
-7.03162e-06
-5.18428e-06
-7.41707e-06
-7.39698e-06
-7.82529e-06
-9.92995e-06
-7.8374e-06
-1.28489e-05
-6.63627e-06
-1.5469e-05
-3.52483e-06
-1.50976e-05
-5.93846e-06
-5.97673e-07
4.81582e-06
-1.62679e-06
8.55681e-06
-2.63461e-06
1.04996e-05
-3.45606e-06
1.15516e-05
-4.03333e-06
1.15185e-05
-4.37219e-06
1.04525e-05
-4.52778e-06
8.71425e-06
-4.57772e-06
6.69119e-06
-4.59658e-06
4.64326e-06
-4.63202e-06
2.67692e-06
-4.69694e-06
7.84184e-07
-4.79898e-06
-1.093e-06
-4.94988e-06
-2.99661e-06
-5.1802e-06
-4.95397e-06
-5.54593e-06
-7.03125e-06
-6.05594e-06
-9.41994e-06
-6.47896e-06
-1.24259e-05
-6.06596e-06
-1.5882e-05
-3.87747e-06
-1.7286e-05
-9.81593e-06
-2.20723e-07
5.03654e-06
-8.59961e-07
9.19605e-06
-1.51464e-06
1.11542e-05
-2.0314e-06
1.20684e-05
-2.38026e-06
1.18673e-05
-2.58308e-06
1.06553e-05
-2.6868e-06
8.81797e-06
-2.74497e-06
6.74936e-06
-2.80428e-06
4.70258e-06
-2.88895e-06
2.76159e-06
-3.00237e-06
8.97605e-07
-3.1445e-06
-9.50873e-07
-3.31675e-06
-2.82436e-06
-3.53364e-06
-4.73708e-06
-3.85049e-06
-6.71439e-06
-4.34944e-06
-8.92099e-06
-4.96667e-06
-1.18086e-05
-5.0853e-06
-1.57634e-05
-3.53187e-06
-1.88395e-05
-1.33478e-05
1.58425e-07
4.87812e-06
-6.57948e-08
9.42027e-06
-3.89312e-07
1.14778e-05
-6.32437e-07
1.23115e-05
-7.79242e-07
1.20141e-05
-8.59824e-07
1.07359e-05
-9.14095e-07
8.87224e-06
-9.75218e-07
6.81048e-06
-1.06076e-06
4.78812e-06
-1.17855e-06
2.87937e-06
-1.33022e-06
1.04928e-06
-1.51761e-06
-7.63481e-07
-1.7404e-06
-2.60158e-06
-1.99819e-06
-4.47928e-06
-2.32291e-06
-6.38967e-06
-2.81286e-06
-8.43104e-06
-3.52541e-06
-1.10961e-05
-4.00705e-06
-1.52817e-05
-3.01353e-06
-1.9833e-05
-1.63613e-05
4.79813e-07
4.3983e-06
6.71592e-07
9.22849e-06
7.14299e-07
1.1435e-05
7.52506e-07
1.22733e-05
8.03004e-07
1.19636e-05
8.3873e-07
1.07002e-05
8.37682e-07
8.87328e-06
7.90469e-07
6.8577e-06
6.99017e-07
4.87957e-06
5.66333e-07
3.01206e-06
3.89032e-07
1.22658e-06
1.60973e-07
-5.35422e-07
-1.20043e-07
-2.32056e-06
-4.61714e-07
-4.13761e-06
-8.71227e-07
-5.98016e-06
-1.40051e-06
-7.90175e-06
-2.1971e-06
-1.02995e-05
-2.95788e-06
-1.45209e-05
-2.46337e-06
-2.03275e-05
-1.88247e-05
7.20743e-07
3.67756e-06
1.29796e-06
8.65128e-06
1.68053e-06
1.10525e-05
2.00619e-06
1.19477e-05
2.28128e-06
1.16885e-05
2.47189e-06
1.05096e-05
2.56602e-06
8.77915e-06
2.57312e-06
6.85059e-06
2.50855e-06
4.94414e-06
2.38223e-06
3.13838e-06
2.18959e-06
1.41922e-06
1.91661e-06
-2.62446e-07
1.56142e-06
-1.96537e-06
1.11942e-06
-3.69561e-06
5.84331e-07
-5.44507e-06
-1.00534e-07
-7.21689e-06
-9.79763e-07
-9.42027e-06
-1.94649e-06
-1.35542e-05
-1.93827e-06
-2.03357e-05
-2.0763e-05
8.26729e-07
2.85083e-06
1.73071e-06
7.7473e-06
2.45084e-06
1.03323e-05
3.07966e-06
1.13188e-05
3.62252e-06
1.11457e-05
4.03262e-06
1.00995e-05
4.28983e-06
8.52195e-06
4.4063e-06
6.73412e-06
4.40633e-06
4.94412e-06
4.30749e-06
3.23721e-06
4.10967e-06
1.61704e-06
3.79142e-06
5.57992e-08
3.35625e-06
-1.53019e-06
2.78788e-06
-3.12725e-06
2.08446e-06
-4.74165e-06
1.25987e-06
-6.39229e-06
2.17412e-07
-8.37782e-06
-1.00263e-06
-1.23342e-05
-1.44835e-06
-1.989e-05
-2.22113e-05
7.63072e-07
2.08776e-06
1.86145e-06
6.64892e-06
2.87025e-06
9.32354e-06
3.82141e-06
1.03677e-05
4.6849e-06
1.02822e-05
5.39178e-06
9.39259e-06
5.89899e-06
8.01475e-06
6.20715e-06
6.42596e-06
6.33805e-06
4.81321e-06
6.31261e-06
3.26266e-06
6.13324e-06
1.79641e-06
5.79127e-06
3.97761e-07
5.26572e-06
-1.00464e-06
4.55641e-06
-2.41793e-06
3.65589e-06
-3.84113e-06
2.59202e-06
-5.32842e-06
1.31636e-06
-7.10216e-06
-1.96272e-07
-1.08216e-05
-9.44227e-07
-1.9142e-05
-2.31555e-05
5.44414e-07
1.54335e-06
1.66956e-06
5.52377e-06
2.9608e-06
8.0323e-06
4.27409e-06
9.05438e-06
5.51319e-06
9.0431e-06
6.57786e-06
8.32792e-06
7.3993e-06
7.19331e-06
7.96211e-06
5.86315e-06
8.27856e-06
4.49676e-06
8.36749e-06
3.17372e-06
8.23699e-06
1.92692e-06
7.88653e-06
7.48223e-07
7.2741e-06
-3.92214e-07
6.4156e-06
-1.55943e-06
5.29813e-06
-2.72366e-06
3.96387e-06
-3.99416e-06
2.47223e-06
-5.61053e-06
8.81354e-07
-9.23067e-06
-1.80003e-07
-1.80807e-05
-2.33356e-05
1.32904e-07
1.41044e-06
9.6655e-07
4.69013e-06
2.38882e-06
6.61003e-06
4.05982e-06
7.38338e-06
5.74034e-06
7.36258e-06
7.24425e-06
6.82402e-06
8.46621e-06
5.97134e-06
9.37423e-06
4.95514e-06
9.96223e-06
3.90876e-06
1.02436e-05
2.89233e-06
1.02245e-05
1.94608e-06
9.91199e-06
1.0607e-06
9.27153e-06
2.48246e-07
8.30829e-06
-5.96185e-07
7.02472e-06
-1.4401e-06
5.46868e-06
-2.43812e-06
3.79522e-06
-3.93706e-06
2.17037e-06
-7.60582e-06
6.25709e-07
-1.6536e-05
-2.27098e-05
-5.03536e-07
1.91398e-06
1.71159e-07
4.01543e-06
1.66054e-06
5.12066e-06
3.65506e-06
5.38885e-06
5.74989e-06
5.26775e-06
7.66398e-06
4.90993e-06
9.25887e-06
4.37645e-06
1.04921e-05
3.72194e-06
1.1344e-05
3.05685e-06
1.18326e-05
2.40375e-06
1.19627e-05
1.81589e-06
1.17559e-05
1.26756e-06
1.12287e-05
7.75446e-07
1.03646e-05
2.67916e-07
9.16717e-06
-2.42681e-07
7.69865e-06
-9.69598e-07
6.14616e-06
-2.38458e-06
4.39074e-06
-5.8504e-06
2.02802e-06
-1.41733e-05
-2.06818e-05
-4.1647e-06
6.07867e-06
-3.63708e-06
3.48782e-06
-1.28731e-06
2.77089e-06
1.45098e-06
2.65056e-06
4.13039e-06
2.58834e-06
6.61172e-06
2.4286e-06
8.78632e-06
2.20185e-06
1.05949e-05
1.91338e-06
1.20195e-05
1.63222e-06
1.3086e-05
1.33724e-06
1.38112e-05
1.09066e-06
1.42386e-05
8.40161e-07
1.43589e-05
6.55197e-07
1.41855e-05
4.41255e-07
1.37003e-05
2.42611e-07
1.29175e-05
-1.86852e-07
1.18356e-05
-1.30263e-06
1.00756e-05
-4.09046e-06
5.6227e-06
-9.72039e-06
-1.50591e-05
6.07867e-06
9.56649e-06
1.23374e-05
1.49879e-05
1.75763e-05
2.00049e-05
2.22067e-05
2.41201e-05
2.57523e-05
2.70896e-05
2.81802e-05
2.90204e-05
2.96756e-05
3.01168e-05
3.03595e-05
3.01726e-05
2.887e-05
2.47795e-05
1.50591e-05
)
;

boundaryField
{
    movingWall
    {
        type            calculated;
        value           uniform 0;
    }
    fixedWalls
    {
        type            calculated;
        value           uniform 0;
    }
    frontAndBack
    {
        type            empty;
        value           nonuniform List<scalar> 0();
    }
}


// ************************************************************************* //
