/*--------------------------------*- C++ -*----------------------------------*\
| =========                 |                                                 |
| \\      /  F ield         | OpenFOAM: The Open Source CFD Toolbox           |
|  \\    /   O peration     | Version:  2212                                  |
|   \\  /    A nd           | Website:  www.openfoam.com                      |
|    \\/     M anipulation  |                                                 |
\*---------------------------------------------------------------------------*/
FoamFile
{
    version     2.0;
    format      ascii;
    arch        "LSB;label=32;scalar=64";
    class       volVectorField;
    location    "0.06";
    object      U;
}
// * * * * * * * * * * * * * * * * * * * * * * * * * * * * * * * * * * * * * //

dimensions      [0 1 -1 0 0 0 0];

internalField   nonuniform List<vector> 
400
(
(-0.000325257 0.000320448 0)
(-0.00106005 0.000399226 0)
(-0.00187232 0.000389267 0)
(-0.00264186 0.000361502 0)
(-0.00334328 0.000324293 0)
(-0.00395997 0.000279123 0)
(-0.00447707 0.000227159 0)
(-0.00488205 0.000169635 0)
(-0.00516494 0.000107827 0)
(-0.00531837 4.30295e-05 0)
(-0.00533766 -2.34238e-05 0)
(-0.00522092 -9.01131e-05 0)
(-0.00496922 -0.000155526 0)
(-0.00458678 -0.000218053 0)
(-0.0040812 -0.000275972 0)
(-0.00346376 -0.00032748 0)
(-0.00274922 -0.000370787 0)
(-0.00195472 -0.000403826 0)
(-0.00111006 -0.000417965 0)
(-0.000340243 -0.000337259 0)
(-0.000422063 0.0010717 0)
(-0.00136667 0.00132264 0)
(-0.00239828 0.00128672 0)
(-0.00337483 0.00119423 0)
(-0.00426387 0.00107056 0)
(-0.00504472 0.000920657 0)
(-0.00569854 0.000748498 0)
(-0.0062097 0.000558194 0)
(-0.00656588 0.000353959 0)
(-0.00675812 0.000140069 0)
(-0.00678075 -7.90958e-05 0)
(-0.00663158 -0.000298936 0)
(-0.006312 -0.000514549 0)
(-0.00582728 -0.00072066 0)
(-0.00518694 -0.000911615 0)
(-0.00440508 -0.00108149 0)
(-0.00350029 -0.00122429 0)
(-0.0024944 -0.00133284 0)
(-0.00142412 -0.00137936 0)
(-0.000439585 -0.00112172 0)
(-0.000447551 0.0019537 0)
(-0.00145267 0.00239861 0)
(-0.00255053 0.00233082 0)
(-0.00358786 0.00216251 0)
(-0.00453107 0.00193755 0)
(-0.00535881 0.00166528 0)
(-0.00605155 0.0013531 0)
(-0.00659319 0.00100854 0)
(-0.00697117 0.000639217 0)
(-0.0071763 0.000252763 0)
(-0.00720269 -0.000143074 0)
(-0.00704783 -0.000540199 0)
(-0.00671273 -0.000929965 0)
(-0.00620223 -0.00130299 0)
(-0.00552562 -0.0016491 0)
(-0.00469707 -0.00195753 0)
(-0.00373572 -0.00221713 0)
(-0.00266439 -0.00241443 0)
(-0.00152174 -0.00249991 0)
(-0.000469595 -0.00204452 0)
(-0.000478376 0.00289143 0)
(-0.00155388 0.00354152 0)
(-0.00272843 0.00343881 0)
(-0.00383675 0.00318875 0)
(-0.00484303 0.00285547 0)
(-0.00572505 0.00245304 0)
(-0.00646274 0.00199266 0)
(-0.00703982 0.00148551 0)
(-0.00744371 0.000942682 0)
(-0.00766519 0.000375081 0)
(-0.00769809 -0.000206322 0)
(-0.00753938 -0.000790142 0)
(-0.00718925 -0.00136413 0)
(-0.00665159 -0.00191481 0)
(-0.00593479 -0.0024273 0)
(-0.00505248 -0.00288551 0)
(-0.00402395 -0.00327248 0)
(-0.00287312 -0.00356756 0)
(-0.0016419 -0.00369746 0)
(-0.000506675 -0.00303169 0)
(-0.000521823 0.00390193 0)
(-0.00169497 0.00477395 0)
(-0.00297504 0.00463226 0)
(-0.00418077 0.00429235 0)
(-0.00527312 0.00384093 0)
(-0.0062287 0.00329769 0)
(-0.00702693 0.0026782 0)
(-0.00765159 0.00199761 0)
(-0.00809038 0.00127054 0)
(-0.00833421 0.000510982 0)
(-0.00837672 -0.000267223 0)
(-0.00821414 -0.0010498 0)
(-0.00784538 -0.00182126 0)
(-0.0072727 -0.00256419 0)
(-0.00650278 -0.00325882 0)
(-0.00554804 -0.00388308 0)
(-0.00442757 -0.00441305 0)
(-0.00316659 -0.00481931 0)
(-0.00181172 -0.00500131 0)
(-0.000559372 -0.00410737 0)
(-0.000579783 0.00501459 0)
(-0.00188244 0.00613016 0)
(-0.00330163 0.00594311 0)
(-0.00463473 0.00550144 0)
(-0.00583855 0.00491776 0)
(-0.00688837 0.00421866 0)
(-0.00776343 0.00342498 0)
(-0.0084481 0.00255635 0)
(-0.00893097 0.00163094 0)
(-0.00920356 0.000665484 0)
(-0.00925946 -0.000323933 0)
(-0.00909397 -0.00132089 0)
(-0.00870414 -0.0023073 0)
(-0.0080896 -0.0032622 0)
(-0.0072541 -0.00416082 0)
(-0.00620753 -0.00497432 0)
(-0.00496787 -0.00567016 0)
(-0.0035615 -0.00620754 0)
(-0.00204131 -0.00645338 0)
(-0.000630868 -0.00530767 0)
(-0.000654601 0.00626091 0)
(-0.00212378 0.00764738 0)
(-0.00372047 0.00740537 0)
(-0.0052142 0.0068451 0)
(-0.00655656 0.00610961 0)
(-0.0077217 0.00523448 0)
(-0.00868944 0.00424712 0)
(-0.00944582 0.00317226 0)
(-0.00998142 0.00203158 0)
(-0.0102892 0.000843968 0)
(-0.0103632 -0.00037331 0)
(-0.0101976 -0.00160293 0)
(-0.00978679 -0.00282543 0)
(-0.00912631 -0.00401711 0)
(-0.00821502 -0.00514837 0)
(-0.00705808 -0.00618266 0)
(-0.00567047 -0.00707658 0)
(-0.00407881 -0.00777403 0)
(-0.00234381 -0.00810168 0)
(-0.000725422 -0.00667439 0)
(-0.000749754 0.00767792 0)
(-0.00242969 0.00936896 0)
(-0.00424876 0.00905756 0)
(-0.00594045 0.00835487 0)
(-0.00744997 0.00744086 0)
(-0.00875115 0.0063631 0)
(-0.0098259 0.00515751 0)
(-0.0106639 0.0038547 0)
(-0.0112595 0.00247961 0)
(-0.0116087 0.00105222 0)
(-0.0117065 -0.000410644 0)
(-0.0115462 -0.00189275 0)
(-0.0111185 -0.0033753 0)
(-0.0104127 -0.00483357 0)
(-0.00941981 -0.00623383 0)
(-0.00813664 -0.00753107 0)
(-0.00657152 -0.00866809 0)
(-0.00474894 -0.0095678 0)
(-0.0027388 -0.010005 0)
(-0.000849461 -0.00825966 0)
(-0.000870421 0.00931107 0)
(-0.00281585 0.0113471 0)
(-0.0049111 0.0109443 0)
(-0.00684297 0.0100652 0)
(-0.00854935 0.00893597 0)
(-0.0100055 0.0076207 0)
(-0.0111982 0.00616642 0)
(-0.0121241 0.00461052 0)
(-0.0127842 0.00298063 0)
(-0.0131798 0.00129612 0)
(-0.0133085 -0.000429182 0)
(-0.0131625 -0.00218321 0)
(-0.0127278 -0.00395105 0)
(-0.0119851 -0.00570996 0)
(-0.0109128 -0.00742412 0)
(-0.00949356 -0.00903998 0)
(-0.00772263 -0.0104831 0)
(-0.00561708 -0.0116473 0)
(-0.00325627 -0.0122377 0)
(-0.00101301 -0.0101315 0)
(-0.00102449 0.0112184 0)
(-0.00330571 0.013647 0)
(-0.00574334 0.0131184 0)
(-0.00796328 0.0120134 0)
(-0.00989581 0.010618 0)
(-0.0115213 0.00901935 0)
(-0.0128366 0.00727905 0)
(-0.0138502 0.00544201 0)
(-0.0145744 0.00353734 0)
(-0.0150189 0.00158108 0)
(-0.0151863 -0.000419611 0)
(-0.0150685 -0.00246136 0)
(-0.0146456 -0.00453811 0)
(-0.0138862 -0.00663418 0)
(-0.0127503 -0.00871589 0)
(-0.0111973 -0.010723 0)
(-0.0091982 -0.0125609 0)
(-0.00675174 -0.014083 0)
(-0.00394357 -0.0148979 0)
(-0.00123234 -0.012383 0)
(-0.00122437 0.0134773 0)
(-0.00393539 0.0163524 0)
(-0.00679889 0.0156428 0)
(-0.00936062 0.0142385 0)
(-0.0115451 0.0125054 0)
(-0.0133453 0.0105632 0)
(-0.0147764 0.00849178 0)
(-0.0158666 0.00634373 0)
(-0.0166459 0.00414724 0)
(-0.0171374 0.00191094 0)
(-0.0173516 -0.000369852 0)
(-0.0172817 -0.00270661 0)
(-0.0169013 -0.00510936 0)
(-0.0161635 -0.00757752 0)
(-0.0150024 -0.0100877 0)
(-0.0133409 -0.0125791 0)
(-0.0111069 -0.0149363 0)
(-0.00825966 -0.016959 0)
(-0.00487871 -0.0181184 0)
(-0.00153521 -0.0151487 0)
(-0.00149044 0.0161959 0)
(-0.0047626 0.019575 0)
(-0.00815954 0.0185934 0)
(-0.0111211 0.0167787 0)
(-0.0135735 0.0146069 0)
(-0.0155363 0.0122421 0)
(-0.0170573 0.00978624 0)
(-0.0181959 0.0072977 0)
(-0.0190083 0.00479922 0)
(-0.0195371 0.00228606 0)
(-0.0198049 -0.000265162 0)
(-0.019809 -0.00288865 0)
(-0.0195176 -0.00562009 0)
(-0.0188656 -0.00848605 0)
(-0.0177531 -0.0114877 0)
(-0.0160491 -0.0145777 0)
(-0.013609 -0.0176279 0)
(-0.0103118 -0.0203721 0)
(-0.00619646 -0.0220845 0)
(-0.00197211 -0.0186345 0)
(-0.00185779 0.0195342 0)
(-0.00588306 0.0234697 0)
(-0.00995395 0.0220608 0)
(-0.0133716 0.0196645 0)
(-0.0160851 0.0169107 0)
(-0.0181681 0.0140213 0)
(-0.0197226 0.0111206 0)
(-0.0208552 0.00826689 0)
(-0.021659 0.00546896 0)
(-0.0222032 0.00270043 0)
(-0.0225277 -8.92099e-05 0)
(-0.0226381 -0.00296585 0)
(-0.0225003 -0.0060025 0)
(-0.0220329 -0.00926913 0)
(-0.021096 -0.0128142 0)
(-0.0194856 -0.0166325 0)
(-0.0169414 -0.0206107 0)
(-0.013189 -0.0244196 0)
(-0.00814293 -0.0270582 0)
(-0.00264206 -0.0231797 0)
(-0.00239033 0.0237435 0)
(-0.00746286 0.0282571 0)
(-0.0123901 0.0261474 0)
(-0.0163007 0.0229034 0)
(-0.0192217 0.0193667 0)
(-0.0213297 0.0158258 0)
(-0.0228144 0.0124179 0)
(-0.0238497 0.00918672 0)
(-0.0245766 0.00611316 0)
(-0.0250971 0.00313758 0)
(-0.025473 0.000173098 0)
(-0.0257244 -0.00288579 0)
(-0.0258232 -0.00616166 0)
(-0.0256801 -0.00978683 0)
(-0.0251198 -0.0138894 0)
(-0.0238523 -0.0185576 0)
(-0.0214489 -0.0237602 0)
(-0.017362 -0.029158 0)
(-0.0111949 -0.0334059 0)
(-0.00375714 -0.0293967 0)
(-0.00321248 0.0292493 0)
(-0.00980501 0.0342589 0)
(-0.0158132 0.030951 0)
(-0.0201887 0.0264464 0)
(-0.0231703 0.0218556 0)
(-0.0251216 0.0175171 0)
(-0.0263649 0.0135507 0)
(-0.0271623 0.00995578 0)
(-0.02771 0.0066633 0)
(-0.0281448 0.00356582 0)
(-0.0285526 0.000531917 0)
(-0.0289746 -0.00258969 0)
(-0.0294037 -0.00597658 0)
(-0.0297637 -0.00984063 0)
(-0.0298708 -0.0144276 0)
(-0.0293647 -0.0199979 0)
(-0.0276106 -0.0267392 0)
(-0.02362 -0.0344784 0)
(-0.016325 -0.0415621 0)
(-0.005806 -0.0384279 0)
(-0.00458616 0.0368214 0)
(-0.0134954 0.041937 0)
(-0.020807 0.0365075 0)
(-0.0254415 0.0301206 0)
(-0.0281593 0.0241384 0)
(-0.0296359 0.0188632 0)
(-0.0303725 0.0143254 0)
(-0.0307305 0.0104288 0)
(-0.0309575 0.00702175 0)
(-0.0312172 0.00393312 0)
(-0.0316155 0.000982361 0)
(-0.0322184 -0.0020252 0)
(-0.0330583 -0.00531313 0)
(-0.0341139 -0.00917813 0)
(-0.0352575 -0.0140098 0)
(-0.0361427 -0.0203323 0)
(-0.0359728 -0.0287711 0)
(-0.0331576 -0.0397117 0)
(-0.0254017 -0.0515786 0)
(-0.00980479 -0.0522115 0)
(-0.00710034 0.0485306 0)
(-0.019719 0.0518897 0)
(-0.0283506 0.0426329 0)
(-0.0325746 0.03351 0)
(-0.03436 0.025782 0)
(-0.0348208 0.0194973 0)
(-0.0346488 0.0144633 0)
(-0.0342852 0.0104082 0)
(-0.0339994 0.0070564 0)
(-0.0339554 0.00415861 0)
(-0.0342603 0.00148853 0)
(-0.0349968 -0.00117667 0)
(-0.0362568 -0.00406725 0)
(-0.0381256 -0.00754782 0)
(-0.0406365 -0.0121254 0)
(-0.0436434 -0.0186411 0)
(-0.0463976 -0.0284116 0)
(-0.0466746 -0.0432024 0)
(-0.0406138 -0.0631147 0)
(-0.0164394 -0.076396 0)
(-0.0114342 0.0623556 0)
(-0.0315949 0.0652703 0)
(-0.0396897 0.0488286 0)
(-0.0412251 0.0354675 0)
(-0.0404024 0.025758 0)
(-0.0386756 0.0186461 0)
(-0.0368046 0.0134247 0)
(-0.0351945 0.00952794 0)
(-0.0340377 0.00651444 0)
(-0.0334242 0.00406062 0)
(-0.0334118 0.00192059 0)
(-0.0340532 -0.000122123 0)
(-0.0354958 -0.00232045 0)
(-0.0379508 -0.00495142 0)
(-0.0416761 -0.00857656 0)
(-0.0469066 -0.0144025 0)
(-0.0533162 -0.0248589 0)
(-0.0583749 -0.0453792 0)
(-0.0585912 -0.0814914 0)
(-0.0182176 -0.12758 0)
(-0.051507 0.116573 0)
(-0.0548191 0.0683042 0)
(-0.0425229 0.0410711 0)
(-0.0306417 0.0286287 0)
(-0.0209859 0.0200346 0)
(-0.0135103 0.0139523 0)
(-0.00783437 0.00980153 0)
(-0.00366596 0.00690653 0)
(-0.000745355 0.00478647 0)
(0.0011341 0.00315209 0)
(0.00210166 0.00181443 0)
(0.00216926 0.000623458 0)
(0.00129979 -0.00059604 0)
(-0.000651827 -0.00202799 0)
(-0.00417015 -0.00413987 0)
(-0.00958387 -0.0085865 0)
(-0.0177774 -0.0193416 0)
(-0.0253569 -0.0478223 0)
(-0.0412138 -0.103571 0)
(0.0243353 -0.17512 0)
(0.148997 0.0973799 0)
(0.16319 0.0586537 0)
(0.21421 0.0324655 0)
(0.249422 0.0195009 0)
(0.269424 0.012383 0)
(0.282007 0.00802651 0)
(0.290751 0.00533006 0)
(0.29692 0.00363807 0)
(0.301238 0.00252688 0)
(0.304213 0.00175843 0)
(0.306166 0.0011987 0)
(0.307272 0.000769886 0)
(0.307562 0.000442018 0)
(0.307158 0.000123118 0)
(0.305227 -0.000159717 0)
(0.302224 -0.000932444 0)
(0.28938 -0.00256033 0)
(0.27689 -0.00978738 0)
(0.199309 -0.0311549 0)
(0.207706 -0.0785514 0)
)
;

boundaryField
{
    movingWall
    {
        type            fixedValue;
        value           uniform (1 0 0);
    }
    fixedWalls
    {
        type            noSlip;
    }
    frontAndBack
    {
        type            empty;
    }
}


// ************************************************************************* //
