/*--------------------------------*- C++ -*----------------------------------*\
| =========                 |                                                 |
| \\      /  F ield         | OpenFOAM: The Open Source CFD Toolbox           |
|  \\    /   O peration     | Version:  2212                                  |
|   \\  /    A nd           | Website:  www.openfoam.com                      |
|    \\/     M anipulation  |                                                 |
\*---------------------------------------------------------------------------*/
FoamFile
{
    version     2.0;
    format      ascii;
    arch        "LSB;label=32;scalar=64";
    class       volVectorField;
    location    "3.75";
    object      U;
}
// * * * * * * * * * * * * * * * * * * * * * * * * * * * * * * * * * * * * * //

dimensions      [0 1 -1 0 0 0 0];

internalField   nonuniform List<vector> 
400
(
(0.00164332 -0.00165153 0)
(0.00471622 -0.00185173 0)
(0.00640241 -0.00117788 0)
(0.00546924 -0.000559456 0)
(0.00139205 0.000197973 0)
(-0.00691818 0.00173486 0)
(-0.0205182 0.00471904 0)
(-0.0391943 0.00859054 0)
(-0.0602069 0.0111296 0)
(-0.0783928 0.0104126 0)
(-0.0890842 0.0067591 0)
(-0.0898784 0.00171946 0)
(-0.0798924 -0.0035157 0)
(-0.0599512 -0.00815368 0)
(-0.033762 -0.0107368 0)
(-0.00574539 -0.00973303 0)
(0.0161887 -0.00482076 0)
(0.0240302 0.00268049 0)
(0.0159753 0.00637274 0)
(0.00428123 0.00466417 0)
(0.00165218 -0.00492414 0)
(0.00297692 -0.00388342 0)
(-0.000651396 0.000646022 0)
(-0.0114764 0.00640653 0)
(-0.0313209 0.0138961 0)
(-0.0606331 0.0234521 0)
(-0.0958791 0.0326026 0)
(-0.130156 0.0366477 0)
(-0.157496 0.0332207 0)
(-0.174607 0.0233064 0)
(-0.18006 0.00921006 0)
(-0.173876 -0.00672882 0)
(-0.15663 -0.0227875 0)
(-0.129032 -0.036476 0)
(-0.0933259 -0.044163 0)
(-0.0522355 -0.0415781 0)
(-0.0116889 -0.0263272 0)
(0.0164794 -0.00151192 0)
(0.0176246 0.0159415 0)
(0.00549736 0.0146499 0)
(-0.000299526 -0.00552087 0)
(-0.00548382 0.00101499 0)
(-0.0196134 0.0142482 0)
(-0.0442034 0.0308812 0)
(-0.079547 0.0488023 0)
(-0.120887 0.063504 0)
(-0.160631 0.0697487 0)
(-0.193298 0.0654125 0)
(-0.216756 0.0518409 0)
(-0.230402 0.0314835 0)
(-0.234236 0.00666327 0)
(-0.228899 -0.0205978 0)
(-0.214698 -0.0481481 0)
(-0.191132 -0.072397 0)
(-0.157925 -0.0882312 0)
(-0.115044 -0.0886357 0)
(-0.0642883 -0.0668053 0)
(-0.0139491 -0.0229342 0)
(0.0093426 0.0174868 0)
(0.00415096 0.0233128 0)
(-0.00346222 0.000737224 0)
(-0.0173911 0.01732 0)
(-0.0431056 0.0410991 0)
(-0.0787893 0.0673393 0)
(-0.121505 0.0900156 0)
(-0.163936 0.102654 0)
(-0.1997 0.101872 0)
(-0.226818 0.0889227 0)
(-0.245539 0.0669188 0)
(-0.256463 0.0385469 0)
(-0.260419 0.00567195 0)
(-0.258206 -0.030389 0)
(-0.249758 -0.0674299 0)
(-0.234027 -0.102528 0)
(-0.209021 -0.130246 0)
(-0.172043 -0.141814 0)
(-0.120561 -0.125087 0)
(-0.0565518 -0.0707861 0)
(-0.00108118 0.00311612 0)
(0.00473617 0.0279155 0)
(-0.00658475 0.0149235 0)
(-0.0283721 0.0438544 0)
(-0.0624816 0.0762167 0)
(-0.103103 0.107561 0)
(-0.145415 0.129649 0)
(-0.182366 0.136714 0)
(-0.210476 0.128276 0)
(-0.230092 0.107858 0)
(-0.242501 0.0793026 0)
(-0.249422 0.0453875 0)
(-0.25255 0.00764173 0)
(-0.252822 -0.0331502 0)
(-0.25002 -0.0758647 0)
(-0.243564 -0.119201 0)
(-0.230646 -0.159222 0)
(-0.206642 -0.187501 0)
(-0.165537 -0.188744 0)
(-0.102689 -0.142213 0)
(-0.0221244 -0.0390484 0)
(0.00729848 0.0267369 0)
(-0.00837901 0.0347133 0)
(-0.034653 0.07594 0)
(-0.0720404 0.113586 0)
(-0.111684 0.145898 0)
(-0.148537 0.164135 0)
(-0.177145 0.164244 0)
(-0.196481 0.148341 0)
(-0.208058 0.121452 0)
(-0.213857 0.0879223 0)
(-0.216367 0.0507365 0)
(-0.217589 0.011354 0)
(-0.218555 -0.0298387 0)
(-0.219471 -0.0733478 0)
(-0.220402 -0.119595 0)
(-0.219133 -0.167384 0)
(-0.210543 -0.211229 0)
(-0.186547 -0.236927 0)
(-0.138597 -0.217252 0)
(-0.0623025 -0.118375 0)
(0.00571117 0.0139446 0)
(-0.00814308 0.0564809 0)
(-0.0347567 0.10885 0)
(-0.0707212 0.148684 0)
(-0.105502 0.179009 0)
(-0.134817 0.1917 0)
(-0.15502 0.184539 0)
(-0.166735 0.161701 0)
(-0.172053 0.129295 0)
(-0.173385 0.0921043 0)
(-0.173268 0.0531597 0)
(-0.173267 0.0136987 0)
(-0.174094 -0.026269 0)
(-0.176306 -0.0679436 0)
(-0.180427 -0.112687 0)
(-0.185768 -0.161658 0)
(-0.188632 -0.213693 0)
(-0.181076 -0.259737 0)
(-0.153118 -0.273504 0)
(-0.0985194 -0.204714 0)
(-0.00884662 -0.0147519 0)
(-0.00600931 0.076708 0)
(-0.0292585 0.138967 0)
(-0.0604152 0.179032 0)
(-0.0885071 0.205848 0)
(-0.110265 0.212502 0)
(-0.123616 0.19844 0)
(-0.130085 0.169527 0)
(-0.13196 0.132725 0)
(-0.131713 0.0930684 0)
(-0.131345 0.053309 0)
(-0.131595 0.0141761 0)
(-0.132668 -0.0247485 0)
(-0.13504 -0.0645724 0)
(-0.139406 -0.106627 0)
(-0.146354 -0.152979 0)
(-0.154501 -0.20601 0)
(-0.157768 -0.26366 0)
(-0.14576 -0.306188 0)
(-0.11145 -0.275599 0)
(-0.0306364 -0.0748533 0)
(-0.00265736 0.0924058 0)
(-0.0200154 0.163679 0)
(-0.0443603 0.203102 0)
(-0.0652606 0.225853 0)
(-0.0803325 0.226924 0)
(-0.0886566 0.207207 0)
(-0.0920669 0.173741 0)
(-0.0926997 0.134026 0)
(-0.0926798 0.0931318 0)
(-0.0932307 0.0533517 0)
(-0.0944331 0.0147796 0)
(-0.0961973 -0.0234315 0)
(-0.0987078 -0.0621558 0)
(-0.102484 -0.102193 0)
(-0.108683 -0.14529 0)
(-0.118014 -0.195487 0)
(-0.127215 -0.257166 0)
(-0.125767 -0.321266 0)
(-0.106861 -0.33277 0)
(-0.0370598 -0.162052 0)
(0.00121541 0.101332 0)
(-0.00873072 0.181229 0)
(-0.0251573 0.220414 0)
(-0.0389518 0.239829 0)
(-0.0482922 0.236717 0)
(-0.0530336 0.212999 0)
(-0.0548211 0.176496 0)
(-0.0553125 0.135094 0)
(-0.0560548 0.0938018 0)
(-0.0576312 0.054384 0)
(-0.0598206 0.016366 0)
(-0.0624667 -0.0213859 0)
(-0.0655679 -0.0596113 0)
(-0.0693269 -0.0986346 0)
(-0.0747068 -0.139284 0)
(-0.083314 -0.185376 0)
(-0.0951788 -0.245312 0)
(-0.100181 -0.321937 0)
(-0.0947997 -0.370129 0)
(-0.0307905 -0.240839 0)
(0.00502256 0.102429 0)
(0.00294339 0.190647 0)
(-0.00525647 0.230748 0)
(-0.012261 0.247721 0)
(-0.0165749 0.241764 0)
(-0.0183859 0.215793 0)
(-0.0189696 0.177969 0)
(-0.0193784 0.136179 0)
(-0.0205743 0.0951943 0)
(-0.0227445 0.0563912 0)
(-0.0255851 0.0190136 0)
(-0.0290142 -0.0181677 0)
(-0.033047 -0.0559245 0)
(-0.0376544 -0.094411 0)
(-0.0434121 -0.133668 0)
(-0.0516285 -0.176294 0)
(-0.0651909 -0.232223 0)
(-0.0740374 -0.315487 0)
(-0.081035 -0.394518 0)
(-0.0228919 -0.305202 0)
(0.00825799 0.0960513 0)
(0.0139595 0.191591 0)
(0.0138587 0.234212 0)
(0.0134732 0.250445 0)
(0.0140946 0.243478 0)
(0.0152954 0.217005 0)
(0.016168 0.179194 0)
(0.016233 0.137774 0)
(0.0150853 0.0973116 0)
(0.0127805 0.0591172 0)
(0.00960979 0.0224606 0)
(0.00555429 -0.0138783 0)
(0.00047077 -0.0507827 0)
(-0.00553117 -0.0884465 0)
(-0.0128611 -0.126574 0)
(-0.0217731 -0.166341 0)
(-0.0375636 -0.217044 0)
(-0.0488711 -0.301755 0)
(-0.0679551 -0.406328 0)
(-0.0144887 -0.358078 0)
(0.0100424 0.0833511 0)
(0.0229145 0.184105 0)
(0.0304673 0.230383 0)
(0.0363069 0.247018 0)
(0.0418863 0.240275 0)
(0.0467675 0.214728 0)
(0.0501292 0.178228 0)
(0.0517157 0.138142 0)
(0.0514789 0.0988532 0)
(0.0496454 0.0617346 0)
(0.0464856 0.0262448 0)
(0.0419278 -0.00876736 0)
(0.0357886 -0.0442539 0)
(0.0281514 -0.0804897 0)
(0.018256 -0.117148 0)
(0.00713549 -0.154572 0)
(-0.0121219 -0.200679 0)
(-0.0246905 -0.283702 0)
(-0.056071 -0.408922 0)
(-0.00621851 -0.400056 0)
(0.00957301 0.0665336 0)
(0.0283369 0.168586 0)
(0.0434164 0.219481 0)
(0.0557613 0.238323 0)
(0.066881 0.233452 0)
(0.0764107 0.210314 0)
(0.0834752 0.176301 0)
(0.0877623 0.1383 0)
(0.0893546 0.100603 0)
(0.0885808 0.0648051 0)
(0.0857847 0.0307413 0)
(0.0807979 -0.00262636 0)
(0.073438 -0.0359847 0)
(0.0639573 -0.0699559 0)
(0.0510458 -0.104363 0)
(0.0364393 -0.139165 0)
(0.01234 -0.180662 0)
(-0.000643844 -0.260566 0)
(-0.0451721 -0.404806 0)
(0.00263383 -0.43469 0)
(0.00670611 0.0491872 0)
(0.0285889 0.147323 0)
(0.0499438 0.201202 0)
(0.0685204 0.22179 0)
(0.085736 0.218947 0)
(0.101193 0.199002 0)
(0.113633 0.168704 0)
(0.122368 0.134171 0)
(0.127317 0.0994218 0)
(0.128763 0.0661716 0)
(0.126991 0.0346458 0)
(0.122094 0.00401944 0)
(0.113576 -0.0261294 0)
(0.102079 -0.0566595 0)
(0.085398 -0.0876471 0)
(0.0666167 -0.119747 0)
(0.0370435 -0.157582 0)
(0.0229925 -0.23469 0)
(-0.0349125 -0.397297 0)
(0.0132777 -0.463215 0)
(0.00230032 0.0348185 0)
(0.0229601 0.122845 0)
(0.0497225 0.177993 0)
(0.0750193 0.200566 0)
(0.0993114 0.200191 0)
(0.121854 0.18395 0)
(0.140993 0.158163 0)
(0.15551 0.128072 0)
(0.164997 0.0972893 0)
(0.169686 0.0675241 0)
(0.169553 0.0393537 0)
(0.165322 0.0123463 0)
(0.155635 -0.0138764 0)
(0.142151 -0.0400654 0)
(0.121294 -0.0665589 0)
(0.0982272 -0.0949322 0)
(0.0629602 -0.129955 0)
(0.0460505 -0.205461 0)
(-0.0232719 -0.385931 0)
(0.0282522 -0.484759 0)
(-0.00337121 0.0291054 0)
(0.00958223 0.101053 0)
(0.0359959 0.14727 0)
(0.0673349 0.167554 0)
(0.0997555 0.168657 0)
(0.131035 0.156478 0)
(0.158628 0.136277 0)
(0.180809 0.112184 0)
(0.196557 0.0872633 0)
(0.206232 0.0630402 0)
(0.209041 0.0402594 0)
(0.206734 0.0187643 0)
(0.196642 -0.00180071 0)
(0.182268 -0.0219791 0)
(0.157924 -0.0422532 0)
(0.13185 -0.0657437 0)
(0.0910348 -0.0995866 0)
(0.0689153 -0.178394 0)
(-0.0049143 -0.369323 0)
(0.0518895 -0.491235 0)
(-0.0136749 0.0190023 0)
(-0.00749846 0.0882283 0)
(0.0185098 0.123483 0)
(0.0550966 0.136111 0)
(0.0956121 0.135492 0)
(0.135396 0.126317 0)
(0.171119 0.111799 0)
(0.200492 0.0942355 0)
(0.222039 0.0760384 0)
(0.23684 0.0581944 0)
(0.242774 0.0416758 0)
(0.243658 0.0263248 0)
(0.234545 0.0123382 0)
(0.222979 -0.00116891 0)
(0.198517 -0.0149314 0)
(0.17519 -0.0337287 0)
(0.131614 -0.0664702 0)
(0.10682 -0.145201 0)
(0.0370055 -0.326003 0)
(0.0921822 -0.45581 0)
(-0.10579 0.0827592 0)
(-0.0775832 0.0692431 0)
(-0.0486948 0.0730815 0)
(0.00313553 0.077282 0)
(0.0560397 0.0774518 0)
(0.108163 0.073159 0)
(0.154789 0.0658961 0)
(0.196656 0.0566161 0)
(0.228429 0.0471136 0)
(0.256314 0.0376386 0)
(0.271975 0.0291807 0)
(0.287136 0.0213785 0)
(0.287711 0.0148109 0)
(0.292106 0.0085602 0)
(0.276347 0.00173319 0)
(0.269664 -0.00940049 0)
(0.230915 -0.0350155 0)
(0.217483 -0.0951602 0)
(0.150066 -0.229713 0)
(0.170646 -0.341502 0)
(0.130101 0.103845 0)
(0.158603 0.0754905 0)
(0.212608 0.053515 0)
(0.27108 0.0418415 0)
(0.323443 0.0360473 0)
(0.375541 0.0320129 0)
(0.419769 0.0289442 0)
(0.464721 0.0255942 0)
(0.497534 0.0229253 0)
(0.532575 0.0197487 0)
(0.551921 0.0176131 0)
(0.577735 0.014698 0)
(0.583986 0.0132831 0)
(0.602525 0.0104848 0)
(0.594233 0.00954124 0)
(0.603058 0.00514314 0)
(0.567581 0.000210499 0)
(0.547743 -0.0182376 0)
(0.436005 -0.0504025 0)
(0.336912 -0.101409 0)
)
;

boundaryField
{
    movingWall
    {
        type            fixedValue;
        value           uniform (1 0 0);
    }
    fixedWalls
    {
        type            noSlip;
    }
    frontAndBack
    {
        type            empty;
    }
}


// ************************************************************************* //
