/*--------------------------------*- C++ -*----------------------------------*\
| =========                 |                                                 |
| \\      /  F ield         | OpenFOAM: The Open Source CFD Toolbox           |
|  \\    /   O peration     | Version:  2212                                  |
|   \\  /    A nd           | Website:  www.openfoam.com                      |
|    \\/     M anipulation  |                                                 |
\*---------------------------------------------------------------------------*/
FoamFile
{
    version     2.0;
    format      ascii;
    arch        "LSB;label=32;scalar=64";
    class       volVectorField;
    location    "3.015";
    object      U;
}
// * * * * * * * * * * * * * * * * * * * * * * * * * * * * * * * * * * * * * //

dimensions      [0 1 -1 0 0 0 0];

internalField   nonuniform List<vector> 
400
(
(0.00156671 -0.00158648 0)
(0.00447512 -0.00177051 0)
(0.00603383 -0.00113236 0)
(0.00507226 -0.000528292 0)
(0.00105359 0.000224357 0)
(-0.00707439 0.00172322 0)
(-0.0203347 0.00458592 0)
(-0.0385375 0.00830829 0)
(-0.0590778 0.0108098 0)
(-0.0769869 0.0101989 0)
(-0.0876553 0.0066871 0)
(-0.0886271 0.00175663 0)
(-0.0789855 -0.00339174 0)
(-0.0594739 -0.00797816 0)
(-0.0337393 -0.0105493 0)
(-0.00612819 -0.00959165 0)
(0.0155514 -0.00481766 0)
(0.0234074 0.00256716 0)
(0.0156513 0.00622536 0)
(0.00421771 0.00457474 0)
(0.00152363 -0.00464955 0)
(0.00263268 -0.00359814 0)
(-0.00106911 0.000749357 0)
(-0.0116995 0.00632204 0)
(-0.0310406 0.0135802 0)
(-0.0595747 0.0228297 0)
(-0.0940163 0.031755 0)
(-0.127742 0.0358585 0)
(-0.154833 0.032706 0)
(-0.17194 0.0231237 0)
(-0.177571 0.00932797 0)
(-0.171673 -0.00636775 0)
(-0.154815 -0.0222236 0)
(-0.127661 -0.035793 0)
(-0.0924438 -0.0434654 0)
(-0.051875 -0.0410212 0)
(-0.0118105 -0.0261082 0)
(0.0160119 -0.00171948 0)
(0.0172841 0.0155589 0)
(0.00542839 0.0143841 0)
(-0.000399783 -0.00503824 0)
(-0.00563106 0.00138922 0)
(-0.0195312 0.0141023 0)
(-0.0435151 0.0301558 0)
(-0.0779448 0.0475726 0)
(-0.1184 0.0620397 0)
(-0.157568 0.06842 0)
(-0.189972 0.0644726 0)
(-0.213378 0.0513668 0)
(-0.227121 0.031465 0)
(-0.231148 0.00705878 0)
(-0.226051 -0.0198337 0)
(-0.212132 -0.0470786 0)
(-0.188905 -0.0711279 0)
(-0.156096 -0.086917 0)
(-0.113698 -0.0874972 0)
(-0.0635458 -0.0661322 0)
(-0.0138807 -0.0230138 0)
(0.00919702 0.016969 0)
(0.00414222 0.0229225 0)
(-0.00342309 0.00122144 0)
(-0.0170914 0.0173899 0)
(-0.0422318 0.0402658 0)
(-0.0770353 0.065711 0)
(-0.118826 0.0879781 0)
(-0.160642 0.100696 0)
(-0.196162 0.100359 0)
(-0.223251 0.0879738 0)
(-0.242062 0.0665276 0)
(-0.253144 0.0386706 0)
(-0.257282 0.00626994 0)
(-0.255256 -0.02935 0)
(-0.247012 -0.0660261 0)
(-0.231506 -0.100838 0)
(-0.206771 -0.12841 0)
(-0.170138 -0.140041 0)
(-0.119162 -0.123715 0)
(-0.0558659 -0.0702356 0)
(-0.0011172 0.00268919 0)
(0.00471678 0.0274736 0)
(-0.00642319 0.0150988 0)
(-0.0276627 0.043274 0)
(-0.0609506 0.07454 0)
(-0.100667 0.10514 0)
(-0.142291 0.127085 0)
(-0.178973 0.134533 0)
(-0.207102 0.126735 0)
(-0.226856 0.106973 0)
(-0.239453 0.0790136 0)
(-0.246547 0.0456231 0)
(-0.249817 0.00834961 0)
(-0.25022 -0.0320228 0)
(-0.247568 -0.0743798 0)
(-0.241236 -0.117399 0)
(-0.228464 -0.157184 0)
(-0.204642 -0.185361 0)
(-0.163838 -0.186758 0)
(-0.101514 -0.140822 0)
(-0.0218589 -0.0389067 0)
(0.00719481 0.0263127 0)
(-0.00813895 0.0343285 0)
(-0.0337064 0.0745781 0)
(-0.0702053 0.111129 0)
(-0.109084 0.142887 0)
(-0.145527 0.161271 0)
(-0.174116 0.162007 0)
(-0.193607 0.146866 0)
(-0.205376 0.120672 0)
(-0.211345 0.0877377 0)
(-0.21396 0.0510568 0)
(-0.215261 0.0121182 0)
(-0.216316 -0.0286904 0)
(-0.217351 -0.0718519 0)
(-0.218396 -0.117801 0)
(-0.217246 -0.165354 0)
(-0.20877 -0.20904 0)
(-0.184921 -0.23469 0)
(-0.13723 -0.215226 0)
(-0.0614372 -0.117156 0)
(0.00558324 0.0137002 0)
(-0.00789777 0.0554677 0)
(-0.0337831 0.106733 0)
(-0.0689175 0.145594 0)
(-0.103117 0.175597 0)
(-0.132229 0.188692 0)
(-0.152525 0.182333 0)
(-0.1644 0.160325 0)
(-0.169845 0.128618 0)
(-0.171224 0.0919997 0)
(-0.171085 0.0535455 0)
(-0.171067 0.0145394 0)
(-0.171929 -0.0250014 0)
(-0.174235 -0.0662773 0)
(-0.178517 -0.110712 0)
(-0.184058 -0.159491 0)
(-0.187118 -0.211447 0)
(-0.179717 -0.257465 0)
(-0.151893 -0.27126 0)
(-0.097442 -0.202868 0)
(-0.00867628 -0.0147365 0)
(-0.00582564 0.075105 0)
(-0.0284353 0.136191 0)
(-0.0588887 0.175447 0)
(-0.0865585 0.202147 0)
(-0.108222 0.209407 0)
(-0.121671 0.19627 0)
(-0.128224 0.168213 0)
(-0.13011 0.132082 0)
(-0.129781 0.0929569 0)
(-0.129298 0.0536764 0)
(-0.129478 0.0150327 0)
(-0.130545 -0.0233871 0)
(-0.132977 -0.0627221 0)
(-0.137499 -0.104379 0)
(-0.144693 -0.150495 0)
(-0.153134 -0.203495 0)
(-0.156652 -0.261238 0)
(-0.144834 -0.303823 0)
(-0.110607 -0.27342 0)
(-0.0302155 -0.0739901 0)
(-0.00257472 0.0903271 0)
(-0.0194443 0.160362 0)
(-0.043242 0.199137 0)
(-0.0638419 0.221945 0)
(-0.0788602 0.223768 0)
(-0.087234 0.20504 0)
(-0.0906457 0.172417 0)
(-0.0912014 0.133321 0)
(-0.0910398 0.0929165 0)
(-0.0914629 0.053614 0)
(-0.0925957 0.0155711 0)
(-0.0943378 -0.0220718 0)
(-0.0968717 -0.0602336 0)
(-0.100747 -0.0997703 0)
(-0.107148 -0.14252 0)
(-0.116785 -0.192638 0)
(-0.126299 -0.254503 0)
(-0.125121 -0.318775 0)
(-0.106258 -0.330283 0)
(-0.0367739 -0.160206 0)
(0.00117271 0.0989686 0)
(-0.00847449 0.177527 0)
(-0.0245267 0.21618 0)
(-0.0381202 0.235755 0)
(-0.047414 0.233464 0)
(-0.0521463 0.210758 0)
(-0.0538715 0.175081 0)
(-0.0542453 0.134269 0)
(-0.0548454 0.0934578 0)
(-0.0563222 0.0545435 0)
(-0.0584637 0.0170966 0)
(-0.0610838 -0.0200499 0)
(-0.0641735 -0.0576726 0)
(-0.0679604 -0.0961208 0)
(-0.0734473 -0.136295 0)
(-0.0822949 -0.182184 0)
(-0.0944724 -0.242335 0)
(-0.0998229 -0.319334 0)
(-0.0944621 -0.367628 0)
(-0.0306865 -0.238721 0)
(0.00483998 0.100013 0)
(0.00285627 0.186719 0)
(-0.00514473 0.226333 0)
(-0.0120323 0.243523 0)
(-0.0162963 0.238416 0)
(-0.0180528 0.213459 0)
(-0.0185436 0.176449 0)
(-0.0188361 0.135243 0)
(-0.019919 0.0947498 0)
(-0.0220228 0.0564757 0)
(-0.0248307 0.0196905 0)
(-0.0282272 -0.016876 0)
(-0.0322217 -0.0540223 0)
(-0.0368055 -0.0919052 0)
(-0.0425763 -0.130593 0)
(-0.0509223 -0.172853 0)
(-0.0647138 -0.228917 0)
(-0.073925 -0.312678 0)
(-0.0808875 -0.391911 0)
(-0.0228638 -0.302899 0)
(0.00792453 0.0938335 0)
(0.0135151 0.187629 0)
(0.0134423 0.229734 0)
(0.0130755 0.246174 0)
(0.0137254 0.240026 0)
(0.0149984 0.214537 0)
(0.0159754 0.177535 0)
(0.0161462 0.136718 0)
(0.0150861 0.0967806 0)
(0.0128315 0.0591429 0)
(0.00969597 0.0230906 0)
(0.00569039 -0.0126344 0)
(0.000668494 -0.0489306 0)
(-0.00528097 -0.0859863 0)
(-0.0125532 -0.123505 0)
(-0.0214912 -0.162782 0)
(-0.0373954 -0.213512 0)
(-0.0490408 -0.29885 0)
(-0.0680068 -0.403797 0)
(-0.0145352 -0.355778 0)
(0.0095897 0.0815923 0)
(0.0221252 0.18033 0)
(0.0295425 0.225956 0)
(0.0353031 0.242728 0)
(0.0408664 0.236741 0)
(0.0458033 0.212148 0)
(0.0492571 0.17647 0)
(0.0509293 0.137021 0)
(0.0507552 0.0982842 0)
(0.0489591 0.0617277 0)
(0.045842 0.0268296 0)
(0.0413532 -0.00759173 0)
(0.0353057 -0.0424724 0)
(0.0277467 -0.0781073 0)
(0.0179654 -0.114152 0)
(0.00691536 -0.151006 0)
(-0.012317 -0.196995 0)
(-0.0251277 -0.280684 0)
(-0.0562829 -0.406442 0)
(-0.00631203 -0.397864 0)
(0.00910669 0.0654475 0)
(0.0272785 0.165262 0)
(0.0420311 0.215291 0)
(0.054167 0.234126 0)
(0.0651814 0.229876 0)
(0.0747047 0.207613 0)
(0.0818186 0.174411 0)
(0.0861627 0.137075 0)
(0.0877999 0.0999555 0)
(0.0870622 0.0647253 0)
(0.0842963 0.0312386 0)
(0.0794199 -0.00152298 0)
(0.0721945 -0.0342979 0)
(0.0628266 -0.0677004 0)
(0.0500918 -0.101521 0)
(0.035635 -0.135735 0)
(0.0116969 -0.177013 0)
(-0.00134523 -0.257583 0)
(-0.0455365 -0.402488 0)
(0.00248669 -0.432741 0)
(0.00637071 0.0488421 0)
(0.0274117 0.144686 0)
(0.0482173 0.197417 0)
(0.06644 0.2178 0)
(0.0834358 0.21543 0)
(0.098786 0.19627 0)
(0.111195 0.166762 0)
(0.11993 0.132909 0)
(0.124889 0.0987509 0)
(0.12636 0.0660597 0)
(0.124633 0.0350791 0)
(0.119851 0.00502485 0)
(0.111468 -0.0245979 0)
(0.100136 -0.0546036 0)
(0.0837234 -0.0850503 0)
(0.0651779 -0.116587 0)
(0.0359054 -0.154126 0)
(0.0221234 -0.231834 0)
(-0.0353968 -0.395198 0)
(0.0130557 -0.461635 0)
(0.00217189 0.03508 0)
(0.0219176 0.121103 0)
(0.047861 0.174891 0)
(0.0725893 0.19702 0)
(0.0964802 0.196899 0)
(0.118749 0.181273 0)
(0.13772 0.156182 0)
(0.152145 0.126736 0)
(0.16159 0.0965248 0)
(0.166283 0.0672941 0)
(0.166208 0.0396299 0)
(0.162095 0.013121 0)
(0.152608 -0.0126286 0)
(0.139351 -0.0383251 0)
(0.118857 -0.0643223 0)
(0.0961281 -0.0922073 0)
(0.0612959 -0.126913 0)
(0.0450303 -0.20303 0)
(-0.0238984 -0.384385 0)
(0.0279297 -0.483643 0)
(-0.0032881 0.0298188 0)
(0.00881785 0.100224 0)
(0.0342796 0.144929 0)
(0.0648819 0.164616 0)
(0.0967147 0.1658 0)
(0.127526 0.154077 0)
(0.154774 0.134458 0)
(0.176719 0.110945 0)
(0.192334 0.0865546 0)
(0.201935 0.0628155 0)
(0.20479 0.0404899 0)
(0.202553 0.019414 0)
(0.192718 -0.000722388 0)
(0.178626 -0.020515 0)
(0.154737 -0.0404183 0)
(0.129131 -0.0635753 0)
(0.088956 -0.0971522 0)
(0.0677917 -0.176352 0)
(-0.00558195 -0.368299 0)
(0.051558 -0.490599 0)
(-0.0131645 0.0197236 0)
(-0.00752258 0.0882139 0)
(0.0173264 0.12226 0)
(0.0529451 0.134185 0)
(0.0925741 0.133395 0)
(0.131603 0.124414 0)
(0.166747 0.110262 0)
(0.195693 0.093114 0)
(0.217003 0.0753319 0)
(0.231648 0.0578688 0)
(0.237634 0.0417278 0)
(0.238609 0.0267066 0)
(0.229837 0.0130727 0)
(0.218573 -0.000172963 0)
(0.194705 -0.013644 0)
(0.172043 -0.0322534 0)
(0.129273 -0.064866 0)
(0.105498 -0.144129 0)
(0.0363652 -0.325763 0)
(0.0919367 -0.455639 0)
(-0.105462 0.0832646 0)
(-0.0773843 0.0695452 0)
(-0.0490207 0.0725231 0)
(0.00198977 0.0762568 0)
(0.0539839 0.0762432 0)
(0.105262 0.0720014 0)
(0.151208 0.0649289 0)
(0.192528 0.0558861 0)
(0.224003 0.046644 0)
(0.251695 0.0374044 0)
(0.267408 0.0291855 0)
(0.282673 0.0215745 0)
(0.283589 0.0152019 0)
(0.288334 0.00908568 0)
(0.27322 0.00242358 0)
(0.267103 -0.00868673 0)
(0.228991 -0.0343251 0)
(0.216461 -0.0947812 0)
(0.14976 -0.229663 0)
(0.170583 -0.341512 0)
(0.130304 0.104022 0)
(0.159041 0.0759113 0)
(0.213268 0.0539518 0)
(0.271637 0.0421562 0)
(0.323638 0.0362245 0)
(0.3752 0.0320891 0)
(0.418899 0.0289744 0)
(0.463364 0.0256112 0)
(0.495844 0.0229582 0)
(0.530663 0.0198013 0)
(0.549949 0.0176969 0)
(0.575802 0.0148035 0)
(0.582222 0.0134205 0)
(0.600999 0.0106409 0)
(0.593052 0.00972115 0)
(0.602242 0.00530974 0)
(0.567165 0.000366644 0)
(0.547745 -0.0181188 0)
(0.436285 -0.0503544 0)
(0.337077 -0.101406 0)
)
;

boundaryField
{
    movingWall
    {
        type            fixedValue;
        value           uniform (1 0 0);
    }
    fixedWalls
    {
        type            noSlip;
    }
    frontAndBack
    {
        type            empty;
    }
}


// ************************************************************************* //
