/*--------------------------------*- C++ -*----------------------------------*\
| =========                 |                                                 |
| \\      /  F ield         | OpenFOAM: The Open Source CFD Toolbox           |
|  \\    /   O peration     | Version:  2212                                  |
|   \\  /    A nd           | Website:  www.openfoam.com                      |
|    \\/     M anipulation  |                                                 |
\*---------------------------------------------------------------------------*/
FoamFile
{
    version     2.0;
    format      ascii;
    arch        "LSB;label=32;scalar=64";
    class       volScalarField;
    location    "3.795";
    object      p;
}
// * * * * * * * * * * * * * * * * * * * * * * * * * * * * * * * * * * * * * //

dimensions      [0 2 -2 0 0 0 0];

internalField   nonuniform List<scalar> 
400
(
2.22715e-07
-0.000149145
-0.000527369
-0.00105723
-0.00170926
-0.00245939
-0.00314121
-0.0035484
-0.00351442
-0.00288624
-0.00151171
0.000637187
0.00325062
0.00551373
0.0065562
0.00598884
0.00411064
0.00228213
0.00124712
0.00117376
0.000116775
-5.54435e-05
-0.000369144
-0.000751806
-0.00122669
-0.00186163
-0.00266545
-0.00348677
-0.00401165
-0.00386874
-0.00278779
-0.000785313
0.00171163
0.0039808
0.00516528
0.00482293
0.00322688
0.00151502
0.000735172
0.000818918
0.000529676
0.000263782
-7.27535e-05
-0.000548668
-0.00132413
-0.00253531
-0.00414262
-0.0058732
-0.0072653
-0.00779726
-0.00712769
-0.00534511
-0.00279701
-0.000113447
0.00187759
0.00253542
0.00184522
0.000652409
-0.000244027
-0.000248995
0.00113023
0.000726494
0.000188699
-0.000759157
-0.00240187
-0.00483845
-0.0078355
-0.0109012
-0.0134373
-0.0148876
-0.0149199
-0.0135735
-0.0110601
-0.00783004
-0.00457884
-0.00204944
-0.000714538
-0.000552212
-0.0011337
-0.0017656
0.00153753
0.000941135
-3.07131e-05
-0.00188771
-0.00490189
-0.00898718
-0.0136258
-0.0181039
-0.0217719
-0.0241681
-0.0250348
-0.0242524
-0.0219396
-0.0183783
-0.0139997
-0.0094064
-0.00539005
-0.00278175
-0.00204371
-0.00385316
0.00123333
0.000404823
-0.00119404
-0.00422395
-0.00881546
-0.0145636
-0.0206284
-0.026158
-0.0305463
-0.0334788
-0.0348291
-0.0344982
-0.0325632
-0.029164
-0.0244347
-0.0185895
-0.012224
-0.00674317
-0.00423562
-0.00634131
-0.000102315
-0.00117474
-0.00346235
-0.00764932
-0.013638
-0.0206592
-0.027627
-0.0336637
-0.038278
-0.041312
-0.0427756
-0.04269
-0.0411181
-0.038122
-0.0336715
-0.0276435
-0.0201508
-0.0124296
-0.00765916
-0.00758384
-0.00247384
-0.00373307
-0.00660698
-0.0116836
-0.0186335
-0.0263893
-0.0337353
-0.0398542
-0.0443992
-0.0473386
-0.0487654
-0.0487767
-0.0474491
-0.0448237
-0.0408424
-0.035262
-0.0278143
-0.0190064
-0.0115846
-0.00782563
-0.00551188
-0.00685369
-0.0101069
-0.0157075
-0.0231462
-0.0311723
-0.0385391
-0.044525
-0.0489031
-0.0517191
-0.0531002
-0.0531564
-0.0519611
-0.049566
-0.0459706
-0.0410031
-0.034235
-0.0254815
-0.0163964
-0.00979273
-0.00865483
-0.00996979
-0.013379
-0.0191545
-0.0266884
-0.0346708
-0.0418865
-0.0476929
-0.0519309
-0.0546718
-0.0560391
-0.0561235
-0.0549876
-0.0526969
-0.0493215
-0.0448342
-0.0389025
-0.0309688
-0.0219201
-0.0140465
-0.0113827
-0.0125987
-0.0159549
-0.0216176
-0.028955
-0.0367113
-0.0437311
-0.049403
-0.0535761
-0.0563032
-0.0576846
-0.0577881
-0.0566637
-0.0543828
-0.0510757
-0.0468572
-0.0416439
-0.0347755
-0.0267355
-0.0188073
-0.0134044
-0.0144363
-0.0175708
-0.0228627
-0.0297664
-0.0371729
-0.0440074
-0.0496351
-0.0538414
-0.0566264
-0.0580521
-0.0581668
-0.0570119
-0.0546602
-0.0512933
-0.0471396
-0.0424234
-0.0364532
-0.02956
-0.0220157
-0.0146866
-0.0153857
-0.0180758
-0.0227789
-0.0290622
-0.0360295
-0.0426984
-0.0483719
-0.0527147
-0.0556361
-0.0571443
-0.0572653
-0.056036
-0.0535507
-0.0500163
-0.0457246
-0.0412531
-0.0357664
-0.029804
-0.0225301
-0.0153232
-0.0155588
-0.0175379
-0.0213731
-0.0268372
-0.0332752
-0.0397857
-0.0455791
-0.0501634
-0.0533172
-0.0549723
-0.0551259
-0.053799
-0.0511111
-0.0473133
-0.0427823
-0.0381574
-0.0327421
-0.0277786
-0.0200192
-0.0154424
-0.015164
-0.0161553
-0.0188036
-0.0232194
-0.0290172
-0.0353578
-0.0413316
-0.0462591
-0.0497524
-0.0516384
-0.0518613
-0.0504584
-0.047523
-0.0433741
-0.0384408
-0.0333983
-0.0278604
-0.02407
-0.0142952
-0.015164
-0.0144487
-0.0141443
-0.0152512
-0.0183992
-0.0234518
-0.0296051
-0.0358036
-0.0411642
-0.0451093
-0.0473414
-0.0477359
-0.0463174
-0.0431542
-0.0386047
-0.0331219
-0.027476
-0.0216324
-0.0181427
-0.00395216
-0.0145752
-0.0135509
-0.0116611
-0.011027
-0.0128306
-0.0171275
-0.0231111
-0.0295665
-0.0354257
-0.0399221
-0.0426285
-0.0433246
-0.0420052
-0.0387044
-0.0337416
-0.0275037
-0.0207421
-0.0135258
-0.00715236
0.0157251
-0.0145361
-0.0126282
-0.00867232
-0.00629765
-0.00694169
-0.0106721
-0.0165863
-0.0233308
-0.0297233
-0.0348368
-0.0381343
-0.0392749
-0.0382066
-0.0349371
-0.0296105
-0.0222601
-0.0131311
-0.00116943
0.0160996
0.0565647
-0.0117882
-0.0118488
-0.00583048
-0.00194233
-0.00191751
-0.00546606
-0.011486
-0.0185488
-0.0254391
-0.0311176
-0.0350166
-0.0367119
-0.0361083
-0.0329325
-0.0270323
-0.0176259
-0.0035205
0.0198847
0.0600186
0.129258
-0.029498
-0.0106794
-0.000760079
0.00286569
0.00224344
-0.00167446
-0.00796953
-0.015347
-0.0225972
-0.0286562
-0.0329313
-0.0349755
-0.034655
-0.0315543
-0.0250365
-0.0129264
0.00907395
0.0506093
0.122264
0.225567
)
;

boundaryField
{
    movingWall
    {
        type            zeroGradient;
    }
    fixedWalls
    {
        type            zeroGradient;
    }
    frontAndBack
    {
        type            empty;
    }
}


// ************************************************************************* //
