/*--------------------------------*- C++ -*----------------------------------*\
| =========                 |                                                 |
| \\      /  F ield         | OpenFOAM: The Open Source CFD Toolbox           |
|  \\    /   O peration     | Version:  2212                                  |
|   \\  /    A nd           | Website:  www.openfoam.com                      |
|    \\/     M anipulation  |                                                 |
\*---------------------------------------------------------------------------*/
FoamFile
{
    version     2.0;
    format      ascii;
    arch        "LSB;label=32;scalar=64";
    class       surfaceScalarField;
    location    "0.305";
    object      phi;
}
// * * * * * * * * * * * * * * * * * * * * * * * * * * * * * * * * * * * * * //

dimensions      [0 3 -1 0 0 0 0];

oriented        oriented;

internalField   nonuniform List<scalar> 
760
(
-2.05655e-08
2.05655e-08
-7.03742e-08
4.98087e-08
-1.30399e-07
6.00244e-08
-1.91821e-07
6.14227e-08
-2.51943e-07
6.01216e-08
-3.09636e-07
5.76929e-08
-3.63801e-07
5.41651e-08
-4.12995e-07
4.91949e-08
-4.55341e-07
4.23459e-08
-4.88506e-07
3.31643e-08
-5.09756e-07
2.12498e-08
-5.16097e-07
6.34178e-09
-5.04297e-07
-1.18002e-08
-4.71731e-07
-3.25664e-08
-4.16784e-07
-5.49464e-08
-3.39747e-07
-7.70373e-08
-2.44077e-07
-9.56699e-08
-1.38901e-07
-1.05176e-07
-4.47678e-08
-9.41336e-08
-4.47678e-08
-5.26637e-08
7.32292e-08
-1.51536e-07
1.48682e-07
-2.65447e-07
1.73935e-07
-3.8084e-07
1.76815e-07
-4.92392e-07
1.71674e-07
-5.97355e-07
1.62656e-07
-6.93342e-07
1.50152e-07
-7.77678e-07
1.33531e-07
-8.47222e-07
1.1189e-07
-8.98317e-07
8.42593e-08
-9.26868e-07
4.98015e-08
-9.28908e-07
8.38151e-09
-8.99474e-07
-4.12344e-08
-8.35382e-07
-9.66577e-08
-7.34815e-07
-1.55514e-07
-5.98924e-07
-2.12929e-07
-4.33835e-07
-2.60759e-07
-2.54266e-07
-2.84745e-07
-9.04384e-08
-2.57961e-07
-1.35206e-07
-6.68631e-08
1.40092e-07
-1.87418e-07
2.69237e-07
-3.24135e-07
3.10652e-07
-4.61636e-07
3.14315e-07
-5.93925e-07
3.03964e-07
-7.1783e-07
2.86562e-07
-8.30621e-07
2.62942e-07
-9.29324e-07
2.32234e-07
-1.01051e-06
1.93072e-07
-1.0702e-06
1.43948e-07
-1.10389e-06
8.34937e-08
-1.10673e-06
1.12287e-08
-1.07332e-06
-7.46478e-08
-9.99297e-07
-1.70682e-07
-8.81849e-07
-2.72961e-07
-7.21532e-07
-3.73246e-07
-5.2495e-07
-4.57341e-07
-3.09302e-07
-5.00393e-07
-1.10786e-07
-4.56476e-07
-2.45993e-07
-7.22878e-08
2.1238e-07
-2.02928e-07
3.99877e-07
-3.50566e-07
4.5829e-07
-4.98781e-07
4.62531e-07
-6.41534e-07
4.46716e-07
-7.75777e-07
4.20805e-07
-8.98919e-07
3.86084e-07
-1.0081e-06
3.41418e-07
-1.09994e-06
2.84908e-07
-1.17032e-06
2.14328e-07
-1.2143e-06
1.27478e-07
-1.22624e-06
2.31653e-08
-1.19923e-06
-1.01661e-07
-1.12677e-06
-2.43139e-07
-1.00357e-06
-3.96164e-07
-8.27954e-07
-5.48859e-07
-6.05884e-07
-6.79411e-07
-3.57316e-07
-7.48961e-07
-1.2678e-07
-6.87012e-07
-3.72773e-07
-7.54182e-08
2.87798e-07
-2.12931e-07
5.3739e-07
-3.68541e-07
6.139e-07
-5.25039e-07
6.19029e-07
-6.76501e-07
5.98178e-07
-8.20228e-07
5.64531e-07
-9.54012e-07
5.19869e-07
-1.07536e-06
4.62764e-07
-1.18112e-06
3.90671e-07
-1.26719e-06
3.00397e-07
-1.32815e-06
1.88441e-07
-1.35717e-06
5.21808e-08
-1.3454e-06
-1.13425e-07
-1.28267e-06
-3.05875e-07
-1.15929e-06
-5.19542e-07
-9.69139e-07
-7.3901e-07
-7.15929e-07
-9.32621e-07
-4.23187e-07
-1.0417e-06
-1.48462e-07
-9.61737e-07
-5.21235e-07
-7.85432e-08
3.66341e-07
-2.23045e-07
6.81892e-07
-3.86952e-07
7.77807e-07
-5.52284e-07
7.8436e-07
-7.13314e-07
7.59207e-07
-8.67844e-07
7.19062e-07
-1.01427e-06
6.66297e-07
-1.15073e-06
5.99218e-07
-1.27461e-06
5.14553e-07
-1.38209e-06
4.07877e-07
-1.4675e-06
2.73858e-07
-1.52265e-06
1.07322e-07
-1.53663e-06
-9.9439e-08
-1.49383e-06
-3.48675e-07
-1.37766e-06
-6.3571e-07
-1.1738e-06
-9.42873e-07
-8.80113e-07
-1.22631e-06
-5.23376e-07
-1.39844e-06
-1.81354e-07
-1.30376e-06
-7.02589e-07
-8.22437e-08
4.48585e-07
-2.34827e-07
8.34476e-07
-4.08211e-07
9.51191e-07
-5.83532e-07
9.59681e-07
-7.55329e-07
9.31004e-07
-9.22081e-07
8.85814e-07
-1.08305e-06
8.27269e-07
-1.23736e-06
7.53529e-07
-1.38343e-06
6.60625e-07
-1.5183e-06
5.4274e-07
-1.63661e-06
3.9217e-07
-1.72935e-06
2.00057e-07
-1.78389e-06
-4.48955e-08
-1.77751e-06
-3.55054e-07
-1.68359e-06
-7.29627e-07
-1.47342e-06
-1.15304e-06
-1.13113e-06
-1.5686e-06
-6.82246e-07
-1.84732e-06
-2.34067e-07
-1.75194e-06
-9.36656e-07
-8.66454e-08
5.3523e-07
-2.48611e-07
9.96441e-07
-4.32692e-07
1.13527e-06
-6.18948e-07
1.14594e-06
-8.02255e-07
1.11431e-06
-9.81969e-07
1.06553e-06
-1.15854e-06
1.00384e-06
-1.33255e-06
9.27543e-07
-1.50414e-06
8.32212e-07
-1.67214e-06
7.10742e-07
-1.83278e-06
5.52809e-07
-1.97727e-06
3.44549e-07
-2.09354e-06
7.13727e-08
-2.15063e-06
-2.97964e-07
-2.10949e-06
-7.70772e-07
-1.91759e-06
-1.34494e-06
-1.52923e-06
-1.95697e-06
-9.52169e-07
-2.42438e-06
-3.2894e-07
-2.37517e-06
-1.2656e-06
-9.18698e-08
6.271e-07
-2.64612e-07
1.16918e-06
-4.60448e-07
1.33111e-06
-6.58102e-07
1.34359e-06
-8.52859e-07
1.30907e-06
-1.04516e-06
1.25783e-06
-1.237e-06
1.19567e-06
-1.43096e-06
1.12151e-06
-1.62977e-06
1.03102e-06
-1.83549e-06
9.16454e-07
-2.04801e-06
7.65332e-07
-2.26253e-06
5.59067e-07
-2.46443e-06
2.73274e-07
-2.62979e-06
-1.32598e-07
-2.7001e-06
-7.00467e-07
-2.5895e-06
-1.45554e-06
-2.192e-06
-2.35447e-06
-1.45071e-06
-3.16567e-06
-5.26019e-07
-3.29986e-06
-1.79161e-06
-9.82514e-08
7.25351e-07
-2.83422e-07
1.35435e-06
-4.91933e-07
1.53962e-06
-7.00852e-07
1.55251e-06
-9.05959e-07
1.51417e-06
-1.109e-06
1.46087e-06
-1.31379e-06
1.40046e-06
-1.52545e-06
1.33317e-06
-1.7502e-06
1.25577e-06
-1.99487e-06
1.16112e-06
-2.26583e-06
1.03628e-06
-2.56631e-06
8.5955e-07
-2.88988e-06
5.96848e-07
-3.22517e-06
2.02694e-07
-3.50894e-06
-4.16702e-07
-3.61357e-06
-1.3509e-06
-3.31917e-06
-2.64887e-06
-2.39751e-06
-4.08734e-06
-9.55984e-07
-4.74138e-06
-2.7476e-06
-1.06542e-07
8.31894e-07
-3.06422e-07
1.55423e-06
-5.28522e-07
1.76172e-06
-7.47914e-07
1.7719e-06
-9.61032e-07
1.72729e-06
-1.17112e-06
1.67096e-06
-1.38404e-06
1.61338e-06
-1.60771e-06
1.55685e-06
-1.85248e-06
1.50054e-06
-2.13154e-06
1.44018e-06
-2.46101e-06
1.36575e-06
-2.85893e-06
1.25748e-06
-3.34227e-06
1.08018e-06
-3.91148e-06
7.71901e-07
-4.56031e-06
2.32128e-07
-5.08965e-06
-8.21557e-07
-5.08832e-06
-2.65021e-06
-4.00009e-06
-5.17556e-06
-1.78046e-06
-6.96101e-06
-4.52806e-06
-1.18214e-07
9.50108e-07
-3.36311e-07
1.77233e-06
-5.73111e-07
1.99852e-06
-8.01455e-07
2.00025e-06
-1.01884e-06
1.94467e-06
-1.23026e-06
1.88238e-06
-1.44357e-06
1.82669e-06
-1.66931e-06
1.78258e-06
-1.92185e-06
1.75309e-06
-2.22129e-06
1.73963e-06
-2.59595e-06
1.74041e-06
-3.08511e-06
1.74663e-06
-3.74082e-06
1.7359e-06
-4.62039e-06
1.65147e-06
-5.70893e-06
1.32067e-06
-6.8253e-06
2.94819e-07
-7.21352e-06
-2.26199e-06
-5.98936e-06
-6.39972e-06
-2.98319e-06
-9.96718e-06
-7.51125e-06
-1.35964e-07
1.08607e-06
-3.77932e-07
2.0143e-06
-6.30939e-07
2.25152e-06
-8.6579e-07
2.2351e-06
-1.08209e-06
2.16097e-06
-1.28704e-06
2.08734e-06
-1.49018e-06
2.02983e-06
-1.70365e-06
1.99605e-06
-1.94435e-06
1.99379e-06
-2.23762e-06
2.0329e-06
-2.62289e-06
2.12568e-06
-3.16112e-06
2.28487e-06
-3.94025e-06
2.51502e-06
-5.05995e-06
2.77117e-06
-6.52109e-06
2.78181e-06
-7.94923e-06
1.72296e-06
-8.53596e-06
-1.67526e-06
-7.34471e-06
-7.59096e-06
-4.16145e-06
-1.31504e-05
-1.16727e-05
-1.6482e-07
1.25089e-06
-4.39669e-07
2.28915e-06
-7.10498e-07
2.52235e-06
-9.47878e-07
2.47248e-06
-1.15592e-06
2.36901e-06
-1.34487e-06
2.2763e-06
-1.52525e-06
2.2102e-06
-1.70882e-06
2.17962e-06
-1.91154e-06
2.19651e-06
-2.15851e-06
2.27987e-06
-2.49181e-06
2.45898e-06
-2.98045e-06
2.7735e-06
-3.72108e-06
3.25565e-06
-4.79504e-06
3.84514e-06
-6.14495e-06
4.13171e-06
-7.39416e-06
2.97218e-06
-7.85496e-06
-1.21447e-06
-7.10868e-06
-8.33725e-06
-4.56581e-06
-1.56933e-05
-1.62385e-05
-2.13213e-07
1.4641e-06
-5.35977e-07
2.61191e-06
-8.27117e-07
2.81349e-06
-1.0594e-06
2.70475e-06
-1.24863e-06
2.55824e-06
-1.41039e-06
2.43805e-06
-1.55495e-06
2.35477e-06
-1.69056e-06
2.31523e-06
-1.82678e-06
2.33273e-06
-1.97913e-06
2.43222e-06
-2.17586e-06
2.65571e-06
-2.46533e-06
3.06297e-06
-2.9101e-06
3.70042e-06
-3.53231e-06
4.46735e-06
-4.23738e-06
4.83678e-06
-4.84752e-06
3.58231e-06
-5.29003e-06
-7.7195e-07
-5.32021e-06
-8.30707e-06
-3.8654e-06
-1.71481e-05
-2.01039e-05
-2.99108e-07
1.76321e-06
-6.88797e-07
3.0016e-06
-9.90502e-07
3.1152e-06
-1.20559e-06
2.91984e-06
-1.3655e-06
2.71815e-06
-1.49029e-06
2.56285e-06
-1.58857e-06
2.45305e-06
-1.66183e-06
2.38849e-06
-1.70793e-06
2.37883e-06
-1.72299e-06
2.44729e-06
-1.7044e-06
2.63712e-06
-1.6517e-06
3.01026e-06
-1.56773e-06
3.61644e-06
-1.44682e-06
4.34644e-06
-1.31256e-06
4.70252e-06
-1.29407e-06
3.56383e-06
-1.70108e-06
-3.64944e-07
-2.3825e-06
-7.62565e-06
-2.36858e-06
-1.7162e-05
-2.24725e-05
-4.64259e-07
2.22747e-06
-9.93767e-07
3.53111e-06
-1.28372e-06
3.40515e-06
-1.42676e-06
3.06288e-06
-1.52232e-06
2.81371e-06
-1.59198e-06
2.6325e-06
-1.63072e-06
2.49179e-06
-1.62622e-06
2.38399e-06
-1.56407e-06
2.31667e-06
-1.41983e-06
2.30306e-06
-1.16106e-06
2.37835e-06
-7.3353e-07
2.58273e-06
-7.46006e-08
2.95752e-06
7.98777e-07
3.47307e-06
1.71487e-06
3.78643e-06
2.29862e-06
2.98008e-06
1.91364e-06
2.00388e-08
5.18631e-07
-6.23064e-06
-2.56889e-07
-1.63865e-05
-2.27294e-05
-4.48925e-07
2.6764e-06
-1.09502e-06
4.1772e-06
-1.49248e-06
3.80261e-06
-1.69294e-06
3.26335e-06
-1.74594e-06
2.86671e-06
-1.69801e-06
2.58458e-06
-1.5695e-06
2.36328e-06
-1.36213e-06
2.17662e-06
-1.08073e-06
2.03527e-06
-7.01702e-07
1.92403e-06
-1.96851e-07
1.8735e-06
5.03443e-07
1.88244e-06
1.43598e-06
2.02498e-06
2.6778e-06
2.23124e-06
4.08176e-06
2.38247e-06
5.10177e-06
1.96007e-06
5.21241e-06
-9.06041e-08
3.92828e-06
-4.94651e-06
1.78254e-06
-1.42408e-05
-2.09468e-05
-3.91276e-06
6.58916e-06
-3.76984e-06
4.03428e-06
-2.67122e-06
2.704e-06
-1.61509e-06
2.20721e-06
-6.47151e-07
1.89877e-06
2.90158e-07
1.64727e-06
1.20261e-06
1.45083e-06
2.09647e-06
1.28276e-06
2.96502e-06
1.16672e-06
3.8277e-06
1.06135e-06
4.69191e-06
1.00928e-06
5.59919e-06
9.75156e-07
6.59997e-06
1.0242e-06
7.73924e-06
1.09197e-06
9.07589e-06
1.04581e-06
1.03197e-05
7.16296e-07
1.06565e-05
-4.2746e-07
9.7863e-06
-4.07629e-06
5.55577e-06
-1.00102e-05
-1.53911e-05
6.58916e-06
1.06234e-05
1.33274e-05
1.55346e-05
1.74334e-05
1.90807e-05
2.05315e-05
2.18143e-05
2.2981e-05
2.40423e-05
2.50516e-05
2.60268e-05
2.7051e-05
2.8143e-05
2.91888e-05
2.99051e-05
2.94776e-05
2.54013e-05
1.53911e-05
)
;

boundaryField
{
    movingWall
    {
        type            calculated;
        value           uniform 0;
    }
    fixedWalls
    {
        type            calculated;
        value           uniform 0;
    }
    frontAndBack
    {
        type            empty;
        value           nonuniform List<scalar> 0();
    }
}


// ************************************************************************* //
