/*--------------------------------*- C++ -*----------------------------------*\
| =========                 |                                                 |
| \\      /  F ield         | OpenFOAM: The Open Source CFD Toolbox           |
|  \\    /   O peration     | Version:  2212                                  |
|   \\  /    A nd           | Website:  www.openfoam.com                      |
|    \\/     M anipulation  |                                                 |
\*---------------------------------------------------------------------------*/
FoamFile
{
    version     2.0;
    format      ascii;
    arch        "LSB;label=32;scalar=64";
    class       volScalarField;
    location    "0.32";
    object      p;
}
// * * * * * * * * * * * * * * * * * * * * * * * * * * * * * * * * * * * * * //

dimensions      [0 2 -2 0 0 0 0];

internalField   nonuniform List<scalar> 
400
(
-2.07941e-09
-1.41107e-05
1.82116e-05
9.35217e-05
0.000211566
0.000373711
0.000581599
0.000836709
0.00113972
0.00148966
0.00188301
0.00231257
0.00276651
0.00322761
0.00367291
0.00407482
0.00440402
0.00463483
0.00475006
0.00474215
1.50169e-05
3.8496e-07
3.54704e-05
0.000111219
0.000227002
0.000385217
0.000588099
0.000837495
0.00113445
0.00147844
0.00186642
0.00229176
0.0027434
0.00320455
0.00365215
0.00405802
0.00439205
0.00462821
0.00474791
0.00473671
-2.3452e-05
-4.28513e-05
-9.29141e-06
6.42007e-05
0.000176373
0.000330164
0.000528431
0.000773794
0.00106826
0.0014125
0.0018048
0.00223991
0.0027078
0.00319172
0.00366746
0.00410368
0.00446532
0.00472109
0.00484763
0.00482545
-0.000115564
-0.000139533
-0.00010916
-3.97238e-05
6.72712e-05
0.000215325
0.000408136
0.000649492
0.000942933
0.001291
0.00169412
0.0021492
0.00264795
0.00317435
0.00370201
0.00419415
0.0046068
0.00489858
0.00503834
0.00500249
-0.000262254
-0.000290207
-0.000263976
-0.000200171
-0.000100237
4.00408e-05
0.000225436
0.000461258
0.000753105
0.00110615
0.00152396
0.00200681
0.00254924
0.00313756
0.00374304
0.00432135
0.00481459
0.00516413
0.00532537
0.00526898
-0.000463547
-0.000495821
-0.000474974
-0.000418771
-0.000328546
-0.000199301
-2.50369e-05
0.000201355
0.000488012
0.000843541
0.00127593
0.00179046
0.00238643
0.00305607
0.00376921
0.00447282
0.00508846
0.00552857
0.00572287
0.00562937
-0.000718536
-0.000756002
-0.000742161
-0.000696169
-0.000619384
-0.000506099
-0.000349105
-0.000139399
0.000134016
0.000483909
0.000924092
0.00146703
0.00211894
0.00288586
0.00373867
0.00461799
0.00541748
0.00600139
0.00624889
0.00608576
-0.00102583
-0.00106959
-0.00106468
-0.00103211
-0.00097359
-0.000882981
-0.000752156
-0.000570452
-0.000324087
4.18866e-06
0.000435146
0.000991896
0.00169718
0.00255526
0.0035732
0.00468856
0.00576257
0.00658159
0.00692294
0.00663457
-0.00138354
-0.00143479
-0.00144079
-0.00142515
-0.00139048
-0.00133078
-0.00123767
-0.00109957
-0.000900736
-0.000620209
-0.000230701
0.000302049
0.00101631
0.00194312
0.00312732
0.00453317
0.00601073
0.00723261
0.00775582
0.00727585
-0.00178925
-0.00184909
-0.00186759
-0.00187205
-0.00186683
-0.00184699
-0.00180497
-0.00172978
-0.00160554
-0.00140993
-0.00111176
-0.000668066
-2.21927e-05
0.000896123
0.00214039
0.00381184
0.00583432
0.00776415
0.0086777
0.00807091
-0.0022403
-0.00230947
-0.00234087
-0.00236715
-0.00239574
-0.00242394
-0.0024466
-0.00245539
-0.00243745
-0.00237371
-0.00223608
-0.0019836
-0.00155832
-0.000881803
0.000165801
0.00178353
0.00428894
0.00729425
0.00912974
0.00912415
-0.00273462
-0.00281305
-0.00285528
-0.00290204
-0.00296567
-0.00304717
-0.00314552
-0.00325763
-0.00337779
-0.00349697
-0.00360165
-0.00367311
-0.00369424
-0.0036634
-0.00353016
-0.00288349
-0.000789282
0.00320915
0.00711274
0.00978097
-0.00327256
-0.00335854
-0.00340505
-0.00346549
-0.00355983
-0.0036942
-0.00387306
-0.0041009
-0.00438332
-0.00472915
-0.00515406
-0.00568877
-0.00641709
-0.00757552
-0.00947983
-0.0116795
-0.0119043
-0.00792142
-0.00096331
0.00707708
-0.00386027
-0.00394809
-0.00398414
-0.00404299
-0.00415584
-0.00433435
-0.00458867
-0.00493178
-0.005383
-0.00597456
-0.00676369
-0.00785708
-0.00948928
-0.012236
-0.0169725
-0.0234155
-0.0276569
-0.0248292
-0.0155636
-0.0019749
-0.00451925
-0.00459772
-0.0045954
-0.00462203
-0.00472864
-0.00493143
-0.00524329
-0.00568342
-0.00628306
-0.00709611
-0.00822024
-0.00984116
-0.0123376
-0.0165196
-0.0236313
-0.0335645
-0.0419457
-0.0406721
-0.0308086
-0.0138329
-0.00528643
-0.00531714
-0.00521023
-0.00516358
-0.0052377
-0.00544126
-0.00578386
-0.00628627
-0.00698575
-0.00794784
-0.00929099
-0.0112414
-0.0142541
-0.0191314
-0.0270277
-0.0377275
-0.0480614
-0.0476169
-0.0388068
-0.0190985
-0.00621387
-0.00623939
-0.00594963
-0.00572461
-0.00569413
-0.00584957
-0.00617952
-0.00669322
-0.00742336
-0.0084328
-0.00983897
-0.0118385
-0.0149046
-0.0197581
-0.0271657
-0.0364818
-0.0446706
-0.0443161
-0.0357513
-0.00805155
-0.00822294
-0.0073711
-0.00634846
-0.00593072
-0.00587229
-0.00602203
-0.00634809
-0.0068508
-0.00756367
-0.00854188
-0.00991413
-0.0117178
-0.0146099
-0.0189414
-0.0250442
-0.0318637
-0.0368095
-0.0331784
-0.0163121
0.0286162
-0.00747956
-0.00944728
-0.00787362
-0.00687771
-0.00646078
-0.00641477
-0.00661055
-0.00699614
-0.00760933
-0.00847202
-0.00971048
-0.0114521
-0.0141434
-0.0179013
-0.0227668
-0.0268788
-0.0271161
-0.0129241
0.0259511
0.100401
-0.0251336
-0.0101935
-0.00523844
-0.00435016
-0.00435658
-0.00450749
-0.00483813
-0.00536057
-0.00614377
-0.00716181
-0.008618
-0.0105909
-0.0134925
-0.0171324
-0.0208747
-0.0213345
-0.0121017
0.0199138
0.0903468
0.199785
)
;

boundaryField
{
    movingWall
    {
        type            zeroGradient;
    }
    fixedWalls
    {
        type            zeroGradient;
    }
    frontAndBack
    {
        type            empty;
    }
}


// ************************************************************************* //
