/*--------------------------------*- C++ -*----------------------------------*\
| =========                 |                                                 |
| \\      /  F ield         | OpenFOAM: The Open Source CFD Toolbox           |
|  \\    /   O peration     | Version:  2212                                  |
|   \\  /    A nd           | Website:  www.openfoam.com                      |
|    \\/     M anipulation  |                                                 |
\*---------------------------------------------------------------------------*/
FoamFile
{
    version     2.0;
    format      ascii;
    arch        "LSB;label=32;scalar=64";
    class       volScalarField;
    location    "4.165";
    object      p;
}
// * * * * * * * * * * * * * * * * * * * * * * * * * * * * * * * * * * * * * //

dimensions      [0 2 -2 0 0 0 0];

internalField   nonuniform List<scalar> 
400
(
1.96616e-07
-0.000149798
-0.000530249
-0.00106296
-0.00171841
-0.00247292
-0.00315832
-0.00356758
-0.00353433
-0.00290511
-0.00152654
0.000629566
0.00324988
0.00551492
0.00655101
0.00596983
0.00407734
0.00224063
0.0012042
0.00113236
0.00011663
-5.64458e-05
-0.000372133
-0.000756573
-0.00123352
-0.00187211
-0.00268147
-0.00350888
-0.00403819
-0.0038959
-0.00281092
-0.000801256
0.0017027
0.00397414
0.0051531
0.00479858
0.00318818
0.0014707
0.00069035
0.000776622
0.000532334
0.000264363
-7.43636e-05
-0.000552866
-0.00133318
-0.00255285
-0.00417182
-0.00591491
-0.00731671
-0.00785205
-0.00717881
-0.00538902
-0.00283242
-0.000142919
0.00184823
0.00250037
0.00180173
0.000604796
-0.000292
-0.000294287
0.00113846
0.000732085
0.000189885
-0.00076522
-0.00242062
-0.00487569
-0.00789453
-0.0109814
-0.0135338
-0.0149919
-0.0150229
-0.0136691
-0.0111438
-0.00790101
-0.00463959
-0.00210387
-0.000765545
-0.000601129
-0.00118224
-0.00181365
0.00155414
0.000952856
-2.82117e-05
-0.00190157
-0.00494066
-0.00905752
-0.0137294
-0.0182376
-0.0219282
-0.024337
-0.0252056
-0.0244145
-0.0220856
-0.0185042
-0.0141047
-0.00949142
-0.00545733
-0.00283539
-0.00209025
-0.00390496
0.00125436
0.000418622
-0.00119609
-0.00425373
-0.00888393
-0.0146765
-0.0207845
-0.0263511
-0.0307665
-0.0337146
-0.0350679
-0.034727
-0.0327724
-0.0293474
-0.024589
-0.0187131
-0.0123171
-0.00680958
-0.00428748
-0.00639824
-8.42739e-05
-0.00116631
-0.00347684
-0.00770257
-0.0137421
-0.0208177
-0.0278361
-0.0339149
-0.0385603
-0.0416124
-0.0430797
-0.0429836
-0.0413893
-0.0383622
-0.0338754
-0.0278084
-0.0202761
-0.0125174
-0.00772078
-0.00763415
-0.00246732
-0.00373797
-0.00664068
-0.0117648
-0.0187743
-0.0265915
-0.0339935
-0.0401592
-0.0447392
-0.0476999
-0.0491322
-0.0491331
-0.0477807
-0.0451192
-0.0410945
-0.0354679
-0.0279741
-0.019121
-0.0116589
-0.00787307
-0.00552282
-0.00687698
-0.0101628
-0.0158165
-0.0233204
-0.0314125
-0.0388393
-0.044876
-0.049293
-0.0521333
-0.0535219
-0.0535677
-0.0523456
-0.0499105
-0.046266
-0.0412458
-0.0344267
-0.025624
-0.0164928
-0.00985516
-0.00868404
-0.0100116
-0.0134553
-0.0192867
-0.0268885
-0.0349395
-0.0422179
-0.048078
-0.0523576
-0.0551247
-0.0565002
-0.056574
-0.0554101
-0.053077
-0.0496492
-0.0451049
-0.0391183
-0.0311344
-0.0220415
-0.0141366
-0.011426
-0.0126548
-0.0160457
-0.0217644
-0.0291701
-0.0369957
-0.0440794
-0.0498064
-0.0540221
-0.0567761
-0.0581657
-0.058258
-0.0571049
-0.0547804
-0.0514195
-0.047142
-0.0418716
-0.0349532
-0.0268731
-0.0189197
-0.0134554
-0.0144997
-0.0176676
-0.0230132
-0.029983
-0.0374575
-0.0443557
-0.0500387
-0.0542876
-0.0570994
-0.0585328
-0.0586358
-0.0574516
-0.0550557
-0.0516347
-0.0474214
-0.0426473
-0.0366278
-0.0296989
-0.0221357
-0.0147392
-0.0154485
-0.0181688
-0.022921
-0.0292659
-0.0362984
-0.0430295
-0.0487575
-0.0531425
-0.0560902
-0.0576059
-0.0577149
-0.0564557
-0.0539261
-0.0503376
-0.0459858
-0.0414561
-0.0359207
-0.0299283
-0.0226394
-0.0153734
-0.015615
-0.0176183
-0.0214955
-0.0270145
-0.0335132
-0.0400835
-0.0459302
-0.0505564
-0.0537364
-0.0553992
-0.0555421
-0.0541842
-0.0514514
-0.0475987
-0.0430072
-0.0383222
-0.0328592
-0.0278745
-0.0200983
-0.0154882
-0.0152103
-0.0162169
-0.018897
-0.0233586
-0.0292113
-0.0356088
-0.0416351
-0.0466047
-0.0501247
-0.0520184
-0.0522292
-0.050798
-0.0478171
-0.0436114
-0.0386157
-0.0335119
-0.0279261
-0.0241213
-0.0143261
-0.0152031
-0.0144839
-0.0141842
-0.0153095
-0.0184919
-0.0235922
-0.0297997
-0.0360504
-0.0414542
-0.0454276
-0.0476694
-0.0480537
-0.0466058
-0.0433956
-0.0387871
-0.0332391
-0.0275303
-0.0216388
-0.0181231
-0.00392294
-0.0146055
-0.0135745
-0.0116776
-0.0110466
-0.0128725
-0.01721
-0.0232452
-0.0297533
-0.0356576
-0.0401851
-0.042904
-0.0435922
-0.0422447
-0.0388952
-0.0338707
-0.0275633
-0.0207336
-0.0134622
-0.00705197
0.0158161
-0.0145532
-0.0126389
-0.00866564
-0.00627934
-0.00693484
-0.0106998
-0.0166634
-0.023461
-0.0299009
-0.0350484
-0.0383614
-0.039496
-0.0384003
-0.0350854
-0.0296965
-0.0222717
-0.013065
-0.00103699
0.0162696
0.0567085
-0.0117918
-0.0118431
-0.00579646
-0.00188968
-0.00187214
-0.00545189
-0.01152
-0.0186368
-0.0255768
-0.031292
-0.0352099
-0.0369033
-0.0362766
-0.0330563
-0.0270914
-0.0176075
-0.00341948
0.0200561
0.0602179
0.129424
-0.0295044
-0.0106622
-0.000710179
0.0029342
0.00230577
-0.00164245
-0.00798514
-0.0154169
-0.0227179
-0.0288156
-0.0331119
-0.0351566
-0.0348149
-0.0316721
-0.0250947
-0.0129116
0.00917032
0.05077
0.122443
0.225718
)
;

boundaryField
{
    movingWall
    {
        type            zeroGradient;
    }
    fixedWalls
    {
        type            zeroGradient;
    }
    frontAndBack
    {
        type            empty;
    }
}


// ************************************************************************* //
