/*--------------------------------*- C++ -*----------------------------------*\
| =========                 |                                                 |
| \\      /  F ield         | OpenFOAM: The Open Source CFD Toolbox           |
|  \\    /   O peration     | Version:  2212                                  |
|   \\  /    A nd           | Website:  www.openfoam.com                      |
|    \\/     M anipulation  |                                                 |
\*---------------------------------------------------------------------------*/
FoamFile
{
    version     2.0;
    format      ascii;
    arch        "LSB;label=32;scalar=64";
    class       volVectorField;
    location    "1.27";
    object      U;
}
// * * * * * * * * * * * * * * * * * * * * * * * * * * * * * * * * * * * * * //

dimensions      [0 1 -1 0 0 0 0];

internalField   nonuniform List<vector> 
400
(
(0.000353488 -0.000490047 0)
(0.000253253 -0.000184486 0)
(-0.000974624 6.21099e-05 0)
(-0.00285176 0.000281297 0)
(-0.00564621 0.000666152 0)
(-0.00988677 0.00130944 0)
(-0.016055 0.00222644 0)
(-0.0242858 0.00330805 0)
(-0.0339744 0.00421402 0)
(-0.0435058 0.00438873 0)
(-0.0505422 0.00334594 0)
(-0.0528321 0.00109178 0)
(-0.0488396 -0.00170411 0)
(-0.0382474 -0.00444602 0)
(-0.0232675 -0.00600448 0)
(-0.00675927 -0.00547123 0)
(0.00622182 -0.0030987 0)
(0.0112514 0.00076204 0)
(0.00810714 0.00298793 0)
(0.00239509 0.00235294 0)
(-0.000480222 -8.26031e-05 0)
(-0.00327193 0.00192453 0)
(-0.00871704 0.00338861 0)
(-0.015824 0.00489711 0)
(-0.0251337 0.00714356 0)
(-0.0374589 0.0102587 0)
(-0.0530606 0.0138191 0)
(-0.0710384 0.0167741 0)
(-0.0890345 0.0175696 0)
(-0.103751 0.0148091 0)
(-0.112108 0.00815671 0)
(-0.112158 -0.00125594 0)
(-0.103543 -0.011497 0)
(-0.0862588 -0.0206925 0)
(-0.062403 -0.0259939 0)
(-0.034782 -0.0247989 0)
(-0.00837686 -0.016297 0)
(0.00863049 -0.00264975 0)
(0.0100324 0.00791616 0)
(0.00346684 0.00797987 0)
(-0.00164738 0.00310253 0)
(-0.00777082 0.00864824 0)
(-0.0178558 0.0123758 0)
(-0.0301906 0.0163527 0)
(-0.0454654 0.02179 0)
(-0.0644358 0.028403 0)
(-0.0868304 0.0346699 0)
(-0.110882 0.038202 0)
(-0.133443 0.0364864 0)
(-0.150957 0.0280186 0)
(-0.160705 0.013338 0)
(-0.161537 -0.0051841 0)
(-0.153564 -0.0248902 0)
(-0.136506 -0.0428102 0)
(-0.110948 -0.0547753 0)
(-0.0779692 -0.0560965 0)
(-0.040803 -0.0427995 0)
(-0.00730725 -0.0164686 0)
(0.00699437 0.00851332 0)
(0.00343235 0.0138308 0)
(-0.00276737 0.00896998 0)
(-0.0120022 0.0193864 0)
(-0.0262216 0.0258413 0)
(-0.0429774 0.0327433 0)
(-0.0631074 0.0417774 0)
(-0.0873532 0.0520021 0)
(-0.115073 0.0606125 0)
(-0.143835 0.0637452 0)
(-0.169866 0.0580099 0)
(-0.189557 0.0425063 0)
(-0.20091 0.0193667 0)
(-0.203739 -0.00828252 0)
(-0.198579 -0.0377262 0)
(-0.185055 -0.0655289 0)
(-0.16223 -0.0870799 0)
(-0.128993 -0.0960042 0)
(-0.0854328 -0.0845188 0)
(-0.0359936 -0.0478558 0)
(0.000751462 -0.000872318 0)
(0.0040804 0.017953 0)
(-0.00359867 0.0171162 0)
(-0.0152223 0.0334578 0)
(-0.032567 0.0429496 0)
(-0.0525917 0.0531008 0)
(-0.0763007 0.0660398 0)
(-0.104389 0.0798303 0)
(-0.135641 0.0898884 0)
(-0.166538 0.0907712 0)
(-0.19255 0.0791872 0)
(-0.210737 0.0561648 0)
(-0.22087 0.0253844 0)
(-0.224174 -0.0101833 0)
(-0.221843 -0.0481497 0)
(-0.213577 -0.0852267 0)
(-0.19791 -0.117824 0)
(-0.171619 -0.139157 0)
(-0.131249 -0.13842 0)
(-0.0753089 -0.10159 0)
(-0.0129059 -0.0276843 0)
(0.00576781 0.0186599 0)
(-0.00395963 0.026757 0)
(-0.016908 0.0497769 0)
(-0.0360252 0.0625497 0)
(-0.0577915 0.0761189 0)
(-0.0831696 0.0928621 0)
(-0.112477 0.109378 0)
(-0.143542 0.119139 0)
(-0.171807 0.115953 0)
(-0.192949 0.0979381 0)
(-0.205884 0.068369 0)
(-0.212401 0.0318578 0)
(-0.214666 -0.0087658 0)
(-0.214213 -0.051315 0)
(-0.210967 -0.0939771 0)
(-0.204427 -0.135468 0)
(-0.190185 -0.170936 0)
(-0.161966 -0.188986 0)
(-0.113163 -0.167972 0)
(-0.0428241 -0.0844491 0)
(0.00468201 0.011074 0)
(-0.00372496 0.0368422 0)
(-0.0166766 0.0669573 0)
(-0.0358861 0.083075 0)
(-0.0573676 0.0997614 0)
(-0.0817359 0.119442 0)
(-0.108835 0.137154 0)
(-0.135872 0.14492 0)
(-0.15812 0.136725 0)
(-0.17239 0.112487 0)
(-0.17944 0.077378 0)
(-0.182042 0.0368486 0)
(-0.182316 -0.00591843 0)
(-0.181824 -0.0488661 0)
(-0.181354 -0.0920724 0)
(-0.181833 -0.136556 0)
(-0.179771 -0.181732 0)
(-0.167579 -0.219707 0)
(-0.135749 -0.226887 0)
(-0.0787981 -0.161738 0)
(-0.00423097 -0.0105624 0)
(-0.0028703 0.0461564 0)
(-0.0144083 0.0834042 0)
(-0.0319231 0.102683 0)
(-0.0510324 0.121693 0)
(-0.0718938 0.142972 0)
(-0.0941817 0.160374 0)
(-0.115208 0.165148 0)
(-0.130932 0.15193 0)
(-0.139575 0.122211 0)
(-0.142976 0.0825474 0)
(-0.143742 0.0389972 0)
(-0.143141 -0.00498141 0)
(-0.142106 -0.0474565 0)
(-0.141926 -0.088721 0)
(-0.144682 -0.130651 0)
(-0.149723 -0.177237 0)
(-0.150552 -0.227924 0)
(-0.136225 -0.263561 0)
(-0.0990418 -0.231593 0)
(-0.0226873 -0.0554385 0)
(-0.00151602 0.0535001 0)
(-0.0103771 0.0974879 0)
(-0.0246524 0.119561 0)
(-0.0397721 0.139857 0)
(-0.0554729 0.161404 0)
(-0.0716075 0.177547 0)
(-0.0862027 0.17932 0)
(-0.0964252 0.162085 0)
(-0.101718 0.128433 0)
(-0.104109 0.085599 0)
(-0.105357 0.0397646 0)
(-0.105664 -0.00571267 0)
(-0.105184 -0.0489155 0)
(-0.104717 -0.0888341 0)
(-0.106909 -0.126635 0)
(-0.113937 -0.168681 0)
(-0.122401 -0.223025 0)
(-0.120662 -0.280713 0)
(-0.0993279 -0.287468 0)
(-0.0331969 -0.128306 0)
(6.84477e-05 0.0579853 0)
(-0.00521498 0.107921 0)
(-0.0151744 0.132421 0)
(-0.0253478 0.153066 0)
(-0.0350557 0.173875 0)
(-0.0445068 0.188496 0)
(-0.0527925 0.188165 0)
(-0.0584189 0.168743 0)
(-0.061634 0.133185 0)
(-0.0640429 0.0888143 0)
(-0.0664287 0.0417202 0)
(-0.068247 -0.00498793 0)
(-0.0692672 -0.0494888 0)
(-0.0696312 -0.0893381 0)
(-0.0715339 -0.124096 0)
(-0.0785204 -0.159627 0)
(-0.0912682 -0.210843 0)
(-0.0982919 -0.282407 0)
(-0.0906532 -0.326577 0)
(-0.0300559 -0.204245 0)
(0.0015132 0.0590665 0)
(0.000193119 0.113764 0)
(-0.00487677 0.140355 0)
(-0.00979527 0.160555 0)
(-0.0133493 0.179873 0)
(-0.0160206 0.193082 0)
(-0.0179821 0.19185 0)
(-0.0190691 0.172117 0)
(-0.0201166 0.136702 0)
(-0.0220511 0.0925462 0)
(-0.0248492 0.0453722 0)
(-0.0279632 -0.00188108 0)
(-0.0310156 -0.0471939 0)
(-0.03396 -0.0875025 0)
(-0.0377052 -0.120774 0)
(-0.0452019 -0.150611 0)
(-0.0608968 -0.195297 0)
(-0.0739549 -0.273885 0)
(-0.0788433 -0.349989 0)
(-0.0229501 -0.266322 0)
(0.0025683 0.0569963 0)
(0.00500468 0.114923 0)
(0.00480303 0.143283 0)
(0.00495047 0.162544 0)
(0.00724721 0.179819 0)
(0.0111608 0.19165 0)
(0.0155062 0.190581 0)
(0.0194141 0.172196 0)
(0.0215947 0.138679 0)
(0.0213883 0.0961861 0)
(0.0191931 0.0500268 0)
(0.0154217 0.00318345 0)
(0.0104148 -0.0416969 0)
(0.00379307 -0.0816272 0)
(-0.00413854 -0.113455 0)
(-0.0142292 -0.139431 0)
(-0.0334285 -0.177158 0)
(-0.05092 -0.258304 0)
(-0.0676999 -0.362175 0)
(-0.0153832 -0.318373 0)
(0.002987 0.0525552 0)
(0.00835671 0.111679 0)
(0.0124761 0.141123 0)
(0.0171344 0.158917 0)
(0.0244922 0.173504 0)
(0.0343168 0.183541 0)
(0.0447621 0.183083 0)
(0.0540827 0.167433 0)
(0.0605777 0.137532 0)
(0.0633655 0.0982877 0)
(0.0626834 0.0545857 0)
(0.058846 0.00965376 0)
(0.052048 -0.0334652 0)
(0.042158 -0.0717932 0)
(0.0290949 -0.10175 0)
(0.0142437 -0.124459 0)
(-0.00929382 -0.156064 0)
(-0.029137 -0.236846 0)
(-0.0576062 -0.364336 0)
(-0.00761806 -0.360449 0)
(0.00267437 0.0469321 0)
(0.00966673 0.105204 0)
(0.0171737 0.135243 0)
(0.0255521 0.151418 0)
(0.0368779 0.162734 0)
(0.0513591 0.170116 0)
(0.067103 0.169648 0)
(0.0817133 0.15702 0)
(0.0929926 0.131823 0)
(0.0995661 0.0973751 0)
(0.101155 0.0578975 0)
(0.0979786 0.0168737 0)
(0.0898811 -0.0226257 0)
(0.0770474 -0.0575242 0)
(0.0594491 -0.085151 0)
(0.0395119 -0.105311 0)
(0.0109336 -0.131891 0)
(-0.0084517 -0.211489 0)
(-0.0487094 -0.361135 0)
(0.000606442 -0.396926 0)
(0.00161696 0.0415585 0)
(0.00841891 0.096886 0)
(0.0176731 0.125409 0)
(0.0287318 0.139155 0)
(0.0430696 0.147009 0)
(0.0608998 0.151359 0)
(0.0806087 0.150171 0)
(0.0996334 0.140148 0)
(0.115348 0.120083 0)
(0.12586 0.0917854 0)
(0.130152 0.0584553 0)
(0.128344 0.0234183 0)
(0.119781 -0.0106902 0)
(0.105173 -0.0406833 0)
(0.0841829 -0.0646101 0)
(0.0603784 -0.0825413 0)
(0.0276654 -0.105314 0)
(0.0118081 -0.183818 0)
(-0.0404209 -0.355909 0)
(0.010351 -0.430066 0)
(-0.00018305 0.037612 0)
(0.00488419 0.0893109 0)
(0.0146456 0.115882 0)
(0.0274853 0.126729 0)
(0.0439292 0.130701 0)
(0.0638159 0.131494 0)
(0.0858077 0.128667 0)
(0.107603 0.12011 0)
(0.126516 0.104491 0)
(0.140321 0.0825228 0)
(0.147386 0.0563615 0)
(0.147339 0.0286265 0)
(0.139437 0.00163673 0)
(0.124803 -0.022181 0)
(0.102168 -0.0414494 0)
(0.0765357 -0.0571713 0)
(0.0418274 -0.0783083 0)
(0.0308269 -0.157686 0)
(-0.0317511 -0.352477 0)
(0.0238585 -0.459581 0)
(-0.00313205 0.0404702 0)
(-0.00435085 0.0832671 0)
(0.0033777 0.100731 0)
(0.0186057 0.10719 0)
(0.0380658 0.108374 0)
(0.0604658 0.107022 0)
(0.0843742 0.103368 0)
(0.107974 0.0963092 0)
(0.128918 0.0849202 0)
(0.145078 0.0693194 0)
(0.154495 0.0509407 0)
(0.156602 0.0314051 0)
(0.150126 0.0127691 0)
(0.136907 -0.00399866 0)
(0.114613 -0.017849 0)
(0.0906497 -0.0315528 0)
(0.0570783 -0.0534885 0)
(0.049709 -0.134569 0)
(-0.0165457 -0.344828 0)
(0.0461286 -0.475233 0)
(-0.0055737 0.0320386 0)
(-0.00812339 0.0867328 0)
(-0.00451055 0.0993316 0)
(0.00994312 0.0966953 0)
(0.0304672 0.0917099 0)
(0.0538144 0.0868536 0)
(0.0783318 0.0818153 0)
(0.102285 0.0754636 0)
(0.123954 0.067335 0)
(0.14159 0.0569842 0)
(0.153047 0.0455426 0)
(0.158706 0.0335041 0)
(0.15569 0.0225979 0)
(0.148695 0.0126298 0)
(0.130899 0.00405307 0)
(0.116729 -0.00818104 0)
(0.0862634 -0.0341131 0)
(0.0805598 -0.119884 0)
(0.0234683 -0.318215 0)
(0.0870752 -0.449821 0)
(-0.0998571 0.0922126 0)
(-0.0740293 0.0747614 0)
(-0.0559321 0.0627588 0)
(-0.0217673 0.0580928 0)
(0.0120733 0.0542535 0)
(0.04607 0.0506475 0)
(0.0784286 0.0472747 0)
(0.110248 0.0434352 0)
(0.137876 0.0394405 0)
(0.164752 0.0344974 0)
(0.183542 0.0296089 0)
(0.202662 0.0243906 0)
(0.209255 0.0202155 0)
(0.220211 0.0163095 0)
(0.212333 0.012519 0)
(0.217026 0.00394988 0)
(0.187933 -0.0203483 0)
(0.19158 -0.0858698 0)
(0.140303 -0.228044 0)
(0.168479 -0.340448 0)
(0.133805 0.107258 0)
(0.166879 0.0831698 0)
(0.225023 0.0614819 0)
(0.281421 0.0480296 0)
(0.327089 0.039805 0)
(0.369172 0.0338327 0)
(0.403087 0.0296278 0)
(0.438768 0.0258461 0)
(0.465048 0.0232167 0)
(0.496358 0.0202556 0)
(0.514419 0.0184259 0)
(0.541374 0.0157569 0)
(0.549704 0.0147067 0)
(0.572481 0.0122698 0)
(0.568423 0.0119405 0)
(0.584071 0.00793585 0)
(0.554638 0.00337727 0)
(0.542842 -0.0156091 0)
(0.438452 -0.0486103 0)
(0.339221 -0.100359 0)
)
;

boundaryField
{
    movingWall
    {
        type            fixedValue;
        value           uniform (1 0 0);
    }
    fixedWalls
    {
        type            noSlip;
    }
    frontAndBack
    {
        type            empty;
    }
}


// ************************************************************************* //
