/*--------------------------------*- C++ -*----------------------------------*\
| =========                 |                                                 |
| \\      /  F ield         | OpenFOAM: The Open Source CFD Toolbox           |
|  \\    /   O peration     | Version:  2212                                  |
|   \\  /    A nd           | Website:  www.openfoam.com                      |
|    \\/     M anipulation  |                                                 |
\*---------------------------------------------------------------------------*/
FoamFile
{
    version     2.0;
    format      ascii;
    arch        "LSB;label=32;scalar=64";
    class       surfaceScalarField;
    location    "1.575";
    object      phi;
}
// * * * * * * * * * * * * * * * * * * * * * * * * * * * * * * * * * * * * * //

dimensions      [0 3 -1 0 0 0 0];

oriented        oriented;

internalField   nonuniform List<scalar> 
760
(
5.52239e-08
-5.52235e-08
7.0964e-08
-1.57402e-08
3.07303e-08
4.02335e-08
-7.96222e-08
1.10353e-07
-2.90313e-07
2.10691e-07
-6.37632e-07
3.47319e-07
-1.14532e-06
5.07689e-07
-1.79062e-06
6.45303e-07
-2.47721e-06
6.86591e-07
-3.05196e-06
5.74748e-07
-3.36373e-06
3.11772e-07
-3.3261e-06
-3.76323e-08
-2.84207e-06
-4.84029e-07
-1.98918e-06
-8.52896e-07
-9.37706e-07
-1.05147e-06
3.19855e-08
-9.69692e-07
6.52072e-07
-6.20087e-07
6.88632e-07
-3.65597e-08
3.24068e-07
3.64564e-07
3.24068e-07
-2.76594e-08
-2.75642e-08
-1.81382e-07
1.37982e-07
-4.84176e-07
3.43028e-07
-9.85602e-07
6.11778e-07
-1.74028e-06
9.65371e-07
-2.75951e-06
1.36654e-06
-3.96305e-06
1.71123e-06
-5.17317e-06
1.85542e-06
-6.17867e-06
1.69209e-06
-6.81668e-06
1.21276e-06
-7.00286e-06
4.97945e-07
-6.68103e-06
-3.59461e-07
-5.87152e-06
-1.29354e-06
-4.60228e-06
-2.12213e-06
-2.99936e-06
-2.65439e-06
-1.31611e-06
-2.65294e-06
2.08665e-09
-1.93829e-06
5.98414e-07
-6.32887e-07
3.91099e-07
5.71879e-07
7.15166e-07
-1.8428e-07
1.56716e-07
-6.0845e-07
5.62152e-07
-1.26009e-06
9.9467e-07
-2.19607e-06
1.54776e-06
-3.43906e-06
2.20836e-06
-4.9058e-06
2.83329e-06
-6.40723e-06
3.21266e-06
-7.72928e-06
3.17747e-06
-8.72556e-06
2.68838e-06
-9.3299e-06
1.81709e-06
-9.49927e-06
6.67315e-07
-9.21107e-06
-6.47654e-07
-8.48402e-06
-2.02059e-06
-7.28356e-06
-3.3226e-06
-5.60822e-06
-4.32972e-06
-3.56609e-06
-4.69507e-06
-1.49992e-06
-4.00446e-06
-6.65744e-08
-2.06623e-06
2.56388e-07
2.48917e-07
9.71554e-07
-3.73591e-07
5.30307e-07
-1.08996e-06
1.27852e-06
-2.07892e-06
1.98363e-06
-3.37142e-06
2.84025e-06
-4.92597e-06
3.76291e-06
-6.58255e-06
4.48987e-06
-8.12807e-06
4.75819e-06
-9.39844e-06
4.44784e-06
-1.03269e-05
3.61684e-06
-1.09062e-05
2.39635e-06
-1.11198e-05
8.80943e-07
-1.09747e-05
-7.92708e-07
-1.04915e-05
-2.50381e-06
-9.58835e-06
-4.22576e-06
-8.16109e-06
-5.75698e-06
-6.12258e-06
-6.73358e-06
-3.5685e-06
-6.55855e-06
-1.08492e-06
-4.54981e-06
1.1797e-07
-9.53974e-07
1.08952e-06
-5.47377e-07
1.07768e-06
-1.51057e-06
2.24172e-06
-2.74905e-06
3.22212e-06
-4.24746e-06
4.33866e-06
-5.90361e-06
5.41906e-06
-7.52219e-06
6.10845e-06
-8.91449e-06
6.15048e-06
-9.9834e-06
5.51674e-06
-1.07241e-05
4.35755e-06
-1.11734e-05
2.84561e-06
-1.13778e-05
1.08537e-06
-1.13693e-05
-8.0123e-07
-1.116e-05
-2.71307e-06
-1.06804e-05
-4.70539e-06
-9.77398e-06
-6.66337e-06
-8.20211e-06
-8.30545e-06
-5.75414e-06
-9.00652e-06
-2.61571e-06
-7.68823e-06
-1.97702e-07
-3.37199e-06
8.91822e-07
-6.58429e-07
1.73611e-06
-1.76693e-06
3.35022e-06
-3.11333e-06
4.56852e-06
-4.63075e-06
5.85608e-06
-6.17879e-06
6.9671e-06
-7.56965e-06
7.4993e-06
-8.66552e-06
7.24636e-06
-9.42829e-06
6.27951e-06
-9.89687e-06
4.82612e-06
-1.01427e-05
3.09144e-06
-1.02618e-05
1.20451e-06
-1.03189e-05
-7.44191e-07
-1.03082e-05
-2.72375e-06
-1.02249e-05
-4.78874e-06
-9.93592e-06
-6.95231e-06
-9.13598e-06
-9.1054e-06
-7.39246e-06
-1.075e-05
-4.41819e-06
-1.06625e-05
-9.28309e-07
-6.86187e-06
-3.64869e-08
-6.73375e-07
2.40949e-06
-1.79524e-06
4.47209e-06
-3.0958e-06
5.86907e-06
-4.46782e-06
7.22809e-06
-5.76782e-06
8.2671e-06
-6.84647e-06
8.57795e-06
-7.61988e-06
8.01977e-06
-8.09308e-06
6.75271e-06
-8.33074e-06
5.06378e-06
-8.41869e-06
3.17939e-06
-8.44429e-06
1.23011e-06
-8.47276e-06
-7.1573e-07
-8.52666e-06
-2.66984e-06
-8.65029e-06
-4.66511e-06
-8.80347e-06
-6.79913e-06
-8.74333e-06
-9.16554e-06
-7.95429e-06
-1.15391e-05
-5.77542e-06
-1.28414e-05
-2.01958e-06
-1.06177e-05
-2.05607e-06
-5.85613e-07
2.9951e-06
-1.59227e-06
5.47875e-06
-2.72328e-06
7.00008e-06
-3.84894e-06
8.35376e-06
-4.85039e-06
9.26855e-06
-5.62897e-06
9.35653e-06
-6.14774e-06
8.53854e-06
-6.43822e-06
7.0432e-06
-6.57081e-06
5.19636e-06
-6.61771e-06
3.2263e-06
-6.63038e-06
1.24278e-06
-6.63317e-06
-7.1294e-07
-6.66395e-06
-2.63905e-06
-6.79375e-06
-4.53532e-06
-7.08125e-06
-6.51162e-06
-7.43844e-06
-8.80835e-06
-7.40729e-06
-1.15702e-05
-6.16758e-06
-1.40811e-05
-3.08702e-06
-1.36983e-05
-5.14309e-06
-4.1394e-07
3.40904e-06
-1.20556e-06
6.27037e-06
-2.08958e-06
7.8841e-06
-2.92686e-06
9.19103e-06
-3.63444e-06
9.97613e-06
-4.16375e-06
9.88584e-06
-4.51358e-06
8.88838e-06
-4.72448e-06
7.2541e-06
-4.85368e-06
5.32556e-06
-4.94489e-06
3.31751e-06
-5.00844e-06
1.30632e-06
-5.0337e-06
-6.87673e-07
-5.04352e-06
-2.62924e-06
-5.10513e-06
-4.47371e-06
-5.34103e-06
-6.27571e-06
-5.80534e-06
-8.34404e-06
-6.22385e-06
-1.11517e-05
-5.77839e-06
-1.45265e-05
-3.59625e-06
-1.58804e-05
-8.73934e-06
-1.86315e-07
3.59535e-06
-7.01168e-07
6.78522e-06
-1.29957e-06
8.4825e-06
-1.83965e-06
9.73111e-06
-2.27319e-06
1.04097e-05
-2.59563e-06
1.02083e-05
-2.82764e-06
9.12038e-06
-3.00431e-06
7.43077e-06
-3.15873e-06
5.47998e-06
-3.30562e-06
3.46439e-06
-3.43348e-06
1.43419e-06
-3.51789e-06
-6.03266e-07
-3.55984e-06
-2.58729e-06
-3.59882e-06
-4.43473e-06
-3.75481e-06
-6.11973e-06
-4.19374e-06
-7.9051e-06
-4.83329e-06
-1.05122e-05
-4.95357e-06
-1.44063e-05
-3.40314e-06
-1.74308e-05
-1.21425e-05
5.85222e-08
3.53683e-06
-1.50198e-07
6.99394e-06
-4.53102e-07
8.78541e-06
-7.03049e-07
9.98106e-06
-8.82121e-07
1.05887e-05
-1.01273e-06
1.03389e-05
-1.12622e-06
9.23388e-06
-1.25183e-06
7.55638e-06
-1.40149e-06
5.62964e-06
-1.56956e-06
3.63246e-06
-1.74129e-06
1.60592e-06
-1.89991e-06
-4.44654e-07
-2.02596e-06
-2.46123e-06
-2.13533e-06
-4.32536e-06
-2.3054e-06
-5.94965e-06
-2.72035e-06
-7.49016e-06
-3.46484e-06
-9.76768e-06
-3.97362e-06
-1.38975e-05
-2.96852e-06
-1.84359e-05
-1.5111e-05
2.58338e-07
3.27849e-06
3.52368e-07
6.89991e-06
3.59219e-07
8.77856e-06
4.03558e-07
9.93672e-06
4.87773e-07
1.05045e-05
5.67199e-07
1.02595e-05
5.9726e-07
9.20382e-06
5.57894e-07
7.59575e-06
4.56686e-07
5.73085e-06
3.10437e-07
3.77871e-06
1.30463e-07
1.78589e-06
-7.82099e-08
-2.35981e-07
-3.13886e-07
-2.22556e-06
-5.76289e-07
-4.06296e-06
-8.91791e-07
-5.63415e-06
-1.36668e-06
-7.01526e-06
-2.20495e-06
-8.92942e-06
-3.00368e-06
-1.30987e-05
-2.48904e-06
-1.89506e-05
-1.76e-05
4.01106e-07
2.87739e-06
7.64164e-07
6.53685e-06
1.05176e-06
8.49096e-06
1.38437e-06
9.6041e-06
1.76125e-06
1.01277e-05
2.09484e-06
9.92587e-06
2.31659e-06
8.98207e-06
2.41082e-06
7.50152e-06
2.39803e-06
5.74364e-06
2.30111e-06
3.87563e-06
2.12453e-06
1.96247e-06
1.84205e-06
4.65033e-08
1.49117e-06
-1.87468e-06
1.05731e-06
-3.6291e-06
5.43634e-07
-5.12047e-06
-1.36392e-07
-6.33524e-06
-1.06412e-06
-8.00169e-06
-2.08998e-06
-1.20729e-05
-2.01179e-06
-1.90288e-05
-1.96118e-05
4.57264e-07
2.42012e-06
1.02855e-06
5.96557e-06
1.57134e-06
7.94818e-06
2.17213e-06
9.00331e-06
2.82779e-06
9.47199e-06
3.43648e-06
9.31718e-06
3.90458e-06
8.51397e-06
4.19696e-06
7.20913e-06
4.32513e-06
5.61546e-06
4.3096e-06
3.89117e-06
4.15037e-06
2.1217e-06
3.83914e-06
3.57738e-07
3.36009e-06
-1.39564e-06
2.73387e-06
-3.00287e-06
1.97902e-06
-4.36562e-06
1.11981e-06
-5.47603e-06
1.13564e-08
-6.89324e-06
-1.23205e-06
-1.08295e-05
-1.55792e-06
-1.87029e-05
-2.11698e-05
4.05629e-07
2.0145e-06
1.06543e-06
5.30576e-06
1.79833e-06
7.21528e-06
2.6395e-06
8.16214e-06
3.56916e-06
8.54233e-06
4.47369e-06
8.41265e-06
5.23167e-06
7.75599e-06
5.77757e-06
6.66323e-06
6.09919e-06
5.29384e-06
6.20522e-06
3.78514e-06
6.09644e-06
2.23048e-06
5.76078e-06
6.93399e-07
5.17316e-06
-8.08018e-07
4.36817e-06
-2.19788e-06
3.37398e-06
-3.37143e-06
2.26438e-06
-4.36643e-06
9.79989e-07
-5.60885e-06
-4.41202e-07
-9.40829e-06
-1.10324e-06
-1.80409e-05
-2.2273e-05
2.58865e-07
1.75563e-06
8.83041e-07
4.68159e-06
1.75618e-06
6.34214e-06
2.8028e-06
7.11552e-06
3.97415e-06
7.37098e-06
5.15257e-06
7.23423e-06
6.19759e-06
6.71097e-06
7.01348e-06
5.84735e-06
7.55756e-06
4.74976e-06
7.8176e-06
3.5251e-06
7.78813e-06
2.25995e-06
7.46657e-06
1.01497e-06
6.80413e-06
-1.45583e-07
5.8589e-06
-1.25265e-06
4.66187e-06
-2.1744e-06
3.32764e-06
-3.0322e-06
1.91212e-06
-4.19333e-06
3.87655e-07
-7.88383e-06
-4.59546e-07
-1.71937e-05
-2.27325e-05
-6.12572e-08
1.81689e-06
2.98569e-07
4.32176e-06
1.20025e-06
5.44046e-06
2.44897e-06
5.86679e-06
3.87581e-06
5.94415e-06
5.32829e-06
5.78174e-06
6.6562e-06
5.38307e-06
7.74905e-06
4.75449e-06
8.53402e-06
3.96479e-06
8.98001e-06
3.07911e-06
9.06299e-06
2.17697e-06
8.78172e-06
1.29623e-06
8.14377e-06
4.92368e-07
7.13518e-06
-2.44058e-07
5.85215e-06
-8.91371e-07
4.41056e-06
-1.59061e-06
2.99586e-06
-2.77863e-06
1.65065e-06
-6.53862e-06
4.10854e-07
-1.59539e-05
-2.23217e-05
-4.16455e-07
2.23334e-06
-2.08649e-07
4.11395e-06
6.48156e-07
4.58366e-06
1.98e-06
4.53495e-06
3.55958e-06
4.36457e-06
5.18579e-06
4.15553e-06
6.69871e-06
3.87015e-06
7.98853e-06
3.46467e-06
8.96376e-06
2.98955e-06
9.58889e-06
2.45398e-06
9.8347e-06
1.93116e-06
9.71465e-06
1.41628e-06
9.23328e-06
9.73742e-07
8.43699e-06
5.5223e-07
7.3947e-06
1.50924e-07
6.22836e-06
-4.2427e-07
5.11149e-06
-1.66176e-06
3.80722e-06
-5.23436e-06
1.7888e-06
-1.39354e-05
-2.05329e-05
-4.04949e-06
6.28283e-06
-3.66033e-06
3.72479e-06
-1.79876e-06
2.72209e-06
3.15953e-07
2.42024e-06
2.41969e-06
2.26083e-06
4.47163e-06
2.10359e-06
6.39764e-06
1.94414e-06
8.11902e-06
1.7433e-06
9.56564e-06
1.54292e-06
1.07129e-05
1.30669e-06
1.15406e-05
1.1035e-06
1.20741e-05
8.8282e-07
1.23142e-05
7.33556e-07
1.23153e-05
5.51163e-07
1.20664e-05
3.99812e-07
1.15728e-05
6.93058e-08
1.09308e-05
-1.0197e-06
9.63824e-06
-3.94179e-06
5.44411e-06
-9.74131e-06
-1.50888e-05
6.28283e-06
1.00076e-05
1.27297e-05
1.515e-05
1.74108e-05
1.95144e-05
2.14585e-05
2.32018e-05
2.47447e-05
2.60514e-05
2.71549e-05
2.80377e-05
2.87713e-05
2.93225e-05
2.97223e-05
2.97916e-05
2.87719e-05
2.48301e-05
1.50888e-05
)
;

boundaryField
{
    movingWall
    {
        type            calculated;
        value           uniform 0;
    }
    fixedWalls
    {
        type            calculated;
        value           uniform 0;
    }
    frontAndBack
    {
        type            empty;
        value           nonuniform List<scalar> 0();
    }
}


// ************************************************************************* //
