/*--------------------------------*- C++ -*----------------------------------*\
| =========                 |                                                 |
| \\      /  F ield         | OpenFOAM: The Open Source CFD Toolbox           |
|  \\    /   O peration     | Version:  2212                                  |
|   \\  /    A nd           | Website:  www.openfoam.com                      |
|    \\/     M anipulation  |                                                 |
\*---------------------------------------------------------------------------*/
FoamFile
{
    version     2.0;
    format      ascii;
    arch        "LSB;label=32;scalar=64";
    class       volVectorField;
    location    "0.31";
    object      U;
}
// * * * * * * * * * * * * * * * * * * * * * * * * * * * * * * * * * * * * * //

dimensions      [0 1 -1 0 0 0 0];

internalField   nonuniform List<vector> 
400
(
(-0.000130809 0.000123701 0)
(-0.00081749 0.000374818 0)
(-0.00200308 0.000468101 0)
(-0.00325791 0.000484604 0)
(-0.00449482 0.000480672 0)
(-0.0056935 0.000470091 0)
(-0.00683459 0.000452169 0)
(-0.00789278 0.000422953 0)
(-0.00883445 0.000377705 0)
(-0.00961635 0.000311541 0)
(-0.010186 0.000220086 0)
(-0.0104838 9.97892e-05 0)
(-0.0104437 -5.26552e-05 0)
(-0.0100033 -0.000232439 0)
(-0.00911624 -0.000430273 0)
(-0.00776637 -0.000628877 0)
(-0.00598751 -0.00079917 0)
(-0.00388579 -0.000888573 0)
(-0.00172529 -0.000789932 0)
(-0.000338473 -0.000349778 0)
(-0.000408103 0.000833572 0)
(-0.00189535 0.00182176 0)
(-0.00417093 0.00216718 0)
(-0.00654408 0.00221657 0)
(-0.00885791 0.00216694 0)
(-0.0110649 0.00207295 0)
(-0.0131186 0.00193746 0)
(-0.0149679 0.00174979 0)
(-0.0165536 0.00149565 0)
(-0.0178058 0.00116 0)
(-0.0186444 0.000729043 0)
(-0.0189838 0.000193306 0)
(-0.0187294 -0.000448283 0)
(-0.0177938 -0.00117966 0)
(-0.0161207 -0.00196382 0)
(-0.0136994 -0.00273346 0)
(-0.0105961 -0.00337694 0)
(-0.00698365 -0.00369922 0)
(-0.00327889 -0.00332901 0)
(-0.000738262 -0.0016772 0)
(-0.000531302 0.00211518 0)
(-0.002378 0.00414671 0)
(-0.00513014 0.00481986 0)
(-0.00797092 0.00489511 0)
(-0.0107246 0.00474991 0)
(-0.0133392 0.00449569 0)
(-0.0157607 0.00414452 0)
(-0.0179314 0.00368057 0)
(-0.0197863 0.00308001 0)
(-0.0212494 0.00231684 0)
(-0.0222327 0.00136698 0)
(-0.0226383 0.00021451 0)
(-0.0223571 -0.00113832 0)
(-0.0212833 -0.00266291 0)
(-0.0193381 -0.00428556 0)
(-0.0164925 -0.00587084 0)
(-0.0128087 -0.0071907 0)
(-0.00848031 -0.00785104 0)
(-0.00400415 -0.00712903 0)
(-0.000908731 -0.0037989 0)
(-0.000572506 0.00354451 0)
(-0.00257408 0.00672517 0)
(-0.00555488 0.00774055 0)
(-0.00862028 0.00783211 0)
(-0.0115897 0.00757865 0)
(-0.0144164 0.00715152 0)
(-0.0170493 0.00657214 0)
(-0.0194335 0.00581939 0)
(-0.0215061 0.00485908 0)
(-0.0231906 0.00365213 0)
(-0.0243939 0.00216054 0)
(-0.0250053 0.000355554 0)
(-0.0248926 -0.00176807 0)
(-0.0239115 -0.00417711 0)
(-0.0219329 -0.00676509 0)
(-0.018876 -0.00932279 0)
(-0.0147681 -0.0114808 0)
(-0.00981327 -0.0125943 0)
(-0.00461205 -0.0115026 0)
(-0.0010287 -0.00621716 0)
(-0.00059203 0.00503843 0)
(-0.00269032 0.00943665 0)
(-0.00583153 0.0108104 0)
(-0.0090631 0.0109202 0)
(-0.0122027 0.0105633 0)
(-0.015212 0.00997441 0)
(-0.018048 0.00918442 0)
(-0.0206642 0.00816633 0)
(-0.0230044 0.00687355 0)
(-0.0249954 0.00524937 0)
(-0.0265405 0.00323332 0)
(-0.0275128 0.000772025 0)
(-0.0277486 -0.00216156 0)
(-0.0270444 -0.00555119 0)
(-0.0251844 -0.0092713 0)
(-0.0219907 -0.0130357 0)
(-0.0174112 -0.0162943 0)
(-0.0116446 -0.0180589 0)
(-0.00544528 -0.0165855 0)
(-0.00118635 -0.00897734 0)
(-0.00061067 0.00659005 0)
(-0.00280434 0.0122789 0)
(-0.00610827 0.0140355 0)
(-0.00951296 0.0141733 0)
(-0.0128347 0.0137264 0)
(-0.0160465 0.0129979 0)
(-0.0191175 0.0120299 0)
(-0.0220143 0.0107893 0)
(-0.0246941 0.00921504 0)
(-0.0270933 0.00722727 0)
(-0.0291168 0.00473259 0)
(-0.0306233 0.0016362 0)
(-0.0314165 -0.00213702 0)
(-0.0312145 -0.00662259 0)
(-0.0296706 -0.0117064 0)
(-0.0264423 -0.0170358 0)
(-0.0213145 -0.0218295 0)
(-0.0144219 -0.024602 0)
(-0.00672248 -0.0227645 0)
(-0.00142083 -0.0122624 0)
(-0.000633174 0.00820714 0)
(-0.00293719 0.0152684 0)
(-0.00642688 0.0174357 0)
(-0.0100271 0.0176134 0)
(-0.0135529 0.017093 0)
(-0.0169914 0.0162539 0)
(-0.0203286 0.0151519 0)
(-0.023551 0.0137495 0)
(-0.0266375 0.0119704 0)
(-0.029546 0.00970731 0)
(-0.0321955 0.00682287 0)
(-0.0344429 0.00315917 0)
(-0.036071 -0.00144483 0)
(-0.0367091 -0.00712456 0)
(-0.0358309 -0.0138497 0)
(-0.0328339 -0.02125 0)
(-0.0271846 -0.028274 0)
(-0.0187898 -0.0327085 0)
(-0.0087965 -0.0306393 0)
(-0.0017905 -0.0163572 0)
(-0.000660464 0.00990194 0)
(-0.00309349 0.0184281 0)
(-0.00679539 0.0210342 0)
(-0.0106121 0.0212606 0)
(-0.0143565 0.0206821 0)
(-0.0180339 0.0197636 0)
(-0.0216522 0.0185801 0)
(-0.0252257 0.0170935 0)
(-0.0287674 0.0152155 0)
(-0.0322737 0.0128102 0)
(-0.0357006 0.0096878 0)
(-0.0389331 0.00560096 0)
(-0.0417612 0.000255708 0)
(-0.0437499 -0.00661774 0)
(-0.0441703 -0.0152454 0)
(-0.042037 -0.0253668 0)
(-0.036237 -0.0357037 0)
(-0.0260521 -0.0430335 0)
(-0.0125401 -0.0412334 0)
(-0.00246697 -0.0218116 0)
(-0.000693867 0.0116887 0)
(-0.00327698 0.0217837 0)
(-0.00721735 0.0248527 0)
(-0.0112647 0.0251281 0)
(-0.0152291 0.0244995 0)
(-0.0191374 0.0235298 0)
(-0.023025 0.0223209 0)
(-0.026943 0.0208424 0)
(-0.0309525 0.0190019 0)
(-0.0351115 0.0166425 0)
(-0.0394521 0.0135238 0)
(-0.0439404 0.0092978 0)
(-0.0484007 0.00350442 0)
(-0.0524654 -0.00438809 0)
(-0.0552924 -0.014997 0)
(-0.0553869 -0.0285082 0)
(-0.0506703 -0.0437243 0)
(-0.0389221 -0.0562896 0)
(-0.0201578 -0.0563935 0)
(-0.00394723 -0.0299301 0)
(-0.000737276 0.0135857 0)
(-0.00349783 0.0253639 0)
(-0.00770466 0.0289092 0)
(-0.0119893 0.0292177 0)
(-0.016158 0.028532 0)
(-0.0202628 0.0275284 0)
(-0.0243719 0.0263461 0)
(-0.0285804 0.0249748 0)
(-0.033011 0.0233337 0)
(-0.0378078 0.021265 0)
(-0.0431218 0.0184991 0)
(-0.0490715 0.014606 0)
(-0.0556764 0.00894084 0)
(-0.0628005 0.000602998 0)
(-0.0697603 -0.011485 0)
(-0.074698 -0.0286202 0)
(-0.0739377 -0.0506061 0)
(-0.0620023 -0.072566 0)
(-0.0360204 -0.0791302 0)
(-0.00732231 -0.0437031 0)
(-0.000799475 0.0156217 0)
(-0.00377911 0.0292058 0)
(-0.00828733 0.0332204 0)
(-0.0128093 0.0335183 0)
(-0.0171467 0.032743 0)
(-0.0213823 0.0317012 0)
(-0.0256204 0.0305811 0)
(-0.0300037 0.0294077 0)
(-0.0347237 0.0281365 0)
(-0.0400291 0.0266443 0)
(-0.0462351 0.0246843 0)
(-0.0537175 0.0218103 0)
(-0.0628739 0.0172709 0)
(-0.0740539 0.00986933 0)
(-0.0874358 -0.00225846 0)
(-0.101203 -0.0220059 0)
(-0.108788 -0.0526695 0)
(-0.098687 -0.0908994 0)
(-0.0641138 -0.113535 0)
(-0.0137932 -0.0683043 0)
(-0.000897828 0.0178471 0)
(-0.00416567 0.033365 0)
(-0.0090255 0.037805 0)
(-0.013779 0.0380052 0)
(-0.0182277 0.0370691 0)
(-0.0224935 0.0359505 0)
(-0.0267185 0.0348954 0)
(-0.0310889 0.0339793 0)
(-0.0358583 0.0332232 0)
(-0.0413789 0.032592 0)
(-0.0481486 0.0319512 0)
(-0.0568636 0.0309838 0)
(-0.0684985 0.0290659 0)
(-0.0844169 0.0249749 0)
(-0.105921 0.0158215 0)
(-0.131548 -0.00498277 0)
(-0.149762 -0.0475738 0)
(-0.140848 -0.113146 0)
(-0.0988846 -0.164851 0)
(-0.0223783 -0.111282 0)
(-0.00106481 0.0203535 0)
(-0.00473836 0.037928 0)
(-0.0100265 0.0426841 0)
(-0.015 0.0426353 0)
(-0.019476 0.0414162 0)
(-0.0236349 0.0401366 0)
(-0.0276572 0.0390991 0)
(-0.031757 0.0384379 0)
(-0.0362207 0.0382657 0)
(-0.0414641 0.0386958 0)
(-0.0481242 0.0398257 0)
(-0.0571712 0.041677 0)
(-0.0700849 0.0440584 0)
(-0.0892908 0.0459506 0)
(-0.117671 0.0426793 0)
(-0.152337 0.0204587 0)
(-0.175202 -0.0414036 0)
(-0.163815 -0.145675 0)
(-0.123685 -0.235012 0)
(-0.0286182 -0.184233 0)
(-0.00136242 0.023318 0)
(-0.00564205 0.043073 0)
(-0.0114689 0.0479304 0)
(-0.0166339 0.0473676 0)
(-0.0210181 0.0456657 0)
(-0.024898 0.0440838 0)
(-0.0284941 0.0429532 0)
(-0.0320194 0.0424518 0)
(-0.0357349 0.0427901 0)
(-0.0400245 0.044271 0)
(-0.0455138 0.0473246 0)
(-0.0531904 0.0524886 0)
(-0.0645352 0.0601285 0)
(-0.0821978 0.0689667 0)
(-0.109829 0.0711023 0)
(-0.143577 0.0449228 0)
(-0.16126 -0.0375671 0)
(-0.148036 -0.178703 0)
(-0.125665 -0.308278 0)
(-0.0256314 -0.289966 0)
(-0.00189681 0.0269772 0)
(-0.0071184 0.0488371 0)
(-0.0136691 0.053307 0)
(-0.0189644 0.0519393 0)
(-0.0230592 0.0495845 0)
(-0.0264383 0.0475616 0)
(-0.0293701 0.0461861 0)
(-0.0320197 0.045647 0)
(-0.0345371 0.046226 0)
(-0.0371286 0.0483985 0)
(-0.0401553 0.0529268 0)
(-0.0441957 0.0608539 0)
(-0.0500342 0.072903 0)
(-0.059402 0.0868808 0)
(-0.0759563 0.0919643 0)
(-0.097311 0.0630293 0)
(-0.10673 -0.0274017 0)
(-0.0986294 -0.187578 0)
(-0.10425 -0.354496 0)
(-0.01036 -0.393944 0)
(-0.00292413 0.0318863 0)
(-0.0095909 0.0565789 0)
(-0.0169557 0.060259 0)
(-0.0221463 0.057 0)
(-0.0257085 0.0533131 0)
(-0.0283812 0.0504996 0)
(-0.0304579 0.0486162 0)
(-0.0320065 0.0477126 0)
(-0.0329858 0.0480358 0)
(-0.0332857 0.0501088 0)
(-0.0327574 0.0548581 0)
(-0.031208 0.0635711 0)
(-0.0284198 0.0771346 0)
(-0.0247335 0.0925956 0)
(-0.0238306 0.0989928 0)
(-0.0264523 0.0721392 0)
(-0.0302562 -0.0132853 0)
(-0.0282568 -0.169005 0)
(-0.067851 -0.365803 0)
(0.0119618 -0.459835 0)
(-0.00469848 0.041744 0)
(-0.0149416 0.0634335 0)
(-0.0231664 0.0622671 0)
(-0.0273352 0.0582693 0)
(-0.0294668 0.0546365 0)
(-0.0309566 0.051749 0)
(-0.0319117 0.049592 0)
(-0.0321065 0.0481773 0)
(-0.0312498 0.0477401 0)
(-0.0289192 0.0487243 0)
(-0.0244814 0.0519994 0)
(-0.0169933 0.0586404 0)
(-0.00568143 0.0695675 0)
(0.0105839 0.0831586 0)
(0.0283261 0.0904171 0)
(0.043303 0.070282 0)
(0.0425333 -0.00230011 0)
(0.0432181 -0.142102 0)
(-0.0258468 -0.358187 0)
(0.0405255 -0.483827 0)
(-0.00265297 0.0379217 0)
(-0.013465 0.0814871 0)
(-0.0275106 0.0800603 0)
(-0.0332374 0.069025 0)
(-0.0349088 0.0611785 0)
(-0.034643 0.0558598 0)
(-0.0326559 0.0517818 0)
(-0.0290914 0.0484885 0)
(-0.0240201 0.0460932 0)
(-0.0171428 0.0446391 0)
(-0.00814563 0.0447629 0)
(0.00414001 0.0470215 0)
(0.0206179 0.052624 0)
(0.0431195 0.0606431 0)
(0.0675712 0.0659957 0)
(0.0928118 0.0530756 0)
(0.0950274 0.00191307 0)
(0.0985019 -0.11576 0)
(0.0317688 -0.321656 0)
(0.0888552 -0.457718 0)
(-0.0971585 0.097731 0)
(-0.074222 0.0767613 0)
(-0.0642081 0.0571484 0)
(-0.0427231 0.0493155 0)
(-0.0229831 0.0439121 0)
(-0.00353261 0.0394363 0)
(0.0148929 0.0357295 0)
(0.0335034 0.0325443 0)
(0.0505714 0.030228 0)
(0.069033 0.0282144 0)
(0.0853013 0.027207 0)
(0.105407 0.0267831 0)
(0.121791 0.0284042 0)
(0.146624 0.031149 0)
(0.1589 0.0318308 0)
(0.193822 0.0253005 0)
(0.184513 -0.0097278 0)
(0.205853 -0.0913483 0)
(0.152113 -0.235021 0)
(0.171336 -0.347 0)
(0.135952 0.109885 0)
(0.172168 0.0877394 0)
(0.23254 0.0659733 0)
(0.287702 0.0517987 0)
(0.330058 0.0425838 0)
(0.367331 0.0356733 0)
(0.395654 0.0305575 0)
(0.425766 0.0261434 0)
(0.446314 0.0229927 0)
(0.473582 0.0200264 0)
(0.488294 0.0181069 0)
(0.515694 0.0162206 0)
(0.525362 0.0153226 0)
(0.555133 0.0144051 0)
(0.556783 0.0141141 0)
(0.584679 0.0111414 0)
(0.561512 0.00466352 0)
(0.558711 -0.0170518 0)
(0.453759 -0.0494377 0)
(0.344173 -0.10133 0)
)
;

boundaryField
{
    movingWall
    {
        type            fixedValue;
        value           uniform (1 0 0);
    }
    fixedWalls
    {
        type            noSlip;
    }
    frontAndBack
    {
        type            empty;
    }
}


// ************************************************************************* //
