/*--------------------------------*- C++ -*----------------------------------*\
| =========                 |                                                 |
| \\      /  F ield         | OpenFOAM: The Open Source CFD Toolbox           |
|  \\    /   O peration     | Version:  2212                                  |
|   \\  /    A nd           | Website:  www.openfoam.com                      |
|    \\/     M anipulation  |                                                 |
\*---------------------------------------------------------------------------*/
FoamFile
{
    version     2.0;
    format      ascii;
    arch        "LSB;label=32;scalar=64";
    class       volVectorField;
    location    "0.615";
    object      U;
}
// * * * * * * * * * * * * * * * * * * * * * * * * * * * * * * * * * * * * * //

dimensions      [0 1 -1 0 0 0 0];

internalField   nonuniform List<vector> 
400
(
(-0.000245024 0.000209557 0)
(-0.00146109 0.000632782 0)
(-0.00356946 0.000804106 0)
(-0.0058841 0.000861651 0)
(-0.00828503 0.000901494 0)
(-0.0107737 0.000950822 0)
(-0.0133544 0.0010074 0)
(-0.0160048 0.0010564 0)
(-0.0186521 0.00107276 0)
(-0.0211489 0.00101924 0)
(-0.0232503 0.000847193 0)
(-0.0246028 0.00050549 0)
(-0.0247598 -4.13501e-05 0)
(-0.0232886 -0.000780769 0)
(-0.0199742 -0.00156246 0)
(-0.0150514 -0.00213919 0)
(-0.00935313 -0.00223888 0)
(-0.00411639 -0.00173369 0)
(-0.000439956 -0.000761189 0)
(0.000448174 0.000203002 0)
(-0.000792177 0.00153902 0)
(-0.0036 0.00329434 0)
(-0.00794495 0.00401073 0)
(-0.0126863 0.00428771 0)
(-0.0175867 0.00445271 0)
(-0.0226061 0.00460148 0)
(-0.0276952 0.0047213 0)
(-0.0327569 0.0047466 0)
(-0.0376089 0.00457212 0)
(-0.0419495 0.00405391 0)
(-0.0453354 0.00302138 0)
(-0.0471899 0.00131741 0)
(-0.0468541 -0.00112422 0)
(-0.0437011 -0.0041445 0)
(-0.0374537 -0.00718796 0)
(-0.0285528 -0.00934862 0)
(-0.0183485 -0.00965083 0)
(-0.00887651 -0.00766165 0)
(-0.00206735 -0.00395848 0)
(0.000224398 -0.000148461 0)
(-0.0010979 0.00407783 0)
(-0.00479309 0.00784294 0)
(-0.0103467 0.00935954 0)
(-0.0163479 0.00997165 0)
(-0.0225163 0.0102999 0)
(-0.0287983 0.0105279 0)
(-0.0351206 0.0106277 0)
(-0.0413574 0.0104634 0)
(-0.0472928 0.00982223 0)
(-0.0525826 0.00842482 0)
(-0.0567269 0.00595315 0)
(-0.0590648 0.0021278 0)
(-0.0587918 -0.00314993 0)
(-0.055065 -0.00956318 0)
(-0.0473515 -0.0160235 0)
(-0.0359846 -0.020652 0)
(-0.0226333 -0.0213041 0)
(-0.0102286 -0.0169728 0)
(-0.00179308 -0.00904309 0)
(0.000515796 -0.00101844 0)
(-0.00122333 0.00705147 0)
(-0.00534058 0.0131085 0)
(-0.0115018 0.0154976 0)
(-0.0181306 0.0164612 0)
(-0.0249369 0.0169576 0)
(-0.0318848 0.0172676 0)
(-0.0389201 0.0173519 0)
(-0.0459454 0.0170077 0)
(-0.0527824 0.0159174 0)
(-0.0591268 0.0136613 0)
(-0.0644975 0.00974858 0)
(-0.0681936 0.00371108 0)
(-0.0692469 -0.00470697 0)
(-0.0663664 -0.0152245 0)
(-0.0583077 -0.0262336 0)
(-0.0448332 -0.0345554 0)
(-0.0277179 -0.0360587 0)
(-0.0111088 -0.0284358 0)
(-0.000303495 -0.0143757 0)
(0.00135673 -0.00104073 0)
(-0.00124513 0.0101941 0)
(-0.00549974 0.0186832 0)
(-0.0119035 0.02199 0)
(-0.0188058 0.0233304 0)
(-0.0259279 0.0240354 0)
(-0.0332739 0.024501 0)
(-0.0408461 0.0246905 0)
(-0.0486264 0.0243509 0)
(-0.0565408 0.0230731 0)
(-0.0644098 0.0202969 0)
(-0.0718734 0.0153147 0)
(-0.0782885 0.00732961 0)
(-0.0825637 -0.00430996 0)
(-0.0827369 -0.0195681 0)
(-0.0762181 -0.0368589 0)
(-0.061449 -0.0513043 0)
(-0.0397895 -0.0555136 0)
(-0.0161657 -0.0441721 0)
(0.000716576 -0.020932 0)
(0.00255876 0.000284109 0)
(-0.00120342 0.0133423 0)
(-0.0054157 0.0243336 0)
(-0.0118316 0.0286082 0)
(-0.0187912 0.0303756 0)
(-0.0260395 0.0313715 0)
(-0.033635 0.032133 0)
(-0.0416656 0.0326549 0)
(-0.0502379 0.032666 0)
(-0.0594531 0.0317005 0)
(-0.0693764 0.0290895 0)
(-0.0799731 0.0239207 0)
(-0.0908812 0.0149618 0)
(-0.100909 0.000732492 0)
(-0.107387 -0.0197865 0)
(-0.105618 -0.0456361 0)
(-0.0917322 -0.0700975 0)
(-0.0663471 -0.0812173 0)
(-0.0331839 -0.0684266 0)
(-0.00247735 -0.0324134 0)
(0.00393567 0.00238312 0)
(-0.00111671 0.0163769 0)
(-0.00516 0.0298845 0)
(-0.0114227 0.0351747 0)
(-0.0182753 0.0374315 0)
(-0.0254887 0.0388214 0)
(-0.0331804 0.0400577 0)
(-0.04154 0.041209 0)
(-0.0508343 0.0420429 0)
(-0.0614058 0.0421115 0)
(-0.0736898 0.040738 0)
(-0.0882398 0.036919 0)
(-0.105417 0.0289145 0)
(-0.124143 0.0136316 0)
(-0.14018 -0.0125802 0)
(-0.145883 -0.0496663 0)
(-0.135727 -0.0890729 0)
(-0.110012 -0.112877 0)
(-0.0683861 -0.105078 0)
(-0.0174431 -0.0566342 0)
(0.00453301 0.00201618 0)
(-0.000993931 0.0192074 0)
(-0.00476624 0.0351984 0)
(-0.0107353 0.0415386 0)
(-0.0173214 0.044337 0)
(-0.024313 0.0462126 0)
(-0.0318769 0.0480958 0)
(-0.0403017 0.0501858 0)
(-0.0500273 0.0523735 0)
(-0.0616768 0.0543585 0)
(-0.0761329 0.05563 0)
(-0.0947193 0.0552356 0)
(-0.118801 0.0506795 0)
(-0.147067 0.035979 0)
(-0.17208 0.00298269 0)
(-0.184088 -0.0496793 0)
(-0.179404 -0.107888 0)
(-0.15836 -0.149078 0)
(-0.115782 -0.155889 0)
(-0.0522757 -0.105835 0)
(0.0014661 -0.00938746 0)
(-0.000842643 0.0217594 0)
(-0.00425831 0.0401573 0)
(-0.0098038 0.0475546 0)
(-0.015953 0.0509105 0)
(-0.0224908 0.0533125 0)
(-0.029606 0.0559493 0)
(-0.0376523 0.0592114 0)
(-0.0471997 0.063212 0)
(-0.0590922 0.0679527 0)
(-0.074523 0.0732451 0)
(-0.0953065 0.0780633 0)
(-0.123447 0.078258 0)
(-0.156955 0.0635226 0)
(-0.185369 0.0215482 0)
(-0.198191 -0.047674 0)
(-0.198021 -0.123652 0)
(-0.18634 -0.184419 0)
(-0.154776 -0.215076 0)
(-0.0979443 -0.179864 0)
(-0.011348 -0.03872 0)
(-0.000675566 0.023976 0)
(-0.00367324 0.0446604 0)
(-0.00868335 0.0530788 0)
(-0.0142219 0.0569447 0)
(-0.0200409 0.0598219 0)
(-0.0263081 0.0631888 0)
(-0.0333753 0.0676714 0)
(-0.0418293 0.0736723 0)
(-0.0525414 0.0815794 0)
(-0.0666476 0.0914864 0)
(-0.0857837 0.10177 0)
(-0.111825 0.105765 0)
(-0.142006 0.08951 0)
(-0.165345 0.0400024 0)
(-0.174281 -0.0393705 0)
(-0.177201 -0.126733 0)
(-0.175429 -0.203797 0)
(-0.160848 -0.261964 0)
(-0.122465 -0.259437 0)
(-0.0310921 -0.104185 0)
(-0.000515392 0.0258312 0)
(-0.003078 0.0486384 0)
(-0.00748142 0.0579804 0)
(-0.0122581 0.062222 0)
(-0.0170962 0.0654001 0)
(-0.0220958 0.0692899 0)
(-0.0275197 0.0747501 0)
(-0.0338058 0.0824477 0)
(-0.0415665 0.0930734 0)
(-0.0514602 0.106787 0)
(-0.0644026 0.121074 0)
(-0.0819799 0.127118 0)
(-0.102155 0.109361 0)
(-0.116719 0.056328 0)
(-0.121468 -0.0258156 0)
(-0.126049 -0.115772 0)
(-0.132312 -0.199861 0)
(-0.132803 -0.280085 0)
(-0.115949 -0.324402 0)
(-0.0375949 -0.208733 0)
(-0.000399307 0.027354 0)
(-0.00258328 0.0520895 0)
(-0.0063797 0.0621849 0)
(-0.0102979 0.0665655 0)
(-0.0139474 0.0697335 0)
(-0.0173354 0.0737418 0)
(-0.0205797 0.0796199 0)
(-0.0238585 0.0881706 0)
(-0.0273614 0.100178 0)
(-0.0311474 0.115704 0)
(-0.0354458 0.131673 0)
(-0.0418725 0.138329 0)
(-0.0501622 0.120386 0)
(-0.0563161 0.0676525 0)
(-0.0598306 -0.0130156 0)
(-0.0666037 -0.100451 0)
(-0.0800221 -0.183188 0)
(-0.0921384 -0.27236 0)
(-0.0952367 -0.354751 0)
(-0.0257906 -0.292808 0)
(-0.000381482 0.0286512 0)
(-0.00234687 0.0550772 0)
(-0.00564245 0.0656356 0)
(-0.0086942 0.0698094 0)
(-0.0110425 0.0725587 0)
(-0.0126277 0.0761596 0)
(-0.0134401 0.081714 0)
(-0.0134084 0.0900003 0)
(-0.0123367 0.101708 0)
(-0.0098126 0.116726 0)
(-0.00565565 0.132313 0)
(-0.001284 0.139328 0)
(0.001832 0.122997 0)
(0.00293841 0.0730716 0)
(-0.00113193 -0.00357127 0)
(-0.010727 -0.0849847 0)
(-0.0311268 -0.162256 0)
(-0.0523374 -0.253519 0)
(-0.0746737 -0.364987 0)
(-0.0135539 -0.347996 0)
(-0.000554405 0.0299886 0)
(-0.00261301 0.0579326 0)
(-0.00561684 0.0686091 0)
(-0.00785397 0.07209 0)
(-0.00887566 0.0738825 0)
(-0.00863466 0.0764752 0)
(-0.00706836 0.0809476 0)
(-0.00394571 0.0878665 0)
(0.00111032 0.0977595 0)
(0.00893238 0.110464 0)
(0.0200573 0.123759 0)
(0.032852 0.130507 0)
(0.0441767 0.118033 0)
(0.0507001 0.0753359 0)
(0.0490184 0.0071357 0)
(0.0391461 -0.0666926 0)
(0.0122399 -0.135357 0)
(-0.0145107 -0.223113 0)
(-0.0556794 -0.361926 0)
(-0.00175028 -0.392176 0)
(-0.00104106 0.0316969 0)
(-0.00370667 0.0606851 0)
(-0.00682052 0.0705775 0)
(-0.00837515 0.0728335 0)
(-0.00805385 0.0733329 0)
(-0.0060223 0.074542 0)
(-0.00234655 0.0774072 0)
(0.00331399 0.0823188 0)
(0.0115169 0.0895295 0)
(0.0229358 0.0988442 0)
(0.0381028 0.108388 0)
(0.0558197 0.113194 0)
(0.0725157 0.104201 0)
(0.0836026 0.0717006 0)
(0.0841271 0.0173222 0)
(0.0744076 -0.0465519 0)
(0.0437525 -0.106108 0)
(0.0162993 -0.189171 0)
(-0.0414429 -0.352759 0)
(0.0105093 -0.424949 0)
(-0.0020981 0.0344266 0)
(-0.00598827 0.0651393 0)
(-0.00950876 0.0741381 0)
(-0.0104399 0.0739598 0)
(-0.00881464 0.072102 0)
(-0.00515376 0.0712388 0)
(0.000353879 0.0720052 0)
(0.00799077 0.0745428 0)
(0.0182565 0.0787849 0)
(0.0316413 0.0843439 0)
(0.0484248 0.0898659 0)
(0.0677608 0.0921302 0)
(0.0866103 0.0855275 0)
(0.100483 0.062883 0)
(0.102984 0.02347 0)
(0.0945036 -0.0266855 0)
(0.0628585 -0.0752188 0)
(0.0381851 -0.156538 0)
(-0.0310241 -0.346402 0)
(0.0245943 -0.454641 0)
(-0.00408647 0.0425182 0)
(-0.0121865 0.0690366 0)
(-0.0166076 0.0717523 0)
(-0.0156908 0.069492 0)
(-0.0117181 0.0666316 0)
(-0.00606156 0.0646116 0)
(0.00109064 0.0638291 0)
(0.0101751 0.0642797 0)
(0.0216791 0.0658888 0)
(0.0359182 0.0682384 0)
(0.0529322 0.0704929 0)
(0.071984 0.0706903 0)
(0.0905773 0.0659457 0)
(0.105443 0.0516144 0)
(0.108903 0.0266201 0)
(0.102615 -0.00790265 0)
(0.0730106 -0.0463381 0)
(0.0544271 -0.128284 0)
(-0.0166254 -0.337286 0)
(0.0466069 -0.469998 0)
(-0.00312963 0.0369495 0)
(-0.0110101 0.0832783 0)
(-0.0204029 0.0847389 0)
(-0.0213571 0.0747381 0)
(-0.0174459 0.0668287 0)
(-0.0111926 0.0616315 0)
(-0.00286107 0.0580866 0)
(0.00770404 0.0556847 0)
(0.0206262 0.0543198 0)
(0.0358807 0.0535308 0)
(0.0531117 0.0531443 0)
(0.0719339 0.0516963 0)
(0.0896207 0.0485151 0)
(0.105834 0.0403463 0)
(0.111026 0.0272541 0)
(0.111726 0.00588834 0)
(0.0875227 -0.0260009 0)
(0.0782729 -0.112453 0)
(0.0200459 -0.314191 0)
(0.0862667 -0.447177 0)
(-0.0978624 0.0963207 0)
(-0.0739636 0.0762856 0)
(-0.0623173 0.0583094 0)
(-0.0382206 0.0504872 0)
(-0.0158107 0.0448612 0)
(0.00622109 0.0403159 0)
(0.0271906 0.0366478 0)
(0.0488803 0.0336591 0)
(0.0692016 0.0316578 0)
(0.0917189 0.0299552 0)
(0.111263 0.0291367 0)
(0.135202 0.0279022 0)
(0.151391 0.0270767 0)
(0.17459 0.0245133 0)
(0.180096 0.0202574 0)
(0.197175 0.00940398 0)
(0.17615 -0.0165784 0)
(0.18238 -0.0828273 0)
(0.13509 -0.226803 0)
(0.167474 -0.339443 0)
(0.135313 0.109326 0)
(0.171054 0.0866926 0)
(0.23088 0.0650413 0)
(0.286317 0.0510247 0)
(0.329122 0.0419703 0)
(0.366863 0.0351405 0)
(0.395853 0.0301201 0)
(0.42625 0.0257115 0)
(0.447791 0.0226769 0)
(0.475354 0.0196018 0)
(0.491214 0.0179167 0)
(0.518222 0.0155777 0)
(0.528271 0.0148919 0)
(0.554864 0.0127787 0)
(0.555023 0.0125516 0)
(0.575459 0.00861821 0)
(0.549328 0.00400414 0)
(0.539709 -0.0148462 0)
(0.437425 -0.0472924 0)
(0.338885 -0.0993042 0)
)
;

boundaryField
{
    movingWall
    {
        type            fixedValue;
        value           uniform (1 0 0);
    }
    fixedWalls
    {
        type            noSlip;
    }
    frontAndBack
    {
        type            empty;
    }
}


// ************************************************************************* //
