/*--------------------------------*- C++ -*----------------------------------*\
| =========                 |                                                 |
| \\      /  F ield         | OpenFOAM: The Open Source CFD Toolbox           |
|  \\    /   O peration     | Version:  2212                                  |
|   \\  /    A nd           | Website:  www.openfoam.com                      |
|    \\/     M anipulation  |                                                 |
\*---------------------------------------------------------------------------*/
FoamFile
{
    version     2.0;
    format      ascii;
    arch        "LSB;label=32;scalar=64";
    class       volScalarField;
    location    "4.915";
    object      p;
}
// * * * * * * * * * * * * * * * * * * * * * * * * * * * * * * * * * * * * * //

dimensions      [0 2 -2 0 0 0 0];

internalField   nonuniform List<scalar> 
400
(
4.45823e-07
-0.000149895
-0.0005323
-0.0010675
-0.0017259
-0.00248433
-0.00317292
-0.00358401
-0.00355135
-0.00292102
-0.00153853
0.00062439
0.00325089
0.00551688
0.00654543
0.00594924
0.00404167
0.00219624
0.00115813
0.00108773
0.000116799
-5.69638e-05
-0.000374428
-0.000760337
-0.00123891
-0.00188063
-0.00269497
-0.003528
-0.00406139
-0.00391956
-0.00283066
-0.000814149
0.00169617
0.00396889
0.00514103
0.00477298
0.00314703
0.00142339
0.000642181
0.000730971
0.0005352
0.000265246
-7.5479e-05
-0.000556162
-0.0013407
-0.00256815
-0.00419804
-0.00595295
-0.00736394
-0.00790247
-0.00722567
-0.00542893
-0.00286434
-0.000169815
0.00182004
0.00246468
0.00175584
0.000553691
-0.000343989
-0.000343386
0.00114681
0.000737937
0.000191575
-0.000770247
-0.00243756
-0.00491022
-0.00794992
-0.0110571
-0.0136254
-0.0150913
-0.0151215
-0.0137606
-0.0112239
-0.00796895
-0.00469852
-0.0021583
-0.000818718
-0.000654007
-0.0012357
-0.00186622
0.00157137
0.000965284
-2.47719e-05
-0.00191402
-0.00497733
-0.00912485
-0.0138292
-0.018367
-0.0220804
-0.0245028
-0.0253746
-0.0245758
-0.022231
-0.0186296
-0.0142094
-0.00957705
-0.00552688
-0.00289318
-0.00214212
-0.0039622
0.00127696
0.000434002
-0.0011965
-0.00428176
-0.00895037
-0.0147868
-0.0209377
-0.0265419
-0.0309865
-0.0339532
-0.0353125
-0.0349638
-0.0329902
-0.0295386
-0.0247494
-0.0188416
-0.0124145
-0.00688081
-0.0043451
-0.00646213
-6.35738e-05
-0.00115535
-0.00348912
-0.00775418
-0.0138451
-0.0209755
-0.0280453
-0.0341687
-0.0388498
-0.0419258
-0.0434025
-0.0432998
-0.0416843
-0.0386245
-0.0340977
-0.0279873
-0.0204113
-0.0126126
-0.00778921
-0.00769178
-0.00245733
-0.00373972
-0.00667211
-0.0118452
-0.0189161
-0.0267963
-0.0342568
-0.0404743
-0.0450971
-0.0480883
-0.0495348
-0.0495311
-0.0481557
-0.0454556
-0.0413816
-0.0357011
-0.0281535
-0.0192489
-0.0117423
-0.00792747
-0.00553014
-0.00689719
-0.0102171
-0.0159265
-0.0234988
-0.03166
-0.0391516
-0.0452469
-0.0497139
-0.0525914
-0.0539991
-0.0540425
-0.0527961
-0.0503174
-0.0466156
-0.041532
-0.0346508
-0.0257889
-0.0166031
-0.00992603
-0.00871014
-0.0100511
-0.0135314
-0.0194224
-0.027097
-0.0352216
-0.0425697
-0.048494
-0.0528294
-0.0556389
-0.0570374
-0.0571105
-0.0559215
-0.0535414
-0.0500505
-0.0454352
-0.0393797
-0.0313326
-0.0221841
-0.0142403
-0.0114671
-0.0127094
-0.0161379
-0.0219175
-0.0293979
-0.0372998
-0.0444567
-0.0502517
-0.0545268
-0.0573264
-0.058741
-0.0588337
-0.0576549
-0.0552812
-0.0518531
-0.0474997
-0.0421552
-0.0351719
-0.027039
-0.0190524
-0.0135047
-0.0145625
-0.0177671
-0.0231722
-0.0302159
-0.0377676
-0.0447405
-0.0504932
-0.0548029
-0.0576613
-0.0591206
-0.0592241
-0.0580135
-0.0555665
-0.0520758
-0.0477832
-0.0429318
-0.0368468
-0.0298697
-0.0222802
-0.0147906
-0.0155112
-0.0182652
-0.0230729
-0.0294882
-0.0365963
-0.0434018
-0.0491995
-0.0536453
-0.0566392
-0.0581803
-0.0582891
-0.0570023
-0.05442
-0.0507597
-0.0463257
-0.0417166
-0.036116
-0.0300821
-0.0227719
-0.0154225
-0.0156708
-0.0177018
-0.0216272
-0.0272101
-0.0337806
-0.0404233
-0.0463386
-0.0510245
-0.0542495
-0.0559368
-0.0560793
-0.0546916
-0.0519038
-0.047977
-0.0433009
-0.0385333
-0.0330064
-0.0279923
-0.0201931
-0.0155327
-0.0152557
-0.0162802
-0.0189972
-0.0235129
-0.029431
-0.0358981
-0.0419915
-0.0470198
-0.0505835
-0.0524996
-0.0527069
-0.0512467
-0.0482086
-0.0439255
-0.0388424
-0.0336542
-0.0280048
-0.0241811
-0.0143589
-0.0152408
-0.0145175
-0.0142235
-0.0153705
-0.0185935
-0.0237509
-0.0300241
-0.0363407
-0.0418028
-0.0458196
-0.0480836
-0.0484642
-0.0469845
-0.0437147
-0.0390255
-0.0333866
-0.0275923
-0.0216387
-0.0180908
-0.00387899
-0.0146339
-0.0135959
-0.0116913
-0.0110637
-0.0129153
-0.0173004
-0.0233973
-0.0299706
-0.0359339
-0.0405059
-0.0432482
-0.0439335
-0.0425544
-0.039143
-0.0340352
-0.0276328
-0.0207122
-0.0133706
-0.00691705
0.0159371
-0.0145673
-0.0126463
-0.00865392
-0.00625358
-0.00692103
-0.0107249
-0.016746
-0.023608
-0.0301081
-0.035302
-0.0386402
-0.0397728
-0.038646
-0.0352735
-0.0298022
-0.0222779
-0.0129697
-0.000859305
0.0164895
0.0568933
-0.011791
-0.0118334
-0.00575523
-0.00182562
-0.00181388
-0.00542732
-0.0115505
-0.0187317
-0.0257335
-0.0314975
-0.0354435
-0.0371395
-0.0364873
-0.0332114
-0.0271621
-0.0175764
-0.00328174
0.0202802
0.0604717
0.129633
-0.0295082
-0.010641
-0.000651801
0.00301578
0.00238324
-0.00159725
-0.00799389
-0.01549
-0.0228537
-0.029002
-0.0333291
-0.035379
-0.0350141
-0.0318191
-0.0251649
-0.012887
0.00929949
0.0509784
0.122671
0.225907
)
;

boundaryField
{
    movingWall
    {
        type            zeroGradient;
    }
    fixedWalls
    {
        type            zeroGradient;
    }
    frontAndBack
    {
        type            empty;
    }
}


// ************************************************************************* //
