/*--------------------------------*- C++ -*----------------------------------*\
| =========                 |                                                 |
| \\      /  F ield         | OpenFOAM: The Open Source CFD Toolbox           |
|  \\    /   O peration     | Version:  2212                                  |
|   \\  /    A nd           | Website:  www.openfoam.com                      |
|    \\/     M anipulation  |                                                 |
\*---------------------------------------------------------------------------*/
FoamFile
{
    version     2.0;
    format      ascii;
    arch        "LSB;label=32;scalar=64";
    class       volScalarField;
    location    "1.885";
    object      p;
}
// * * * * * * * * * * * * * * * * * * * * * * * * * * * * * * * * * * * * * //

dimensions      [0 2 -2 0 0 0 0];

internalField   nonuniform List<scalar> 
400
(
2.68053e-08
-0.000121965
-0.000388062
-0.0007667
-0.00124331
-0.00177791
-0.0022734
-0.00256442
-0.00248275
-0.00189054
-0.000688725
0.00112586
0.00333747
0.00530019
0.00631802
0.00604392
0.00462991
0.00314049
0.00222034
0.0021079
0.000116607
-1.87741e-05
-0.000229545
-0.000514959
-0.000875668
-0.00132793
-0.00186585
-0.00239576
-0.00270302
-0.00250762
-0.00158495
8.67749e-05
0.0021831
0.0041411
0.00526122
0.00514089
0.00395601
0.0025154
0.00179835
0.00180756
0.00039166
0.000208877
-1.40531e-05
-0.000347402
-0.000879121
-0.00169448
-0.00278894
-0.00400096
-0.00500648
-0.00539828
-0.00485905
-0.00337974
-0.00124536
0.00103681
0.00277468
0.00339414
0.0028516
0.00179572
0.000945275
0.000874577
0.000715103
0.000439454
0.0001172
-0.000475807
-0.00153588
-0.00318092
-0.00532273
-0.00763523
-0.00965234
-0.0108862
-0.0109887
-0.00992312
-0.00786851
-0.00518244
-0.00245054
-0.000328614
0.000724392
0.000720045
8.53692e-05
-0.000508888
0.000789296
0.00041004
-0.000140874
-0.00126323
-0.00322278
-0.00607763
-0.00956748
-0.0131692
-0.0163027
-0.0184852
-0.0194056
-0.0189282
-0.0171126
-0.0141702
-0.0104804
-0.00660752
-0.00329163
-0.00125205
-0.000821314
-0.00243658
0.000336479
-0.000178211
-0.00108852
-0.00295217
-0.00602895
-0.0102284
-0.0150406
-0.0197537
-0.0237403
-0.0265913
-0.0280973
-0.0281312
-0.0266868
-0.0238794
-0.0198424
-0.0148059
-0.00935696
-0.00476471
-0.00277827
-0.00477886
-0.000834704
-0.00150235
-0.00284028
-0.00550245
-0.00966145
-0.0150173
-0.0208094
-0.0262031
-0.0305982
-0.033694
-0.0354018
-0.0357005
-0.0346049
-0.0321734
-0.02839
-0.0231541
-0.0165968
-0.00988879
-0.00589508
-0.00623209
-0.00271495
-0.00351565
-0.00525424
-0.00859028
-0.0135774
-0.0197111
-0.0260432
-0.0317017
-0.0361721
-0.0392718
-0.0409973
-0.0413957
-0.0405244
-0.0384358
-0.0350951
-0.0302768
-0.0237182
-0.0159301
-0.00953156
-0.0065431
-0.00507241
-0.00594437
-0.00797813
-0.0117568
-0.0172333
-0.0237558
-0.0302756
-0.0359466
-0.0403526
-0.0433963
-0.0451137
-0.045562
-0.0448045
-0.0429103
-0.0399167
-0.0356747
-0.0297445
-0.0219457
-0.013871
-0.00810216
-0.00754564
-0.0084071
-0.0105928
-0.0145602
-0.0202029
-0.0268074
-0.033304
-0.038895
-0.0432336
-0.0462616
-0.0480118
-0.0485114
-0.0477977
-0.0459579
-0.0431204
-0.0393032
-0.0341614
-0.0270977
-0.0188976
-0.0116911
-0.00978204
-0.0105629
-0.0127468
-0.0166731
-0.0222138
-0.028681
-0.0350463
-0.0405523
-0.0448705
-0.0479342
-0.049747
-0.0502979
-0.0495851
-0.0477096
-0.0448693
-0.0412579
-0.0367924
-0.0307259
-0.0233939
-0.0159493
-0.0115495
-0.012179
-0.0142229
-0.0178976
-0.023106
-0.0292588
-0.0354261
-0.0408719
-0.0452256
-0.0483669
-0.0502562
-0.0508557
-0.0500937
-0.0481352
-0.045188
-0.0415988
-0.037613
-0.0324176
-0.0261401
-0.0189487
-0.0127875
-0.0131749
-0.0148969
-0.0181266
-0.0228107
-0.0285057
-0.0344197
-0.0398203
-0.0442522
-0.0475025
-0.04947
-0.0500822
-0.049294
-0.0472097
-0.0440996
-0.0403726
-0.0366611
-0.0319813
-0.0265674
-0.0195924
-0.0135238
-0.0136018
-0.0148016
-0.0173454
-0.0213101
-0.0264264
-0.0320348
-0.0373924
-0.0419364
-0.0453359
-0.0474097
-0.0480481
-0.0472148
-0.044989
-0.0416852
-0.0377909
-0.034017
-0.0294853
-0.0249714
-0.0176036
-0.0138321
-0.0135812
-0.0140718
-0.0156846
-0.0187424
-0.0231614
-0.0284048
-0.0337107
-0.0383983
-0.0419995
-0.044235
-0.0449446
-0.0440798
-0.0417105
-0.0381947
-0.0340475
-0.0299953
-0.0254381
-0.0220837
-0.0128608
-0.0138264
-0.0132856
-0.0128297
-0.0132776
-0.0152834
-0.0189274
-0.0237697
-0.0290209
-0.0338856
-0.037751
-0.0402275
-0.0410879
-0.0402772
-0.0378158
-0.03409
-0.0296037
-0.0251263
-0.0203735
-0.0176937
-0.0039447
-0.0135917
-0.012843
-0.0112099
-0.0103911
-0.0113198
-0.0142135
-0.0186841
-0.0238996
-0.0289743
-0.0331635
-0.0359695
-0.0370722
-0.0363899
-0.0339743
-0.0300628
-0.025089
-0.0197657
-0.0139494
-0.00882845
0.0140015
-0.014058
-0.0124351
-0.0091113
-0.00704486
-0.00708717
-0.00945194
-0.0137065
-0.0189654
-0.0243057
-0.0288833
-0.0321293
-0.0336265
-0.0332363
-0.0308953
-0.0267805
-0.0209785
-0.0136967
-0.00362114
0.0121822
0.0530492
-0.0118179
-0.0123498
-0.00741851
-0.00404958
-0.0034756
-0.00563267
-0.00988618
-0.0152895
-0.0209322
-0.0259
-0.0296128
-0.0315757
-0.0316202
-0.0294626
-0.0249572
-0.0172797
-0.00526296
0.0159975
0.0548732
0.124704
-0.0295371
-0.0117222
-0.00301437
0.000137493
7.59132e-05
-0.00244361
-0.00693985
-0.0125891
-0.0185023
-0.0237595
-0.0277686
-0.0300269
-0.0303259
-0.0282132
-0.0230209
-0.0126253
0.0071882
0.0467018
0.117439
0.221169
)
;

boundaryField
{
    movingWall
    {
        type            zeroGradient;
    }
    fixedWalls
    {
        type            zeroGradient;
    }
    frontAndBack
    {
        type            empty;
    }
}


// ************************************************************************* //
