/*--------------------------------*- C++ -*----------------------------------*\
| =========                 |                                                 |
| \\      /  F ield         | OpenFOAM: The Open Source CFD Toolbox           |
|  \\    /   O peration     | Version:  2212                                  |
|   \\  /    A nd           | Website:  www.openfoam.com                      |
|    \\/     M anipulation  |                                                 |
\*---------------------------------------------------------------------------*/
FoamFile
{
    version     2.0;
    format      ascii;
    arch        "LSB;label=32;scalar=64";
    class       volVectorField;
    location    "2.89";
    object      U;
}
// * * * * * * * * * * * * * * * * * * * * * * * * * * * * * * * * * * * * * //

dimensions      [0 1 -1 0 0 0 0];

internalField   nonuniform List<vector> 
400
(
(0.00154428 -0.00156736 0)
(0.00440531 -0.00174692 0)
(0.00592852 -0.00111916 0)
(0.00496119 -0.000518643 0)
(0.000963251 0.000232502 0)
(-0.00710632 0.00171827 0)
(-0.0202586 0.00454184 0)
(-0.0383094 0.00821631 0)
(-0.058694 0.0107043 0)
(-0.0765072 0.0101264 0)
(-0.0871651 0.00666233 0)
(-0.088199 0.00177088 0)
(-0.0786804 -0.00334563 0)
(-0.0593229 -0.00791347 0)
(-0.0337496 -0.0104817 0)
(-0.00627843 -0.00954267 0)
(0.0153183 -0.00481994 0)
(0.023187 0.00252676 0)
(0.0155396 0.00617385 0)
(0.00419652 0.0045443 0)
(0.00148682 -0.00457004 0)
(0.00253658 -0.00351807 0)
(-0.00117894 0.000773694 0)
(-0.0117408 0.00628996 0)
(-0.0309209 0.0134776 0)
(-0.0592129 0.0226326 0)
(-0.0934029 0.0314865 0)
(-0.126948 0.0356024 0)
(-0.153949 0.0325318 0)
(-0.171045 0.0230576 0)
(-0.176729 0.00936659 0)
(-0.170926 -0.00624062 0)
(-0.154204 -0.0220221 0)
(-0.127208 -0.0355489 0)
(-0.0921634 -0.0432195 0)
(-0.0517771 -0.0408309 0)
(-0.0118735 -0.0260416 0)
(0.0158397 -0.00180033 0)
(0.0171645 0.0154224 0)
(0.00540545 0.0142928 0)
(-0.000426326 -0.00490247 0)
(-0.00566268 0.00148501 0)
(-0.0194825 0.0140389 0)
(-0.043274 0.0299201 0)
(-0.0774247 0.0471894 0)
(-0.117612 0.061585 0)
(-0.156596 0.0679961 0)
(-0.188899 0.0641544 0)
(-0.212265 0.0511892 0)
(-0.226016 0.0314386 0)
(-0.230092 0.00717992 0)
(-0.225068 -0.0195763 0)
(-0.211243 -0.0467071 0)
(-0.188136 -0.070683 0)
(-0.155469 -0.0864595 0)
(-0.113245 -0.0871106 0)
(-0.0633056 -0.0659181 0)
(-0.0138705 -0.023066 0)
(0.00914894 0.0167798 0)
(0.00414294 0.0227894 0)
(-0.00340719 0.00134786 0)
(-0.0169876 0.0173826 0)
(-0.0419478 0.0399889 0)
(-0.0764867 0.0652046 0)
(-0.118004 0.0873531 0)
(-0.15963 0.100083 0)
(-0.195053 0.0998548 0)
(-0.222095 0.0876238 0)
(-0.240897 0.0663498 0)
(-0.251999 0.0386695 0)
(-0.256179 0.00644501 0)
(-0.254207 -0.0290048 0)
(-0.246029 -0.0655373 0)
(-0.230603 -0.10024 0)
(-0.205967 -0.127762 0)
(-0.169463 -0.139428 0)
(-0.118676 -0.123261 0)
(-0.0556389 -0.0700804 0)
(-0.00112847 0.00252424 0)
(0.00471647 0.0273263 0)
(-0.00637142 0.0151247 0)
(-0.0274411 0.0430666 0)
(-0.0604833 0.0740126 0)
(-0.0999378 0.104401 0)
(-0.141361 0.126297 0)
(-0.177944 0.13383 0)
(-0.20604 0.126188 0)
(-0.225792 0.106607 0)
(-0.238409 0.0788391 0)
(-0.245534 0.0456387 0)
(-0.248841 0.00855211 0)
(-0.249282 -0.0316453 0)
(-0.246679 -0.0738518 0)
(-0.240391 -0.116744 0)
(-0.227669 -0.156444 0)
(-0.203916 -0.184597 0)
(-0.163228 -0.186071 0)
(-0.101103 -0.140368 0)
(-0.0217758 -0.0388898 0)
(0.00716323 0.0261729 0)
(-0.00806652 0.034185 0)
(-0.0334229 0.0741391 0)
(-0.0696643 0.110376 0)
(-0.108328 0.141975 0)
(-0.14465 0.160381 0)
(-0.17321 0.161258 0)
(-0.192706 0.146304 0)
(-0.204499 0.12031 0)
(-0.210499 0.0875767 0)
(-0.213142 0.0510914 0)
(-0.214469 0.0123387 0)
(-0.215554 -0.0283035 0)
(-0.216629 -0.0713186 0)
(-0.217705 -0.117147 0)
(-0.216585 -0.164612 0)
(-0.20814 -0.208246 0)
(-0.184338 -0.233895 0)
(-0.136742 -0.214528 0)
(-0.0611415 -0.116759 0)
(0.00553923 0.0136196 0)
(-0.00782729 0.0551402 0)
(-0.0335016 0.106075 0)
(-0.0684028 0.144662 0)
(-0.102447 0.174569 0)
(-0.131502 0.187749 0)
(-0.151806 0.181572 0)
(-0.163702 0.15977 0)
(-0.169174 0.128271 0)
(-0.170573 0.0918592 0)
(-0.170446 0.0536037 0)
(-0.17044 0.0147863 0)
(-0.171318 -0.0245829 0)
(-0.173648 -0.0657056 0)
(-0.177961 -0.110023 0)
(-0.183541 -0.158729 0)
(-0.186636 -0.210655 0)
(-0.179262 -0.256666 0)
(-0.151468 -0.270477 0)
(-0.0970645 -0.20223 0)
(-0.00862293 -0.0147292 0)
(-0.00577647 0.0746107 0)
(-0.0282073 0.135351 0)
(-0.0584712 0.174381 0)
(-0.0860396 0.201041 0)
(-0.107687 0.208437 0)
(-0.12116 0.19551 0)
(-0.127738 0.16767 0)
(-0.129647 0.13175 0)
(-0.129333 0.0928283 0)
(-0.128857 0.0537445 0)
(-0.129043 0.0152903 0)
(-0.130112 -0.0229511 0)
(-0.132542 -0.062122 0)
(-0.137073 -0.103644 0)
(-0.144295 -0.149677 0)
(-0.152779 -0.202658 0)
(-0.156336 -0.260426 0)
(-0.144549 -0.303024 0)
(-0.110325 -0.272676 0)
(-0.030066 -0.0736935 0)
(-0.00255716 0.0897049 0)
(-0.0192968 0.159377 0)
(-0.042956 0.197976 0)
(-0.0634986 0.220795 0)
(-0.0785269 0.222793 0)
(-0.0869337 0.204296 0)
(-0.0903757 0.171893 0)
(-0.0909611 0.133003 0)
(-0.0908241 0.0927965 0)
(-0.0912704 0.0536847 0)
(-0.0924185 0.0158224 0)
(-0.0941573 -0.0216543 0)
(-0.0966659 -0.0596605 0)
(-0.100508 -0.0990501 0)
(-0.106892 -0.141683 0)
(-0.116549 -0.191756 0)
(-0.126101 -0.25366 0)
(-0.124966 -0.317972 0)
(-0.106086 -0.32946 0)
(-0.0366765 -0.159575 0)
(0.00115351 0.0982789 0)
(-0.00842147 0.176449 0)
(-0.0243891 0.214965 0)
(-0.0379608 0.234584 0)
(-0.0472808 0.232494 0)
(-0.0520516 0.21003 0)
(-0.053815 0.174579 0)
(-0.0542311 0.133975 0)
(-0.0548739 0.0933614 0)
(-0.0563931 0.054631 0)
(-0.0585628 0.017346 0)
(-0.0611811 -0.0196639 0)
(-0.0642292 -0.0571611 0)
(-0.0679466 -0.095469 0)
(-0.0733661 -0.135496 0)
(-0.0821874 -0.181286 0)
(-0.0943821 -0.241461 0)
(-0.099786 -0.318545 0)
(-0.094394 -0.366842 0)
(-0.030665 -0.238027 0)
(0.0047819 0.0993221 0)
(0.00281328 0.185595 0)
(-0.00515234 0.225091 0)
(-0.0120452 0.242353 0)
(-0.0163444 0.237468 0)
(-0.0181432 0.212768 0)
(-0.01868 0.175991 0)
(-0.0190259 0.134996 0)
(-0.0201634 0.0946986 0)
(-0.0223178 0.0565975 0)
(-0.0251575 0.0199484 0)
(-0.0285522 -0.0165208 0)
(-0.0324979 -0.053586 0)
(-0.0369962 -0.0913578 0)
(-0.0426678 -0.129888 0)
(-0.0509442 -0.171988 0)
(-0.0647145 -0.228019 0)
(-0.0739738 -0.311874 0)
(-0.0808848 -0.39113 0)
(-0.0228692 -0.302186 0)
(0.00782756 0.0932107 0)
(0.0133785 0.186514 0)
(0.0132977 0.2285 0)
(0.0129024 0.245026 0)
(0.0135114 0.239106 0)
(0.0147421 0.213881 0)
(0.0156724 0.17712 0)
(0.0157894 0.136521 0)
(0.0146782 0.0967788 0)
(0.0123837 0.0593038 0)
(0.00922877 0.0233653 0)
(0.00523143 -0.0122954 0)
(0.000260088 -0.0485506 0)
(-0.00560744 -0.0855397 0)
(-0.0127789 -0.122914 0)
(-0.0216304 -0.161991 0)
(-0.0374826 -0.212625 0)
(-0.049166 -0.298063 0)
(-0.0680593 -0.403073 0)
(-0.014563 -0.355098 0)
(0.0094636 0.0811031 0)
(0.0219051 0.17928 0)
(0.0292794 0.224757 0)
(0.0349955 0.241612 0)
(0.0405156 0.235857 0)
(0.0454141 0.211536 0)
(0.0488275 0.176107 0)
(0.0504556 0.136878 0)
(0.050245 0.0983307 0)
(0.0484295 0.0619217 0)
(0.0453154 0.0271152 0)
(0.040853 -0.00727078 0)
(0.034855 -0.0421364 0)
(0.0273607 -0.0777356 0)
(0.0176635 -0.113657 0)
(0.00669017 -0.150293 0)
(-0.0124753 -0.196123 0)
(-0.0253073 -0.279894 0)
(-0.0563691 -0.405751 0)
(-0.00634906 -0.39724 0)
(0.00897797 0.0651431 0)
(0.0269957 0.164339 0)
(0.0416667 0.214167 0)
(0.0537393 0.233059 0)
(0.0647043 0.229026 0)
(0.0741923 0.20703 0)
(0.0812766 0.174078 0)
(0.0855949 0.136957 0)
(0.087219 0.100017 0)
(0.0864888 0.0649206 0)
(0.0837508 0.0315121 0)
(0.0789204 -0.00122248 0)
(0.07175 -0.0339987 0)
(0.0624296 -0.0673811 0)
(0.049752 -0.101098 0)
(0.0353438 -0.135101 0)
(0.0114655 -0.176185 0)
(-0.00156869 -0.256819 0)
(-0.0456497 -0.401852 0)
(0.00243912 -0.432196 0)
(0.00627623 0.0487363 0)
(0.0271005 0.143938 0)
(0.0477806 0.196392 0)
(0.0659224 0.216788 0)
(0.0828613 0.214615 0)
(0.0981754 0.195715 0)
(0.110563 0.166454 0)
(0.119287 0.132811 0)
(0.124253 0.098818 0)
(0.125752 0.0662434 0)
(0.124075 0.0353272 0)
(0.119348 0.00529394 0)
(0.111019 -0.0243329 0)
(0.099723 -0.0543204 0)
(0.0833478 -0.0846746 0)
(0.0648195 -0.116013 0)
(0.0355937 -0.153346 0)
(0.0218846 -0.231098 0)
(-0.0355289 -0.394623 0)
(0.012992 -0.461196 0)
(0.00213308 0.0351397 0)
(0.0216348 0.120583 0)
(0.0473841 0.17403 0)
(0.0719913 0.196105 0)
(0.0958005 0.196128 0)
(0.118016 0.180728 0)
(0.13696 0.155861 0)
(0.151382 0.126608 0)
(0.160848 0.0965464 0)
(0.165582 0.0674189 0)
(0.16557 0.0398126 0)
(0.161518 0.0133253 0)
(0.152091 -0.0124184 0)
(0.138863 -0.0380837 0)
(0.118397 -0.0639887 0)
(0.0956699 -0.0917032 0)
(0.0608788 -0.126214 0)
(0.0447657 -0.202394 0)
(-0.0240623 -0.383957 0)
(0.0278424 -0.483329 0)
(-0.0032668 0.0300022 0)
(0.00859946 0.0999345 0)
(0.0338251 0.144238 0)
(0.0642652 0.163822 0)
(0.0959798 0.165104 0)
(0.126703 0.153566 0)
(0.1539 0.134143 0)
(0.175827 0.110801 0)
(0.191456 0.0865451 0)
(0.201089 0.0628984 0)
(0.204002 0.040629 0)
(0.201812 0.0195802 0)
(0.192038 -0.000533607 0)
(0.177974 -0.020293 0)
(0.154118 -0.0401169 0)
(0.128528 -0.06315 0)
(0.0884302 -0.0965686 0)
(0.0674969 -0.175799 0)
(-0.00575813 -0.368011 0)
(0.0514692 -0.490417 0)
(-0.013021 0.0199164 0)
(-0.0075544 0.088167 0)
(0.0169632 0.12187 0)
(0.0523382 0.133631 0)
(0.0917629 0.132844 0)
(0.130631 0.123962 0)
(0.165673 0.109943 0)
(0.194562 0.0929208 0)
(0.215869 0.0752458 0)
(0.230527 0.0578617 0)
(0.236568 0.04178 0)
(0.237586 0.0267966 0)
(0.228886 0.0132043 0)
(0.217656 -5.0228e-06 0)
(0.193863 -0.0134025 0)
(0.17128 -0.0319374 0)
(0.128649 -0.0644624 0)
(0.105125 -0.143836 0)
(0.0361845 -0.325698 0)
(0.0918705 -0.455587 0)
(-0.105381 0.0833987 0)
(-0.0773666 0.0695889 0)
(-0.0491724 0.0723128 0)
(0.00160304 0.0759298 0)
(0.0533563 0.0758891 0)
(0.104425 0.0716877 0)
(0.150226 0.064687 0)
(0.191445 0.0557187 0)
(0.222889 0.0465469 0)
(0.250574 0.0373618 0)
(0.266334 0.029191 0)
(0.281641 0.0216122 0)
(0.282641 0.0152761 0)
(0.287447 0.00918672 0)
(0.272452 0.00257224 0)
(0.266428 -0.00851655 0)
(0.228442 -0.0341376 0)
(0.216144 -0.0946691 0)
(0.149662 -0.229647 0)
(0.170567 -0.34151 0)
(0.130362 0.104085 0)
(0.159168 0.0760417 0)
(0.213449 0.0540777 0)
(0.271771 0.0422412 0)
(0.323657 0.0362681 0)
(0.375063 0.0321056 0)
(0.418621 0.0289806 0)
(0.462968 0.0256155 0)
(0.495378 0.0229679 0)
(0.530159 0.019816 0)
(0.549447 0.0177189 0)
(0.575319 0.0148294 0)
(0.581783 0.0134533 0)
(0.600612 0.0106773 0)
(0.592738 0.00976489 0)
(0.602006 0.00535384 0)
(0.567024 0.000412861 0)
(0.547715 -0.0180795 0)
(0.436349 -0.0503359 0)
(0.337124 -0.101401 0)
)
;

boundaryField
{
    movingWall
    {
        type            fixedValue;
        value           uniform (1 0 0);
    }
    fixedWalls
    {
        type            noSlip;
    }
    frontAndBack
    {
        type            empty;
    }
}


// ************************************************************************* //
