/*--------------------------------*- C++ -*----------------------------------*\
| =========                 |                                                 |
| \\      /  F ield         | OpenFOAM: The Open Source CFD Toolbox           |
|  \\    /   O peration     | Version:  2212                                  |
|   \\  /    A nd           | Website:  www.openfoam.com                      |
|    \\/     M anipulation  |                                                 |
\*---------------------------------------------------------------------------*/
FoamFile
{
    version     2.0;
    format      ascii;
    arch        "LSB;label=32;scalar=64";
    class       volScalarField;
    location    "4.065";
    object      p;
}
// * * * * * * * * * * * * * * * * * * * * * * * * * * * * * * * * * * * * * //

dimensions      [0 2 -2 0 0 0 0];

internalField   nonuniform List<scalar> 
400
(
2.22897e-07
-0.000149604
-0.000529523
-0.00106156
-0.00171622
-0.00246973
-0.00315429
-0.00356306
-0.0035296
-0.00290053
-0.00152277
0.000631835
0.0032507
0.00551532
0.00655271
0.00597438
0.00408489
0.00224991
0.0012138
0.00114167
0.000116706
-5.6159e-05
-0.000371362
-0.000755366
-0.00123183
-0.0018696
-0.00267771
-0.00350373
-0.004032
-0.00388951
-0.00280535
-0.000797194
0.00170528
0.00397622
0.00515628
0.00480426
0.00319683
0.00148057
0.000700361
0.00078613
0.000531771
0.000264292
-7.39061e-05
-0.000551796
-0.00133101
-0.00254876
-0.00416508
-0.00590534
-0.00730498
-0.00783958
-0.00716714
-0.00537889
-0.0028241
-0.000135905
0.00185512
0.00250834
0.00181139
0.000615335
-0.000281316
-0.000284119
0.0011366
0.000730834
0.000189658
-0.000763776
-0.00241627
-0.0048671
-0.007881
-0.0109631
-0.013512
-0.0149686
-0.015
-0.0136478
-0.0111252
-0.00788511
-0.00462597
-0.0020917
-0.000754197
-0.000590247
-0.0011714
-0.00180283
0.00155028
0.000950118
-2.88305e-05
-0.00189841
-0.00493174
-0.00904133
-0.0137057
-0.0182074
-0.0218933
-0.0242997
-0.0251682
-0.0243792
-0.0220539
-0.0184768
-0.0140818
-0.00947273
-0.00544241
-0.00282337
-0.0020797
-0.00389321
0.00124937
0.000415288
-0.00119578
-0.00424697
-0.00886817
-0.0146505
-0.0207489
-0.0263076
-0.0307177
-0.0336629
-0.0350161
-0.0346778
-0.0327276
-0.0293081
-0.0245558
-0.0186863
-0.0122967
-0.00679471
-0.00427563
-0.0063853
-8.87073e-05
-0.00116854
-0.00347377
-0.00769045
-0.0137181
-0.0207813
-0.0277886
-0.0338585
-0.0384978
-0.0415466
-0.0430138
-0.0429204
-0.0413312
-0.0383109
-0.0338318
-0.0277729
-0.0202488
-0.0124978
-0.00770675
-0.0076226
-0.00246921
-0.00373723
-0.00663325
-0.0117462
-0.0187418
-0.0265449
-0.0339346
-0.0400904
-0.0446634
-0.04762
-0.0490518
-0.0490555
-0.0477089
-0.0450554
-0.0410401
-0.0354234
-0.0279392
-0.0190956
-0.011642
-0.00786194
-0.00552075
-0.00687205
-0.0101503
-0.0157915
-0.02328
-0.0313568
-0.0387703
-0.044796
-0.0492048
-0.0520403
-0.0534277
-0.0534764
-0.0522608
-0.0498349
-0.0462014
-0.0411927
-0.0343845
-0.0255924
-0.016471
-0.00984065
-0.00867776
-0.0100024
-0.013438
-0.0192561
-0.0268418
-0.0348767
-0.0421408
-0.0479888
-0.0522592
-0.0550207
-0.0563948
-0.0564716
-0.0553146
-0.0529918
-0.0495761
-0.0450447
-0.0390703
-0.0310974
-0.0220141
-0.014116
-0.0114165
-0.0126422
-0.0160249
-0.0217302
-0.0291195
-0.0369284
-0.0439971
-0.0497113
-0.0539171
-0.056665
-0.058053
-0.0581484
-0.0570027
-0.0546891
-0.0513412
-0.0470775
-0.0418202
-0.034913
-0.0268419
-0.0188941
-0.013444
-0.0144854
-0.0176453
-0.0229779
-0.0299315
-0.0373894
-0.0442721
-0.0499417
-0.0541803
-0.0569856
-0.0584174
-0.0585236
-0.0573472
-0.0549627
-0.0515554
-0.0473565
-0.0425959
-0.0365878
-0.0296672
-0.0221084
-0.0147274
-0.0154343
-0.0181473
-0.0228875
-0.0292172
-0.0362333
-0.0429489
-0.0486633
-0.0530377
-0.0559787
-0.0574926
-0.0576049
-0.0563539
-0.053836
-0.0502616
-0.0459248
-0.0414091
-0.035885
-0.0298997
-0.0226144
-0.0153621
-0.0156022
-0.0175997
-0.0214666
-0.0269719
-0.0334553
-0.0400103
-0.0458434
-0.0504588
-0.0536319
-0.0552927
-0.0554386
-0.0540892
-0.0513687
-0.0475306
-0.0429544
-0.0382839
-0.032832
-0.0278524
-0.0200803
-0.0154778
-0.0151998
-0.0162028
-0.0188751
-0.0233253
-0.0291641
-0.035547
-0.0415598
-0.0465183
-0.0500313
-0.0519229
-0.0521371
-0.0507137
-0.0477452
-0.0435546
-0.0385748
-0.0334858
-0.027911
-0.0241097
-0.0143192
-0.0151943
-0.014476
-0.0141752
-0.0152961
-0.01847
-0.0235585
-0.0297523
-0.0359895
-0.0413821
-0.045348
-0.0475872
-0.0479742
-0.0465344
-0.0433369
-0.0387439
-0.0332122
-0.0275185
-0.0216379
-0.0181279
-0.00392998
-0.0145987
-0.0135692
-0.011674
-0.0110424
-0.0128631
-0.0171909
-0.0232134
-0.0297081
-0.0356008
-0.0401201
-0.0428357
-0.043526
-0.0421859
-0.0388493
-0.0338407
-0.0275504
-0.0207367
-0.0134777
-0.00707547
0.0157949
-0.0145495
-0.0126365
-0.00866732
-0.00628406
-0.00693724
-0.0106943
-0.016646
-0.0234304
-0.0298583
-0.034997
-0.0383058
-0.039442
-0.0383533
-0.0350501
-0.0296769
-0.0222702
-0.0130816
-0.00106833
0.0162303
0.0566752
-0.0117912
-0.0118444
-0.00580423
-0.00190227
-0.00188364
-0.00545648
-0.0115132
-0.0186169
-0.0255443
-0.0312501
-0.0351629
-0.0368566
-0.0362357
-0.0330267
-0.0270779
-0.0176128
-0.00344398
0.0200159
0.0601719
0.129385
-0.0295028
-0.0106658
-0.000721494
0.00291802
0.00229039
-0.00165119
-0.00798273
-0.0154013
-0.0226896
-0.0287773
-0.0330681
-0.0351124
-0.034776
-0.0316437
-0.0250811
-0.0129157
0.00914714
0.0507323
0.122401
0.225683
)
;

boundaryField
{
    movingWall
    {
        type            zeroGradient;
    }
    fixedWalls
    {
        type            zeroGradient;
    }
    frontAndBack
    {
        type            empty;
    }
}


// ************************************************************************* //
