/*--------------------------------*- C++ -*----------------------------------*\
| =========                 |                                                 |
| \\      /  F ield         | OpenFOAM: The Open Source CFD Toolbox           |
|  \\    /   O peration     | Version:  2212                                  |
|   \\  /    A nd           | Website:  www.openfoam.com                      |
|    \\/     M anipulation  |                                                 |
\*---------------------------------------------------------------------------*/
FoamFile
{
    version     2.0;
    format      ascii;
    arch        "LSB;label=32;scalar=64";
    class       surfaceScalarField;
    location    "4.065";
    object      phi;
}
// * * * * * * * * * * * * * * * * * * * * * * * * * * * * * * * * * * * * * //

dimensions      [0 3 -1 0 0 0 0];

oriented        oriented;

internalField   nonuniform List<scalar> 
760
(
1.53528e-07
-1.53548e-07
2.8815e-07
-1.34621e-07
3.03242e-07
-1.50925e-08
1.77125e-07
1.26118e-07
-1.25066e-07
3.02191e-07
-6.66302e-07
5.41236e-07
-1.47825e-06
8.11944e-07
-2.47536e-06
9.97118e-07
-3.4584e-06
9.83038e-07
-4.19617e-06
7.37773e-07
-4.52179e-06
3.25611e-07
-4.33822e-06
-1.83565e-07
-3.58797e-06
-7.5025e-07
-2.38379e-06
-1.20418e-06
-9.5401e-07
-1.42978e-06
3.28499e-07
-1.28251e-06
1.07266e-06
-7.4416e-07
1.02283e-06
4.98299e-08
4.57413e-07
5.65416e-07
4.57414e-07
1.20731e-07
-2.7428e-07
6.69341e-08
-8.08238e-08
-3.03777e-07
3.55618e-07
-1.07989e-06
9.02236e-07
-2.3061e-06
1.5284e-06
-3.90348e-06
2.13862e-06
-5.62525e-06
2.53371e-06
-7.16124e-06
2.5331e-06
-8.2874e-06
2.1092e-06
-8.89342e-06
1.34379e-06
-8.93183e-06
3.64019e-07
-8.37951e-06
-7.35885e-07
-7.2675e-06
-1.86226e-06
-5.62812e-06
-2.84357e-06
-3.60407e-06
-3.45382e-06
-1.49814e-06
-3.38844e-06
1.64909e-07
-2.40721e-06
8.47945e-07
-6.33205e-07
5.21273e-07
8.92089e-07
9.78687e-07
-1.30624e-07
-1.43655e-07
-6.36181e-07
4.24734e-07
-1.62019e-06
1.33963e-06
-3.12335e-06
2.40539e-06
-5.02254e-06
3.42759e-06
-7.02287e-06
4.13895e-06
-8.81175e-06
4.3226e-06
-1.0209e-05
3.93033e-06
-1.1162e-05
3.06225e-06
-1.1663e-05
1.84474e-06
-1.16613e-05
3.62322e-07
-1.12082e-05
-1.18893e-06
-1.02845e-05
-2.78603e-06
-8.83555e-06
-4.29248e-06
-6.84105e-06
-5.44833e-06
-4.38914e-06
-5.84035e-06
-1.87694e-06
-4.91941e-06
-9.09882e-08
-2.41916e-06
2.92603e-07
5.08499e-07
1.27129e-06
-4.98669e-07
3.55013e-07
-1.55123e-06
1.4773e-06
-3.09724e-06
2.88564e-06
-5.04161e-06
4.34975e-06
-7.12838e-06
5.51437e-06
-9.05298e-06
6.06354e-06
-1.06136e-05
5.88325e-06
-1.17666e-05
5.0833e-06
-1.25394e-05
3.83507e-06
-1.29669e-05
2.27224e-06
-1.3035e-05
4.3042e-07
-1.28004e-05
-1.42358e-06
-1.22255e-05
-3.36095e-06
-1.12083e-05
-5.30966e-06
-9.6176e-06
-7.03901e-06
-7.32874e-06
-8.12921e-06
-4.37991e-06
-7.86824e-06
-1.37564e-06
-5.42342e-06
1.18711e-07
-9.85856e-07
1.39e-06
-8.54857e-07
1.20987e-06
-2.34143e-06
2.96387e-06
-4.19533e-06
4.73954e-06
-6.22495e-06
6.37937e-06
-8.15263e-06
7.44205e-06
-9.75675e-06
7.66767e-06
-1.09595e-05
7.08597e-06
-1.17863e-05
5.9101e-06
-1.22989e-05
4.3477e-06
-1.25705e-05
2.5438e-06
-1.26914e-05
5.51366e-07
-1.26503e-05
-1.46469e-06
-1.24373e-05
-3.57396e-06
-1.19726e-05
-5.77433e-06
-1.10694e-05
-7.94217e-06
-9.43998e-06
-9.75868e-06
-6.78635e-06
-1.05219e-05
-3.20809e-06
-9.00169e-06
-2.62219e-07
-3.93172e-06
1.12778e-06
-1.07547e-06
2.28534e-06
-2.75658e-06
4.64498e-06
-4.63272e-06
6.61568e-06
-6.47498e-06
8.22163e-06
-8.06087e-06
9.02794e-06
-9.25886e-06
8.86566e-06
-1.00633e-05
7.89035e-06
-1.05383e-05
6.38517e-06
-1.07745e-05
4.58388e-06
-1.08725e-05
2.64178e-06
-1.09541e-05
6.33023e-07
-1.10089e-05
-1.40991e-06
-1.10514e-05
-3.53147e-06
-1.10514e-05
-5.77429e-06
-1.08539e-05
-8.1397e-06
-1.01306e-05
-1.0482e-05
-8.38838e-06
-1.22641e-05
-5.21477e-06
-1.21753e-05
-1.15358e-06
-7.99292e-06
-2.5798e-08
-1.09745e-06
3.38279e-06
-2.72858e-06
6.27611e-06
-4.41057e-06
8.29767e-06
-5.93312e-06
9.74418e-06
-7.13675e-06
1.02316e-05
-7.95779e-06
9.6867e-06
-8.43222e-06
8.36478e-06
-8.64637e-06
6.59932e-06
-8.70434e-06
4.64184e-06
-8.70473e-06
2.64218e-06
-8.73214e-06
6.60426e-07
-8.80668e-06
-1.33537e-06
-8.94786e-06
-3.39029e-06
-9.16625e-06
-5.55591e-06
-9.40295e-06
-7.903e-06
-9.42387e-06
-1.0461e-05
-8.7088e-06
-1.29792e-05
-6.50346e-06
-1.43806e-05
-2.40939e-06
-1.2087e-05
-2.43519e-06
-9.23622e-07
4.30641e-06
-2.32059e-06
7.67307e-06
-3.69499e-06
9.67208e-06
-4.8637e-06
1.09129e-05
-5.72549e-06
1.10934e-05
-6.26204e-06
1.02232e-05
-6.52901e-06
8.63175e-06
-6.61709e-06
6.68739e-06
-6.62349e-06
4.64824e-06
-6.62317e-06
2.64186e-06
-6.65407e-06
6.91327e-07
-6.73424e-06
-1.2552e-06
-6.88522e-06
-3.23931e-06
-7.13734e-06
-5.30379e-06
-7.50606e-06
-7.53428e-06
-7.89688e-06
-1.00702e-05
-7.89638e-06
-1.29797e-05
-6.68712e-06
-1.55899e-05
-3.56525e-06
-1.52089e-05
-6.00043e-06
-6.16071e-07
4.92248e-06
-1.66737e-06
8.72437e-06
-2.69096e-06
1.06957e-05
-3.52196e-06
1.17439e-05
-4.10423e-06
1.16756e-05
-4.44675e-06
1.05658e-05
-4.60742e-06
8.79242e-06
-4.66476e-06
6.74473e-06
-4.69228e-06
4.67576e-06
-4.7353e-06
2.68488e-06
-4.80509e-06
7.61112e-07
-4.90882e-06
-1.15147e-06
-5.05703e-06
-3.0911e-06
-5.27888e-06
-5.08194e-06
-5.62923e-06
-7.18393e-06
-6.1192e-06
-9.58025e-06
-6.52549e-06
-1.25734e-05
-6.10434e-06
-1.6011e-05
-3.9068e-06
-1.74064e-05
-9.90724e-06
-2.28183e-07
5.15066e-06
-8.81501e-07
9.37769e-06
-1.54666e-06
1.13608e-05
-2.07057e-06
1.22678e-05
-2.42481e-06
1.20299e-05
-2.63302e-06
1.0774e-05
-2.74309e-06
8.90249e-06
-2.80855e-06
6.8102e-06
-2.87507e-06
4.74227e-06
-2.96557e-06
2.77539e-06
-3.08315e-06
8.7869e-07
-3.22788e-06
-1.00673e-06
-3.40048e-06
-2.9185e-06
-3.61397e-06
-4.86845e-06
-3.92058e-06
-6.87733e-06
-4.40173e-06
-9.09909e-06
-5.00026e-06
-1.19748e-05
-5.10877e-06
-1.59025e-05
-3.54841e-06
-1.89668e-05
-1.34556e-05
1.62779e-07
4.98788e-06
-6.74483e-08
9.60792e-06
-3.96886e-07
1.16903e-05
-6.44667e-07
1.25156e-05
-7.96169e-07
1.21814e-05
-8.82241e-07
1.086e-05
-9.42519e-07
8.96277e-06
-1.00926e-06
6.87694e-06
-1.09945e-06
4.83247e-06
-1.22086e-06
2.8968e-06
-1.37572e-06
1.03354e-06
-1.56621e-06
-8.16237e-07
-1.79153e-06
-2.69319e-06
-2.05037e-06
-4.60961e-06
-2.37178e-06
-6.55591e-06
-2.84994e-06
-8.62094e-06
-3.54608e-06
-1.12787e-05
-4.01817e-06
-1.54304e-05
-3.0211e-06
-1.99638e-05
-1.64767e-05
4.95639e-07
4.49224e-06
6.92189e-07
9.41137e-06
7.35315e-07
1.16471e-05
7.71501e-07
1.24794e-05
8.17617e-07
1.21353e-05
8.47834e-07
1.08298e-05
8.4182e-07
8.96878e-06
7.91039e-07
6.92772e-06
6.97232e-07
4.92627e-06
5.62569e-07
3.03146e-06
3.82694e-07
1.21342e-06
1.51347e-07
-5.8489e-07
-1.33682e-07
-2.40816e-06
-4.79233e-07
-4.26406e-06
-8.90974e-07
-6.14417e-06
-1.41608e-06
-8.09584e-06
-2.20161e-06
-1.04932e-05
-2.95554e-06
-1.46765e-05
-2.46189e-06
-2.04575e-05
-1.89386e-05
7.4724e-07
3.745e-06
1.33966e-06
8.81895e-06
1.72944e-06
1.12574e-05
2.05711e-06
1.21517e-05
2.3295e-06
1.18629e-05
2.51544e-06
1.06439e-05
2.60578e-06
8.87844e-06
2.61112e-06
6.92238e-06
2.54622e-06
4.99117e-06
2.41938e-06
3.15831e-06
2.2244e-06
1.40839e-06
1.94741e-06
-3.07896e-07
1.58735e-06
-2.0481e-06
1.13926e-06
-3.81597e-06
5.97713e-07
-5.60262e-06
-9.09597e-08
-7.40716e-06
-9.65773e-07
-9.61835e-06
-1.92946e-06
-1.37128e-05
-1.9301e-06
-2.04568e-05
-2.08687e-05
8.59518e-07
2.88549e-06
1.78977e-06
7.88869e-06
2.52544e-06
1.05217e-05
3.1621e-06
1.15151e-05
3.70667e-06
1.13183e-05
4.11503e-06
1.02355e-05
4.37028e-06
8.62318e-06
4.48627e-06
6.8064e-06
4.48689e-06
4.99055e-06
4.38854e-06
3.25666e-06
4.19011e-06
1.60682e-06
3.86452e-06
1.76979e-08
3.424e-06
-1.60758e-06
2.84701e-06
-3.23898e-06
2.13287e-06
-4.88849e-06
1.29794e-06
-6.57223e-06
2.49267e-07
-8.56968e-06
-9.73873e-07
-1.24897e-05
-1.43465e-06
-1.99961e-05
-2.23034e-05
7.95451e-07
2.09004e-06
1.93047e-06
6.75367e-06
2.96403e-06
9.48814e-06
3.93053e-06
1.05485e-05
4.80215e-06
1.04467e-05
5.51217e-06
9.52552e-06
6.02062e-06
8.11473e-06
6.33027e-06
6.49676e-06
6.46291e-06
4.85791e-06
6.43818e-06
3.28138e-06
6.2564e-06
1.7886e-06
5.91152e-06
3.62573e-07
5.37726e-06
-1.07331e-06
4.65628e-06
-2.518e-06
3.74062e-06
-3.97283e-06
2.65819e-06
-5.4898e-06
1.36528e-06
-7.27676e-06
-1.68149e-07
-1.09562e-05
-9.23301e-07
-1.92409e-05
-2.32267e-05
5.69311e-07
1.52073e-06
1.737e-06
5.58598e-06
3.06338e-06
8.16176e-06
4.40406e-06
9.20786e-06
5.6618e-06
9.18896e-06
6.73767e-06
8.44965e-06
7.56569e-06
7.28671e-06
8.13294e-06
5.9295e-06
8.45244e-06
4.53842e-06
8.54226e-06
3.19156e-06
8.40988e-06
1.92099e-06
8.05364e-06
7.18808e-07
7.43047e-06
-4.50137e-07
6.55653e-06
-1.64406e-06
5.41868e-06
-2.83498e-06
4.05777e-06
-4.1289e-06
2.54094e-06
-5.75993e-06
9.34161e-07
-9.34946e-06
-1.55011e-07
-1.81518e-05
-2.33817e-05
1.47416e-07
1.37331e-06
1.02202e-06
4.71138e-06
2.48578e-06
6.698e-06
4.19475e-06
7.49889e-06
5.90521e-06
7.4785e-06
7.43004e-06
6.92482e-06
8.66622e-06
6.05052e-06
9.58393e-06
5.01179e-06
1.01785e-05
3.94385e-06
1.04627e-05
2.90738e-06
1.04429e-05
1.94078e-06
1.01255e-05
1.03619e-06
9.4689e-06
2.06469e-07
8.4884e-06
-6.63562e-07
7.17836e-06
-1.52493e-06
5.58862e-06
-2.53916e-06
3.87707e-06
-4.04839e-06
2.2202e-06
-7.69259e-06
6.45234e-07
-1.65768e-05
-2.27365e-05
-5.13769e-07
1.88708e-06
1.94258e-07
4.00336e-06
1.73463e-06
5.15763e-06
3.78172e-06
5.4518e-06
5.92177e-06
5.33845e-06
7.86995e-06
4.97663e-06
9.48956e-06
4.43091e-06
1.07395e-05
3.76189e-06
1.16022e-05
3.08114e-06
1.2095e-05
2.41451e-06
1.22227e-05
1.8131e-06
1.20058e-05
1.25314e-06
1.14653e-05
7.4694e-07
1.05767e-05
2.25049e-07
9.34366e-06
-2.91908e-07
7.83465e-06
-1.03015e-06
6.23539e-06
-2.44913e-06
4.43963e-06
-5.89682e-06
2.04851e-06
-1.41857e-05
-2.0688e-05
-4.17549e-06
6.06257e-06
-3.63988e-06
3.46775e-06
-1.25491e-06
2.77266e-06
1.52963e-06
2.66726e-06
4.25456e-06
2.61353e-06
6.77531e-06
2.45588e-06
8.98015e-06
2.22607e-06
1.08096e-05
1.93245e-06
1.2246e-05
1.64474e-06
1.33166e-05
1.34389e-06
1.40388e-05
1.09094e-06
1.44569e-05
8.35028e-07
1.45598e-05
6.44009e-07
1.43583e-05
4.26563e-07
1.38421e-05
2.24343e-07
1.30261e-05
-2.1415e-07
1.19014e-05
-1.3245e-06
1.0104e-05
-4.09938e-06
5.63443e-06
-9.71613e-06
-1.50535e-05
6.06257e-06
9.53032e-06
1.2303e-05
1.49702e-05
1.75838e-05
2.00396e-05
2.22657e-05
2.41982e-05
2.58429e-05
2.71868e-05
2.82777e-05
2.91128e-05
2.97568e-05
3.01833e-05
3.04077e-05
3.01935e-05
2.8869e-05
2.47696e-05
1.50535e-05
)
;

boundaryField
{
    movingWall
    {
        type            calculated;
        value           uniform 0;
    }
    fixedWalls
    {
        type            calculated;
        value           uniform 0;
    }
    frontAndBack
    {
        type            empty;
        value           nonuniform List<scalar> 0();
    }
}


// ************************************************************************* //
