/*--------------------------------*- C++ -*----------------------------------*\
| =========                 |                                                 |
| \\      /  F ield         | OpenFOAM: The Open Source CFD Toolbox           |
|  \\    /   O peration     | Version:  2212                                  |
|   \\  /    A nd           | Website:  www.openfoam.com                      |
|    \\/     M anipulation  |                                                 |
\*---------------------------------------------------------------------------*/
FoamFile
{
    version     2.0;
    format      ascii;
    arch        "LSB;label=32;scalar=64";
    class       surfaceScalarField;
    location    "3.87";
    object      phi;
}
// * * * * * * * * * * * * * * * * * * * * * * * * * * * * * * * * * * * * * //

dimensions      [0 3 -1 0 0 0 0];

oriented        oriented;

internalField   nonuniform List<scalar> 
760
(
1.52831e-07
-1.52831e-07
2.8667e-07
-1.33839e-07
3.01436e-07
-1.47665e-08
1.754e-07
1.26036e-07
-1.2625e-07
3.0165e-07
-6.66211e-07
5.39961e-07
-1.47604e-06
8.0983e-07
-2.47075e-06
9.94708e-07
-3.45193e-06
9.81182e-07
-4.18901e-06
7.37077e-07
-4.51508e-06
3.26071e-07
-4.33325e-06
-1.81831e-07
-3.58552e-06
-7.47731e-07
-2.38415e-06
-1.20136e-06
-9.56911e-07
-1.42724e-06
3.24021e-07
-1.28093e-06
1.06842e-06
-7.44399e-07
1.02024e-06
4.8185e-08
4.56497e-07
5.63738e-07
4.56498e-07
1.19617e-07
-2.72448e-07
6.50267e-08
-7.92479e-08
-3.05281e-07
3.5554e-07
-1.07967e-06
9.00423e-07
-2.30279e-06
1.52477e-06
-3.89627e-06
2.13344e-06
-5.61447e-06
2.52803e-06
-7.14813e-06
2.52837e-06
-8.27334e-06
2.1064e-06
-8.87958e-06
1.34332e-06
-8.91922e-06
3.65708e-07
-8.36892e-06
-7.32135e-07
-7.25963e-06
-1.85701e-06
-5.62341e-06
-2.83758e-06
-3.60258e-06
-3.44808e-06
-1.49933e-06
-3.38418e-06
1.61943e-07
-2.40567e-06
8.45392e-07
-6.35264e-07
5.20215e-07
8.88914e-07
9.76713e-07
-1.31272e-07
-1.41176e-07
-6.36386e-07
4.25867e-07
-1.61829e-06
1.33745e-06
-3.11771e-06
2.39984e-06
-5.01239e-06
3.41945e-06
-7.00869e-06
4.12974e-06
-8.79477e-06
4.31411e-06
-1.01904e-05
3.92394e-06
-1.11426e-05
3.05869e-06
-1.16436e-05
1.8443e-06
-1.16431e-05
3.65241e-07
-1.11916e-05
-1.18365e-06
-1.02701e-05
-2.77859e-06
-8.82398e-06
-4.28365e-06
-6.83284e-06
-5.43922e-06
-4.38459e-06
-5.83243e-06
-1.87569e-06
-4.91457e-06
-9.17216e-08
-2.41923e-06
2.92207e-07
5.04985e-07
1.26892e-06
-4.97944e-07
3.56768e-07
-1.54841e-06
1.47633e-06
-3.0907e-06
2.87975e-06
-5.03049e-06
4.33962e-06
-7.11296e-06
5.50192e-06
-9.03432e-06
6.05111e-06
-1.05929e-05
5.8727e-06
-1.17447e-05
5.07568e-06
-1.25169e-05
3.83093e-06
-1.29445e-05
2.27186e-06
-1.30136e-05
4.34349e-07
-1.27802e-05
-1.41704e-06
-1.22071e-05
-3.35168e-06
-1.11923e-05
-5.29846e-06
-9.60448e-06
-7.02704e-06
-7.3191e-06
-8.11781e-06
-4.37439e-06
-7.85928e-06
-1.37445e-06
-5.41917e-06
1.18384e-07
-9.87848e-07
1.3873e-06
-8.52781e-07
1.20955e-06
-2.33574e-06
2.95929e-06
-4.1852e-06
4.7292e-06
-6.21044e-06
6.36487e-06
-8.13467e-06
7.42615e-06
-9.73648e-06
7.65292e-06
-1.09377e-05
7.07395e-06
-1.17637e-05
5.90163e-06
-1.2276e-05
4.34324e-06
-1.25477e-05
2.54362e-06
-1.26692e-05
5.55772e-07
-1.26293e-05
-1.45694e-06
-1.24179e-05
-3.56304e-06
-1.19552e-05
-5.76122e-06
-1.10542e-05
-7.92804e-06
-9.42723e-06
-9.74473e-06
-6.77714e-06
-1.05094e-05
-3.20382e-06
-8.99248e-06
-2.62228e-07
-3.92944e-06
1.12508e-06
-1.07236e-06
2.28191e-06
-2.74923e-06
4.63616e-06
-4.62104e-06
6.60101e-06
-6.45964e-06
8.20347e-06
-8.04293e-06
9.00944e-06
-9.23922e-06
8.8492e-06
-1.00424e-05
7.87718e-06
-1.05167e-05
6.37587e-06
-1.07524e-05
4.57891e-06
-1.08502e-05
2.6415e-06
-1.09321e-05
6.37612e-07
-1.09881e-05
-1.40094e-06
-1.10323e-05
-3.51881e-06
-1.10344e-05
-5.75917e-06
-1.08388e-05
-8.12358e-06
-1.01174e-05
-1.04662e-05
-8.37733e-06
-1.22494e-05
-5.20723e-06
-1.21626e-05
-1.15203e-06
-7.98465e-06
-2.69503e-08
-1.09398e-06
3.37589e-06
-2.72095e-06
6.26313e-06
-4.39924e-06
8.27929e-06
-5.91885e-06
9.72308e-06
-7.12045e-06
1.0211e-05
-7.94002e-06
9.66878e-06
-8.41318e-06
8.35034e-06
-8.62612e-06
6.58881e-06
-8.68298e-06
4.63577e-06
-8.68265e-06
2.64117e-06
-8.71002e-06
6.64978e-07
-8.78559e-06
-1.32537e-06
-8.92862e-06
-3.37577e-06
-9.14949e-06
-5.5383e-06
-9.3888e-06
-7.88427e-06
-9.4119e-06
-1.04431e-05
-8.69838e-06
-1.29629e-05
-6.49504e-06
-1.43659e-05
-2.40558e-06
-1.20741e-05
-2.43253e-06
-9.20545e-07
4.29643e-06
-2.31394e-06
7.65652e-06
-3.68538e-06
9.65074e-06
-4.8518e-06
1.08895e-05
-5.71189e-06
1.10711e-05
-6.24699e-06
1.02039e-05
-6.51247e-06
8.61581e-06
-6.59892e-06
6.67527e-06
-6.60383e-06
4.64067e-06
-6.60245e-06
2.6398e-06
-6.63306e-06
6.95595e-07
-6.71385e-06
-1.24459e-06
-6.86638e-06
-3.22324e-06
-7.12096e-06
-5.28372e-06
-7.49275e-06
-7.51248e-06
-7.88652e-06
-1.00493e-05
-7.88806e-06
-1.29614e-05
-6.68005e-06
-1.55739e-05
-3.55974e-06
-1.51944e-05
-5.99227e-06
-6.13882e-07
4.91032e-06
-1.66247e-06
8.70512e-06
-2.68389e-06
1.06722e-05
-3.5132e-06
1.17188e-05
-4.0941e-06
1.1652e-05
-4.4353e-06
1.05451e-05
-4.5945e-06
8.77501e-06
-4.65031e-06
6.73108e-06
-4.67645e-06
4.66682e-06
-4.71857e-06
2.68192e-06
-4.78802e-06
7.65043e-07
-4.89198e-06
-1.14063e-06
-5.04105e-06
-3.07417e-06
-5.26454e-06
-5.06024e-06
-5.61744e-06
-7.15958e-06
-6.11052e-06
-9.5562e-06
-6.51929e-06
-1.25526e-05
-6.09927e-06
-1.5994e-05
-3.90284e-06
-1.73908e-05
-9.89512e-06
-2.27281e-07
5.1376e-06
-8.7891e-07
9.35675e-06
-1.54273e-06
1.1336e-05
-2.06558e-06
1.22417e-05
-2.41887e-06
1.20053e-05
-2.62609e-06
1.07523e-05
-2.73509e-06
8.88401e-06
-2.79949e-06
6.79548e-06
-2.86516e-06
4.73249e-06
-2.95515e-06
2.7719e-06
-3.07247e-06
8.82361e-07
-3.21709e-06
-9.9601e-07
-3.38976e-06
-2.9015e-06
-3.6037e-06
-4.84629e-06
-3.91168e-06
-6.85161e-06
-4.39523e-06
-9.07265e-06
-4.99626e-06
-1.19516e-05
-5.10601e-06
-1.58842e-05
-3.54639e-06
-1.89505e-05
-1.34415e-05
1.62255e-07
4.97534e-06
-6.73883e-08
9.58639e-06
-3.9625e-07
1.16648e-05
-6.43628e-07
1.2489e-05
-7.94754e-07
1.21565e-05
-8.80402e-07
1.08379e-05
-9.40257e-07
8.94387e-06
-1.00663e-06
6.86186e-06
-1.09661e-06
4.82246e-06
-1.21788e-06
2.89318e-06
-1.37252e-06
1.037e-06
-1.5626e-06
-8.05928e-07
-1.78729e-06
-2.67681e-06
-2.04556e-06
-4.58802e-06
-2.36687e-06
-6.5303e-06
-2.84617e-06
-8.59335e-06
-3.54419e-06
-1.12536e-05
-4.01728e-06
-1.54111e-05
-3.02041e-06
-1.99473e-05
-1.64619e-05
4.93755e-07
4.48159e-06
6.89579e-07
9.39056e-06
7.32278e-07
1.16221e-05
7.68126e-07
1.24532e-05
8.14033e-07
1.21105e-05
8.44108e-07
1.08079e-05
8.37904e-07
8.95007e-06
7.8683e-07
6.91293e-06
6.92789e-07
4.91651e-06
5.58064e-07
3.0279e-06
3.78485e-07
1.21658e-06
1.47849e-07
-5.75292e-07
-1.3625e-07
-2.39272e-06
-4.80429e-07
-4.24384e-06
-8.90933e-07
-6.11979e-06
-1.41574e-06
-8.06854e-06
-2.20209e-06
-1.04672e-05
-2.95655e-06
-1.46567e-05
-2.46245e-06
-2.04414e-05
-1.89244e-05
7.44125e-07
3.73746e-06
1.33456e-06
8.80013e-06
1.72301e-06
1.12337e-05
2.04964e-06
1.21266e-05
2.32122e-06
1.1839e-05
2.50644e-06
1.06226e-05
2.59601e-06
8.8605e-06
2.60056e-06
6.90838e-06
2.53504e-06
4.98203e-06
2.40801e-06
3.15493e-06
2.21352e-06
1.41107e-06
1.93764e-06
-2.99411e-07
1.57905e-06
-2.03412e-06
1.13272e-06
-3.79751e-06
5.93123e-07
-5.5802e-06
-9.3947e-08
-7.38147e-06
-9.68701e-07
-9.59249e-06
-1.93234e-06
-1.3693e-05
-1.93149e-06
-2.04423e-05
-2.08559e-05
8.55722e-07
2.88174e-06
1.78276e-06
7.87309e-06
2.51614e-06
1.05003e-05
3.151e-06
1.14917e-05
3.69409e-06
1.12959e-05
4.10112e-06
1.02156e-05
4.35513e-06
8.60649e-06
4.46999e-06
6.79352e-06
4.46982e-06
4.9822e-06
4.37121e-06
3.25353e-06
4.17308e-06
1.60921e-06
3.84941e-06
2.42537e-08
3.41045e-06
-1.59516e-06
2.83561e-06
-3.22267e-06
2.12391e-06
-4.8685e-06
1.29126e-06
-6.54881e-06
2.44284e-07
-8.54552e-06
-9.78025e-07
-1.24707e-05
-1.43665e-06
-1.99836e-05
-2.22925e-05
7.91769e-07
2.08997e-06
1.92251e-06
6.74235e-06
2.95285e-06
9.46996e-06
3.9168e-06
1.05278e-05
4.78626e-06
1.04264e-05
5.49439e-06
9.50747e-06
6.00117e-06
8.09971e-06
6.30941e-06
6.48529e-06
6.44112e-06
4.85048e-06
6.41622e-06
3.27843e-06
6.23526e-06
1.79016e-06
5.8912e-06
3.6831e-07
5.35912e-06
-1.06307e-06
4.64063e-06
-2.50418e-06
3.72781e-06
-3.95569e-06
2.64857e-06
-5.46957e-06
1.3585e-06
-7.25544e-06
-1.7186e-07
-1.09404e-05
-9.26069e-07
-1.92294e-05
-2.32186e-05
5.66539e-07
1.52343e-06
1.72945e-06
5.57944e-06
3.05166e-06
8.14775e-06
4.38869e-06
9.19072e-06
5.64334e-06
9.17178e-06
6.71663e-06
8.43418e-06
7.54252e-06
7.27382e-06
8.10812e-06
5.9197e-06
8.42656e-06
4.53204e-06
8.51615e-06
3.18885e-06
8.38432e-06
1.922e-06
8.02943e-06
7.23202e-07
7.40843e-06
-4.42074e-07
6.53721e-06
-1.63296e-06
5.40256e-06
-2.82104e-06
4.04553e-06
-4.11254e-06
2.53219e-06
-5.7421e-06
9.27524e-07
-9.33569e-06
-1.58112e-07
-1.81438e-05
-2.33767e-05
1.4585e-07
1.37758e-06
1.01599e-06
4.7093e-06
2.47511e-06
6.68863e-06
4.17957e-06
7.48626e-06
5.88604e-06
7.4653e-06
7.40757e-06
6.91265e-06
8.64109e-06
6.0403e-06
9.55676e-06
5.00403e-06
1.015e-05
3.93883e-06
1.04336e-05
2.90518e-06
1.04141e-05
1.9415e-06
1.00978e-05
1.03953e-06
9.44376e-06
2.11963e-07
8.46586e-06
-6.55064e-07
7.15941e-06
-1.51459e-06
5.57403e-06
-2.52716e-06
3.86727e-06
-4.03534e-06
2.21429e-06
-7.68271e-06
6.42937e-07
-1.65724e-05
-2.27337e-05
-5.12541e-07
1.89012e-06
1.91899e-07
4.00486e-06
1.72677e-06
5.15376e-06
3.76802e-06
5.44501e-06
5.90272e-06
5.33059e-06
7.84652e-06
4.96885e-06
9.4626e-06
4.42422e-06
1.07099e-05
3.75673e-06
1.15709e-05
3.07786e-06
1.2063e-05
2.41303e-06
1.21911e-05
1.81345e-06
1.19756e-05
1.25502e-06
1.1437e-05
7.50554e-07
1.05516e-05
2.30351e-07
9.32297e-06
-2.85966e-07
7.81883e-06
-1.02303e-06
6.22513e-06
-2.44163e-06
4.43407e-06
-5.89165e-06
2.04619e-06
-1.41846e-05
-2.06876e-05
-4.17423e-06
6.06435e-06
-3.63937e-06
3.47001e-06
-1.25816e-06
2.77255e-06
1.52133e-06
2.66552e-06
4.24114e-06
2.61079e-06
6.75721e-06
2.45278e-06
8.95823e-06
2.2232e-06
1.07848e-05
1.9301e-06
1.22195e-05
1.64316e-06
1.32895e-05
1.34305e-06
1.40121e-05
1.09092e-06
1.44314e-05
8.35702e-07
1.45365e-05
6.45424e-07
1.43385e-05
4.28384e-07
1.3826e-05
2.26546e-07
1.30139e-05
-2.1096e-07
1.18942e-05
-1.32198e-06
1.0101e-05
-4.09847e-06
5.63324e-06
-9.71676e-06
-1.50543e-05
6.06435e-06
9.53436e-06
1.23069e-05
1.49724e-05
1.75832e-05
2.0036e-05
2.22592e-05
2.41893e-05
2.58325e-05
2.71755e-05
2.82664e-05
2.91021e-05
2.97476e-05
3.01759e-05
3.04025e-05
3.01915e-05
2.88695e-05
2.47711e-05
1.50543e-05
)
;

boundaryField
{
    movingWall
    {
        type            calculated;
        value           uniform 0;
    }
    fixedWalls
    {
        type            calculated;
        value           uniform 0;
    }
    frontAndBack
    {
        type            empty;
        value           nonuniform List<scalar> 0();
    }
}


// ************************************************************************* //
