/*--------------------------------*- C++ -*----------------------------------*\
| =========                 |                                                 |
| \\      /  F ield         | OpenFOAM: The Open Source CFD Toolbox           |
|  \\    /   O peration     | Version:  2212                                  |
|   \\  /    A nd           | Website:  www.openfoam.com                      |
|    \\/     M anipulation  |                                                 |
\*---------------------------------------------------------------------------*/
FoamFile
{
    version     2.0;
    format      ascii;
    arch        "LSB;label=32;scalar=64";
    class       volScalarField;
    location    "1.49";
    object      p;
}
// * * * * * * * * * * * * * * * * * * * * * * * * * * * * * * * * * * * * * //

dimensions      [0 2 -2 0 0 0 0];

internalField   nonuniform List<scalar> 
400
(
-3.37116e-09
-0.000105155
-0.000291811
-0.000559379
-0.000879632
-0.00122885
-0.00154006
-0.00170056
-0.00156929
-0.00101994
1.74071e-05
0.00152476
0.00335093
0.00498464
0.00590279
0.00582906
0.00479839
0.00364983
0.00289078
0.00276154
0.00010179
-4.29086e-06
-0.000152851
-0.000358261
-0.000613028
-0.000908783
-0.00122784
-0.00150984
-0.00161943
-0.00136326
-0.000566865
0.000811183
0.00252688
0.00415172
0.0051429
0.00516703
0.00433087
0.00318686
0.00256612
0.00252288
0.000303421
0.000143462
-1.16533e-05
-0.000241374
-0.000586726
-0.00108957
-0.0017657
-0.00253745
-0.00319637
-0.00343492
-0.00296959
-0.00174018
2.04364e-05
0.00191003
0.00337043
0.00392712
0.00352089
0.00263468
0.00186286
0.00174372
0.000437696
0.000230889
2.8444e-05
-0.000333628
-0.000972389
-0.00199773
-0.0034352
-0.00512709
-0.00672061
-0.00776436
-0.00788961
-0.00701805
-0.00532185
-0.00308536
-0.000787861
0.000996516
0.00183968
0.00173831
0.00108704
0.000526441
0.000351816
8.41236e-05
-0.000232434
-0.000875348
-0.00206392
-0.00396462
-0.00654351
-0.00947686
-0.0122326
-0.0142639
-0.0151864
-0.0148605
-0.0133498
-0.0108372
-0.00766363
-0.0043501
-0.00157432
3.33465e-05
0.000235784
-0.00121585
-0.000139671
-0.000484406
-0.000994448
-0.00207157
-0.00403444
-0.00705372
-0.010953
-0.0151673
-0.0189856
-0.021841
-0.0234184
-0.0235798
-0.0223216
-0.0198
-0.0161877
-0.0117309
-0.00698613
-0.00308549
-0.00149547
-0.00338021
-0.00115145
-0.00158748
-0.00235363
-0.00395796
-0.0067806
-0.0109234
-0.0160037
-0.0212045
-0.0256985
-0.0289633
-0.0307876
-0.0311383
-0.0300768
-0.0277588
-0.0242553
-0.019512
-0.0136539
-0.00774102
-0.00432632
-0.00492399
-0.00267523
-0.0032022
-0.00423989
-0.00635661
-0.0099377
-0.0149799
-0.0208987
-0.0266869
-0.0314865
-0.0348642
-0.036709
-0.0370648
-0.0360676
-0.0339037
-0.0306729
-0.0262261
-0.0202936
-0.0133173
-0.00771153
-0.00533544
-0.00456509
-0.00515635
-0.00642455
-0.00893861
-0.0130478
-0.0186629
-0.0250632
-0.0311382
-0.0360541
-0.0394586
-0.0412893
-0.0416057
-0.0405635
-0.0383943
-0.0353184
-0.0312975
-0.0258959
-0.018873
-0.0116606
-0.00663007
-0.00658674
-0.00718377
-0.00860034
-0.0113376
-0.0156983
-0.0215605
-0.0281591
-0.0343529
-0.0393387
-0.0427986
-0.0446638
-0.0449608
-0.0438215
-0.041512
-0.0383919
-0.0346371
-0.0299276
-0.0235775
-0.0161787
-0.00964845
-0.00849259
-0.00902877
-0.010485
-0.0132507
-0.0175945
-0.0234152
-0.0299868
-0.0361942
-0.041246
-0.0448008
-0.046743
-0.0470472
-0.0457924
-0.0432779
-0.0399824
-0.0363099
-0.0322128
-0.0268068
-0.0201975
-0.0133202
-0.010084
-0.0105069
-0.0118791
-0.0144743
-0.0185586
-0.0240765
-0.0304042
-0.0365164
-0.0416112
-0.0452682
-0.0472956
-0.0476265
-0.0462566
-0.043558
-0.040067
-0.0363713
-0.0327679
-0.028225
-0.0226082
-0.0158884
-0.0112881
-0.0115345
-0.0126722
-0.0149106
-0.0185136
-0.0234917
-0.0293679
-0.0352535
-0.0403269
-0.0440595
-0.0461633
-0.0465204
-0.0451257
-0.0423186
-0.0386964
-0.0349218
-0.0317062
-0.0277409
-0.022957
-0.0163661
-0.0121019
-0.0121312
-0.0128794
-0.0145538
-0.017456
-0.0216975
-0.0269557
-0.0324808
-0.0374445
-0.0412137
-0.0433962
-0.0438132
-0.0424916
-0.0396921
-0.0360513
-0.0323083
-0.0291979
-0.0255554
-0.0216037
-0.0146342
-0.0125706
-0.0123735
-0.0125967
-0.013534
-0.0155852
-0.0189625
-0.0234832
-0.0285321
-0.0333005
-0.0370751
-0.0393676
-0.0399322
-0.0387647
-0.0360932
-0.0325521
-0.02887
-0.0257528
-0.0222404
-0.0194641
-0.0108032
-0.0127957
-0.0123846
-0.0119002
-0.0119594
-0.0131128
-0.015629
-0.0194124
-0.0239555
-0.0284957
-0.0322749
-0.0347248
-0.0355222
-0.0346315
-0.0322074
-0.0288421
-0.0251984
-0.0219626
-0.0184021
-0.0166494
-0.00359857
-0.0128433
-0.0122827
-0.0109334
-0.0100705
-0.0103888
-0.0121793
-0.0153666
-0.0194961
-0.0238596
-0.0276861
-0.0303548
-0.0314529
-0.0308912
-0.0288187
-0.0256364
-0.0218794
-0.0181578
-0.0139122
-0.0102307
0.0122641
-0.0137096
-0.0122291
-0.0095433
-0.00777872
-0.00749235
-0.00885291
-0.0117237
-0.0156509
-0.0199848
-0.0239569
-0.0269389
-0.0284386
-0.0283006
-0.0265145
-0.0233948
-0.0191225
-0.0139385
-0.00604919
0.00799455
0.0492046
-0.0118757
-0.0126944
-0.00866339
-0.00588243
-0.00510345
-0.00627391
-0.009079
-0.0130072
-0.017461
-0.0216569
-0.0249988
-0.0269167
-0.0272225
-0.0256862
-0.0223341
-0.0164952
-0.00692623
0.0117776
0.0491519
0.119627
-0.0294891
-0.0124249
-0.00478502
-0.00221394
-0.00204171
-0.00356129
-0.00659279
-0.010716
-0.015367
-0.0197726
-0.0233504
-0.0255401
-0.0261246
-0.0247007
-0.0207133
-0.0121034
0.00540739
0.0425168
0.112092
0.216292
)
;

boundaryField
{
    movingWall
    {
        type            zeroGradient;
    }
    fixedWalls
    {
        type            zeroGradient;
    }
    frontAndBack
    {
        type            empty;
    }
}


// ************************************************************************* //
