/*--------------------------------*- C++ -*----------------------------------*\
| =========                 |                                                 |
| \\      /  F ield         | OpenFOAM: The Open Source CFD Toolbox           |
|  \\    /   O peration     | Version:  2212                                  |
|   \\  /    A nd           | Website:  www.openfoam.com                      |
|    \\/     M anipulation  |                                                 |
\*---------------------------------------------------------------------------*/
FoamFile
{
    version     2.0;
    format      ascii;
    arch        "LSB;label=32;scalar=64";
    class       volVectorField;
    location    "1.505";
    object      U;
}
// * * * * * * * * * * * * * * * * * * * * * * * * * * * * * * * * * * * * * //

dimensions      [0 1 -1 0 0 0 0];

internalField   nonuniform List<vector> 
400
(
(0.000596043 -0.000691036 0)
(0.0012324 -0.000558695 0)
(0.000845909 -0.000280932 0)
(-0.000628539 3.80757e-05 0)
(-0.0036401 0.000564929 0)
(-0.00886393 0.00143654 0)
(-0.0169556 0.00276647 0)
(-0.0280508 0.00445608 0)
(-0.0411408 0.00593314 0)
(-0.0537555 0.00622796 0)
(-0.0626808 0.00467141 0)
(-0.0652735 0.00158663 0)
(-0.0601112 -0.00197013 0)
(-0.0469467 -0.00540667 0)
(-0.0285291 -0.00741945 0)
(-0.00808952 -0.00689351 0)
(0.00821208 -0.00398668 0)
(0.014647 0.00111604 0)
(0.0104541 0.00394168 0)
(0.00303955 0.00307203 0)
(-4.85305e-05 -0.00118265 0)
(-0.00174669 0.000427599 0)
(-0.00631396 0.00242055 0)
(-0.0138286 0.00496366 0)
(-0.0254026 0.00863045 0)
(-0.0420829 0.0134935 0)
(-0.0636837 0.0188642 0)
(-0.0878623 0.0229528 0)
(-0.110424 0.0233916 0)
(-0.127142 0.0187948 0)
(-0.135257 0.00971531 0)
(-0.133598 -0.00195804 0)
(-0.12248 -0.0142365 0)
(-0.102027 -0.0251889 0)
(-0.0744175 -0.0316654 0)
(-0.0423081 -0.0305215 0)
(-0.010838 -0.0203619 0)
(0.0103284 -0.0031805 0)
(0.0122486 0.0100454 0)
(0.00419149 0.0100642 0)
(-0.00127576 0.00101049 0)
(-0.00680451 0.00629225 0)
(-0.0171972 0.0118494 0)
(-0.0319001 0.0190399 0)
(-0.0522471 0.028449 0)
(-0.0784915 0.0387485 0)
(-0.108326 0.0469116 0)
(-0.137392 0.0493425 0)
(-0.161393 0.0438652 0)
(-0.177696 0.0308721 0)
(-0.185162 0.0124358 0)
(-0.183657 -0.00907369 0)
(-0.173535 -0.0314602 0)
(-0.154559 -0.0516546 0)
(-0.126859 -0.0654062 0)
(-0.0910282 -0.0672138 0)
(-0.0496509 -0.051957 0)
(-0.0105224 -0.0203766 0)
(0.00752225 0.0104155 0)
(0.0038196 0.016799 0)
(-0.00279624 0.00675299 0)
(-0.0125725 0.0176523 0)
(-0.028834 0.0278115 0)
(-0.0500958 0.0405725 0)
(-0.0773346 0.0557411 0)
(-0.109505 0.0696961 0)
(-0.142755 0.0773901 0)
(-0.172419 0.0751 0)
(-0.195442 0.0624168 0)
(-0.210774 0.0415341 0)
(-0.218344 0.0149997 0)
(-0.218701 -0.015141 0)
(-0.212277 -0.0467237 0)
(-0.198432 -0.0767179 0)
(-0.175722 -0.100592 0)
(-0.142302 -0.111209 0)
(-0.0972111 -0.0991345 0)
(-0.0436563 -0.0575366 0)
(-0.000430595 -0.00123789 0)
(0.00437849 0.0209591 0)
(-0.00414273 0.0158432 0)
(-0.0176304 0.0340274 0)
(-0.0386518 0.0492643 0)
(-0.0645702 0.0674605 0)
(-0.0957572 0.0870319 0)
(-0.1299 0.102035 0)
(-0.162231 0.106551 0)
(-0.188619 0.0981614 0)
(-0.207573 0.0786034 0)
(-0.219521 0.0511993 0)
(-0.225568 0.0184816 0)
(-0.227007 -0.0178801 0)
(-0.224441 -0.0562333 0)
(-0.217265 -0.0945152 0)
(-0.203592 -0.129375 0)
(-0.17953 -0.153735 0)
(-0.14062 -0.155009 0)
(-0.0840224 -0.116479 0)
(-0.0166361 -0.0334772 0)
(0.00606317 0.0207679 0)
(-0.00491705 0.0274952 0)
(-0.0207587 0.0539763 0)
(-0.0444619 0.0741014 0)
(-0.0721956 0.0966832 0)
(-0.103663 0.118619 0)
(-0.135597 0.132292 0)
(-0.163077 0.132071 0)
(-0.183098 0.117382 0)
(-0.195704 0.0917756 0)
(-0.202535 0.0593587 0)
(-0.205606 0.0228706 0)
(-0.206665 -0.0160854 0)
(-0.206514 -0.0567641 0)
(-0.205266 -0.09896 0)
(-0.20163 -0.141736 0)
(-0.190883 -0.180432 0)
(-0.165919 -0.202426 0)
(-0.119385 -0.18383 0)
(-0.0490031 -0.0969537 0)
(0.00452964 0.0110838 0)
(-0.0048224 0.0402461 0)
(-0.0211022 0.0753658 0)
(-0.0448989 0.0996058 0)
(-0.0713966 0.124938 0)
(-0.0998791 0.147177 0)
(-0.126724 0.157835 0)
(-0.147557 0.152164 0)
(-0.160738 0.131397 0)
(-0.167509 0.100562 0)
(-0.170096 0.0644232 0)
(-0.170544 0.0259642 0)
(-0.170341 -0.013236 0)
(-0.170429 -0.0529965 0)
(-0.17194 -0.0944186 0)
(-0.174954 -0.138995 0)
(-0.175906 -0.186404 0)
(-0.166859 -0.228194 0)
(-0.138014 -0.239437 0)
(-0.0836159 -0.175231 0)
(-0.00609304 -0.0130197 0)
(-0.00378322 0.0523302 0)
(-0.0184753 0.0959039 0)
(-0.0399367 0.123298 0)
(-0.0627933 0.149761 0)
(-0.0862668 0.17076 0)
(-0.106989 0.177598 0)
(-0.121569 0.166564 0)
(-0.129619 0.140434 0)
(-0.133071 0.105358 0)
(-0.13411 0.0664644 0)
(-0.134128 0.0266092 0)
(-0.133669 -0.0128428 0)
(-0.133219 -0.0515439 0)
(-0.134358 -0.090266 0)
(-0.138777 -0.131639 0)
(-0.145621 -0.179808 0)
(-0.148361 -0.233631 0)
(-0.135983 -0.273091 0)
(-0.100767 -0.243344 0)
(-0.0248461 -0.061831 0)
(-0.00198812 0.0620282 0)
(-0.0133868 0.113441 0)
(-0.0306867 0.143146 0)
(-0.0484159 0.169468 0)
(-0.065993 0.18844 0)
(-0.0807212 0.191634 0)
(-0.0903496 0.176247 0)
(-0.0953835 0.146153 0)
(-0.0978671 0.108181 0)
(-0.0994831 0.0674704 0)
(-0.100699 0.0264321 0)
(-0.101124 -0.0138953 0)
(-0.100722 -0.0527482 0)
(-0.100728 -0.0896122 0)
(-0.103708 -0.126459 0)
(-0.111576 -0.170067 0)
(-0.120895 -0.227485 0)
(-0.120101 -0.2888 0)
(-0.0999567 -0.298232 0)
(-0.0336057 -0.137049 0)
(0.000166518 0.0680175 0)
(-0.00673848 0.12644 0)
(-0.0186967 0.158039 0)
(-0.0305527 0.183585 0)
(-0.0419578 0.200503 0)
(-0.0511114 0.20096 0)
(-0.056849 0.182784 0)
(-0.0601228 0.150445 0)
(-0.0625921 0.111045 0)
(-0.0652183 0.0695147 0)
(-0.0677668 0.0277235 0)
(-0.0694711 -0.0136816 0)
(-0.0700879 -0.0536438 0)
(-0.0701384 -0.0902276 0)
(-0.0718886 -0.123646 0)
(-0.0786449 -0.160686 0)
(-0.0910559 -0.214984 0)
(-0.0979861 -0.289894 0)
(-0.0911228 -0.336445 0)
(-0.0298628 -0.21268 0)
(0.00221557 0.0694432 0)
(0.000360489 0.133749 0)
(-0.00566234 0.167139 0)
(-0.0114184 0.191599 0)
(-0.0166437 0.206782 0)
(-0.0204284 0.205727 0)
(-0.022573 0.186544 0)
(-0.024175 0.153766 0)
(-0.0262706 0.114324 0)
(-0.0291659 0.0728181 0)
(-0.0323412 0.0307661 0)
(-0.0352138 -0.0113678 0)
(-0.0375543 -0.0524411 0)
(-0.0393228 -0.0895516 0)
(-0.0419533 -0.121352 0)
(-0.0482341 -0.152615 0)
(-0.0624268 -0.200415 0)
(-0.0742682 -0.282113 0)
(-0.0794569 -0.360241 0)
(-0.0228471 -0.275237 0)
(0.00381029 0.0665483 0)
(0.00695972 0.135199 0)
(0.00690224 0.170465 0)
(0.00715114 0.194 0)
(0.00806164 0.20797 0)
(0.00972118 0.20652 0)
(0.0115537 0.187756 0)
(0.0123607 0.1559 0)
(0.011614 0.117393 0)
(0.00946831 0.0765458 0)
(0.00653195 0.0348459 0)
(0.00283796 -0.00718253 0)
(-0.00135972 -0.0481514 0)
(-0.00595653 -0.0853022 0)
(-0.0117343 -0.116326 0)
(-0.0195802 -0.143462 0)
(-0.0362492 -0.183953 0)
(-0.0514992 -0.267533 0)
(-0.06831 -0.372782 0)
(-0.0152289 -0.327794 0)
(0.00453533 0.0602284 0)
(0.0119381 0.130929 0)
(0.0174289 0.167676 0)
(0.0232801 0.190091 0)
(0.0300593 0.202932 0)
(0.037267 0.201964 0)
(0.0438043 0.185031 0)
(0.0482419 0.155508 0)
(0.050106 0.119022 0)
(0.0496688 0.0796541 0)
(0.0475431 0.0391144 0)
(0.0434305 -0.00199662 0)
(0.0375904 -0.0416617 0)
(0.0297134 -0.0776426 0)
(0.0193984 -0.107394 0)
(0.00778984 -0.131443 0)
(-0.0126039 -0.165593 0)
(-0.0294625 -0.24773 0)
(-0.0579484 -0.375636 0)
(-0.00740488 -0.370413 0)
(0.00419725 0.051942 0)
(0.0144091 0.121911 0)
(0.0247041 0.159894 0)
(0.0356047 0.181302 0)
(0.0478894 0.192816 0)
(0.0606875 0.192494 0)
(0.0724754 0.178159 0)
(0.0815397 0.152004 0)
(0.0871163 0.118572 0)
(0.0892421 0.0816541 0)
(0.0883588 0.0433518 0)
(0.0842392 0.00467372 0)
(0.0768696 -0.0323135 0)
(0.0658307 -0.0658086 0)
(0.0509003 -0.0935703 0)
(0.034082 -0.115134 0)
(0.00851479 -0.14391 0)
(-0.00780985 -0.223672 0)
(-0.0485055 -0.372715 0)
(0.000995713 -0.407029 0)
(0.00280446 0.0436525 0)
(0.0135089 0.109863 0)
(0.0268414 0.14682 0)
(0.0417322 0.16613 0)
(0.0589373 0.17567 0)
(0.0772679 0.175648 0)
(0.094706 0.164246 0)
(0.109156 0.142463 0)
(0.119367 0.11356 0)
(0.124924 0.0807756 0)
(0.125918 0.0464301 0)
(0.122277 0.0119496 0)
(0.113504 -0.0209105 0)
(0.0997811 -0.0504937 0)
(0.0803613 -0.0750553 0)
(0.0585216 -0.0947243 0)
(0.0277331 -0.119611 0)
(0.013705 -0.197263 0)
(-0.0395683 -0.367359 0)
(0.0109708 -0.439535 0)
(0.000518107 0.0370235 0)
(0.00946139 0.0975681 0)
(0.0243668 0.132649 0)
(0.0422333 0.14938 0)
(0.0633569 0.156076 0)
(0.086342 0.155129 0)
(0.108893 0.145768 0)
(0.128565 0.128229 0)
(0.143571 0.104531 0)
(0.153042 0.0771477 0)
(0.156441 0.0482181 0)
(0.154007 0.0193797 0)
(0.144576 -0.0080474 0)
(0.129134 -0.0323515 0)
(0.106156 -0.0525538 0)
(0.0805748 -0.070025 0)
(0.0457621 -0.0932506 0)
(0.0341532 -0.171029 0)
(-0.0299878 -0.362194 0)
(0.0248425 -0.467234 0)
(-0.00296003 0.0376309 0)
(-0.000915094 0.0874266 0)
(0.0119328 0.112446 0)
(0.0327508 0.124239 0)
(0.0580924 0.12821 0)
(0.0857418 0.126571 0)
(0.113125 0.119243 0)
(0.137755 0.106189 0)
(0.157444 0.0885772 0)
(0.171012 0.0680478 0)
(0.177298 0.0463912 0)
(0.176648 0.0249383 0)
(0.167574 0.00488692 0)
(0.152385 -0.0128839 0)
(0.127804 -0.0277983 0)
(0.101632 -0.0431708 0)
(0.0652101 -0.0673399 0)
(0.0544265 -0.1474 0)
(-0.0136594 -0.352384 0)
(0.0475391 -0.48039 0)
(-0.00733445 0.0286632 0)
(-0.00804464 0.0868332 0)
(0.00101831 0.104941 0)
(0.0220767 0.106933 0)
(0.0497078 0.10452 0)
(0.0800469 0.100172 0)
(0.110386 0.0935189 0)
(0.138024 0.0838129 0)
(0.160896 0.0717308 0)
(0.177876 0.0578449 0)
(0.187067 0.0437126 0)
(0.190068 0.0298788 0)
(0.183634 0.0177419 0)
(0.173306 0.00676343 0)
(0.151883 -0.00275094 0)
(0.133384 -0.0165311 0)
(0.0983994 -0.0439731 0)
(0.0875049 -0.127896 0)
(0.0273229 -0.321187 0)
(0.0886196 -0.45211 0)
(-0.101407 0.0897744 0)
(-0.0752732 0.0729841 0)
(-0.0546801 0.0644898 0)
(-0.0158545 0.0620983 0)
(0.0235376 0.0598447 0)
(0.0636002 0.0569284 0)
(0.101516 0.0532612 0)
(0.137814 0.0481594 0)
(0.167998 0.042395 0)
(0.195934 0.0357129 0)
(0.21395 0.0293684 0)
(0.231468 0.0231008 0)
(0.235582 0.0181683 0)
(0.243451 0.0135899 0)
(0.232718 0.00921948 0)
(0.232583 -0.000139903 0)
(0.200609 -0.0246639 0)
(0.199549 -0.088725 0)
(0.143669 -0.228621 0)
(0.169316 -0.341002 0)
(0.132922 0.106478 0)
(0.164787 0.0813935 0)
(0.22178 0.0595588 0)
(0.278451 0.0463482 0)
(0.325529 0.0386283 0)
(0.370063 0.0331791 0)
(0.406887 0.0294041 0)
(0.445538 0.0258738 0)
(0.474307 0.0233233 0)
(0.507234 0.0203265 0)
(0.526146 0.0184156 0)
(0.552852 0.0156507 0)
(0.560663 0.0145017 0)
(0.581875 0.0119343 0)
(0.576625 0.0114273 0)
(0.589918 0.00723653 0)
(0.558971 0.00253346 0)
(0.544958 -0.0163054 0)
(0.438358 -0.049252 0)
(0.33892 -0.100866 0)
)
;

boundaryField
{
    movingWall
    {
        type            fixedValue;
        value           uniform (1 0 0);
    }
    fixedWalls
    {
        type            noSlip;
    }
    frontAndBack
    {
        type            empty;
    }
}


// ************************************************************************* //
