/*--------------------------------*- C++ -*----------------------------------*\
| =========                 |                                                 |
| \\      /  F ield         | OpenFOAM: The Open Source CFD Toolbox           |
|  \\    /   O peration     | Version:  2212                                  |
|   \\  /    A nd           | Website:  www.openfoam.com                      |
|    \\/     M anipulation  |                                                 |
\*---------------------------------------------------------------------------*/
FoamFile
{
    version     2.0;
    format      ascii;
    arch        "LSB;label=32;scalar=64";
    class       volScalarField;
    location    "4.51";
    object      p;
}
// * * * * * * * * * * * * * * * * * * * * * * * * * * * * * * * * * * * * * //

dimensions      [0 2 -2 0 0 0 0];

internalField   nonuniform List<scalar> 
400
(
-1.48903e-07
-0.000150749
-0.000532601
-0.00106696
-0.00172427
-0.00248117
-0.00316852
-0.00357894
-0.00354616
-0.00291644
-0.00153576
0.00062416
0.00324815
0.00551417
0.00654666
0.00595767
0.00405697
0.00221534
0.00117781
0.00110669
0.000115836
-5.78064e-05
-0.000374713
-0.000760165
-0.00123816
-0.00187867
-0.00269101
-0.0035218
-0.00405359
-0.00391171
-0.00282462
-0.000811101
0.00169661
0.00396923
0.00514501
0.00478352
0.00316479
0.00144372
0.000662747
0.000750331
0.000532938
0.000263694
-7.63308e-05
-0.000556244
-0.00133914
-0.00256343
-0.00418879
-0.00593868
-0.00734569
-0.00788283
-0.00720764
-0.00541397
-0.00285278
-0.000160132
0.00183087
0.00247944
0.00177552
0.000575685
-0.000321759
-0.000322559
0.00114222
0.000734289
0.000189529
-0.000769667
-0.00243216
-0.00489749
-0.00792822
-0.0110264
-0.0135873
-0.0150494
-0.0150799
-0.013722
-0.0111904
-0.00794075
-0.00467405
-0.00213546
-0.000796146
-0.000631456
-0.00121289
-0.00184399
0.00156309
0.000958905
-2.75677e-05
-0.0019104
-0.00496369
-0.00909811
-0.013788
-0.018312
-0.0220142
-0.0244297
-0.0252996
-0.024504
-0.0221665
-0.0185743
-0.0141637
-0.00954008
-0.00549714
-0.00286872
-0.00212034
-0.00393807
0.00126645
0.0004264
-0.0011977
-0.0042716
-0.00892401
-0.0147412
-0.0208723
-0.0264582
-0.0308879
-0.0338447
-0.0352004
-0.0348549
-0.0328903
-0.0294515
-0.024677
-0.0187844
-0.0123719
-0.0068504
-0.00432098
-0.00643506
-7.32816e-05
-0.00116108
-0.00348531
-0.00773393
-0.0138028
-0.0209085
-0.0279539
-0.034055
-0.0387175
-0.0417808
-0.0432521
-0.0431522
-0.0415468
-0.0385029
-0.0339956
-0.0279061
-0.0203509
-0.0125711
-0.00776026
-0.00766767
-0.00246253
-0.00374007
-0.00666011
-0.0118124
-0.0188565
-0.0267079
-0.03414
-0.0403313
-0.0449321
-0.0479073
-0.0493462
-0.0493444
-0.0479801
-0.0452988
-0.0412488
-0.0355943
-0.0280725
-0.0191922
-0.0117065
-0.00790511
-0.005528
-0.00688967
-0.0101952
-0.0158808
-0.023423
-0.0315521
-0.0390121
-0.045078
-0.0495195
-0.0523781
-0.0537759
-0.0538203
-0.0525856
-0.0501281
-0.0464539
-0.0414008
-0.0345491
-0.0257152
-0.016555
-0.00989624
-0.00869999
-0.0100353
-0.0135001
-0.0193655
-0.0270078
-0.0350983
-0.0424126
-0.048305
-0.0526126
-0.055401
-0.0567881
-0.0568614
-0.0556844
-0.0533268
-0.049866
-0.0452844
-0.0392616
-0.031244
-0.0221213
-0.0141954
-0.0114506
-0.0126871
-0.0160996
-0.021853
-0.0293004
-0.0371672
-0.0442892
-0.050051
-0.0542971
-0.0570745
-0.058477
-0.0585695
-0.0574027
-0.0550522
-0.0516556
-0.0473378
-0.042028
-0.0350747
-0.026966
-0.0189945
-0.0134846
-0.0145366
-0.0177257
-0.0231052
-0.0301166
-0.0376333
-0.0445713
-0.0502907
-0.0545713
-0.0574076
-0.0588546
-0.0589578
-0.0577593
-0.055336
-0.0518773
-0.0476213
-0.0428055
-0.0367505
-0.0297951
-0.0222173
-0.0147696
-0.0154854
-0.0182252
-0.0230092
-0.0293941
-0.0364686
-0.0432401
-0.0490053
-0.0534226
-0.056395
-0.0579243
-0.058033
-0.0567587
-0.0542001
-0.0505722
-0.0461755
-0.0416024
-0.0360314
-0.0300159
-0.0227149
-0.0154025
-0.0156479
-0.0176673
-0.0215724
-0.027128
-0.0336672
-0.0402776
-0.0461618
-0.0508204
-0.0540247
-0.0557007
-0.0558432
-0.0544687
-0.0517052
-0.0478111
-0.0431728
-0.0384423
-0.0329441
-0.0279428
-0.0201534
-0.0155147
-0.0152372
-0.0162543
-0.0189559
-0.0234488
-0.0293389
-0.0357757
-0.0418393
-0.0468412
-0.0503853
-0.0522912
-0.0524998
-0.051052
-0.0480387
-0.0437895
-0.038745
-0.0335944
-0.0279734
-0.0241577
-0.0143471
-0.0152258
-0.0145042
-0.0142078
-0.0153458
-0.0185518
-0.0236851
-0.0299301
-0.0362181
-0.0416545
-0.045652
-0.047906
-0.0482879
-0.0468217
-0.0435776
-0.0389234
-0.0333244
-0.027568
-0.0216423
-0.0181083
-0.00390126
-0.0146228
-0.0135877
-0.0116864
-0.0110575
-0.0128983
-0.0172635
-0.0233342
-0.0298795
-0.0358172
-0.0403697
-0.0431015
-0.0437878
-0.0424221
-0.0390374
-0.0339657
-0.0276049
-0.0207245
-0.0134142
-0.00697958
0.0158812
-0.0145622
-0.0126441
-0.00865981
-0.00626537
-0.00692781
-0.0107153
-0.0167121
-0.0235467
-0.0300209
-0.0351948
-0.0385219
-0.0396552
-0.0385416
-0.0351939
-0.0297584
-0.0222775
-0.0130141
-0.000940192
0.0163902
0.0568099
-0.0117922
-0.0118385
-0.00577362
-0.00185355
-0.00183935
-0.00543863
-0.0115386
-0.0186925
-0.0256679
-0.0314109
-0.0353448
-0.0370396
-0.0363983
-0.0331464
-0.0271336
-0.0175922
-0.00334438
0.0201795
0.0603582
0.129539
-0.0295076
-0.010651
-0.000677465
0.00298041
0.00234962
-0.00161731
-0.00799121
-0.0154601
-0.0227971
-0.0289237
-0.0332376
-0.0352852
-0.0349302
-0.0317577
-0.0251367
-0.0129
0.00924084
0.0508851
0.122569
0.225823
)
;

boundaryField
{
    movingWall
    {
        type            zeroGradient;
    }
    fixedWalls
    {
        type            zeroGradient;
    }
    frontAndBack
    {
        type            empty;
    }
}


// ************************************************************************* //
