/*--------------------------------*- C++ -*----------------------------------*\
| =========                 |                                                 |
| \\      /  F ield         | OpenFOAM: The Open Source CFD Toolbox           |
|  \\    /   O peration     | Version:  2212                                  |
|   \\  /    A nd           | Website:  www.openfoam.com                      |
|    \\/     M anipulation  |                                                 |
\*---------------------------------------------------------------------------*/
FoamFile
{
    version     2.0;
    format      ascii;
    arch        "LSB;label=32;scalar=64";
    class       volScalarField;
    location    "4.46";
    object      p;
}
// * * * * * * * * * * * * * * * * * * * * * * * * * * * * * * * * * * * * * //

dimensions      [0 2 -2 0 0 0 0];

internalField   nonuniform List<scalar> 
400
(
4.91297e-07
-0.000149523
-0.000530928
-0.00106491
-0.00172187
-0.0024784
-0.00316544
-0.00357567
-0.00354279
-0.00291311
-0.00153267
0.000626817
0.0032504
0.00551637
0.00654939
0.00596146
0.00406184
0.00222085
0.00118346
0.00111226
0.000117051
-5.63375e-05
-0.000372923
-0.000758115
-0.00123588
-0.00187607
-0.002688
-0.00351833
-0.0040498
-0.00390785
-0.00282099
-0.00080792
0.00169937
0.00397191
0.00514818
0.00478767
0.00317005
0.00144944
0.000668548
0.00075596
0.000534295
0.000265284
-7.44853e-05
-0.000554137
-0.00133665
-0.00256033
-0.00418489
-0.00593395
-0.0073403
-0.00787719
-0.0072022
-0.00540898
-0.00284832
-0.00015599
0.00183513
0.00248427
0.00178112
0.00058169
-0.00031568
-0.000316692
0.00114342
0.000735716
0.000191313
-0.000767348
-0.00242897
-0.00489308
-0.00792238
-0.0110191
-0.013579
-0.0150405
-0.015071
-0.0137136
-0.0111827
-0.00793383
-0.0046677
-0.00212936
-0.000790055
-0.000625326
-0.0012067
-0.00183788
0.00156385
0.000960022
-2.57903e-05
-0.00190749
-0.00495912
-0.00909149
-0.0137793
-0.0183012
-0.0220019
-0.0244163
-0.0252859
-0.0244908
-0.0221543
-0.0185635
-0.0141542
-0.00953184
-0.00548995
-0.00286228
-0.00211427
-0.00393165
0.00126695
0.000427419
-0.00119557
-0.00426758
-0.00891741
-0.0147317
-0.02086
-0.0264433
-0.0308711
-0.0338264
-0.0351815
-0.0348365
-0.032873
-0.0294359
-0.0246636
-0.0187732
-0.0123628
-0.00684307
-0.00431456
-0.00642818
-7.2575e-05
-0.00115969
-0.00348232
-0.00772828
-0.0137937
-0.0208959
-0.0279379
-0.034036
-0.038696
-0.0417574
-0.0432279
-0.0431281
-0.0415241
-0.0384823
-0.0339777
-0.0278913
-0.0203392
-0.0125621
-0.00775312
-0.00766124
-0.00246104
-0.00373776
-0.00665578
-0.0118048
-0.0188449
-0.0266921
-0.0341204
-0.0403083
-0.044906
-0.0478788
-0.0493164
-0.0493146
-0.0479517
-0.0452728
-0.0412262
-0.0355756
-0.0280575
-0.0191809
-0.0116983
-0.00789897
-0.00552531
-0.00688608
-0.0101893
-0.0158712
-0.0234089
-0.0315336
-0.0389894
-0.0450512
-0.0494893
-0.052345
-0.0537411
-0.0537852
-0.0525519
-0.0500971
-0.0464269
-0.0413782
-0.0345309
-0.0257013
-0.0165449
-0.009889
-0.008696
-0.0100304
-0.0134927
-0.0193541
-0.0269917
-0.0350774
-0.0423873
-0.0482753
-0.0525789
-0.0553641
-0.0567492
-0.056822
-0.0556463
-0.0532917
-0.0498351
-0.0452586
-0.0392406
-0.0312276
-0.0221089
-0.0141859
-0.0114455
-0.0126811
-0.0160911
-0.0218405
-0.029283
-0.0371449
-0.0442621
-0.0500194
-0.0542613
-0.0570352
-0.0584356
-0.0585274
-0.057362
-0.0550145
-0.0516224
-0.0473099
-0.0420054
-0.0350567
-0.0269519
-0.0189828
-0.013479
-0.0145301
-0.0177167
-0.0230923
-0.0300988
-0.0376106
-0.0445437
-0.0502585
-0.0545348
-0.0573675
-0.0588123
-0.0589149
-0.0577177
-0.0552975
-0.0518435
-0.047593
-0.0427827
-0.0367325
-0.0297806
-0.0222047
-0.0147638
-0.0154789
-0.0182164
-0.0229967
-0.0293769
-0.0364465
-0.0432132
-0.0489738
-0.0533869
-0.0563558
-0.0578829
-0.0579911
-0.0567181
-0.0541628
-0.0505397
-0.0461488
-0.0415814
-0.036015
-0.0300026
-0.0227032
-0.0153969
-0.0156419
-0.0176594
-0.0215612
-0.0271125
-0.0336471
-0.0402527
-0.0461324
-0.0507868
-0.0539879
-0.0556618
-0.0558038
-0.0544308
-0.0516708
-0.0477817
-0.0431494
-0.0384248
-0.0329312
-0.027932
-0.0201444
-0.0155094
-0.0152319
-0.0162477
-0.0189468
-0.023436
-0.0293217
-0.0357539
-0.0418131
-0.046811
-0.0503519
-0.0522559
-0.0524644
-0.0510182
-0.0480086
-0.0437646
-0.0387263
-0.0335818
-0.0279655
-0.0241512
-0.0143425
-0.015221
-0.0144996
-0.0142028
-0.0153393
-0.0185426
-0.023672
-0.0299126
-0.0361961
-0.0416285
-0.045623
-0.0478752
-0.048257
-0.0467928
-0.0435525
-0.0389039
-0.0333114
-0.0275612
-0.02164
-0.0181084
-0.00390227
-0.0146186
-0.0135841
-0.0116833
-0.011054
-0.0128931
-0.0172549
-0.0233214
-0.0298623
-0.035796
-0.0403453
-0.0430755
-0.0437618
-0.042398
-0.0390174
-0.0339515
-0.0275975
-0.0207237
-0.0134186
-0.00698719
0.0158746
-0.014559
-0.0126414
-0.00865842
-0.00626492
-0.00692648
-0.0107113
-0.0167041
-0.0235343
-0.0300044
-0.035175
-0.0385003
-0.0396336
-0.038522
-0.0351783
-0.0297485
-0.0222748
-0.0130187
-0.000950897
0.0163764
0.0567987
-0.01179
-0.011837
-0.00577432
-0.00185581
-0.00184114
-0.00543802
-0.0115341
-0.0186836
-0.0256548
-0.0313945
-0.0353264
-0.0370209
-0.0363813
-0.0331331
-0.0271263
-0.0175923
-0.00335216
0.0201654
0.060342
0.129526
-0.0295051
-0.0106503
-0.000679379
0.00297691
0.00234647
-0.00161817
-0.00798832
-0.0154528
-0.0227855
-0.0289086
-0.0332203
-0.0352674
-0.0349141
-0.0317451
-0.0251295
-0.0128996
0.00923369
0.0508722
0.122555
0.225812
)
;

boundaryField
{
    movingWall
    {
        type            zeroGradient;
    }
    fixedWalls
    {
        type            zeroGradient;
    }
    frontAndBack
    {
        type            empty;
    }
}


// ************************************************************************* //
