/*--------------------------------*- C++ -*----------------------------------*\
| =========                 |                                                 |
| \\      /  F ield         | OpenFOAM: The Open Source CFD Toolbox           |
|  \\    /   O peration     | Version:  2212                                  |
|   \\  /    A nd           | Website:  www.openfoam.com                      |
|    \\/     M anipulation  |                                                 |
\*---------------------------------------------------------------------------*/
FoamFile
{
    version     2.0;
    format      ascii;
    arch        "LSB;label=32;scalar=64";
    class       surfaceScalarField;
    location    "0.93";
    object      phi;
}
// * * * * * * * * * * * * * * * * * * * * * * * * * * * * * * * * * * * * * //

dimensions      [0 3 -1 0 0 0 0];

oriented        oriented;

internalField   nonuniform List<scalar> 
760
(
-3.13292e-08
3.13294e-08
-1.30259e-07
9.89296e-08
-2.58103e-07
1.27844e-07
-3.99941e-07
1.41838e-07
-5.58732e-07
1.58791e-07
-7.42377e-07
1.83644e-07
-9.56493e-07
2.14116e-07
-1.1981e-06
2.41603e-07
-1.44778e-06
2.49682e-07
-1.66374e-06
2.15959e-07
-1.78572e-06
1.21984e-07
-1.74961e-06
-3.61142e-08
-1.50562e-06
-2.43985e-07
-1.07907e-06
-4.26548e-07
-5.54204e-07
-5.2487e-07
-7.02308e-08
-4.83973e-07
2.37468e-07
-3.07699e-07
2.88275e-07
-5.08069e-08
1.48022e-07
1.40253e-07
1.48022e-07
-1.36883e-07
1.68212e-07
-4.04777e-07
3.66824e-07
-7.29799e-07
4.52865e-07
-1.08924e-06
5.01282e-07
-1.4835e-06
5.53047e-07
-1.91634e-06
6.16483e-07
-2.38234e-06
6.80117e-07
-2.85746e-06
7.16724e-07
-3.29254e-06
6.84757e-07
-3.61465e-06
5.38069e-07
-3.74355e-06
2.50884e-07
-3.61114e-06
-1.68515e-07
-3.1709e-06
-6.84225e-07
-2.44547e-06
-1.15198e-06
-1.53989e-06
-1.43045e-06
-6.3707e-07
-1.38679e-06
2.58345e-08
-9.70603e-07
2.99732e-07
-3.24704e-07
1.97891e-07
2.42094e-07
3.45913e-07
-2.21411e-07
3.89623e-07
-6.16339e-07
7.61751e-07
-1.08266e-06
9.19188e-07
-1.5924e-06
1.01102e-06
-2.14259e-06
1.10324e-06
-2.73082e-06
1.20471e-06
-3.34321e-06
1.29251e-06
-3.94963e-06
1.32314e-06
-4.50295e-06
1.23807e-06
-4.93941e-06
9.74535e-07
-5.18323e-06
4.94697e-07
-5.15923e-06
-1.9251e-07
-4.77304e-06
-1.07042e-06
-4.00489e-06
-1.92013e-06
-2.91186e-06
-2.52348e-06
-1.65586e-06
-2.64279e-06
-5.2567e-07
-2.1008e-06
1.26243e-07
-9.76617e-07
1.90688e-07
1.77648e-07
5.36601e-07
-2.75225e-07
6.64849e-07
-7.52925e-07
1.23945e-06
-1.31014e-06
1.4764e-06
-1.91498e-06
1.61587e-06
-2.56396e-06
1.75222e-06
-3.25575e-06
1.8965e-06
-3.98324e-06
2.02001e-06
-4.73463e-06
2.07453e-06
-5.49213e-06
1.99557e-06
-6.21138e-06
1.69379e-06
-6.78403e-06
1.06735e-06
-7.08313e-06
1.06587e-07
-6.92443e-06
-1.22911e-06
-6.25471e-06
-2.58986e-06
-5.07036e-06
-3.70783e-06
-3.46044e-06
-4.25271e-06
-1.70232e-06
-3.85892e-06
-3.23827e-07
-2.35511e-06
1.53245e-07
-2.99424e-07
6.89847e-07
-3.0007e-07
9.64919e-07
-8.19556e-07
1.75894e-06
-1.4253e-06
2.08215e-06
-2.08436e-06
2.27492e-06
-2.79759e-06
2.46544e-06
-3.57537e-06
2.67428e-06
-4.43395e-06
2.87859e-06
-5.39569e-06
3.03626e-06
-6.46873e-06
3.06861e-06
-7.58962e-06
2.81468e-06
-8.57579e-06
2.05352e-06
-9.15005e-06
6.80845e-07
-9.23661e-06
-1.14255e-06
-8.76211e-06
-3.06436e-06
-7.67052e-06
-4.79942e-06
-5.92568e-06
-5.99754e-06
-3.62998e-06
-6.15462e-06
-1.27737e-06
-4.70773e-06
3.16926e-08
-1.60848e-06
7.21539e-07
-2.98421e-07
1.26334e-06
-8.23324e-07
2.28384e-06
-1.44161e-06
2.70043e-06
-2.12179e-06
2.95511e-06
-2.87275e-06
3.2164e-06
-3.72265e-06
3.52418e-06
-4.71435e-06
3.8703e-06
-5.89082e-06
4.21273e-06
-7.24196e-06
4.41975e-06
-8.62978e-06
4.2025e-06
-9.7999e-06
3.22363e-06
-1.05135e-05
1.39447e-06
-1.07178e-05
-9.3824e-07
-1.04931e-05
-3.28908e-06
-9.73743e-06
-5.5551e-06
-8.2894e-06
-7.44557e-06
-5.96747e-06
-8.47655e-06
-2.91929e-06
-7.75591e-06
-3.60239e-07
-4.16754e-06
3.61301e-07
-2.72901e-07
1.53624e-06
-7.70182e-07
2.78112e-06
-1.3672e-06
3.29746e-06
-2.03417e-06
3.62207e-06
-2.78653e-06
3.96876e-06
-3.66543e-06
4.40309e-06
-4.724e-06
4.92887e-06
-5.98899e-06
5.47772e-06
-7.38884e-06
5.8196e-06
-8.71837e-06
5.53203e-06
-9.74787e-06
4.25313e-06
-1.03871e-05
2.03373e-06
-1.06381e-05
-6.8731e-07
-1.06299e-05
-3.29726e-06
-1.0313e-05
-5.87197e-06
-9.49829e-06
-8.26029e-06
-7.8208e-06
-1.0154e-05
-4.92685e-06
-1.06499e-05
-1.28561e-06
-7.80878e-06
-9.24305e-07
-2.26635e-07
1.76288e-06
-6.65786e-07
3.22027e-06
-1.2071e-06
3.83877e-06
-1.8192e-06
4.23417e-06
-2.51558e-06
4.66514e-06
-3.33419e-06
5.2217e-06
-4.31303e-06
5.90771e-06
-5.44227e-06
6.60696e-06
-6.61206e-06
6.98939e-06
-7.63455e-06
6.55452e-06
-8.3693e-06
4.98788e-06
-8.8204e-06
2.48483e-06
-9.06956e-06
-4.38149e-07
-9.16595e-06
-3.20088e-06
-9.17689e-06
-5.86102e-06
-9.02163e-06
-8.41555e-06
-8.29549e-06
-1.08802e-05
-6.28963e-06
-1.26557e-05
-2.56188e-06
-1.15365e-05
-3.48619e-06
-1.64352e-07
1.92723e-06
-5.18917e-07
3.57484e-06
-9.71259e-07
4.29111e-06
-1.48369e-06
4.7466e-06
-2.05728e-06
5.23873e-06
-2.71249e-06
5.87691e-06
-3.46313e-06
6.65834e-06
-4.28058e-06
7.42442e-06
-5.07302e-06
7.78183e-06
-5.72921e-06
7.21071e-06
-6.20051e-06
5.45917e-06
-6.51129e-06
2.79562e-06
-6.74123e-06
-2.08214e-07
-6.87174e-06
-3.07037e-06
-7.02689e-06
-5.70588e-06
-7.2603e-06
-8.18213e-06
-7.29722e-06
-1.08433e-05
-6.34556e-06
-1.36074e-05
-3.58789e-06
-1.42942e-05
-7.07408e-06
-9.34785e-08
2.02071e-06
-3.44886e-07
3.82624e-06
-6.81837e-07
4.62806e-06
-1.05789e-06
5.12265e-06
-1.45558e-06
5.63643e-06
-1.87333e-06
6.29465e-06
-2.30661e-06
7.09162e-06
-2.73403e-06
7.85184e-06
-3.12367e-06
8.17148e-06
-3.45835e-06
7.54539e-06
-3.75535e-06
5.75617e-06
-4.03332e-06
3.0736e-06
-4.30008e-06
5.85376e-08
-4.52015e-06
-2.85029e-06
-4.77073e-06
-5.4553e-06
-5.17126e-06
-7.7816e-06
-5.65204e-06
-1.03625e-05
-5.51221e-06
-1.37472e-05
-3.66778e-06
-1.61386e-05
-1.07419e-05
-2.39818e-08
2.04469e-06
-1.65354e-07
3.96762e-06
-3.73511e-07
4.83622e-06
-5.94442e-07
5.34358e-06
-7.91616e-07
5.8336e-06
-9.43152e-07
6.44619e-06
-1.033e-06
7.18147e-06
-1.06137e-06
7.88021e-06
-1.06789e-06
8.17799e-06
-1.12125e-06
7.59875e-06
-1.26087e-06
5.89579e-06
-1.50642e-06
3.31915e-06
-1.84261e-06
3.94728e-07
-2.20277e-06
-2.49013e-06
-2.58892e-06
-5.06914e-06
-3.13313e-06
-7.2374e-06
-3.91591e-06
-9.57969e-06
-4.35614e-06
-1.3307e-05
-3.17486e-06
-1.73199e-05
-1.39167e-05
3.44297e-08
2.01026e-06
-2.61455e-09
4.00466e-06
-8.60607e-08
4.91967e-06
-1.5179e-07
5.40931e-06
-1.51215e-07
5.83303e-06
-4.69831e-08
6.34196e-06
1.77882e-07
6.95661e-06
5.05418e-07
7.55267e-06
8.66249e-07
7.81716e-06
1.13306e-06
7.33195e-06
1.19431e-06
5.83454e-06
1.01702e-06
3.49644e-06
6.34136e-07
7.77609e-07
1.53118e-07
-2.00912e-06
-4.58952e-07
-4.45707e-06
-1.23591e-06
-6.46045e-06
-2.28154e-06
-8.53406e-06
-3.18539e-06
-1.24031e-05
-2.61683e-06
-1.78885e-05
-1.65336e-05
6.84768e-08
1.94178e-06
1.07519e-07
3.96562e-06
1.34347e-07
4.89284e-06
2.03625e-07
5.34003e-06
3.66147e-07
5.67051e-06
6.6264e-07
6.04546e-06
1.12506e-06
6.49418e-06
1.74815e-06
6.92959e-06
2.44286e-06
7.12245e-06
3.03081e-06
6.74399e-06
3.33168e-06
5.53367e-06
3.27135e-06
3.55677e-06
2.87938e-06
1.16957e-06
2.21274e-06
-1.34248e-06
1.39137e-06
-3.6357e-06
3.79439e-07
-5.44852e-06
-8.94404e-07
-7.26021e-06
-2.12508e-06
-1.11725e-05
-2.06786e-06
-1.79457e-05
-1.86014e-05
7.07948e-08
1.87099e-06
1.51637e-07
3.88478e-06
2.5866e-07
4.78582e-06
4.37073e-07
5.16162e-06
7.29217e-07
5.37836e-06
1.17215e-06
5.60253e-06
1.79375e-06
5.87259e-06
2.58931e-06
6.13403e-06
3.48015e-06
6.23161e-06
4.29269e-06
5.93145e-06
4.81545e-06
5.01091e-06
4.92375e-06
3.44847e-06
4.61511e-06
1.47822e-06
3.89232e-06
-6.19685e-07
2.88955e-06
-2.63293e-06
1.67588e-06
-4.23485e-06
2.12458e-07
-5.79679e-06
-1.25146e-06
-9.70854e-06
-1.59416e-06
-1.7603e-05
-2.01956e-05
2.98697e-08
1.84112e-06
1.0387e-07
3.81078e-06
2.55551e-07
4.63414e-06
5.20894e-07
4.89628e-06
9.16682e-07
4.98257e-06
1.46095e-06
5.05826e-06
2.16898e-06
5.16456e-06
3.0357e-06
5.2673e-06
4.00017e-06
5.26714e-06
4.92021e-06
5.01142e-06
5.59298e-06
4.33813e-06
5.85439e-06
3.18706e-06
5.65147e-06
1.68114e-06
4.98639e-06
4.53947e-08
3.922e-06
-1.56853e-06
2.5973e-06
-2.91016e-06
1.05031e-06
-4.24981e-06
-5.15294e-07
-8.14293e-06
-1.16064e-06
-1.69576e-05
-2.13562e-05
-6.02904e-08
1.90141e-06
-3.55127e-08
3.786e-06
1.38479e-07
4.46014e-06
4.67158e-07
4.5676e-06
9.40152e-07
4.50958e-06
1.55137e-06
4.44704e-06
2.30007e-06
4.41587e-06
3.17553e-06
4.39184e-06
4.13054e-06
4.31213e-06
5.05897e-06
4.08299e-06
5.79335e-06
3.60375e-06
6.16484e-06
2.81557e-06
6.07142e-06
1.77456e-06
5.51098e-06
6.05831e-07
4.49255e-06
-5.50095e-07
3.18051e-06
-1.59812e-06
1.69416e-06
-2.76346e-06
9.55413e-08
-6.54431e-06
-6.288e-07
-1.62333e-05
-2.1985e-05
-2.87163e-07
2.18857e-06
-4.66419e-07
3.96525e-06
-2.56814e-07
4.25054e-06
2.03759e-07
4.10702e-06
7.99741e-07
3.9136e-06
1.49568e-06
3.7511e-06
2.28333e-06
3.62821e-06
3.15319e-06
3.52198e-06
4.06758e-06
3.39774e-06
4.95253e-06
3.19803e-06
5.67859e-06
2.87769e-06
6.1072e-06
2.38696e-06
6.11811e-06
1.76366e-06
5.67319e-06
1.05075e-06
4.78642e-06
3.36676e-07
3.62651e-06
-4.38216e-07
2.4082e-06
-1.54515e-06
1.23201e-06
-5.36812e-06
1.97058e-07
-1.51983e-05
-2.1788e-05
-3.62892e-07
2.55146e-06
-6.23133e-07
4.22549e-06
-4.96931e-07
4.12434e-06
-8.13431e-08
3.69144e-06
5.21442e-07
3.31081e-06
1.23464e-06
3.03791e-06
2.03e-06
2.83285e-06
2.89446e-06
2.65752e-06
3.78401e-06
2.50819e-06
4.64889e-06
2.33315e-06
5.38786e-06
2.13872e-06
5.91091e-06
1.86391e-06
6.11258e-06
1.56198e-06
5.9639e-06
1.19943e-06
5.45614e-06
8.44435e-07
4.76186e-06
2.56064e-07
4.1012e-06
-8.84483e-07
3.22372e-06
-4.49064e-06
1.54508e-06
-1.35197e-05
-2.02429e-05
-3.92527e-06
6.47673e-06
-3.64835e-06
3.94857e-06
-2.25118e-06
2.72718e-06
-8.30584e-07
2.27083e-06
4.96438e-07
1.98379e-06
1.78545e-06
1.7489e-06
3.04967e-06
1.56863e-06
4.29707e-06
1.41012e-06
5.50507e-06
1.30019e-06
6.6593e-06
1.17893e-06
7.70683e-06
1.09119e-06
8.6069e-06
9.63839e-07
9.28969e-06
8.79186e-07
9.74821e-06
7.40912e-07
9.98304e-06
6.09606e-07
9.97407e-06
2.6504e-07
9.77593e-06
-6.86349e-07
9.01871e-06
-3.73342e-06
5.19926e-06
-9.70026e-06
-1.50436e-05
6.47673e-06
1.04253e-05
1.31525e-05
1.54233e-05
1.74071e-05
1.9156e-05
2.07246e-05
2.21347e-05
2.34349e-05
2.46139e-05
2.57051e-05
2.66689e-05
2.75481e-05
2.8289e-05
2.88986e-05
2.91636e-05
2.84773e-05
2.47439e-05
1.50436e-05
)
;

boundaryField
{
    movingWall
    {
        type            calculated;
        value           uniform 0;
    }
    fixedWalls
    {
        type            calculated;
        value           uniform 0;
    }
    frontAndBack
    {
        type            empty;
        value           nonuniform List<scalar> 0();
    }
}


// ************************************************************************* //
