/*--------------------------------*- C++ -*----------------------------------*\
| =========                 |                                                 |
| \\      /  F ield         | OpenFOAM: The Open Source CFD Toolbox           |
|  \\    /   O peration     | Version:  2212                                  |
|   \\  /    A nd           | Website:  www.openfoam.com                      |
|    \\/     M anipulation  |                                                 |
\*---------------------------------------------------------------------------*/
FoamFile
{
    version     2.0;
    format      ascii;
    arch        "LSB;label=32;scalar=64";
    class       volVectorField;
    location    "3.32";
    object      U;
}
// * * * * * * * * * * * * * * * * * * * * * * * * * * * * * * * * * * * * * //

dimensions      [0 1 -1 0 0 0 0];

internalField   nonuniform List<vector> 
400
(
(0.00160943 -0.00162335 0)
(0.004609 -0.0018163 0)
(0.00623884 -0.00115902 0)
(0.00529442 -0.000547311 0)
(0.00124354 0.000208839 0)
(-0.00698806 0.00173044 0)
(-0.0204434 0.0046627 0)
(-0.0389192 0.00847012 0)
(-0.059732 0.0109931 0)
(-0.0777995 0.0103206 0)
(-0.0884777 0.00672644 0)
(-0.0893442 0.00173366 0)
(-0.0795041 -0.00346296 0)
(-0.0597495 -0.00807675 0)
(-0.0337607 -0.0106533 0)
(-0.00592408 -0.00966916 0)
(0.0158964 -0.00481822 0)
(0.0237435 0.00262993 0)
(0.0158233 0.00630492 0)
(0.00425014 0.00462205 0)
(0.00159313 -0.00480121 0)
(0.00281767 -0.00375481 0)
(-0.000847675 0.000691672 0)
(-0.0115895 0.0063687 0)
(-0.0312153 0.0137592 0)
(-0.0601917 0.0231851 0)
(-0.0950964 0.0322426 0)
(-0.129145 0.0363161 0)
(-0.156382 0.0330043 0)
(-0.173489 0.0232264 0)
(-0.179012 0.00925554 0)
(-0.172946 -0.00657753 0)
(-0.155864 -0.0225447 0)
(-0.128459 -0.0361762 0)
(-0.0929674 -0.0438532 0)
(-0.0521059 -0.0413291 0)
(-0.0117678 -0.0262287 0)
(0.0162534 -0.00160647 0)
(0.0174615 0.0157629 0)
(0.00546296 0.0145238 0)
(-0.000348299 -0.00529912 0)
(-0.00556105 0.00119134 0)
(-0.0195957 0.0141893 0)
(-0.0439225 0.0305653 0)
(-0.0788695 0.0482708 0)
(-0.119835 0.062882 0)
(-0.159348 0.0691957 0)
(-0.191917 0.0650258 0)
(-0.215356 0.0516425 0)
(-0.229036 0.0314679 0)
(-0.23294 0.00681888 0)
(-0.227695 -0.020282 0)
(-0.21361 -0.0476936 0)
(-0.19019 -0.0718465 0)
(-0.157159 -0.0876541 0)
(-0.114493 -0.0881339 0)
(-0.0639995 -0.0665121 0)
(-0.013949 -0.0229811 0)
(0.00926328 0.0172387 0)
(0.00414412 0.0231247 0)
(-0.00344881 0.000968768 0)
(-0.0172691 0.0173694 0)
(-0.0427355 0.0407404 0)
(-0.0780363 0.0666321 0)
(-0.120359 0.0891452 0)
(-0.162547 0.101838 0)
(-0.198231 0.101255 0)
(-0.225347 0.0885342 0)
(-0.244097 0.0667461 0)
(-0.255065 0.0385753 0)
(-0.259071 0.0058951 0)
(-0.256916 -0.0299723 0)
(-0.248545 -0.0668416 0)
(-0.232913 -0.101799 0)
(-0.208036 -0.129442 0)
(-0.171223 -0.141037 0)
(-0.119976 -0.124497 0)
(-0.0562839 -0.0705729 0)
(-0.00111403 0.00289418 0)
(0.00472708 0.0276974 0)
(-0.0065161 0.015025 0)
(-0.0280646 0.0436205 0)
(-0.061814 0.0754903 0)
(-0.102045 0.106518 0)
(-0.144078 0.12857 0)
(-0.180942 0.135822 0)
(-0.209079 0.127654 0)
(-0.228747 0.107487 0)
(-0.241205 0.0791501 0)
(-0.248154 0.0454326 0)
(-0.251296 0.00788195 0)
(-0.251591 -0.0327153 0)
(-0.248836 -0.0752441 0)
(-0.242438 -0.11841 0)
(-0.229606 -0.158306 0)
(-0.205715 -0.18654 0)
(-0.164776 -0.187872 0)
(-0.102188 -0.141637 0)
(-0.022035 -0.0390459 0)
(0.00725009 0.0265159 0)
(-0.00827352 0.0345686 0)
(-0.0342348 0.0753627 0)
(-0.0712297 0.112522 0)
(-0.110546 0.144612 0)
(-0.147245 0.162946 0)
(-0.175873 0.163342 0)
(-0.19528 0.147743 0)
(-0.206915 0.121102 0)
(-0.212736 0.0877726 0)
(-0.215226 0.050768 0)
(-0.216419 0.0115733 0)
(-0.217373 -0.0294213 0)
(-0.218313 -0.0727229 0)
(-0.219298 -0.11878 0)
(-0.218112 -0.166423 0)
(-0.209621 -0.210189 0)
(-0.185744 -0.235893 0)
(-0.137963 -0.216366 0)
(-0.0619404 -0.117904 0)
(0.00564226 0.0137955 0)
(-0.00803303 0.0560572 0)
(-0.0343203 0.10794 0)
(-0.069914 0.147348 0)
(-0.104447 0.177562 0)
(-0.133699 0.190465 0)
(-0.153963 0.183656 0)
(-0.165743 0.161132 0)
(-0.17108 0.12895 0)
(-0.172373 0.0919306 0)
(-0.172172 0.0531501 0)
(-0.172091 0.0138848 0)
(-0.172871 -0.0258484 0)
(-0.175086 -0.0672647 0)
(-0.179275 -0.111778 0)
(-0.184735 -0.16059 0)
(-0.18774 -0.21256 0)
(-0.180315 -0.258611 0)
(-0.15248 -0.272451 0)
(-0.0980106 -0.203918 0)
(-0.00879447 -0.0147994 0)
(-0.00592453 0.0760188 0)
(-0.0288822 0.137764 0)
(-0.0597193 0.177482 0)
(-0.0876306 0.204284 0)
(-0.109367 0.21124 0)
(-0.122777 0.197574 0)
(-0.129274 0.168966 0)
(-0.131119 0.132354 0)
(-0.130778 0.0928303 0)
(-0.130286 0.0532161 0)
(-0.13043 0.0142927 0)
(-0.131432 -0.0243493 0)
(-0.133786 -0.0638472 0)
(-0.138212 -0.105596 0)
(-0.145297 -0.151735 0)
(-0.15363 -0.204698 0)
(-0.157073 -0.262397 0)
(-0.145211 -0.305006 0)
(-0.110993 -0.274586 0)
(-0.0304521 -0.0745319 0)
(-0.00261551 0.0914976 0)
(-0.0197446 0.16223 0)
(-0.0438332 0.201384 0)
(-0.0645996 0.224202 0)
(-0.0796608 0.22564 0)
(-0.0880171 0.206342 0)
(-0.0914211 0.173163 0)
(-0.0919905 0.133596 0)
(-0.091857 0.092795 0)
(-0.0922856 0.0531446 0)
(-0.0933854 0.0147972 0)
(-0.0950728 -0.0230908 0)
(-0.0975493 -0.0614289 0)
(-0.101357 -0.101078 0)
(-0.10767 -0.143876 0)
(-0.117192 -0.193961 0)
(-0.1266 -0.255726 0)
(-0.125336 -0.31996 0)
(-0.106495 -0.331543 0)
(-0.0369019 -0.161226 0)
(0.00120279 0.100284 0)
(-0.00859404 0.179597 0)
(-0.0248344 0.218569 0)
(-0.0385302 0.2381 0)
(-0.0478523 0.235391 0)
(-0.0525939 0.212103 0)
(-0.0543494 0.175872 0)
(-0.0547681 0.13459 0)
(-0.0554091 0.0933682 0)
(-0.0568901 0.0540762 0)
(-0.0589996 0.0162965 0)
(-0.0615782 -0.0211073 0)
(-0.0646365 -0.0589061 0)
(-0.0683957 -0.0974754 0)
(-0.0738412 -0.137732 0)
(-0.0826033 -0.183629 0)
(-0.0946727 -0.243661 0)
(-0.0998972 -0.320522 0)
(-0.094564 -0.368832 0)
(-0.0307124 -0.239797 0)
(0.00494847 0.101342 0)
(0.00293028 0.188897 0)
(-0.00515592 0.228807 0)
(-0.0120876 0.245927 0)
(-0.0163687 0.240389 0)
(-0.0181509 0.214852 0)
(-0.01869 0.177296 0)
(-0.0190372 0.135617 0)
(-0.0201627 0.0946936 0)
(-0.022276 0.0560139 0)
(-0.0250688 0.0188757 0)
(-0.0284502 -0.0179522 0)
(-0.0324432 -0.055266 0)
(-0.0370302 -0.0932606 0)
(-0.0428021 -0.132048 0)
(-0.0511089 -0.174377 0)
(-0.0648257 -0.230361 0)
(-0.0739004 -0.313934 0)
(-0.0809098 -0.393135 0)
(-0.0228585 -0.30402 0)
(0.00811332 0.0950361 0)
(0.0137863 0.189801 0)
(0.0137271 0.23222 0)
(0.0133793 0.248595 0)
(0.0140373 0.24204 0)
(0.0152867 0.215997 0)
(0.0162124 0.178459 0)
(0.0163261 0.137161 0)
(0.0152177 0.09677 0)
(0.0129332 0.0587024 0)
(0.00977649 0.0222803 0)
(0.00574378 -0.0137132 0)
(0.000688096 -0.050175 0)
(-0.00528823 -0.0873317 0)
(-0.0125903 -0.124952 0)
(-0.0215255 -0.164336 0)
(-0.0373953 -0.215033 0)
(-0.048908 -0.300127 0)
(-0.0679502 -0.404957 0)
(-0.0144997 -0.356862 0)
(0.00983691 0.0825288 0)
(0.0225783 0.182373 0)
(0.0301018 0.228382 0)
(0.0359416 0.245125 0)
(0.0415483 0.238771 0)
(0.0464826 0.213654 0)
(0.0498995 0.17745 0)
(0.0515233 0.137516 0)
(0.0513002 0.0983181 0)
(0.0494549 0.0613275 0)
(0.0462766 0.0260577 0)
(0.0417126 -0.00863009 0)
(0.0355874 -0.0436909 0)
(0.0279714 -0.0794292 0)
(0.0181319 -0.115572 0)
(0.00705187 -0.15256 0)
(-0.0121917 -0.198579 0)
(-0.0249002 -0.282012 0)
(-0.0561697 -0.407576 0)
(-0.00626175 -0.398885 0)
(0.00935379 0.0660112 0)
(0.0278626 0.167033 0)
(0.0428243 0.21755 0)
(0.0551127 0.236428 0)
(0.0662255 0.231883 0)
(0.0757891 0.209154 0)
(0.0828985 0.175456 0)
(0.0872133 0.137646 0)
(0.0888051 0.100075 0)
(0.088003 0.0644184 0)
(0.0851616 0.030564 0)
(0.0801518 -0.0024939 0)
(0.0727941 -0.0354531 0)
(0.0633306 -0.0689599 0)
(0.050499 -0.102875 0)
(0.0359801 -0.137231 0)
(0.0119877 -0.178581 0)
(-0.00101999 -0.258896 0)
(-0.0453661 -0.403545 0)
(0.00255735 -0.433645 0)
(0.00654405 0.0490088 0)
(0.02804 0.146067 0)
(0.0491654 0.199425 0)
(0.0676148 0.219944 0)
(0.0847708 0.217354 0)
(0.100219 0.197784 0)
(0.112673 0.167815 0)
(0.121415 0.133514 0)
(0.126348 0.0989295 0)
(0.127755 0.0658408 0)
(0.125927 0.0345176 0)
(0.120994 0.00417426 0)
(0.112466 -0.025624 0)
(0.100987 -0.0557433 0)
(0.0844165 -0.0862922 0)
(0.0657655 -0.117977 0)
(0.0363882 -0.155628 0)
(0.0225075 -0.233107 0)
(-0.0351806 -0.396164 0)
(0.0131567 -0.462374 0)
(0.00223587 0.0349289 0)
(0.0224592 0.121998 0)
(0.048849 0.176509 0)
(0.073905 0.198886 0)
(0.0980432 0.198652 0)
(0.120493 0.182709 0)
(0.13958 0.157227 0)
(0.154063 0.127382 0)
(0.163511 0.0967916 0)
(0.168153 0.0672077 0)
(0.167972 0.0392391 0)
(0.163703 0.012485 0)
(0.154027 -0.0134361 0)
(0.14058 -0.0392683 0)
(0.119875 -0.0653853 0)
(0.096991 -0.0934119 0)
(0.0620015 -0.128247 0)
(0.0454786 -0.204127 0)
(-0.0236189 -0.385105 0)
(0.0280746 -0.484174 0)
(-0.00333379 0.029438 0)
(0.00920473 0.100645 0)
(0.0351632 0.146137 0)
(0.0661631 0.166138 0)
(0.0983247 0.167288 0)
(0.129406 0.155329 0)
(0.156853 0.135391 0)
(0.178925 0.11154 0)
(0.194592 0.0868243 0)
(0.204185 0.0627893 0)
(0.206949 0.0402064 0)
(0.204589 0.0189282 0)
(0.194542 -0.00137557 0)
(0.180237 -0.0212814 0)
(0.156096 -0.0412817 0)
(0.130278 -0.0645418 0)
(0.0898549 -0.0982373 0)
(0.0682931 -0.177291 0)
(-0.00527841 -0.368786 0)
(0.0517082 -0.49091 0)
(-0.0134318 0.0193433 0)
(-0.00751957 0.0882151 0)
(0.0179236 0.122885 0)
(0.0540441 0.135174 0)
(0.0941378 0.134471 0)
(0.133567 0.125388 0)
(0.169018 0.111037 0)
(0.19818 0.0936542 0)
(0.219593 0.0756319 0)
(0.234275 0.0579498 0)
(0.240178 0.0416066 0)
(0.241036 0.0264293 0)
(0.232031 0.0126494 0)
(0.220567 -0.000678782 0)
(0.19639 -0.0142452 0)
(0.173427 -0.0329174 0)
(0.130322 -0.0655918 0)
(0.106112 -0.144628 0)
(0.0366689 -0.325882 0)
(0.0920504 -0.45573 0)
(-0.105632 0.0830034 0)
(-0.07749 0.0693927 0)
(-0.0488587 0.0728142 0)
(0.00257353 0.0767868 0)
(0.0550361 0.0768668 0)
(0.106751 0.0725976 0)
(0.153048 0.0654228 0)
(0.194641 0.0562492 0)
(0.226255 0.0468629 0)
(0.254017 0.0374941 0)
(0.26967 0.0291519 0)
(0.284839 0.021451 0)
(0.285549 0.0149962 0)
(0.290092 0.00883164 0)
(0.274656 0.00210576 0)
(0.268281 -0.00900889 0)
(0.229891 -0.0346424 0)
(0.216963 -0.0949638 0)
(0.149921 -0.229692 0)
(0.170615 -0.341514 0)
(0.130199 0.103929 0)
(0.158813 0.075692 0)
(0.212925 0.0537255 0)
(0.271347 0.0419936 0)
(0.323536 0.0361342 0)
(0.375375 0.0320519 0)
(0.419348 0.0289619 0)
(0.464062 0.0256054 0)
(0.496709 0.0229438 0)
(0.531632 0.0197759 0)
(0.550937 0.0176555 0)
(0.576755 0.0147517 0)
(0.583077 0.0133548 0)
(0.601729 0.010568 0)
(0.593612 0.00963882 0)
(0.602634 0.00523392 0)
(0.567375 0.000293672 0)
(0.547768 -0.0181781 0)
(0.436173 -0.0503816 0)
(0.337004 -0.101412 0)
)
;

boundaryField
{
    movingWall
    {
        type            fixedValue;
        value           uniform (1 0 0);
    }
    fixedWalls
    {
        type            noSlip;
    }
    frontAndBack
    {
        type            empty;
    }
}


// ************************************************************************* //
