/*--------------------------------*- C++ -*----------------------------------*\
| =========                 |                                                 |
| \\      /  F ield         | OpenFOAM: The Open Source CFD Toolbox           |
|  \\    /   O peration     | Version:  2212                                  |
|   \\  /    A nd           | Website:  www.openfoam.com                      |
|    \\/     M anipulation  |                                                 |
\*---------------------------------------------------------------------------*/
FoamFile
{
    version     2.0;
    format      ascii;
    arch        "LSB;label=32;scalar=64";
    class       surfaceScalarField;
    location    "4.67";
    object      phi;
}
// * * * * * * * * * * * * * * * * * * * * * * * * * * * * * * * * * * * * * //

dimensions      [0 3 -1 0 0 0 0];

oriented        oriented;

internalField   nonuniform List<scalar> 
760
(
1.54857e-07
-1.54908e-07
2.91001e-07
-1.36143e-07
3.06741e-07
-1.57403e-08
1.80499e-07
1.26243e-07
-1.22647e-07
3.03146e-07
-6.66145e-07
5.43498e-07
-1.48184e-06
8.15697e-07
-2.48322e-06
1.00138e-06
-3.46951e-06
9.86297e-07
-4.20852e-06
7.39003e-07
-4.53335e-06
3.24834e-07
-4.34679e-06
-1.86564e-07
-3.59213e-06
-7.54654e-07
-2.38297e-06
-1.20916e-06
-9.4868e-07
-1.43429e-06
3.36685e-07
-1.28536e-06
1.08045e-06
-7.43764e-07
1.02766e-06
5.27848e-08
4.59151e-07
5.68511e-07
4.59151e-07
1.22952e-07
-2.7786e-07
7.08489e-08
-8.40399e-08
-3.00414e-07
3.55522e-07
-1.07958e-06
9.0541e-07
-2.31137e-06
1.53493e-06
-3.91584e-06
2.14798e-06
-5.64405e-06
2.54391e-06
-7.18417e-06
2.54149e-06
-8.312e-06
2.11413e-06
-8.91763e-06
1.34463e-06
-8.9539e-06
3.61106e-07
-8.39805e-06
-7.42422e-07
-7.28122e-06
-1.87148e-06
-5.63622e-06
-2.85416e-06
-3.60642e-06
-3.46409e-06
-1.49567e-06
-3.39611e-06
1.70577e-07
-2.41001e-06
8.52838e-07
-6.29475e-07
5.2332e-07
8.98031e-07
9.8247e-07
-1.2915e-07
-1.4871e-07
-6.35229e-07
4.2204e-07
-1.62294e-06
1.34323e-06
-3.13295e-06
2.41542e-06
-5.04051e-06
3.44249e-06
-7.0482e-06
4.15566e-06
-8.84204e-06
4.33774e-06
-1.02421e-05
3.94151e-06
-1.11964e-05
3.06842e-06
-1.16972e-05
1.8455e-06
-1.16934e-05
3.57258e-07
-1.12376e-05
-1.19815e-06
-1.03099e-05
-2.79918e-06
-8.85589e-06
-4.30822e-06
-6.85531e-06
-5.46467e-06
-4.39679e-06
-5.85463e-06
-1.87868e-06
-4.92812e-06
-8.92887e-08
-2.41887e-06
2.93512e-07
5.15231e-07
1.27598e-06
-4.9976e-07
3.5105e-07
-1.55599e-06
1.47827e-06
-3.10888e-06
2.89613e-06
-5.06186e-06
4.36839e-06
-7.15661e-06
5.53724e-06
-9.08692e-06
6.08598e-06
-1.0651e-05
5.90182e-06
-1.18059e-05
5.09646e-06
-1.25797e-05
3.8422e-06
-1.30072e-05
2.27296e-06
-1.30737e-05
4.23759e-07
-1.28369e-05
-1.43492e-06
-1.22587e-05
-3.37737e-06
-1.12371e-05
-5.3298e-06
-9.64104e-06
-7.06077e-06
-7.34571e-06
-8.14997e-06
-4.38933e-06
-7.88449e-06
-1.37734e-06
-5.43086e-06
1.19535e-07
-9.81649e-07
1.39552e-06
-8.58575e-07
1.20962e-06
-2.35187e-06
2.97157e-06
-4.21421e-06
4.75846e-06
-6.25208e-06
6.40627e-06
-8.18604e-06
7.4712e-06
-9.79407e-06
7.69401e-06
-1.09991e-05
7.10686e-06
-1.18274e-05
5.92475e-06
-1.23409e-05
4.35567e-06
-1.26125e-05
2.54464e-06
-1.27332e-05
5.44373e-07
-1.26902e-05
-1.4779e-06
-1.24742e-05
-3.59338e-06
-1.20057e-05
-5.79827e-06
-1.10981e-05
-7.96837e-06
-9.46339e-06
-9.78468e-06
-6.80286e-06
-1.0545e-05
-3.21543e-06
-9.01829e-06
-2.61986e-07
-3.93509e-06
1.13353e-06
-1.08134e-06
2.29096e-06
-2.77056e-06
4.66079e-06
-4.65504e-06
6.64295e-06
-6.50425e-06
8.25547e-06
-8.09482e-06
9.06177e-06
-9.29565e-06
8.89484e-06
-1.01021e-05
7.91329e-06
-1.0579e-05
6.40164e-06
-1.08168e-05
4.59351e-06
-1.0916e-05
2.6438e-06
-1.09982e-05
6.26562e-07
-1.10513e-05
-1.4248e-06
-1.10906e-05
-3.55405e-06
-1.10864e-05
-5.80243e-06
-1.08843e-05
-8.17047e-06
-1.01565e-05
-1.05125e-05
-8.40936e-06
-1.22922e-05
-5.22856e-06
-1.21991e-05
-1.15616e-06
-8.0075e-06
-2.26279e-08
-1.10419e-06
3.39515e-06
-2.74347e-06
6.30006e-06
-4.43275e-06
8.33223e-06
-5.96095e-06
9.78367e-06
-7.16834e-06
1.02692e-05
-7.99204e-06
9.71854e-06
-8.46907e-06
8.39032e-06
-8.68624e-06
6.6188e-06
-8.74748e-06
4.65476e-06
-8.75068e-06
2.647e-06
-8.77938e-06
6.55258e-07
-8.85278e-06
-1.3514e-06
-8.99054e-06
-3.41629e-06
-9.20361e-06
-5.58936e-06
-9.43422e-06
-7.93986e-06
-9.44965e-06
-1.0497e-05
-8.73027e-06
-1.30116e-05
-6.51997e-06
-1.44094e-05
-2.41645e-06
-1.2111e-05
-2.43908e-06
-9.29818e-07
4.32497e-06
-2.33399e-06
7.70424e-06
-3.71441e-06
9.71265e-06
-4.88772e-06
1.0957e-05
-5.75289e-06
1.11343e-05
-6.29243e-06
1.02581e-05
-6.56287e-06
8.66075e-06
-6.65515e-06
6.71108e-06
-6.66601e-06
4.66562e-06
-6.66947e-06
2.65045e-06
-6.70233e-06
6.8812e-07
-6.78211e-06
-1.27162e-06
-6.93006e-06
-3.26834e-06
-7.17656e-06
-5.34286e-06
-7.5379e-06
-7.57852e-06
-7.92137e-06
-1.01135e-05
-7.91539e-06
-1.30176e-05
-6.70234e-06
-1.56224e-05
-3.5761e-06
-1.52372e-05
-6.01518e-06
-6.20711e-07
4.94568e-06
-1.67771e-06
8.76123e-06
-2.70596e-06
1.07409e-05
-3.54069e-06
1.17917e-05
-4.1261e-06
1.17197e-05
-4.4718e-06
1.06038e-05
-4.63625e-06
8.8252e-06
-4.698e-06
6.77283e-06
-4.72999e-06
4.69762e-06
-4.77667e-06
2.69713e-06
-4.84864e-06
7.60086e-07
-4.95268e-06
-1.16758e-06
-5.09896e-06
-3.12205e-06
-5.31636e-06
-5.12546e-06
-5.65981e-06
-7.23507e-06
-6.14166e-06
-9.63171e-06
-6.54134e-06
-1.26179e-05
-6.11657e-06
-1.60472e-05
-3.91556e-06
-1.74383e-05
-9.93074e-06
-2.30444e-07
5.17613e-06
-8.87598e-07
9.41838e-06
-1.55601e-06
1.14093e-05
-2.08269e-06
1.23184e-05
-2.43959e-06
1.20766e-05
-2.65072e-06
1.08149e-05
-2.76413e-06
8.93861e-06
-2.83325e-06
6.84196e-06
-2.90326e-06
4.76762e-06
-2.99657e-06
2.79045e-06
-3.1161e-06
8.79609e-07
-3.26168e-06
-1.022e-06
-3.43372e-06
-2.95001e-06
-3.64485e-06
-4.91433e-06
-3.94652e-06
-6.9334e-06
-4.42052e-06
-9.15771e-06
-5.01211e-06
-1.20263e-05
-5.11676e-06
-1.59426e-05
-3.55374e-06
-1.90013e-05
-1.34845e-05
1.63366e-07
5.01276e-06
-6.86859e-08
9.65044e-06
-3.99963e-07
1.17406e-05
-6.49436e-07
1.25679e-05
-8.02762e-07
1.223e-05
-8.9094e-07
1.09031e-05
-9.53489e-07
9.00116e-06
-1.02244e-06
6.91091e-06
-1.11457e-06
4.85975e-06
-1.23761e-06
2.91349e-06
-1.39392e-06
1.03591e-06
-1.58565e-06
-8.30269e-07
-1.81164e-06
-2.72401e-06
-2.07025e-06
-4.65572e-06
-2.38972e-06
-6.61394e-06
-2.86311e-06
-8.68432e-06
-3.55341e-06
-1.1336e-05
-4.02215e-06
-1.54738e-05
-3.02366e-06
-1.99998e-05
-1.65081e-05
4.98987e-07
4.51377e-06
6.96363e-07
9.45306e-06
7.39495e-07
1.16975e-05
7.75225e-07
1.25321e-05
8.20431e-07
1.21848e-05
8.49565e-07
1.08739e-05
8.42673e-07
9.00805e-06
7.91419e-07
6.96217e-06
6.97223e-07
4.95394e-06
5.6208e-07
3.04864e-06
3.81284e-07
1.21671e-06
1.4862e-07
-5.97605e-07
-1.37945e-07
-2.43744e-06
-4.85029e-07
-4.30863e-06
-8.97591e-07
-6.20137e-06
-1.42125e-06
-8.16066e-06
-2.20326e-06
-1.0554e-05
-2.9551e-06
-1.4722e-05
-2.4616e-06
-2.04933e-05
-1.89697e-05
7.53262e-07
3.76051e-06
1.34914e-06
8.85718e-06
1.74089e-06
1.13057e-05
2.06968e-06
1.22034e-05
2.34236e-06
1.19121e-05
2.52835e-06
1.0688e-05
2.61911e-06
8.9173e-06
2.62539e-06
6.95589e-06
2.56168e-06
5.01766e-06
2.43548e-06
3.17483e-06
2.24002e-06
1.41218e-06
1.96132e-06
-3.18908e-07
1.59904e-06
-2.07516e-06
1.14812e-06
-3.85771e-06
6.03619e-07
-5.65688e-06
-8.70899e-08
-7.46995e-06
-9.61066e-07
-9.68e-06
-1.92425e-06
-1.37588e-05
-1.92764e-06
-2.04899e-05
-2.08974e-05
8.67172e-07
2.89334e-06
1.80366e-06
7.9207e-06
2.54348e-06
1.05659e-05
3.18303e-06
1.15638e-05
3.72953e-06
1.13656e-05
4.13936e-06
1.02781e-05
4.3963e-06
8.66036e-06
4.51438e-06
6.83781e-06
4.51714e-06
5.0149e-06
4.42041e-06
3.27156e-06
4.22265e-06
1.60994e-06
3.89427e-06
9.47762e-09
3.45128e-06
-1.63217e-06
2.8702e-06
-3.27663e-06
2.15114e-06
-4.93781e-06
1.31155e-06
-6.63037e-06
2.59665e-07
-8.62811e-06
-9.6506e-07
-1.25341e-05
-1.43049e-06
-2.00244e-05
-2.23279e-05
8.03079e-07
2.09026e-06
1.94688e-06
6.77689e-06
2.98686e-06
9.52591e-06
3.95823e-06
1.05924e-05
4.8336e-06
1.04902e-05
5.54669e-06
9.56504e-06
6.05809e-06
8.14896e-06
6.37082e-06
6.52508e-06
6.50634e-06
4.87938e-06
6.48358e-06
3.29432e-06
6.30188e-06
1.79163e-06
5.9567e-06
3.54666e-07
5.4187e-06
-1.09417e-06
4.69259e-06
-2.55053e-06
3.77039e-06
-4.01561e-06
2.68044e-06
-5.54042e-06
1.38081e-06
-7.32849e-06
-1.59785e-07
-1.09935e-05
-9.17097e-07
-1.92671e-05
-2.3245e-05
5.7513e-07
1.51513e-06
1.7529e-06
5.59912e-06
3.08805e-06
8.19076e-06
4.43633e-06
9.24415e-06
5.70033e-06
9.22621e-06
6.78134e-06
8.48402e-06
7.61381e-06
7.3165e-06
8.18509e-06
5.9538e-06
8.50803e-06
4.55645e-06
8.60013e-06
3.20222e-06
8.4685e-06
1.92325e-06
8.11094e-06
7.12232e-07
7.48386e-06
-4.67094e-07
6.60392e-06
-1.67058e-06
5.45813e-06
-2.86982e-06
4.08737e-06
-4.16966e-06
2.56169e-06
-5.8028e-06
9.49534e-07
-9.38134e-06
-1.4788e-07
-1.81697e-05
-2.33928e-05
1.50754e-07
1.36438e-06
1.03487e-06
4.715e-06
2.50864e-06
6.71699e-06
4.22739e-06
7.52541e-06
5.9465e-06
7.50709e-06
7.47858e-06
6.95194e-06
8.72091e-06
6.07417e-06
9.64382e-06
5.03089e-06
1.02427e-05
3.95761e-06
1.05296e-05
2.91525e-06
1.0511e-05
1.9419e-06
1.01927e-05
1.03053e-06
9.53098e-06
1.94622e-07
8.54436e-06
-6.83962e-07
7.22508e-06
-1.55053e-06
5.62397e-06
-2.56855e-06
3.90031e-06
-4.07913e-06
2.23394e-06
-7.71497e-06
6.5053e-07
-1.65863e-05
-2.27423e-05
-5.16292e-07
1.88067e-06
1.99031e-07
3.99968e-06
1.75096e-06
5.16507e-06
3.81064e-06
5.46572e-06
5.96253e-06
5.35521e-06
7.92075e-06
4.99372e-06
9.54876e-06
4.44616e-06
1.08054e-05
3.77428e-06
1.16732e-05
3.08977e-06
1.21691e-05
2.4193e-06
1.22974e-05
1.81367e-06
1.20781e-05
1.24982e-06
1.15337e-05
7.38964e-07
1.06374e-05
2.12392e-07
9.39315e-06
-3.0631e-07
7.87179e-06
-1.04719e-06
6.259e-06
-2.46635e-06
4.45218e-06
-5.90814e-06
2.05372e-06
-1.41879e-05
-2.06886e-05
-4.17831e-06
6.05898e-06
-3.64159e-06
3.46295e-06
-1.24902e-06
2.7725e-06
1.54612e-06
2.67059e-06
4.28219e-06
2.61914e-06
6.81342e-06
2.46249e-06
9.02717e-06
2.23241e-06
1.08636e-05
1.93785e-06
1.23048e-05
1.64861e-06
1.33779e-05
1.34619e-06
1.41002e-05
1.09137e-06
1.45163e-05
8.33741e-07
1.46144e-05
6.40826e-07
1.44045e-05
4.22264e-07
1.38791e-05
2.19116e-07
1.30535e-05
-2.21552e-07
1.19172e-05
-1.33008e-06
1.01102e-05
-4.10118e-06
5.63699e-06
-9.71461e-06
-1.50516e-05
6.05898e-06
9.52193e-06
1.22944e-05
1.4965e-05
1.75842e-05
2.00466e-05
2.22791e-05
2.42169e-05
2.58655e-05
2.72117e-05
2.83031e-05
2.91368e-05
2.97776e-05
3.01999e-05
3.0419e-05
3.01975e-05
2.88674e-05
2.47662e-05
1.50516e-05
)
;

boundaryField
{
    movingWall
    {
        type            calculated;
        value           uniform 0;
    }
    fixedWalls
    {
        type            calculated;
        value           uniform 0;
    }
    frontAndBack
    {
        type            empty;
        value           nonuniform List<scalar> 0();
    }
}


// ************************************************************************* //
