/*--------------------------------*- C++ -*----------------------------------*\
| =========                 |                                                 |
| \\      /  F ield         | OpenFOAM: The Open Source CFD Toolbox           |
|  \\    /   O peration     | Version:  2212                                  |
|   \\  /    A nd           | Website:  www.openfoam.com                      |
|    \\/     M anipulation  |                                                 |
\*---------------------------------------------------------------------------*/
FoamFile
{
    version     2.0;
    format      ascii;
    arch        "LSB;label=32;scalar=64";
    class       surfaceScalarField;
    location    "2.685";
    object      phi;
}
// * * * * * * * * * * * * * * * * * * * * * * * * * * * * * * * * * * * * * //

dimensions      [0 3 -1 0 0 0 0];

oriented        oriented;

internalField   nonuniform List<scalar> 
760
(
1.37808e-07
-1.37808e-07
2.55201e-07
-1.17393e-07
2.63459e-07
-8.25872e-09
1.40192e-07
1.23267e-07
-1.49258e-07
2.89449e-07
-6.626e-07
5.13342e-07
-1.42992e-06
7.67316e-07
-2.37654e-06
9.46626e-07
-3.31928e-06
9.42739e-07
-4.03833e-06
7.19051e-07
-4.36753e-06
3.29196e-07
-4.2115e-06
-1.56031e-07
-3.50586e-06
-7.05633e-07
-2.35617e-06
-1.14969e-06
-9.80759e-07
-1.37541e-06
2.61264e-07
-1.24202e-06
9.96752e-07
-7.35487e-07
9.70538e-07
2.62133e-08
4.3756e-07
5.32978e-07
4.37559e-07
9.60396e-08
-2.33848e-07
2.50726e-08
-4.64265e-08
-3.34655e-07
3.51469e-07
-1.07079e-06
8.59401e-07
-2.22947e-06
1.44813e-06
-3.74534e-06
2.02921e-06
-5.3959e-06
2.41788e-06
-6.88796e-06
2.43869e-06
-7.99727e-06
2.05204e-06
-8.6073e-06
1.32909e-06
-8.66759e-06
3.89485e-07
-8.15043e-06
-6.73195e-07
-7.08622e-06
-1.76984e-06
-5.50474e-06
-2.73117e-06
-3.54361e-06
-3.33654e-06
-1.49623e-06
-3.2894e-06
1.23032e-07
-2.35475e-06
8.02594e-07
-6.5335e-07
5.00478e-07
8.35094e-07
9.38037e-07
-1.43894e-07
-8.99547e-08
-6.37383e-07
4.47063e-07
-1.57324e-06
1.28732e-06
-2.99563e-06
2.28179e-06
-4.80373e-06
3.25623e-06
-6.73071e-06
3.95619e-06
-8.47619e-06
4.16335e-06
-9.85414e-06
3.81665e-06
-1.08027e-05
3.00065e-06
-1.13098e-05
1.83614e-06
-1.13305e-05
4.10135e-07
-1.09019e-05
-1.10171e-06
-1.00122e-05
-2.65957e-06
-8.60833e-06
-4.13504e-06
-6.66938e-06
-5.2755e-06
-4.28356e-06
-5.67523e-06
-1.83705e-06
-4.80126e-06
-9.72132e-08
-2.39319e-06
2.85847e-07
4.52033e-07
1.22388e-06
-4.80618e-07
3.90664e-07
-1.48541e-06
1.45186e-06
-2.95216e-06
2.75407e-06
-4.80656e-06
4.13619e-06
-6.81933e-06
5.269e-06
-8.70048e-06
5.83734e-06
-1.02442e-05
5.7071e-06
-1.13938e-05
4.96618e-06
-1.21705e-05
3.77737e-06
-1.26067e-05
2.2724e-06
-1.26913e-05
4.94654e-07
-1.24726e-05
-1.32034e-06
-1.19199e-05
-3.21226e-06
-1.09326e-05
-5.12241e-06
-9.38151e-06
-6.82656e-06
-7.14494e-06
-7.9118e-06
-4.26547e-06
-7.68072e-06
-1.34282e-06
-5.31584e-06
1.15018e-07
-1.00581e-06
1.3389e-06
-8.087e-07
1.19936e-06
-2.21851e-06
2.86167e-06
-3.98515e-06
4.52071e-06
-5.94032e-06
6.09135e-06
-7.82348e-06
7.15217e-06
-9.41182e-06
7.42568e-06
-1.06154e-05
6.91064e-06
-1.14499e-05
5.80072e-06
-1.19728e-05
4.30032e-06
-1.22552e-05
2.55471e-06
-1.23819e-05
6.21425e-07
-1.23518e-05
-1.35045e-06
-1.21526e-05
-3.41154e-06
-1.17039e-05
-5.57107e-06
-1.08212e-05
-7.70926e-06
-9.22126e-06
-9.51173e-06
-6.6183e-06
-1.02837e-05
-3.12188e-06
-8.81226e-06
-2.57851e-07
-3.86983e-06
1.08105e-06
-1.01063e-06
2.20999e-06
-2.60716e-06
4.45819e-06
-4.40625e-06
6.31981e-06
-6.1971e-06
7.8822e-06
-7.76191e-06
8.71698e-06
-8.96056e-06
8.62433e-06
-9.77441e-06
7.72449e-06
-1.02602e-05
6.28653e-06
-1.05048e-05
4.54492e-06
-1.0608e-05
2.65788e-06
-1.06895e-05
7.0298e-07
-1.07518e-05
-1.28817e-06
-1.0804e-05
-3.35939e-06
-1.08159e-05
-5.55917e-06
-1.06311e-05
-7.894e-06
-9.92161e-06
-1.02212e-05
-8.20233e-06
-1.2003e-05
-5.0798e-06
-1.19348e-05
-1.12183e-06
-7.8278e-06
-4.07747e-08
-1.02952e-06
3.23951e-06
-2.58312e-06
6.01179e-06
-4.20617e-06
7.94286e-06
-5.6953e-06
9.37133e-06
-6.89091e-06
9.91259e-06
-7.71835e-06
9.45177e-06
-8.20192e-06
8.20806e-06
-8.42172e-06
6.50633e-06
-8.47959e-06
4.60279e-06
-8.47553e-06
2.65382e-06
-8.49758e-06
7.25031e-07
-8.57302e-06
-1.21273e-06
-8.72146e-06
-3.21096e-06
-8.95431e-06
-5.32632e-06
-9.20953e-06
-7.63878e-06
-9.24679e-06
-1.0184e-05
-8.54383e-06
-1.27059e-05
-6.36311e-06
-1.41155e-05
-2.34258e-06
-1.18483e-05
-2.38335e-06
-8.66829e-07
4.10634e-06
-2.20113e-06
7.3461e-06
-3.53286e-06
9.27459e-06
-4.68078e-06
1.05192e-05
-5.53986e-06
1.07717e-05
-6.08204e-06
9.99395e-06
-6.35393e-06
8.47995e-06
-6.44159e-06
6.59399e-06
-6.44173e-06
4.60293e-06
-6.43202e-06
2.64411e-06
-6.45421e-06
7.47225e-07
-6.52876e-06
-1.13819e-06
-6.6805e-06
-3.05922e-06
-6.94365e-06
-5.06317e-06
-7.3343e-06
-7.24813e-06
-7.7513e-06
-9.76697e-06
-7.76994e-06
-1.26873e-05
-6.57312e-06
-1.53123e-05
-3.47236e-06
-1.49491e-05
-5.85571e-06
-5.78289e-07
4.68463e-06
-1.58464e-06
8.35245e-06
-2.5794e-06
1.02694e-05
-3.39736e-06
1.13372e-05
-3.97839e-06
1.13527e-05
-4.32441e-06
1.034e-05
-4.48739e-06
8.64292e-06
-4.54302e-06
6.64962e-06
-4.56512e-06
4.62503e-06
-4.60087e-06
2.67986e-06
-4.66246e-06
8.08817e-07
-4.75689e-06
-1.04376e-06
-4.89775e-06
-2.91836e-06
-5.1197e-06
-4.84121e-06
-5.48439e-06
-6.88344e-06
-6.0022e-06
-9.24917e-06
-6.43432e-06
-1.22552e-05
-6.02402e-06
-1.57226e-05
-3.84162e-06
-1.71315e-05
-9.69733e-06
-2.14732e-07
4.89936e-06
-8.40922e-07
8.97864e-06
-1.48871e-06
1.09171e-05
-2.00501e-06
1.18535e-05
-2.35828e-06
1.1706e-05
-2.56821e-06
1.05499e-05
-2.68005e-06
8.75475e-06
-2.7461e-06
6.71566e-06
-2.81172e-06
4.69065e-06
-2.89985e-06
2.76799e-06
-3.01216e-06
9.2113e-07
-3.14683e-06
-9.09088e-07
-3.30583e-06
-2.75936e-06
-3.50753e-06
-4.63952e-06
-3.81466e-06
-6.5763e-06
-4.31569e-06
-8.74814e-06
-4.94214e-06
-1.16287e-05
-5.06504e-06
-1.55997e-05
-3.51486e-06
-1.86817e-05
-1.32122e-05
1.51424e-07
4.74794e-06
-6.8243e-08
9.1983e-06
-3.89065e-07
1.1238e-05
-6.33777e-07
1.20982e-05
-7.85338e-07
1.18575e-05
-8.72939e-07
1.06375e-05
-9.35726e-07
8.81754e-06
-1.00599e-06
6.78593e-06
-1.09971e-06
4.78438e-06
-1.22299e-06
2.89127e-06
-1.37537e-06
1.0735e-06
-1.55696e-06
-7.27491e-07
-1.76621e-06
-2.55011e-06
-2.00619e-06
-4.39953e-06
-2.3144e-06
-6.26809e-06
-2.79884e-06
-8.26371e-06
-3.51712e-06
-1.09104e-05
-4.00244e-06
-1.51144e-05
-3.00825e-06
-1.96759e-05
-1.62204e-05
4.60413e-07
4.28753e-06
6.45378e-07
9.01334e-06
6.85732e-07
1.11976e-05
7.21768e-07
1.20622e-05
7.69394e-07
1.18099e-05
8.00714e-07
1.06062e-05
7.93305e-07
8.82495e-06
7.38647e-07
6.84059e-06
6.39683e-07
4.88334e-06
5.0191e-07
3.02905e-06
3.23753e-07
1.25166e-06
1.00825e-07
-5.04563e-07
-1.70901e-07
-2.27839e-06
-4.96667e-07
-4.07377e-06
-8.88694e-07
-5.87607e-06
-1.40712e-06
-7.74528e-06
-2.20462e-06
-1.01129e-05
-2.96734e-06
-1.43517e-05
-2.46834e-06
-2.01749e-05
-1.86888e-05
6.90368e-07
3.59716e-06
1.25077e-06
8.45294e-06
1.62635e-06
1.0822e-05
1.94976e-06
1.17388e-05
2.2251e-06
1.15346e-05
2.41513e-06
1.04162e-05
2.50618e-06
8.73391e-06
2.50842e-06
6.83834e-06
2.43903e-06
4.95273e-06
2.30937e-06
3.1587e-06
2.11618e-06
1.44486e-06
1.846e-06
-2.34385e-07
1.49841e-06
-1.93081e-06
1.06775e-06
-3.6431e-06
5.47313e-07
-5.35563e-06
-1.24751e-07
-7.07322e-06
-1.00272e-06
-9.23495e-06
-1.97009e-06
-1.33843e-05
-1.94959e-06
-2.01954e-05
-2.06384e-05
7.89865e-07
2.80729e-06
1.66642e-06
7.57639e-06
2.37285e-06
1.01156e-05
2.99736e-06
1.11143e-05
3.54119e-06
1.09907e-05
3.95384e-06
1.00035e-05
4.21256e-06
8.47519e-06
4.32922e-06
6.72168e-06
4.32904e-06
4.9529e-06
4.23053e-06
3.25722e-06
4.03385e-06
1.64154e-06
3.71822e-06
8.12424e-08
3.28669e-06
-1.49927e-06
2.72435e-06
-3.08076e-06
2.0301e-06
-4.66138e-06
1.21599e-06
-6.25911e-06
1.80545e-07
-8.1995e-06
-1.03588e-06
-1.21679e-05
-1.46442e-06
-1.97668e-05
-2.21028e-05
7.26389e-07
2.0809e-06
1.78696e-06
6.51582e-06
2.7742e-06
9.12836e-06
3.71633e-06
1.01721e-05
4.57886e-06
1.01282e-05
5.28939e-06
9.29299e-06
5.80158e-06
7.963e-06
6.1144e-06
6.40886e-06
6.24935e-06
4.81795e-06
6.22744e-06
3.27913e-06
6.05106e-06
1.81791e-06
5.71093e-06
4.21375e-07
5.18657e-06
-9.74908e-07
4.47921e-06
-2.3734e-06
3.58348e-06
-3.76565e-06
2.53007e-06
-5.20569e-06
1.26676e-06
-6.9362e-06
-2.27017e-07
-1.06741e-05
-9.67231e-07
-1.90266e-05
-2.307e-05
5.15019e-07
1.56589e-06
1.5942e-06
5.43663e-06
2.85205e-06
7.87051e-06
4.14422e-06
8.87995e-06
5.37447e-06
8.89795e-06
6.43944e-06
8.22802e-06
7.26629e-06
7.13614e-06
7.83634e-06
5.83881e-06
8.1601e-06
4.49419e-06
8.25549e-06
3.18375e-06
8.12986e-06
1.94354e-06
7.78234e-06
7.68901e-07
7.17052e-06
-3.63095e-07
6.313e-06
-1.51588e-06
5.19965e-06
-2.6523e-06
3.87821e-06
-3.88425e-06
2.40334e-06
-5.46133e-06
8.24843e-07
-9.09563e-06
-2.07362e-07
-1.79944e-05
-2.32774e-05
1.14882e-07
1.451e-06
9.00997e-07
4.65052e-06
2.28016e-06
6.49135e-06
3.91649e-06
7.24362e-06
5.57571e-06
7.23873e-06
7.07127e-06
6.73246e-06
8.29346e-06
5.91396e-06
9.20613e-06
4.92614e-06
9.80025e-06
3.90007e-06
1.00876e-05
2.89639e-06
1.00724e-05
1.9587e-06
9.7619e-06
1.07945e-06
9.12489e-06
2.73912e-07
8.16345e-06
-5.54445e-07
6.88847e-06
-1.37731e-06
5.35145e-06
-2.34723e-06
3.70866e-06
-3.81854e-06
2.11507e-06
-7.50204e-06
6.03652e-07
-1.6483e-05
-2.26737e-05
-4.93167e-07
1.94417e-06
1.37084e-07
4.02027e-06
1.56352e-06
5.06491e-06
3.5001e-06
5.30704e-06
5.55328e-06
5.18555e-06
7.44332e-06
4.84242e-06
9.02732e-06
4.32996e-06
1.02583e-05
3.69513e-06
1.11126e-05
3.04584e-06
1.16058e-05
2.40311e-06
1.17414e-05
1.82318e-06
1.15405e-05
1.28028e-06
1.10177e-05
7.96695e-07
1.01635e-05
2.99798e-07
8.98727e-06
-2.01097e-07
7.55003e-06
-9.09991e-07
6.04289e-06
-2.31141e-06
4.33197e-06
-5.79111e-06
2.00315e-06
-1.41542e-05
-2.06706e-05
-4.15559e-06
6.09976e-06
-3.64593e-06
3.51061e-06
-1.3442e-06
2.76317e-06
1.33736e-06
2.62548e-06
3.96704e-06
2.55588e-06
6.41169e-06
2.39777e-06
8.56387e-06
2.17778e-06
1.03621e-05
1.89692e-06
1.17848e-05
1.62312e-06
1.28545e-05
1.3334e-06
1.3586e-05
1.09173e-06
1.40217e-05
8.44595e-07
1.41541e-05
6.64286e-07
1.40005e-05
4.53325e-07
1.35396e-05
2.59817e-07
1.27865e-05
-1.56917e-07
1.17508e-05
-1.27568e-06
1.00368e-05
-4.0771e-06
5.60663e-06
-9.724e-06
-1.50639e-05
6.09976e-06
9.61037e-06
1.23735e-05
1.4999e-05
1.75549e-05
1.99527e-05
2.21304e-05
2.40274e-05
2.56505e-05
2.69839e-05
2.80756e-05
2.89202e-05
2.95845e-05
3.00378e-05
3.02976e-05
3.01407e-05
2.8865e-05
2.47879e-05
1.50639e-05
)
;

boundaryField
{
    movingWall
    {
        type            calculated;
        value           uniform 0;
    }
    fixedWalls
    {
        type            calculated;
        value           uniform 0;
    }
    frontAndBack
    {
        type            empty;
        value           nonuniform List<scalar> 0();
    }
}


// ************************************************************************* //
