/*--------------------------------*- C++ -*----------------------------------*\
| =========                 |                                                 |
| \\      /  F ield         | OpenFOAM: The Open Source CFD Toolbox           |
|  \\    /   O peration     | Version:  2212                                  |
|   \\  /    A nd           | Website:  www.openfoam.com                      |
|    \\/     M anipulation  |                                                 |
\*---------------------------------------------------------------------------*/
FoamFile
{
    version     2.0;
    format      ascii;
    arch        "LSB;label=32;scalar=64";
    class       volVectorField;
    location    "2.685";
    object      U;
}
// * * * * * * * * * * * * * * * * * * * * * * * * * * * * * * * * * * * * * //

dimensions      [0 1 -1 0 0 0 0];

internalField   nonuniform List<vector> 
400
(
(0.00149478 -0.00152618 0)
(0.00425007 -0.00169541 0)
(0.00569476 -0.00109269 0)
(0.00471874 -0.000501121 0)
(0.00077104 0.000247744 0)
(-0.0071723 0.00170756 0)
(-0.0201008 0.00445049 0)
(-0.0378421 0.00802523 0)
(-0.057909 0.0104824 0)
(-0.0755158 0.00996667 0)
(-0.0861296 0.00659566 0)
(-0.0872645 0.00178421 0)
(-0.0779739 -0.00326294 0)
(-0.0589233 -0.00778353 0)
(-0.0336879 -0.0103352 0)
(-0.0065293 -0.00942618 0)
(0.0148602 -0.00480217 0)
(0.0227201 0.00245235 0)
(0.0152863 0.00606299 0)
(0.00414335 0.00447356 0)
(0.0014014 -0.00439153 0)
(0.00231165 -0.00333719 0)
(-0.00144031 0.000823924 0)
(-0.0118514 0.00621262 0)
(-0.0306807 0.0132525 0)
(-0.0584628 0.0222176 0)
(-0.092143 0.0309368 0)
(-0.12534 0.0350889 0)
(-0.152173 0.0321801 0)
(-0.169243 0.0229092 0)
(-0.17502 0.00941823 0)
(-0.169392 -0.00600933 0)
(-0.152924 -0.0216289 0)
(-0.126238 -0.0350462 0)
(-0.0915435 -0.0426866 0)
(-0.0515356 -0.0403896 0)
(-0.0119807 -0.0258456 0)
(0.0154799 -0.00193397 0)
(0.0168973 0.0151316 0)
(0.0053484 0.0140829 0)
(-0.000492738 -0.00458989 0)
(-0.00575124 0.00171244 0)
(-0.0194 0.0139 0)
(-0.0427754 0.0294019 0)
(-0.0763369 0.0463749 0)
(-0.115996 0.0606619 0)
(-0.154666 0.0671782 0)
(-0.186829 0.063562 0)
(-0.210153 0.0508566 0)
(-0.22393 0.0313738 0)
(-0.228086 0.00738378 0)
(-0.223182 -0.0191067 0)
(-0.209518 -0.0459951 0)
(-0.186625 -0.0697899 0)
(-0.154226 -0.0854981 0)
(-0.112337 -0.0862552 0)
(-0.0628177 -0.0653995 0)
(-0.013852 -0.0231149 0)
(0.00903193 0.0163806 0)
(0.00413687 0.0224827 0)
(-0.00337727 0.00165218 0)
(-0.0167727 0.0173936 0)
(-0.0413455 0.0393891 0)
(-0.0753271 0.0641215 0)
(-0.116311 0.086078 0)
(-0.157638 0.0989093 0)
(-0.192974 0.0989494 0)
(-0.220006 0.0870132 0)
(-0.238825 0.0660296 0)
(-0.249958 0.0386394 0)
(-0.254178 0.00671709 0)
(-0.252262 -0.028415 0)
(-0.244169 -0.0646475 0)
(-0.228864 -0.0990911 0)
(-0.2044 -0.126456 0)
(-0.168138 -0.138143 0)
(-0.117715 -0.12227 0)
(-0.0551893 -0.0697142 0)
(-0.00116227 0.00217406 0)
(0.00471252 0.0269837 0)
(-0.00626225 0.0152192 0)
(-0.0269659 0.0426483 0)
(-0.0594843 0.0728893 0)
(-0.0984148 0.102874 0)
(-0.139508 0.124772 0)
(-0.17603 0.132575 0)
(-0.204183 0.125275 0)
(-0.223997 0.106004 0)
(-0.236663 0.0785241 0)
(-0.243806 0.0456053 0)
(-0.247111 0.0088183 0)
(-0.247549 -0.0310594 0)
(-0.24497 -0.0729431 0)
(-0.23872 -0.115527 0)
(-0.226076 -0.154985 0)
(-0.202456 -0.183032 0)
(-0.162006 -0.184635 0)
(-0.100288 -0.139422 0)
(-0.021624 -0.0388825 0)
(0.00709857 0.0258415 0)
(-0.00791219 0.0339165 0)
(-0.0328144 0.0732308 0)
(-0.0685154 0.108806 0)
(-0.106783 0.140164 0)
(-0.142979 0.158758 0)
(-0.17163 0.160021 0)
(-0.191251 0.145436 0)
(-0.203135 0.11974 0)
(-0.20918 0.0872669 0)
(-0.211807 0.051033 0)
(-0.213088 0.012556 0)
(-0.214121 -0.0277812 0)
(-0.215168 -0.0704612 0)
(-0.21624 -0.115959 0)
(-0.215153 -0.163144 0)
(-0.206776 -0.206599 0)
(-0.1831 -0.232221 0)
(-0.135739 -0.213085 0)
(-0.0605695 -0.116007 0)
(0.00544156 0.0133956 0)
(-0.0076778 0.0544794 0)
(-0.0329006 0.104716 0)
(-0.0673174 0.142761 0)
(-0.101104 0.172604 0)
(-0.130176 0.186128 0)
(-0.150644 0.180413 0)
(-0.162683 0.158982 0)
(-0.168244 0.127747 0)
(-0.169662 0.0915488 0)
(-0.169481 0.0535029 0)
(-0.169384 0.0149359 0)
(-0.170158 -0.0241249 0)
(-0.172406 -0.0648819 0)
(-0.176686 -0.10883 0)
(-0.182295 -0.157233 0)
(-0.185465 -0.208974 0)
(-0.178185 -0.254918 0)
(-0.150511 -0.268797 0)
(-0.0962785 -0.200948 0)
(-0.00854808 -0.0147858 0)
(-0.00567218 0.0735964 0)
(-0.0277191 0.133617 0)
(-0.0575877 0.172247 0)
(-0.0850098 0.198999 0)
(-0.106753 0.206865 0)
(-0.120408 0.194456 0)
(-0.127129 0.166976 0)
(-0.129125 0.131274 0)
(-0.12882 0.0925059 0)
(-0.128288 0.0535735 0)
(-0.12837 0.0153284 0)
(-0.129299 -0.0226125 0)
(-0.131586 -0.0613874 0)
(-0.13602 -0.102469 0)
(-0.143235 -0.148118 0)
(-0.151801 -0.200877 0)
(-0.155475 -0.258594 0)
(-0.143802 -0.301226 0)
(-0.109653 -0.271099 0)
(-0.0297813 -0.0731907 0)
(-0.0025174 0.0884177 0)
(-0.0189708 0.157349 0)
(-0.0423311 0.195681 0)
(-0.0628005 0.218728 0)
(-0.077953 0.221301 0)
(-0.0865379 0.203363 0)
(-0.0901237 0.171309 0)
(-0.0908085 0.132593 0)
(-0.090706 0.0924744 0)
(-0.0911315 0.053444 0)
(-0.0922007 0.0157282 0)
(-0.093797 -0.0214914 0)
(-0.0961236 -0.0591077 0)
(-0.099795 -0.0979974 0)
(-0.106089 -0.14013 0)
(-0.115782 -0.189876 0)
(-0.125454 -0.251719 0)
(-0.124461 -0.316087 0)
(-0.1056 -0.327624 0)
(-0.0364448 -0.158328 0)
(0.00111982 0.0968375 0)
(-0.00827999 0.174222 0)
(-0.0240418 0.212572 0)
(-0.0375833 0.232516 0)
(-0.0470193 0.231077 0)
(-0.0519431 0.209214 0)
(-0.0538477 0.174116 0)
(-0.0543816 0.13366 0)
(-0.0550958 0.0930816 0)
(-0.0566418 0.0543656 0)
(-0.0587754 0.017151 0)
(-0.0612788 -0.0196753 0)
(-0.0641423 -0.0568307 0)
(-0.0676441 -0.0946201 0)
(-0.0728912 -0.134038 0)
(-0.0816668 -0.179346 0)
(-0.0939498 -0.2394 0)
(-0.0995297 -0.316619 0)
(-0.0941206 -0.36498 0)
(-0.0305752 -0.236505 0)
(0.00467173 0.0978574 0)
(0.00276875 0.183246 0)
(-0.00507135 0.222631 0)
(-0.0119473 0.240293 0)
(-0.0163271 0.236125 0)
(-0.0182373 0.212073 0)
(-0.0189008 0.175672 0)
(-0.0193746 0.134816 0)
(-0.0206108 0.094514 0)
(-0.0228295 0.0563657 0)
(-0.025676 0.019705 0)
(-0.0290029 -0.0166709 0)
(-0.0327976 -0.0534751 0)
(-0.037085 -0.0907573 0)
(-0.0425447 -0.128617 0)
(-0.0506989 -0.170071 0)
(-0.0644893 -0.225843 0)
(-0.0739283 -0.309856 0)
(-0.0807717 -0.389213 0)
(-0.0228472 -0.300527 0)
(0.00763311 0.0918582 0)
(0.0131484 0.184138 0)
(0.0131242 0.226013 0)
(0.0127372 0.24297 0)
(0.0133114 0.237803 0)
(0.0144914 0.213264 0)
(0.0153387 0.176913 0)
(0.0153472 0.136468 0)
(0.0141395 0.0967101 0)
(0.0117714 0.0591463 0)
(0.00858135 0.0231309 0)
(0.00459912 -0.0125173 0)
(-0.000278545 -0.0485898 0)
(-0.00598713 -0.0851564 0)
(-0.0129681 -0.121859 0)
(-0.0216697 -0.160175 0)
(-0.0374776 -0.210406 0)
(-0.0493276 -0.296025 0)
(-0.068096 -0.401216 0)
(-0.0146003 -0.353428 0)
(0.00919615 0.0800022 0)
(0.0214921 0.176975 0)
(0.0288683 0.222261 0)
(0.0345939 0.239533 0)
(0.0401252 0.234549 0)
(0.0450385 0.210961 0)
(0.0484345 0.175995 0)
(0.0500063 0.136953 0)
(0.0497302 0.0983951 0)
(0.0478544 0.0618712 0)
(0.0446934 0.0269363 0)
(0.0402089 -0.00750552 0)
(0.0342365 -0.0422596 0)
(0.0268092 -0.0775017 0)
(0.0172344 -0.112782 0)
(0.00638537 -0.148596 0)
(-0.0126896 -0.193881 0)
(-0.0256447 -0.277816 0)
(-0.0565185 -0.403947 0)
(-0.00642267 -0.395648 0)
(0.00869072 0.0644179 0)
(0.0264183 0.162237 0)
(0.0410125 0.211723 0)
(0.0530754 0.230947 0)
(0.0640736 0.227642 0)
(0.0736289 0.206393 0)
(0.0807689 0.173954 0)
(0.0851079 0.137072 0)
(0.0867292 0.100157 0)
(0.0859796 0.0649557 0)
(0.0832158 0.0314073 0)
(0.0783344 -0.00141847 0)
(0.0711306 -0.0341268 0)
(0.0617845 -0.0672018 0)
(0.0491379 -0.100332 0)
(0.0347827 -0.133525 0)
(0.011004 -0.173989 0)
(-0.0020614 -0.254763 0)
(-0.0458961 -0.400153 0)
(0.00232879 -0.430767 0)
(0.00605548 0.0484421 0)
(0.026415 0.142159 0)
(0.0469022 0.194055 0)
(0.0649955 0.214639 0)
(0.0819643 0.213121 0)
(0.0973664 0.194961 0)
(0.109857 0.166257 0)
(0.118668 0.132913 0)
(0.123692 0.0989968 0)
(0.125214 0.0663533 0)
(0.12353 0.0353141 0)
(0.118742 0.00518817 0)
(0.11035 -0.0243885 0)
(0.0989487 -0.0541133 0)
(0.082525 -0.0839495 0)
(0.0639711 -0.114546 0)
(0.0348441 -0.15124 0)
(0.0212988 -0.229106 0)
(-0.0358536 -0.393077 0)
(0.0128296 -0.460021 0)
(0.00203477 0.0352262 0)
(0.0209692 0.119285 0)
(0.0463217 0.171971 0)
(0.070756 0.194026 0)
(0.0945202 0.194536 0)
(0.116775 0.179782 0)
(0.135815 0.155458 0)
(0.15035 0.126541 0)
(0.159918 0.0966159 0)
(0.164715 0.0674852 0)
(0.164729 0.0398143 0)
(0.16063 0.0132846 0)
(0.151134 -0.0123983 0)
(0.137767 -0.0378258 0)
(0.117226 -0.0632798 0)
(0.0944467 -0.0903699 0)
(0.0597804 -0.124297 0)
(0.0440774 -0.200649 0)
(-0.0244901 -0.382786 0)
(0.027611 -0.482476 0)
(-0.00322798 0.030391 0)
(0.008053 0.0991721 0)
(0.0327287 0.142528 0)
(0.0628447 0.161922 0)
(0.0943798 0.163531 0)
(0.125021 0.152518 0)
(0.152224 0.133584 0)
(0.174211 0.110589 0)
(0.189925 0.0865206 0)
(0.199609 0.0629392 0)
(0.202557 0.0406774 0)
(0.200313 0.01964 0)
(0.19049 -0.000385515 0)
(0.176299 -0.0199437 0)
(0.152413 -0.0394152 0)
(0.126833 -0.0620073 0)
(0.0869909 -0.0949673 0)
(0.0667013 -0.174297 0)
(-0.00623522 -0.367227 0)
(0.051227 -0.489916 0)
(-0.012693 0.0203482 0)
(-0.00767693 0.0880047 0)
(0.0160222 0.120877 0)
(0.0508235 0.132262 0)
(0.0898001 0.131523 0)
(0.128356 0.122928 0)
(0.163238 0.109245 0)
(0.192064 0.0925017 0)
(0.213398 0.0750189 0)
(0.228066 0.0577468 0)
(0.23416 0.0417445 0)
(0.235149 0.0268322 0)
(0.226484 0.0133653 0)
(0.215203 0.000322412 0)
(0.191527 -0.0128018 0)
(0.169142 -0.0310791 0)
(0.126936 -0.0633585 0)
(0.104125 -0.143026 0)
(0.0356986 -0.325501 0)
(0.0916871 -0.455436 0)
(-0.105198 0.0837116 0)
(-0.0773607 0.0696715 0)
(-0.0496016 0.0717809 0)
(0.000595461 0.0751183 0)
(0.0517703 0.0750276 0)
(0.102362 0.070947 0)
(0.147853 0.0641309 0)
(0.188868 0.0553348 0)
(0.220266 0.0463082 0)
(0.247922 0.0372246 0)
(0.263756 0.0291478 0)
(0.279087 0.0216422 0)
(0.280216 0.0154117 0)
(0.285092 0.00941758 0)
(0.270369 0.00295536 0)
(0.264573 -0.00805934 0)
(0.226952 -0.0336348 0)
(0.215298 -0.0943675 0)
(0.149394 -0.229604 0)
(0.170515 -0.341504 0)
(0.130501 0.104239 0)
(0.15947 0.0763543 0)
(0.213871 0.0543765 0)
(0.272065 0.0424401 0)
(0.323665 0.036368 0)
(0.374693 0.0321444 0)
(0.417923 0.0289991 0)
(0.461998 0.0256317 0)
(0.49426 0.0229963 0)
(0.528949 0.0198524 0)
(0.548233 0.0177709 0)
(0.574123 0.0148881 0)
(0.580668 0.0135312 0)
(0.599591 0.0107654 0)
(0.591891 0.00987641 0)
(0.601357 0.00546638 0)
(0.566636 0.00053189 0)
(0.547637 -0.017981 0)
(0.436517 -0.0502871 0)
(0.337242 -0.101385 0)
)
;

boundaryField
{
    movingWall
    {
        type            fixedValue;
        value           uniform (1 0 0);
    }
    fixedWalls
    {
        type            noSlip;
    }
    frontAndBack
    {
        type            empty;
    }
}


// ************************************************************************* //
