/*--------------------------------*- C++ -*----------------------------------*\
| =========                 |                                                 |
| \\      /  F ield         | OpenFOAM: The Open Source CFD Toolbox           |
|  \\    /   O peration     | Version:  2212                                  |
|   \\  /    A nd           | Website:  www.openfoam.com                      |
|    \\/     M anipulation  |                                                 |
\*---------------------------------------------------------------------------*/
FoamFile
{
    version     2.0;
    format      ascii;
    arch        "LSB;label=32;scalar=64";
    class       volScalarField;
    location    "1.455";
    object      p;
}
// * * * * * * * * * * * * * * * * * * * * * * * * * * * * * * * * * * * * * //

dimensions      [0 2 -2 0 0 0 0];

internalField   nonuniform List<scalar> 
400
(
-3.01751e-09
-0.000106204
-0.000285787
-0.000536565
-0.000843707
-0.00117516
-0.00146633
-0.00161002
-0.0014705
-0.000924262
9.59696e-05
0.00156974
0.00335063
0.00494143
0.00583816
0.00577533
0.00478184
0.0036721
0.00293382
0.0028049
0.000104869
3.06566e-07
-0.000144476
-0.000342278
-0.000588336
-0.000870277
-0.00116809
-0.00142353
-0.00150889
-0.00124155
-0.000455493
0.000891023
0.00256346
0.00414547
0.00511203
0.00514112
0.00433583
0.00322816
0.00262103
0.00257424
0.000299662
0.000141706
-9.19062e-06
-0.000231517
-0.000562419
-0.00103676
-0.00166903
-0.00238967
-0.00300408
-0.00321823
-0.00275497
-0.00155079
0.000166836
0.00200595
0.00342471
0.00396293
0.0035638
0.00269635
0.00193596
0.00181466
0.000420215
0.000217066
2.22207e-05
-0.000322575
-0.000924652
-0.00188686
-0.00324233
-0.00485544
-0.00639463
-0.00741677
-0.00754749
-0.0066983
-0.0050417
-0.00285518
-0.000609747
0.00112979
0.001942
0.00182615
0.00117243
0.000619832
0.000318284
5.84026e-05
-0.000240987
-0.000843091
-0.00195451
-0.00374652
-0.00621232
-0.00906179
-0.0117782
-0.0138055
-0.0147414
-0.0144394
-0.0129645
-0.0104963
-0.00737445
-0.00411886
-0.00140112
0.000158088
0.000334476
-0.00109795
-0.000179905
-0.000511175
-0.000988678
-0.00199153
-0.00383064
-0.00670393
-0.0104846
-0.0146463
-0.0184725
-0.0213654
-0.0229835
-0.0231789
-0.0219453
-0.0194441
-0.0158577
-0.0114412
-0.00675367
-0.00291654
-0.00136526
-0.00323925
-0.00118114
-0.00159733
-0.00231343
-0.00380956
-0.00647166
-0.010454
-0.0154414
-0.0206461
-0.0252059
-0.0285499
-0.0304373
-0.0308227
-0.0297697
-0.0274471
-0.0239414
-0.019212
-0.0133906
-0.00753302
-0.0041656
-0.00479434
-0.00267606
-0.0031776
-0.00415051
-0.00613397
-0.00953629
-0.0144237
-0.0202906
-0.0261407
-0.0310527
-0.0345347
-0.0364484
-0.0368325
-0.0358282
-0.0336379
-0.0303825
-0.0259288
-0.0200148
-0.0130815
-0.00753066
-0.00520832
-0.00452485
-0.00508806
-0.00628251
-0.0086505
-0.012578
-0.0180516
-0.0244368
-0.0306171
-0.0356751
-0.0391964
-0.0410961
-0.0414318
-0.040369
-0.0381562
-0.0350376
-0.030993
-0.0255983
-0.0186104
-0.0114506
-0.00647633
-0.0065041
-0.00707357
-0.0084135
-0.0110022
-0.0151857
-0.0209154
-0.0275192
-0.0338405
-0.0389827
-0.0425645
-0.044497
-0.0448066
-0.043637
-0.041272
-0.0380952
-0.0343056
-0.029596
-0.0232781
-0.0159278
-0.00944719
-0.0083769
-0.00888733
-0.0102689
-0.0128899
-0.0170619
-0.0227494
-0.029325
-0.0356579
-0.0408652
-0.0445412
-0.0465481
-0.0468605
-0.0455719
-0.0429948
-0.039637
-0.0359275
-0.0318294
-0.0264586
-0.0199002
-0.013069
-0.00994997
-0.0103511
-0.0116524
-0.0141117
-0.0180271
-0.0234053
-0.0297131
-0.035922
-0.0411537
-0.0449233
-0.047011
-0.0473467
-0.0459531
-0.0431872
-0.0396426
-0.0359193
-0.0323274
-0.0278295
-0.0222687
-0.0155944
-0.0111506
-0.0113822
-0.012457
-0.0145723
-0.0180082
-0.0228351
-0.0286493
-0.0345792
-0.0397512
-0.0435774
-0.0457366
-0.0461046
-0.0446861
-0.0418337
-0.0381805
-0.0344014
-0.0312243
-0.0273169
-0.0225932
-0.0160476
-0.0119735
-0.011998
-0.0126976
-0.0142686
-0.0170135
-0.0210883
-0.026233
-0.0317349
-0.0367411
-0.040571
-0.0427982
-0.0432323
-0.0419067
-0.0390971
-0.0354618
-0.0317517
-0.0287017
-0.0251402
-0.0212476
-0.0143274
-0.0124621
-0.0122712
-0.0124665
-0.0133295
-0.0152466
-0.0184516
-0.0228142
-0.0277698
-0.0325134
-0.0363038
-0.0386234
-0.0392114
-0.0380661
-0.0354265
-0.0319368
-0.0283291
-0.0253033
-0.0218837
-0.0191734
-0.0105732
-0.0127165
-0.0123202
-0.0118343
-0.0118581
-0.0129138
-0.0152716
-0.0188744
-0.0232692
-0.0277212
-0.0314674
-0.0339213
-0.0347449
-0.0338973
-0.0315414
-0.0282687
-0.0247388
-0.0216254
-0.0181673
-0.0165161
-0.00353493
-0.0128003
-0.0122615
-0.0109441
-0.0100889
-0.0103507
-0.0120099
-0.015016
-0.0189659
-0.0231937
-0.0269439
-0.0295902
-0.0307083
-0.0302044
-0.0282222
-0.0251609
-0.0215485
-0.0179859
-0.0138814
-0.0103449
0.0120958
-0.013716
-0.012253
-0.00963576
-0.00791853
-0.00761372
-0.00887022
-0.0115691
-0.0153041
-0.0194726
-0.0233348
-0.0262681
-0.0277753
-0.0276961
-0.0260104
-0.0230318
-0.0189353
-0.0139628
-0.00628504
0.00756615
0.0487881
-0.0119268
-0.0127773
-0.00884739
-0.0061438
-0.00536542
-0.00644136
-0.00907748
-0.0128063
-0.0170771
-0.0211404
-0.0244123
-0.0263204
-0.0266723
-0.0252332
-0.0220373
-0.0164138
-0.00710803
0.011327
0.0485295
0.119048
-0.0295262
-0.0125422
-0.00502343
-0.0025326
-0.00235646
-0.00378025
-0.00664223
-0.0105627
-0.0150243
-0.0192876
-0.0227865
-0.0249605
-0.0255906
-0.0242709
-0.0204487
-0.0120553
0.00520728
0.0420494
0.111481
0.215709
)
;

boundaryField
{
    movingWall
    {
        type            zeroGradient;
    }
    fixedWalls
    {
        type            zeroGradient;
    }
    frontAndBack
    {
        type            empty;
    }
}


// ************************************************************************* //
