/*--------------------------------*- C++ -*----------------------------------*\
| =========                 |                                                 |
| \\      /  F ield         | OpenFOAM: The Open Source CFD Toolbox           |
|  \\    /   O peration     | Version:  2212                                  |
|   \\  /    A nd           | Website:  www.openfoam.com                      |
|    \\/     M anipulation  |                                                 |
\*---------------------------------------------------------------------------*/
FoamFile
{
    version     2.0;
    format      ascii;
    arch        "LSB;label=32;scalar=64";
    class       volVectorField;
    location    "0.965";
    object      U;
}
// * * * * * * * * * * * * * * * * * * * * * * * * * * * * * * * * * * * * * //

dimensions      [0 1 -1 0 0 0 0];

internalField   nonuniform List<vector> 
400
(
(-8.20264e-05 -4.43537e-05 0)
(-0.00123587 0.000461888 0)
(-0.00360768 0.000680177 0)
(-0.00630044 0.00076976 0)
(-0.00928541 0.000907366 0)
(-0.0127557 0.00115623 0)
(-0.0169018 0.00151912 0)
(-0.0217858 0.00194168 0)
(-0.0271711 0.00227728 0)
(-0.0323512 0.00227975 0)
(-0.0361376 0.00169109 0)
(-0.0370907 0.000399023 0)
(-0.0340038 -0.00142176 0)
(-0.0266665 -0.00322277 0)
(-0.0164047 -0.00419073 0)
(-0.0053626 -0.00376129 0)
(0.00330801 -0.00212054 0)
(0.00684612 0.000209074 0)
(0.0051683 0.00173971 0)
(0.00162091 0.00151694 0)
(-0.000996072 0.00143979 0)
(-0.00486826 0.00384113 0)
(-0.0111481 0.00491014 0)
(-0.0182054 0.00551208 0)
(-0.0259366 0.00624698 0)
(-0.0345501 0.00727105 0)
(-0.0441051 0.00845942 0)
(-0.0543122 0.00943077 0)
(-0.0643299 0.0095266 0)
(-0.0727128 0.00795101 0)
(-0.0776947 0.00416285 0)
(-0.0776576 -0.00170038 0)
(-0.0715064 -0.00868639 0)
(-0.059002 -0.0149525 0)
(-0.0416898 -0.0183253 0)
(-0.022163 -0.0170095 0)
(-0.00443847 -0.0108628 0)
(0.00606127 -0.00205712 0)
(0.00672416 0.00481023 0)
(0.00240763 0.00524538 0)
(-0.00178457 0.00531407 0)
(-0.00787111 0.0109569 0)
(-0.0171377 0.0134333 0)
(-0.0273761 0.0149516 0)
(-0.0384376 0.0166077 0)
(-0.0504633 0.0185589 0)
(-0.0633397 0.0203898 0)
(-0.0766128 0.0212717 0)
(-0.0894177 0.0200769 0)
(-0.100476 0.0156562 0)
(-0.108194 0.00735239 0)
(-0.11082 -0.00444419 0)
(-0.106653 -0.018115 0)
(-0.0944413 -0.0308535 0)
(-0.0749248 -0.0390556 0)
(-0.0497872 -0.0389825 0)
(-0.0229317 -0.0285383 0)
(-0.00160569 -0.0104865 0)
(0.00584012 0.00589908 0)
(0.00269717 0.00957221 0)
(-0.00229441 0.0105817 0)
(-0.00987877 0.0202097 0)
(-0.0211611 0.0242932 0)
(-0.0334856 0.0268217 0)
(-0.0466979 0.029436 0)
(-0.060958 0.0322764 0)
(-0.0762322 0.0347126 0)
(-0.0924049 0.0357048 0)
(-0.109256 0.0339323 0)
(-0.126032 0.0278471 0)
(-0.140709 0.0160261 0)
(-0.150001 -0.00177253 0)
(-0.150991 -0.023384 0)
(-0.14175 -0.0452141 0)
(-0.122414 -0.0619249 0)
(-0.0932711 -0.0677012 0)
(-0.0566748 -0.0571339 0)
(-0.0194081 -0.0296864 0)
(0.00289217 0.0014514 0)
(0.00325097 0.01341 0)
(-0.0025198 0.0167149 0)
(-0.0108819 0.0307964 0)
(-0.0232692 0.0366189 0)
(-0.0367724 0.0402403 0)
(-0.0513017 0.0439433 0)
(-0.0671967 0.0479759 0)
(-0.0848127 0.0517406 0)
(-0.104766 0.0542695 0)
(-0.127628 0.0539631 0)
(-0.152419 0.0479083 0)
(-0.175019 0.03245 0)
(-0.189843 0.00645531 0)
(-0.194714 -0.0261043 0)
(-0.189371 -0.0594581 0)
(-0.173113 -0.0878846 0)
(-0.144755 -0.104265 0)
(-0.103497 -0.100015 0)
(-0.0520386 -0.0677555 0)
(-0.0048939 -0.0141864 0)
(0.0046816 0.015589 0)
(-0.00247149 0.023148 0)
(-0.0109331 0.0419545 0)
(-0.0236007 0.0496644 0)
(-0.0375029 0.0545398 0)
(-0.0526597 0.0596571 0)
(-0.069678 0.0655886 0)
(-0.089375 0.0719828 0)
(-0.112949 0.0777904 0)
(-0.14107 0.0800939 0)
(-0.171286 0.0731756 0)
(-0.197012 0.0515185 0)
(-0.212464 0.015651 0)
(-0.218317 -0.0277097 0)
(-0.21676 -0.0722192 0)
(-0.206514 -0.113141 0)
(-0.185562 -0.14349 0)
(-0.149346 -0.153112 0)
(-0.0948159 -0.126788 0)
(-0.0264127 -0.0528696 0)
(0.00520519 0.0127478 0)
(-0.00217075 0.029325 0)
(-0.0101 0.0529361 0)
(-0.0222717 0.0626928 0)
(-0.0357953 0.0690247 0)
(-0.0507575 0.0759449 0)
(-0.0679347 0.0845 0)
(-0.0883362 0.094475 0)
(-0.113138 0.104021 0)
(-0.142228 0.10791 0)
(-0.171383 0.0980139 0)
(-0.193359 0.0693522 0)
(-0.205033 0.0255797 0)
(-0.210057 -0.0249741 0)
(-0.211141 -0.0768719 0)
(-0.207335 -0.126725 0)
(-0.197584 -0.17056 0)
(-0.174844 -0.199648 0)
(-0.131754 -0.194188 0)
(-0.0648041 -0.123424 0)
(0.000490685 -0.00242846 0)
(-0.00165347 0.0347332 0)
(-0.00847289 0.0630268 0)
(-0.0193938 0.0749448 0)
(-0.0316806 0.0828431 0)
(-0.0453315 0.0917164 0)
(-0.0610161 0.103071 0)
(-0.0795178 0.11651 0)
(-0.101587 0.128871 0)
(-0.126514 0.132764 0)
(-0.149643 0.119066 0)
(-0.16488 0.0844664 0)
(-0.171662 0.0352534 0)
(-0.174562 -0.0189673 0)
(-0.176219 -0.0729589 0)
(-0.176693 -0.125267 0)
(-0.176783 -0.176185 0)
(-0.169869 -0.22261 0)
(-0.14594 -0.246483 0)
(-0.0978702 -0.202519 0)
(-0.0154765 -0.0364384 0)
(-0.000981489 0.0389383 0)
(-0.00621099 0.0715649 0)
(-0.0151963 0.0856357 0)
(-0.0253961 0.0949762 0)
(-0.0365449 0.105475 0)
(-0.0489567 0.118997 0)
(-0.0630065 0.134798 0)
(-0.0791814 0.148525 0)
(-0.0969804 0.151408 0)
(-0.112654 0.134253 0)
(-0.121997 0.0952296 0)
(-0.125785 0.0422165 0)
(-0.127622 -0.0142434 0)
(-0.129227 -0.0684289 0)
(-0.131524 -0.11924 0)
(-0.136776 -0.169329 0)
(-0.141375 -0.223577 0)
(-0.134076 -0.273125 0)
(-0.105714 -0.267919 0)
(-0.0325822 -0.103875 0)
(-0.000250497 0.0416421 0)
(-0.00358411 0.0780162 0)
(-0.0101262 0.0940761 0)
(-0.0175806 0.104483 0)
(-0.0253339 0.115843 0)
(-0.0332506 0.13033 0)
(-0.0413189 0.147005 0)
(-0.0500257 0.160917 0)
(-0.059668 0.162801 0)
(-0.068211 0.143799 0)
(-0.0734758 0.102706 0)
(-0.0765673 0.0476185 0)
(-0.0794985 -0.01064 0)
(-0.0826473 -0.0657584 0)
(-0.0865804 -0.115237 0)
(-0.0941015 -0.16119 0)
(-0.105525 -0.214513 0)
(-0.1096 -0.280252 0)
(-0.0971503 -0.315404 0)
(-0.0333788 -0.188276 0)
(0.000419523 0.0427431 0)
(-0.000955065 0.0820531 0)
(-0.00482654 0.0997654 0)
(-0.00922595 0.110696 0)
(-0.0132121 0.121954 0)
(-0.0162157 0.136046 0)
(-0.0178781 0.152075 0)
(-0.0187848 0.165427 0)
(-0.020118 0.167087 0)
(-0.0217114 0.148456 0)
(-0.0233606 0.108154 0)
(-0.0261052 0.0537059 0)
(-0.030611 -0.00481324 0)
(-0.0363512 -0.0603407 0)
(-0.0428033 -0.108837 0)
(-0.0523676 -0.150666 0)
(-0.0689806 -0.199062 0)
(-0.0816022 -0.273036 0)
(-0.0835723 -0.341824 0)
(-0.0249838 -0.255646 0)
(0.000901094 0.0423782 0)
(0.0012608 0.0836598 0)
(-3.46199e-05 0.102628 0)
(-0.0014182 0.113498 0)
(-0.00175834 0.123678 0)
(-0.000247545 0.136047 0)
(0.00389671 0.150188 0)
(0.0102392 0.1622 0)
(0.0167717 0.164268 0)
(0.0220281 0.148022 0)
(0.0247627 0.111152 0)
(0.0237178 0.0599492 0)
(0.0187521 0.00341861 0)
(0.0104031 -0.0509593 0)
(-0.000278706 -0.0980129 0)
(-0.0134013 -0.136656 0)
(-0.0351627 -0.179339 0)
(-0.0544065 -0.257159 0)
(-0.0701886 -0.355565 0)
(-0.0168371 -0.310006 0)
(0.00108306 0.0409364 0)
(0.00270271 0.0831305 0)
(0.00354467 0.102701 0)
(0.00474829 0.112902 0)
(0.007553 0.121291 0)
(0.0129294 0.130997 0)
(0.0216211 0.142204 0)
(0.0334571 0.151854 0)
(0.0464336 0.153964 0)
(0.0579299 0.14117 0)
(0.0655602 0.110089 0)
(0.0675085 0.0648429 0)
(0.0633869 0.0130499 0)
(0.053794 -0.0385182 0)
(0.0389707 -0.0832883 0)
(0.0207692 -0.118589 0)
(-0.00667457 -0.155538 0)
(-0.0298718 -0.233718 0)
(-0.0584553 -0.357218 0)
(-0.00820271 -0.353134 0)
(0.00088975 0.0390654 0)
(0.0030226 0.0813326 0)
(0.00534949 0.100953 0)
(0.00862353 0.110023 0)
(0.013927 0.116104 0)
(0.0221413 0.122574 0)
(0.0338666 0.129986 0)
(0.0490516 0.136381 0)
(0.0661531 0.137506 0)
(0.0822968 0.127723 0)
(0.0943399 0.103276 0)
(0.0997204 0.0659594 0)
(0.0975505 0.0216623 0)
(0.0878674 -0.0237933 0)
(0.0705601 -0.0642508 0)
(0.0486082 -0.0960743 0)
(0.0159817 -0.128105 0)
(-0.00790904 -0.206295 0)
(-0.0488152 -0.353392 0)
(0.000259919 -0.389427 0)
(0.000230646 0.0374983 0)
(0.00185177 0.0788012 0)
(0.00469554 0.0969169 0)
(0.00946011 0.104146 0)
(0.016772 0.107808 0)
(0.0270544 0.111172 0)
(0.0405972 0.114947 0)
(0.0573184 0.11799 0)
(0.0761442 0.117526 0)
(0.0946519 0.109732 0)
(0.109601 0.0914242 0)
(0.117945 0.0627664 0)
(0.117999 0.0276204 0)
(0.109425 -0.00965626 0)
(0.0915786 -0.0435918 0)
(0.0680427 -0.0710137 0)
(0.0323255 -0.0984904 0)
(0.0120177 -0.176248 0)
(-0.0405799 -0.347427 0)
(0.0101191 -0.422719 0)
(-0.00106324 0.0369912 0)
(-0.00087636 0.0775026 0)
(0.001787 0.0943497 0)
(0.00759342 0.0987806 0)
(0.0164118 0.0992171 0)
(0.0281498 0.0992318 0)
(0.0427075 0.099614 0)
(0.0598391 0.0996294 0)
(0.0787328 0.0975156 0)
(0.0976007 0.0908477 0)
(0.113624 0.077433 0)
(0.123915 0.0567826 0)
(0.125847 0.0310635 0)
(0.119299 0.00328968 0)
(0.102612 -0.0227572 0)
(0.0796861 -0.0451458 0)
(0.0438689 -0.0694384 0)
(0.0298346 -0.148458 0)
(-0.0325369 -0.344011 0)
(0.0233832 -0.45279 0)
(-0.00354398 0.0426045 0)
(-0.00834023 0.076721 0)
(-0.00708836 0.0858882 0)
(0.000651998 0.0870438 0)
(0.0121872 0.0856052 0)
(0.0260541 0.0837088 0)
(0.0418227 0.0820934 0)
(0.0592167 0.0803498 0)
(0.0776171 0.0774674 0)
(0.0957919 0.0720099 0)
(0.111538 0.0627589 0)
(0.122577 0.0491318 0)
(0.126006 0.0323772 0)
(0.12177 0.0141609 0)
(0.106992 -0.00340673 0)
(0.0873357 -0.02058 0)
(0.0548607 -0.0436826 0)
(0.0471553 -0.124719 0)
(-0.0184512 -0.337961 0)
(0.0451726 -0.470233 0)
(-0.00396241 0.0353173 0)
(-0.00895964 0.0856811 0)
(-0.0120108 0.0919379 0)
(-0.00557796 0.0848246 0)
(0.00621305 0.077705 0)
(0.0204566 0.0724042 0)
(0.0365452 0.0683772 0)
(0.0538741 0.0648341 0)
(0.0719043 0.0612504 0)
(0.0896386 0.0565669 0)
(0.105277 0.0505013 0)
(0.117766 0.0422447 0)
(0.123614 0.0329383 0)
(0.124932 0.0225982 0)
(0.115162 0.012642 0)
(0.105723 -0.000875185 0)
(0.0785335 -0.0262757 0)
(0.075285 -0.112506 0)
(0.0201351 -0.314834 0)
(0.0857432 -0.447126 0)
(-0.0984618 0.0946976 0)
(-0.0733436 0.0761098 0)
(-0.0584774 0.0604941 0)
(-0.0297416 0.0537563 0)
(-0.00220021 0.0485657 0)
(0.0250003 0.0443367 0)
(0.0508936 0.0408962 0)
(0.0771173 0.0378226 0)
(0.101021 0.0353997 0)
(0.126092 0.0326321 0)
(0.145961 0.0300268 0)
(0.167958 0.0265584 0)
(0.179445 0.0234164 0)
(0.195553 0.0197452 0)
(0.192938 0.015925 0)
(0.202602 0.00723842 0)
(0.177061 -0.0169382 0)
(0.183934 -0.0831266 0)
(0.136616 -0.2273 0)
(0.167495 -0.339617 0)
(0.134704 0.108294 0)
(0.169213 0.0851279 0)
(0.228422 0.0634975 0)
(0.284355 0.0497457 0)
(0.328432 0.04102 0)
(0.367918 0.0345281 0)
(0.39887 0.0298394 0)
(0.43136 0.0257053 0)
(0.454902 0.022878 0)
(0.484124 0.0199138 0)
(0.501139 0.0181913 0)
(0.528246 0.0157052 0)
(0.537548 0.0147761 0)
(0.562239 0.0124716 0)
(0.559971 0.0122241 0)
(0.577933 0.00842507 0)
(0.550061 0.00402761 0)
(0.540014 -0.0149485 0)
(0.437609 -0.0478015 0)
(0.339031 -0.0995969 0)
)
;

boundaryField
{
    movingWall
    {
        type            fixedValue;
        value           uniform (1 0 0);
    }
    fixedWalls
    {
        type            noSlip;
    }
    frontAndBack
    {
        type            empty;
    }
}


// ************************************************************************* //
