/*--------------------------------*- C++ -*----------------------------------*\
| =========                 |                                                 |
| \\      /  F ield         | OpenFOAM: The Open Source CFD Toolbox           |
|  \\    /   O peration     | Version:  2212                                  |
|   \\  /    A nd           | Website:  www.openfoam.com                      |
|    \\/     M anipulation  |                                                 |
\*---------------------------------------------------------------------------*/
FoamFile
{
    version     2.0;
    format      ascii;
    arch        "LSB;label=32;scalar=64";
    class       surfaceScalarField;
    location    "3.06";
    object      phi;
}
// * * * * * * * * * * * * * * * * * * * * * * * * * * * * * * * * * * * * * //

dimensions      [0 3 -1 0 0 0 0];

oriented        oriented;

internalField   nonuniform List<scalar> 
760
(
1.45512e-07
-1.45513e-07
2.71256e-07
-1.25744e-07
2.82646e-07
-1.13898e-08
1.57623e-07
1.25022e-07
-1.38448e-07
2.96071e-07
-6.65884e-07
5.27436e-07
-1.45556e-06
7.89672e-07
-2.42764e-06
9.72083e-07
-3.39115e-06
9.63515e-07
-4.12046e-06
7.29304e-07
-4.44855e-06
3.28095e-07
-4.27904e-06
-1.69515e-07
-3.55071e-06
-7.28326e-07
-2.37269e-06
-1.17802e-06
-9.68571e-07
-1.40412e-06
2.95183e-07
-1.26375e-06
1.03601e-06
-7.40829e-07
9.97965e-07
3.80475e-08
4.48065e-07
5.499e-07
4.48065e-07
1.081e-07
-2.53613e-07
4.52395e-08
-6.28833e-08
-3.20824e-07
3.54674e-07
-1.07762e-06
8.81822e-07
-2.27023e-06
1.48868e-06
-3.82647e-06
2.08367e-06
-5.51222e-06
2.47542e-06
-7.02627e-06
2.48613e-06
-8.14447e-06
2.08172e-06
-8.75318e-06
1.33801e-06
-8.8031e-06
3.78018e-07
-8.26864e-06
-7.03978e-07
-7.18035e-06
-1.81662e-06
-5.56917e-06
-2.7892e-06
-3.5754e-06
-3.39789e-06
-1.49739e-06
-3.34176e-06
1.448e-07
-2.38302e-06
8.26343e-07
-6.43495e-07
5.11401e-07
8.64843e-07
9.59467e-07
-1.37747e-07
-1.15865e-07
-6.38105e-07
4.37474e-07
-1.59868e-06
1.31525e-06
-3.0613e-06
2.34444e-06
-4.91368e-06
3.34107e-06
-6.87561e-06
4.0456e-06
-8.64166e-06
4.24147e-06
-1.0029e-05
3.8735e-06
-1.09804e-05
3.03307e-06
-1.14854e-05
1.84301e-06
-1.14964e-05
3.89014e-07
-1.10566e-05
-1.14378e-06
-1.01505e-05
-2.72274e-06
-8.72422e-06
-4.21543e-06
-6.75712e-06
-5.36499e-06
-4.33748e-06
-5.76139e-06
-1.85736e-06
-4.86314e-06
-9.40223e-08
-2.40683e-06
2.89199e-07
4.81621e-07
1.24867e-06
-4.90224e-07
3.74359e-07
-1.51936e-06
1.46661e-06
-3.02528e-06
2.82117e-06
-4.92276e-06
4.24192e-06
-6.96977e-06
5.38808e-06
-8.87035e-06
5.94619e-06
-1.04216e-05
5.79275e-06
-1.15733e-05
5.0252e-06
-1.23494e-05
3.80911e-06
-1.2783e-05
2.27665e-06
-1.28615e-05
4.6754e-07
-1.26365e-05
-1.36876e-06
-1.20741e-05
-3.28515e-06
-1.10728e-05
-5.2168e-06
-9.50211e-06
-6.93566e-06
-7.23894e-06
-8.02456e-06
-4.32396e-06
-7.77812e-06
-1.35976e-06
-5.37103e-06
1.16499e-07
-9.94638e-07
1.36516e-06
-8.31922e-07
1.20628e-06
-2.27956e-06
2.91425e-06
-4.0879e-06
4.6295e-06
-6.07705e-06
6.23107e-06
-7.9792e-06
7.29023e-06
-9.57354e-06
7.54052e-06
-1.07764e-05
6.99563e-06
-1.1608e-05
5.85676e-06
-1.21273e-05
4.32846e-06
-1.24063e-05
2.55557e-06
-1.25321e-05
5.93344e-07
-1.24988e-05
-1.40204e-06
-1.22949e-05
-3.48904e-06
-1.184e-05
-5.67172e-06
-1.0948e-05
-7.82759e-06
-9.33346e-06
-9.63914e-06
-6.70445e-06
-1.04071e-05
-3.16585e-06
-8.90963e-06
-2.6014e-07
-3.90035e-06
1.10502e-06
-1.04232e-06
2.2486e-06
-2.67951e-06
4.55145e-06
-4.51415e-06
6.46414e-06
-6.32687e-06
8.04379e-06
-7.89902e-06
8.86238e-06
-9.09561e-06
8.73711e-06
-9.90429e-06
7.80431e-06
-1.0385e-05
6.33742e-06
-1.0626e-05
4.56948e-06
-1.07277e-05
2.65727e-06
-1.08109e-05
6.76614e-07
-1.08725e-05
-1.34049e-06
-1.09231e-05
-3.43839e-06
-1.09322e-05
-5.66262e-06
-1.07435e-05
-8.01632e-06
-1.00284e-05
-1.03542e-05
-8.29781e-06
-1.21378e-05
-5.14866e-06
-1.20588e-05
-1.13782e-06
-7.91119e-06
-3.2798e-08
-1.06191e-06
3.31051e-06
-2.65176e-06
6.1413e-06
-4.30068e-06
8.11306e-06
-5.80258e-06
9.54569e-06
-6.99882e-06
1.00586e-05
-7.8206e-06
9.5589e-06
-8.2977e-06
8.2814e-06
-8.51291e-06
6.55263e-06
-8.56931e-06
4.62588e-06
-8.56696e-06
2.65491e-06
-8.59294e-06
7.02592e-07
-8.67143e-06
-1.262e-06
-8.82111e-06
-3.28871e-06
-9.05203e-06
-5.4317e-06
-9.30264e-06
-7.7657e-06
-9.335e-06
-1.03218e-05
-8.62771e-06
-1.28451e-05
-6.43488e-06
-1.42516e-05
-2.37608e-06
-1.197e-05
-2.40888e-06
-8.93145e-07
4.20365e-06
-2.25586e-06
7.50401e-06
-3.60521e-06
9.46241e-06
-4.75936e-06
1.06998e-05
-5.6157e-06
1.0915e-05
-6.15109e-06
1.00943e-05
-6.41633e-06
8.54665e-06
-6.49974e-06
6.63604e-06
-6.49909e-06
4.62524e-06
-6.49187e-06
2.64769e-06
-6.51922e-06
7.29947e-07
-6.60049e-06
-1.18073e-06
-6.75824e-06
-3.13095e-06
-7.02346e-06
-5.16648e-06
-7.41027e-06
-7.37889e-06
-7.81959e-06
-9.91253e-06
-7.83201e-06
-1.28326e-05
-6.63056e-06
-1.54531e-05
-3.51909e-06
-1.50815e-05
-5.92797e-06
-5.95116e-07
4.79877e-06
-1.62108e-06
8.52998e-06
-2.6267e-06
1.0468e-05
-3.44691e-06
1.152e-05
-4.02365e-06
1.14917e-05
-4.36234e-06
1.0433e-05
-4.51781e-06
8.70212e-06
-4.56769e-06
6.68591e-06
-4.58672e-06
4.64427e-06
-4.62269e-06
2.68366e-06
-4.68848e-06
7.95737e-07
-4.79137e-06
-1.07784e-06
-4.94307e-06
-2.97926e-06
-5.17414e-06
-4.93541e-06
-5.54086e-06
-7.01217e-06
-6.05215e-06
-9.40125e-06
-6.47601e-06
-1.24088e-05
-6.06282e-06
-1.58662e-05
-3.87434e-06
-1.72699e-05
-9.80231e-06
-2.19999e-07
5.01877e-06
-8.57467e-07
9.16745e-06
-1.51097e-06
1.11215e-05
-2.02707e-06
1.20361e-05
-2.37556e-06
1.18402e-05
-2.57807e-06
1.06355e-05
-2.68147e-06
8.80552e-06
-2.73946e-06
6.7439e-06
-2.79893e-06
4.70373e-06
-2.88413e-06
2.76887e-06
-2.99833e-06
9.09929e-07
-3.14105e-06
-9.35116e-07
-3.31357e-06
-2.80674e-06
-3.53045e-06
-4.71852e-06
-3.84749e-06
-6.69513e-06
-4.34726e-06
-8.90148e-06
-4.96555e-06
-1.17905e-05
-5.08439e-06
-1.57474e-05
-3.53086e-06
-1.88235e-05
-1.33332e-05
1.57343e-07
4.86142e-06
-6.65669e-08
9.39136e-06
-3.89713e-07
1.14447e-05
-6.32728e-07
1.22792e-05
-7.79438e-07
1.19869e-05
-8.59814e-07
1.07159e-05
-9.13817e-07
8.85953e-06
-9.74768e-07
6.80485e-06
-1.06039e-06
4.78935e-06
-1.1785e-06
2.88697e-06
-1.33057e-06
1.062e-06
-1.51817e-06
-7.47511e-07
-1.74077e-06
-2.58415e-06
-1.99806e-06
-4.46123e-06
-2.32218e-06
-6.37101e-06
-2.81221e-06
-8.41145e-06
-3.52552e-06
-1.10772e-05
-4.00744e-06
-1.52655e-05
-3.01355e-06
-1.98174e-05
-1.63467e-05
4.77017e-07
4.38441e-06
6.67485e-07
9.20089e-06
7.09373e-07
1.14028e-05
7.4701e-07
1.22415e-05
7.9732e-07
1.19366e-05
8.33208e-07
1.068e-05
8.32483e-07
8.86025e-06
7.85589e-07
6.85175e-06
6.94362e-07
4.88058e-06
5.61872e-07
3.01946e-06
3.84817e-07
1.23905e-06
1.57123e-07
-5.19818e-07
-1.23455e-07
-2.30357e-06
-4.64239e-07
-4.12044e-06
-8.728e-07
-5.96245e-06
-1.40156e-06
-7.88268e-06
-2.19845e-06
-1.02803e-05
-2.95946e-06
-1.45045e-05
-2.46427e-06
-2.03126e-05
-1.8811e-05
7.16514e-07
3.66789e-06
1.29087e-06
8.62654e-06
1.67164e-06
1.1022e-05
1.99611e-06
1.19171e-05
2.27063e-06
1.16621e-05
2.46115e-06
1.04894e-05
2.55546e-06
8.76593e-06
2.56294e-06
6.84427e-06
2.49896e-06
4.94456e-06
2.37345e-06
3.14497e-06
2.18187e-06
1.43063e-06
1.90995e-06
-2.47896e-07
1.55581e-06
-1.94943e-06
1.11482e-06
-3.67946e-06
5.80905e-07
-5.42853e-06
-1.02975e-07
-7.1988e-06
-9.82348e-07
-9.4009e-06
-1.94916e-06
-1.35377e-05
-1.93962e-06
-2.03221e-05
-2.07506e-05
8.2181e-07
2.84608e-06
1.72146e-06
7.72689e-06
2.43865e-06
1.03048e-05
3.06548e-06
1.12902e-05
3.60714e-06
1.11204e-05
4.01669e-06
1.00799e-05
4.27384e-06
8.50878e-06
4.3907e-06
6.72741e-06
4.39159e-06
4.94367e-06
4.29405e-06
3.24251e-06
4.09771e-06
1.62698e-06
3.78178e-06
6.80276e-08
3.348e-06
-1.51564e-06
2.78099e-06
-3.11245e-06
2.07883e-06
-4.72638e-06
1.25534e-06
-6.37531e-06
2.13633e-07
-8.35919e-06
-1.00606e-06
-1.2318e-05
-1.45007e-06
-1.98781e-05
-2.22007e-05
7.58435e-07
2.08765e-06
1.85129e-06
6.63404e-06
2.85605e-06
9.30005e-06
3.80433e-06
1.03419e-05
4.66583e-06
1.02589e-05
5.37154e-06
9.37418e-06
5.87829e-06
8.00204e-06
6.18665e-06
6.41905e-06
6.31844e-06
4.81188e-06
6.29459e-06
3.26636e-06
6.11746e-06
1.80411e-06
5.77749e-06
4.08006e-07
5.25415e-06
-9.92308e-07
4.54671e-06
-2.40501e-06
3.64782e-06
-3.82748e-06
2.58558e-06
-5.31308e-06
1.31139e-06
-7.085e-06
-1.99321e-07
-1.08073e-05
-9.46537e-07
-1.91309e-05
-2.31472e-05
5.40961e-07
1.54669e-06
1.66006e-06
5.51495e-06
2.94609e-06
8.01403e-06
4.25511e-06
9.03292e-06
5.49106e-06
9.02296e-06
6.55369e-06
8.31156e-06
7.37409e-06
7.18163e-06
7.93677e-06
5.85637e-06
8.25399e-06
4.49466e-06
8.34455e-06
3.1758e-06
8.21631e-06
1.93235e-06
7.86839e-06
7.55923e-07
7.25856e-06
-3.8248e-07
6.40244e-06
-1.54889e-06
5.28708e-06
-2.71212e-06
3.95505e-06
-3.98104e-06
2.46542e-06
-5.59537e-06
8.75794e-07
-9.21763e-06
-1.82693e-07
-1.80724e-05
-2.33299e-05
1.30973e-07
1.41571e-06
9.59011e-07
4.68691e-06
2.37549e-06
6.59755e-06
4.04111e-06
7.3673e-06
5.7173e-06
7.34678e-06
7.21817e-06
6.81068e-06
8.43832e-06
5.96149e-06
9.34561e-06
4.94908e-06
9.9339e-06
3.90637e-06
1.02165e-05
2.89315e-06
1.01993e-05
1.94961e-06
9.88908e-06
1.06614e-06
9.25185e-06
2.54754e-07
8.29102e-06
-5.88066e-07
7.01013e-06
-1.43122e-06
5.45697e-06
-2.42789e-06
3.78681e-06
-3.92521e-06
2.16502e-06
-7.59584e-06
6.23561e-07
-1.65309e-05
-2.27063e-05
-5.02021e-07
1.91773e-06
1.68003e-07
4.01688e-06
1.65032e-06
5.11524e-06
3.63763e-06
5.37999e-06
5.72637e-06
5.25804e-06
7.636e-06
4.90104e-06
9.22794e-06
4.36955e-06
1.04596e-05
3.7174e-06
1.13112e-05
3.05475e-06
1.18007e-05
2.40369e-06
1.19327e-05
1.8176e-06
1.17284e-05
1.27045e-06
1.12036e-05
7.79508e-07
1.03426e-05
2.72959e-07
9.1488e-06
-2.37415e-07
7.68409e-06
-9.63178e-07
6.13622e-06
-2.37734e-06
4.38507e-06
-5.84469e-06
2.0256e-06
-1.41715e-05
-2.06807e-05
-4.16325e-06
6.08098e-06
-3.63693e-06
3.49056e-06
-1.29216e-06
2.77046e-06
1.43973e-06
2.6481e-06
4.11298e-06
2.58478e-06
6.58916e-06
2.42487e-06
8.76006e-06
2.19865e-06
1.05664e-05
1.91103e-06
1.19903e-05
1.63086e-06
1.30573e-05
1.33675e-06
1.37839e-05
1.091e-06
1.42132e-05
8.4108e-07
1.43361e-05
6.56672e-07
1.41661e-05
4.4295e-07
1.36841e-05
2.44598e-07
1.29047e-05
-1.83826e-07
1.18274e-05
-1.30003e-06
1.00719e-05
-4.08918e-06
5.62114e-06
-9.72073e-06
-1.50596e-05
6.08098e-06
9.57155e-06
1.2342e-05
1.49901e-05
1.75749e-05
1.99998e-05
2.21984e-05
2.41094e-05
2.57403e-05
2.70771e-05
2.81681e-05
2.90091e-05
2.96658e-05
3.01088e-05
3.03534e-05
3.01695e-05
2.88695e-05
2.47803e-05
1.50596e-05
)
;

boundaryField
{
    movingWall
    {
        type            calculated;
        value           uniform 0;
    }
    fixedWalls
    {
        type            calculated;
        value           uniform 0;
    }
    frontAndBack
    {
        type            empty;
        value           nonuniform List<scalar> 0();
    }
}


// ************************************************************************* //
