/*--------------------------------*- C++ -*----------------------------------*\
| =========                 |                                                 |
| \\      /  F ield         | OpenFOAM: The Open Source CFD Toolbox           |
|  \\    /   O peration     | Version:  2212                                  |
|   \\  /    A nd           | Website:  www.openfoam.com                      |
|    \\/     M anipulation  |                                                 |
\*---------------------------------------------------------------------------*/
FoamFile
{
    version     2.0;
    format      ascii;
    arch        "LSB;label=32;scalar=64";
    class       volScalarField;
    location    "0.385";
    object      p;
}
// * * * * * * * * * * * * * * * * * * * * * * * * * * * * * * * * * * * * * //

dimensions      [0 2 -2 0 0 0 0];

internalField   nonuniform List<scalar> 
400
(
-3.53502e-09
-1.33254e-05
2.77395e-05
0.000119578
0.000261992
0.000456829
0.000706588
0.00101389
0.00138063
0.0018069
0.00228964
0.00282098
0.00338655
0.00396387
0.00452154
0.00502111
0.00542225
0.00569245
0.00581598
0.0057917
1.46028e-05
8.93439e-07
4.58346e-05
0.000139089
0.000279787
0.000470873
0.000715474
0.00101655
0.00137636
0.00179545
0.00227137
0.00279703
0.00335911
0.00393615
0.00449639
0.00500026
0.00540582
0.00567981
0.00580526
0.00577423
-3.52226e-05
-5.42913e-05
-1.08018e-05
8.00437e-05
0.000216516
0.000402135
0.000640734
0.000936179
0.00129192
0.00171007
0.00219008
0.00272696
0.00330922
0.0039158
0.00451286
0.00505525
0.00549255
0.00578343
0.00590682
0.00585295
-0.000151253
-0.000175465
-0.000135682
-4.98759e-05
7.98565e-05
0.000257646
0.000488285
0.000777033
0.00112927
0.00154964
0.00204064
0.00260049
0.00322061
0.00388231
0.00454755
0.00516158
0.00565841
0.00598077
0.00610071
0.00601105
-0.00033544
-0.000363934
-0.000329239
-0.000250793
-0.000130636
3.61389e-05
0.00025552
0.000534551
0.000881151
0.00130343
0.0018083
0.00239873
0.00307009
0.0038121
0.00457987
0.00530564
0.0058983
0.0062716
0.00638337
0.00623145
-0.000587597
-0.000620533
-0.000592621
-0.000524319
-0.000417509
-0.000266491
-6.39898e-05
0.00019902
0.00053344
0.000951713
0.00146676
0.00208817
0.0028139
0.00366293
0.0045719
0.00546255
0.00620534
0.00666117
0.00675493
0.00648534
-0.000905659
-0.000943833
-0.000924833
-0.000870205
-0.00078183
-0.000653414
-0.000476611
-0.000240563
6.86412e-05
0.000468289
0.000978929
0.00162355
0.002426
0.00336268
0.0044442
0.00556807
0.00654612
0.00714261
0.00720513
0.00671429
-0.00128638
-0.00133087
-0.00132322
-0.00128645
-0.00122284
-0.00112601
-0.00098719
-0.000794471
-0.00053181
-0.000177999
0.000294439
0.000919778
0.00173434
0.00275796
0.00403068
0.00546287
0.00681198
0.00767163
0.00769107
0.00682016
-0.00172539
-0.00177734
-0.00178346
-0.0017689
-0.00173703
-0.00168227
-0.00159662
-0.00146873
-0.00128257
-0.00101576
-0.000637159
-0.000104169
0.000638978
0.00166148
0.00300736
0.00474755
0.0066516
0.0080366
0.00805129
0.00672879
-0.00221714
-0.00227753
-0.00229917
-0.00231039
-0.00231671
-0.00231461
-0.00229856
-0.00226032
-0.00218769
-0.00206291
-0.00186017
-0.00154317
-0.00106333
-0.000347607
0.000749027
0.00247278
0.00496824
0.00729144
0.00774302
0.00661122
-0.00275522
-0.00282456
-0.00286181
-0.00290017
-0.00294875
-0.00300764
-0.00307592
-0.00315165
-0.00323175
-0.003312
-0.00338711
-0.00345643
-0.00354791
-0.00371493
-0.00382037
-0.00312974
-0.000742284
0.00285892
0.00536482
0.00661197
-0.00333339
-0.00341122
-0.00346101
-0.00352358
-0.00361366
-0.00373658
-0.00389796
-0.00410537
-0.00437054
-0.00471361
-0.00517004
-0.00581339
-0.00684212
-0.00865751
-0.0113645
-0.0135445
-0.0128061
-0.00812082
-0.00158907
0.00479431
-0.00394765
-0.00403177
-0.00408574
-0.00416265
-0.00428581
-0.00446705
-0.00471951
-0.00506204
-0.00552488
-0.00616064
-0.00706346
-0.00841557
-0.0106407
-0.0145871
-0.0207343
-0.0272992
-0.0291203
-0.0240471
-0.0140749
-0.00224392
-0.00459975
-0.0046837
-0.0047242
-0.00479571
-0.00493389
-0.00515681
-0.00548399
-0.00594431
-0.00658524
-0.00749037
-0.0088118
-0.0108336
-0.014137
-0.0198374
-0.028519
-0.0384207
-0.0428257
-0.038308
-0.0273154
-0.0123509
-0.00530776
-0.00537992
-0.0053762
-0.00540628
-0.00552748
-0.00576254
-0.00613252
-0.00667064
-0.00743358
-0.00852207
-0.0101198
-0.0125542
-0.0163859
-0.0227601
-0.0319896
-0.0425696
-0.0480273
-0.0441264
-0.0344374
-0.0186598
-0.00610553
-0.00612697
-0.00600697
-0.00594839
-0.00602085
-0.00623731
-0.00661198
-0.00717494
-0.00798151
-0.00913164
-0.0108115
-0.0133509
-0.0169752
-0.0230879
-0.0314433
-0.0402503
-0.0448226
-0.0413468
-0.0343536
-0.0167135
-0.00703826
-0.00705351
-0.00673674
-0.00648436
-0.00643407
-0.0065792
-0.00690924
-0.00743773
-0.00820733
-0.00929862
-0.0108604
-0.0131464
-0.0165269
-0.0215357
-0.0279724
-0.0340618
-0.0368395
-0.0337377
-0.0267293
-0.00237815
-0.0090395
-0.00817955
-0.00711123
-0.00664514
-0.00654854
-0.0066658
-0.00696178
-0.00743861
-0.00813672
-0.00911642
-0.0105109
-0.0125254
-0.0154414
-0.0194014
-0.0241686
-0.0280769
-0.0287461
-0.0227092
-0.00755855
0.0341236
-0.00825668
-0.0102168
-0.00857509
-0.00752669
-0.00706693
-0.00697903
-0.00712723
-0.00746316
-0.00803444
-0.00886725
-0.0101283
-0.0119317
-0.014571
-0.0178773
-0.0215428
-0.0234541
-0.020535
-0.00458394
0.0330137
0.104553
-0.025943
-0.0109532
-0.00593016
-0.00500109
-0.00496977
-0.00508033
-0.00536417
-0.00582988
-0.00657268
-0.00756188
-0.00901065
-0.0109805
-0.0137276
-0.016918
-0.0196304
-0.0184681
-0.00707996
0.0264468
0.0959287
0.202605
)
;

boundaryField
{
    movingWall
    {
        type            zeroGradient;
    }
    fixedWalls
    {
        type            zeroGradient;
    }
    frontAndBack
    {
        type            empty;
    }
}


// ************************************************************************* //
