/*--------------------------------*- C++ -*----------------------------------*\
| =========                 |                                                 |
| \\      /  F ield         | OpenFOAM: The Open Source CFD Toolbox           |
|  \\    /   O peration     | Version:  2212                                  |
|   \\  /    A nd           | Website:  www.openfoam.com                      |
|    \\/     M anipulation  |                                                 |
\*---------------------------------------------------------------------------*/
FoamFile
{
    version     2.0;
    format      ascii;
    arch        "LSB;label=32;scalar=64";
    class       surfaceScalarField;
    location    "3.535";
    object      phi;
}
// * * * * * * * * * * * * * * * * * * * * * * * * * * * * * * * * * * * * * //

dimensions      [0 3 -1 0 0 0 0];

oriented        oriented;

internalField   nonuniform List<scalar> 
760
(
1.50995e-07
-1.50996e-07
2.8281e-07
-1.31815e-07
2.96821e-07
-1.40115e-08
1.71114e-07
1.25707e-07
-1.29092e-07
3.00206e-07
-6.65861e-07
5.36769e-07
-1.47054e-06
8.04677e-07
-2.4594e-06
9.88863e-07
-3.43595e-06
9.76545e-07
-4.17097e-06
7.35028e-07
-4.4977e-06
3.26726e-07
-4.31954e-06
-1.78158e-07
-3.5776e-06
-7.41946e-07
-2.38312e-06
-1.19447e-06
-9.62485e-07
-1.42064e-06
3.13873e-07
-1.27636e-06
1.05798e-06
-7.44111e-07
1.01337e-06
4.4616e-08
4.53939e-07
5.59429e-07
4.53939e-07
1.16609e-07
-2.67605e-07
5.98806e-08
-7.50861e-08
-3.093e-07
3.55169e-07
-1.07913e-06
8.95538e-07
-2.29446e-06
1.51553e-06
-3.87846e-06
2.12077e-06
-5.58831e-06
2.51453e-06
-7.11671e-06
2.51726e-06
-8.23976e-06
2.09959e-06
-8.84635e-06
1.34162e-06
-8.88859e-06
3.68965e-07
-8.34271e-06
-7.24037e-07
-7.23962e-06
-1.84504e-06
-5.61087e-06
-2.82322e-06
-3.59795e-06
-3.43356e-06
-1.50163e-06
-3.37267e-06
1.54831e-07
-2.40057e-06
8.38838e-07
-6.3939e-07
5.17375e-07
8.80892e-07
9.71314e-07
-1.33084e-07
-1.34521e-07
-6.37084e-07
4.28914e-07
-1.61352e-06
1.33161e-06
-3.10355e-06
2.38556e-06
-4.98752e-06
3.3995e-06
-6.97504e-06
4.10829e-06
-8.75562e-06
4.29511e-06
-1.01483e-05
3.9099e-06
-1.10992e-05
3.05057e-06
-1.16002e-05
1.84264e-06
-1.16021e-05
3.70801e-07
-1.11536e-05
-1.17256e-06
-1.02366e-05
-2.762e-06
-8.79682e-06
-4.263e-06
-6.81335e-06
-5.41702e-06
-4.37374e-06
-5.81229e-06
-1.87278e-06
-4.90154e-06
-9.36469e-08
-2.41852e-06
2.91101e-07
4.96144e-07
1.26242e-06
-4.96111e-07
3.6159e-07
-1.54121e-06
1.47401e-06
-3.07424e-06
2.86464e-06
-5.00333e-06
4.31465e-06
-7.07678e-06
5.47295e-06
-8.99239e-06
6.0239e-06
-1.05479e-05
5.85061e-06
-1.16978e-05
5.05979e-06
-1.2469e-05
3.82175e-06
-1.28963e-05
2.26993e-06
-1.29666e-05
4.41107e-07
-1.27351e-05
-1.40405e-06
-1.21653e-05
-3.33174e-06
-1.11554e-05
-5.27292e-06
-9.57402e-06
-6.99841e-06
-7.29666e-06
-8.08964e-06
-4.36157e-06
-7.83664e-06
-1.37174e-06
-5.40835e-06
1.17558e-07
-9.93152e-07
1.37997e-06
-8.47509e-07
1.2091e-06
-2.32145e-06
2.94795e-06
-4.16041e-06
4.70361e-06
-6.17643e-06
6.33068e-06
-8.09463e-06
7.39115e-06
-9.6933e-06
7.62257e-06
-1.08928e-05
7.05012e-06
-1.17174e-05
5.88442e-06
-1.22287e-05
4.333e-06
-1.24998e-05
2.54103e-06
-1.26207e-05
5.62067e-07
-1.2582e-05
-1.44278e-06
-1.23732e-05
-3.5406e-06
-1.19141e-05
-5.732e-06
-1.10179e-05
-7.89463e-06
-9.39707e-06
-9.71043e-06
-6.75554e-06
-1.04782e-05
-3.19397e-06
-8.96992e-06
-2.6234e-07
-3.92478e-06
1.11763e-06
-1.0646e-06
2.2737e-06
-2.73122e-06
4.61457e-06
-4.59342e-06
6.5658e-06
-6.42511e-06
8.16238e-06
-8.00468e-06
8.97071e-06
-9.19924e-06
8.81713e-06
-1.00012e-05
7.85206e-06
-1.04739e-05
6.35713e-06
-1.07077e-05
4.5668e-06
-1.08037e-05
2.63705e-06
-1.0884e-05
6.42331e-07
-1.09404e-05
-1.38632e-06
-1.09868e-05
-3.49427e-06
-1.09924e-05
-5.72641e-06
-1.08012e-05
-8.08577e-06
-1.00846e-05
-1.04271e-05
-8.3504e-06
-1.22123e-05
-5.1894e-06
-1.21309e-05
-1.14863e-06
-7.96555e-06
-3.09996e-08
-1.08555e-06
3.35925e-06
-2.70279e-06
6.2318e-06
-4.37331e-06
8.23633e-06
-5.8879e-06
9.67697e-06
-7.08708e-06
1.01699e-05
-7.90538e-06
9.63543e-06
-8.37701e-06
8.3237e-06
-8.58759e-06
6.56771e-06
-8.64129e-06
4.62049e-06
-8.63761e-06
2.63337e-06
-8.66246e-06
6.67185e-07
-8.73746e-06
-1.31132e-06
-8.8822e-06
-3.34953e-06
-9.10705e-06
-5.50155e-06
-9.35175e-06
-7.84107e-06
-9.38024e-06
-1.03986e-05
-8.67133e-06
-1.29213e-05
-6.47399e-06
-1.43283e-05
-2.3967e-06
-1.20428e-05
-2.4277e-06
-9.13192e-07
4.27244e-06
-2.2984e-06
7.61701e-06
-3.66388e-06
9.60181e-06
-4.8267e-06
1.08398e-05
-5.685e-06
1.10282e-05
-6.21885e-06
1.01693e-05
-6.48249e-06
8.58733e-06
-6.56605e-06
6.65127e-06
-6.56717e-06
4.62162e-06
-6.56184e-06
2.62804e-06
-6.58926e-06
6.94605e-07
-6.66834e-06
-1.23224e-06
-6.82143e-06
-3.19644e-06
-7.07939e-06
-5.24359e-06
-7.45714e-06
-7.46331e-06
-7.85776e-06
-9.99799e-06
-7.8648e-06
-1.29142e-05
-6.66094e-06
-1.55321e-05
-3.54604e-06
-1.51577e-05
-5.97375e-06
-6.08682e-07
4.88112e-06
-1.65112e-06
8.65944e-06
-2.66822e-06
1.06189e-05
-3.49493e-06
1.16665e-05
-4.07444e-06
1.16077e-05
-4.41453e-06
1.05094e-05
-4.57214e-06
8.74494e-06
-4.62551e-06
6.70464e-06
-4.64851e-06
4.64462e-06
-4.68727e-06
2.66681e-06
-4.75357e-06
7.609e-07
-4.85508e-06
-1.13073e-06
-5.0031e-06
-3.04842e-06
-5.22796e-06
-5.01873e-06
-5.58546e-06
-7.10582e-06
-6.08561e-06
-9.49784e-06
-6.5008e-06
-1.2499e-05
-6.08438e-06
-1.59485e-05
-3.89185e-06
-1.73503e-05
-9.8656e-06
-2.2501e-07
5.10613e-06
-8.72668e-07
9.3071e-06
-1.53363e-06
1.12799e-05
-2.05476e-06
1.21876e-05
-2.40707e-06
1.196e-05
-2.61356e-06
1.07159e-05
-2.7217e-06
8.85308e-06
-2.78485e-06
6.76779e-06
-2.84884e-06
4.70862e-06
-2.9368e-06
2.75476e-06
-3.05169e-06
8.75787e-07
-3.19365e-06
-9.88761e-07
-3.36393e-06
-2.87815e-06
-3.5768e-06
-4.80585e-06
-3.8867e-06
-6.79592e-06
-4.37573e-06
-9.00882e-06
-4.98322e-06
-1.18915e-05
-5.09674e-06
-1.5835e-05
-3.53991e-06
-1.89071e-05
-1.34055e-05
1.61298e-07
4.94483e-06
-6.63925e-08
9.53479e-06
-3.93669e-07
1.16072e-05
-6.40148e-07
1.24341e-05
-7.90837e-07
1.21107e-05
-8.76346e-07
1.08014e-05
-9.36282e-07
8.91301e-06
-1.00284e-06
6.83434e-06
-1.09283e-06
4.79861e-06
-1.21363e-06
2.87557e-06
-1.36693e-06
1.02909e-06
-1.55469e-06
-8.01001e-07
-1.77628e-06
-2.65656e-06
-2.03161e-06
-4.55052e-06
-2.35174e-06
-6.47579e-06
-2.8337e-06
-8.52686e-06
-3.5368e-06
-1.11884e-05
-4.01302e-06
-1.53588e-05
-3.01746e-06
-1.99026e-05
-1.6423e-05
4.89671e-07
4.45516e-06
6.84521e-07
9.33994e-06
7.27343e-07
1.15643e-05
7.6353e-07
1.23979e-05
8.09716e-07
1.20645e-05
8.3963e-07
1.07715e-05
8.32593e-07
8.92005e-06
7.80155e-07
6.88678e-06
6.84737e-07
4.89402e-06
5.49203e-07
3.0111e-06
3.69952e-07
1.20834e-06
1.41054e-07
-5.72104e-07
-1.40294e-07
-2.37521e-06
-4.80798e-07
-4.21001e-06
-8.87977e-07
-6.06861e-06
-1.41222e-06
-8.00262e-06
-2.20122e-06
-1.03994e-05
-2.95749e-06
-1.46025e-05
-2.46294e-06
-2.03972e-05
-1.88859e-05
7.3704e-07
3.71812e-06
1.3238e-06
8.75318e-06
1.71075e-06
1.11774e-05
2.03697e-06
1.20717e-05
2.30875e-06
1.17927e-05
2.49382e-06
1.05864e-05
2.58226e-06
8.8316e-06
2.58479e-06
6.88426e-06
2.5169e-06
4.96192e-06
2.38803e-06
3.13996e-06
2.1929e-06
1.40347e-06
1.91799e-06
-2.97188e-07
1.56185e-06
-2.01908e-06
1.11921e-06
-3.76737e-06
5.83888e-07
-5.53329e-06
-9.98229e-08
-7.31891e-06
-9.7479e-07
-9.52446e-06
-1.93879e-06
-1.36385e-05
-1.9345e-06
-2.04015e-05
-2.08204e-05
8.46719e-07
2.8714e-06
1.76713e-06
7.83276e-06
2.49697e-06
1.04475e-05
3.13024e-06
1.14384e-05
3.67288e-06
1.12501e-05
4.07959e-06
1.01797e-05
4.33254e-06
8.57866e-06
4.44542e-06
6.77137e-06
4.44279e-06
4.96454e-06
4.34194e-06
3.24081e-06
4.1425e-06
1.60291e-06
3.81919e-06
2.6127e-08
3.38192e-06
-1.58181e-06
2.81041e-06
-3.19586e-06
2.10341e-06
-4.82629e-06
1.27563e-06
-6.49113e-06
2.32091e-07
-8.48091e-06
-9.88469e-07
-1.2418e-05
-1.44157e-06
-1.99484e-05
-2.2262e-05
7.82629e-07
2.08877e-06
1.90378e-06
6.71161e-06
2.92816e-06
9.42316e-06
3.88885e-06
1.04778e-05
4.75669e-06
1.03823e-05
5.46394e-06
9.47242e-06
5.96963e-06
8.07297e-06
6.2761e-06
6.46491e-06
6.40554e-06
4.8351e-06
6.37837e-06
3.26798e-06
6.19585e-06
1.78543e-06
5.8513e-06
3.70684e-07
5.32038e-06
-1.05089e-06
4.60481e-06
-2.48029e-06
3.69685e-06
-3.91832e-06
2.62434e-06
-5.41862e-06
1.34087e-06
-7.19744e-06
-1.8172e-07
-1.08954e-05
-9.33393e-07
-1.91967e-05
-2.31954e-05
5.59287e-07
1.52949e-06
1.71054e-06
5.56036e-06
3.02376e-06
8.10994e-06
4.35423e-06
9.14728e-06
5.60471e-06
9.13177e-06
6.67555e-06
8.40158e-06
7.49968e-06
7.24883e-06
8.06347e-06
5.90112e-06
8.37987e-06
4.51871e-06
8.46747e-06
3.18038e-06
8.33414e-06
1.91876e-06
7.97879e-06
7.2603e-07
7.35885e-06
-4.30946e-07
6.49068e-06
-1.61212e-06
5.36153e-06
-2.78917e-06
4.01311e-06
-4.0702e-06
2.50841e-06
-5.69275e-06
9.09385e-07
-9.29636e-06
-1.66631e-07
-1.81207e-05
-2.3362e-05
1.41454e-07
1.38803e-06
9.99813e-07
4.702e-06
2.44767e-06
6.66208e-06
4.14227e-06
7.45269e-06
5.84137e-06
7.43267e-06
7.35798e-06
6.88497e-06
8.58805e-06
6.01876e-06
9.50095e-06
4.98822e-06
1.00916e-05
3.92808e-06
1.0373e-05
2.8989e-06
1.03518e-05
1.94e-06
1.00347e-05
1.0431e-06
9.38282e-06
2.20971e-07
8.40826e-06
-6.3756e-07
7.10873e-06
-1.48964e-06
5.53374e-06
-2.49521e-06
3.83972e-06
-3.99873e-06
2.19759e-06
-7.65423e-06
6.36441e-07
-1.65595e-05
-2.27256e-05
-5.09775e-07
1.89781e-06
1.84502e-07
4.00772e-06
1.70444e-06
5.14215e-06
3.73089e-06
5.42623e-06
5.85338e-06
5.31018e-06
7.78833e-06
4.95002e-06
9.39803e-06
4.40907e-06
1.06408e-05
3.74548e-06
1.14982e-05
3.07065e-06
1.1988e-05
2.4091e-06
1.21151e-05
1.81292e-06
1.19005e-05
1.25767e-06
1.13639e-05
7.57556e-07
1.04841e-05
2.42235e-07
9.2655e-06
-2.71011e-07
7.77396e-06
-1.00368e-06
6.19566e-06
-2.42043e-06
4.41804e-06
-5.87661e-06
2.03952e-06
-1.4181e-05
-2.0686e-05
-4.17138e-06
6.06919e-06
-3.63949e-06
3.47583e-06
-1.26901e-06
2.77167e-06
1.49692e-06
2.6603e-06
4.2038e-06
2.6033e-06
6.70892e-06
2.44489e-06
8.90167e-06
2.21633e-06
1.07225e-05
1.92469e-06
1.21536e-05
1.63952e-06
1.32218e-05
1.34091e-06
1.39442e-05
1.0905e-06
1.43651e-05
8.36806e-07
1.44742e-05
6.48447e-07
1.42837e-05
4.3269e-07
1.37804e-05
2.32292e-07
1.29788e-05
-2.0209e-07
1.18732e-05
-1.31475e-06
1.00923e-05
-4.09571e-06
5.62964e-06
-9.7184e-06
-1.50564e-05
6.06919e-06
9.54502e-06
1.23167e-05
1.4977e-05
1.75803e-05
2.00252e-05
2.22415e-05
2.41662e-05
2.58057e-05
2.71466e-05
2.82371e-05
2.90739e-05
2.97224e-05
3.01551e-05
3.03874e-05
3.01853e-05
2.88705e-05
2.47748e-05
1.50564e-05
)
;

boundaryField
{
    movingWall
    {
        type            calculated;
        value           uniform 0;
    }
    fixedWalls
    {
        type            calculated;
        value           uniform 0;
    }
    frontAndBack
    {
        type            empty;
        value           nonuniform List<scalar> 0();
    }
}


// ************************************************************************* //
