/*--------------------------------*- C++ -*----------------------------------*\
| =========                 |                                                 |
| \\      /  F ield         | OpenFOAM: The Open Source CFD Toolbox           |
|  \\    /   O peration     | Version:  2212                                  |
|   \\  /    A nd           | Website:  www.openfoam.com                      |
|    \\/     M anipulation  |                                                 |
\*---------------------------------------------------------------------------*/
FoamFile
{
    version     2.0;
    format      ascii;
    arch        "LSB;label=32;scalar=64";
    class       surfaceScalarField;
    location    "2.215";
    object      phi;
}
// * * * * * * * * * * * * * * * * * * * * * * * * * * * * * * * * * * * * * //

dimensions      [0 3 -1 0 0 0 0];

oriented        oriented;

internalField   nonuniform List<scalar> 
760
(
1.14048e-07
-1.14047e-07
2.03781e-07
-8.97331e-08
2.00226e-07
3.55489e-09
8.11708e-08
1.19056e-07
-1.89296e-07
2.70467e-07
-6.63326e-07
4.7403e-07
-1.36993e-06
7.066e-07
-2.24927e-06
8.79339e-07
-3.13841e-06
8.89143e-07
-3.83009e-06
6.91685e-07
-4.15789e-06
3.278e-07
-4.02566e-06
-1.32232e-07
-3.36317e-06
-6.62496e-07
-2.27099e-06
-1.09218e-06
-9.599e-07
-1.31109e-06
2.25133e-07
-1.18503e-06
9.30976e-07
-7.05844e-07
9.15451e-07
1.55252e-08
4.14753e-07
5.00699e-07
4.14753e-07
5.8676e-08
-1.72723e-07
-3.91138e-08
8.05702e-09
-3.85075e-07
3.49516e-07
-1.06464e-06
7.98625e-07
-2.12745e-06
1.33327e-06
-3.5297e-06
1.87628e-06
-5.08458e-06
2.26148e-06
-6.52292e-06
2.31768e-06
-7.6172e-06
1.98342e-06
-8.23728e-06
1.31176e-06
-8.32556e-06
4.16087e-07
-7.84713e-06
-6.10671e-07
-6.83098e-06
-1.67864e-06
-5.30825e-06
-2.61491e-06
-3.416e-06
-3.20334e-06
-1.44252e-06
-3.15851e-06
1.1329e-07
-2.26165e-06
7.66665e-07
-6.37849e-07
4.79595e-07
7.87769e-07
8.94348e-07
-1.66521e-07
-6.20168e-09
-6.42602e-07
4.84139e-07
-1.50985e-06
1.21677e-06
-2.81667e-06
2.10544e-06
-4.49662e-06
3.01323e-06
-6.32761e-06
3.70727e-06
-8.02942e-06
3.96329e-06
-9.40538e-06
3.69363e-06
-1.03729e-05
2.95089e-06
-1.09071e-05
1.84606e-06
-1.09649e-05
4.73793e-07
-1.05658e-05
-1.00977e-06
-9.7068e-06
-2.5376e-06
-8.33966e-06
-3.98205e-06
-6.44668e-06
-5.09632e-06
-4.12597e-06
-5.47922e-06
-1.757e-06
-4.63062e-06
-8.54923e-08
-2.30936e-06
2.80337e-07
4.2194e-07
1.17469e-06
-4.52909e-07
4.46707e-07
-1.39135e-06
1.42258e-06
-2.74494e-06
2.57036e-06
-4.47224e-06
3.83274e-06
-6.38954e-06
4.93052e-06
-8.23322e-06
5.55095e-06
-9.79158e-06
5.52165e-06
-1.09797e-05
4.8818e-06
-1.18011e-05
3.77224e-06
-1.22782e-05
2.32319e-06
-1.2397e-05
5.92531e-07
-1.21964e-05
-1.21037e-06
-1.16569e-05
-3.07707e-06
-1.06813e-05
-4.95767e-06
-9.14786e-06
-6.62974e-06
-6.94071e-06
-7.68636e-06
-4.11847e-06
-7.45286e-06
-1.28474e-06
-5.14309e-06
1.14986e-07
-9.77787e-07
1.28967e-06
-7.42168e-07
1.18887e-06
-2.04243e-06
2.72284e-06
-3.68586e-06
4.21379e-06
-5.54328e-06
5.69016e-06
-7.38693e-06
6.77418e-06
-8.99512e-06
7.15914e-06
-1.02537e-05
6.78024e-06
-1.11534e-05
5.78147e-06
-1.17366e-05
4.35545e-06
-1.20653e-05
2.65194e-06
-1.22139e-05
7.41111e-07
-1.21935e-05
-1.23074e-06
-1.19937e-05
-3.27693e-06
-1.15354e-05
-5.41593e-06
-1.06406e-05
-7.5245e-06
-9.03485e-06
-9.29216e-06
-6.45002e-06
-1.00377e-05
-3.01475e-06
-8.57836e-06
-2.42736e-07
-3.7498e-06
1.04694e-06
-9.1896e-07
2.10783e-06
-2.39534e-06
4.19923e-06
-4.08971e-06
5.90815e-06
-5.82473e-06
7.42518e-06
-7.39448e-06
8.34393e-06
-8.6455e-06
8.41016e-06
-9.5317e-06
7.66644e-06
-1.00886e-05
6.33839e-06
-1.03907e-05
4.65748e-06
-1.05311e-05
2.79236e-06
-1.06258e-05
8.35819e-07
-1.06942e-05
-1.16232e-06
-1.07383e-05
-3.23282e-06
-1.07328e-05
-5.42149e-06
-1.0525e-05
-7.73224e-06
-9.79104e-06
-1.00261e-05
-8.05624e-06
-1.17725e-05
-4.94942e-06
-1.16852e-05
-1.07894e-06
-7.62029e-06
-3.20019e-08
-9.3461e-07
3.04244e-06
-2.38039e-06
5.64501e-06
-3.92816e-06
7.45592e-06
-5.39177e-06
8.88879e-06
-6.61333e-06
9.56549e-06
-7.49986e-06
9.29668e-06
-8.05064e-06
8.21722e-06
-8.32828e-06
6.61604e-06
-8.42593e-06
4.75513e-06
-8.44232e-06
2.80875e-06
-8.46872e-06
8.62227e-07
-8.54272e-06
-1.08832e-06
-8.68294e-06
-3.0926e-06
-8.90385e-06
-5.20058e-06
-9.14516e-06
-7.49093e-06
-9.16489e-06
-1.00064e-05
-8.44321e-06
-1.24942e-05
-6.25699e-06
-1.38714e-05
-2.27753e-06
-1.15998e-05
-2.30953e-06
-7.88823e-07
3.83127e-06
-2.03741e-06
6.89359e-06
-3.31809e-06
8.7366e-06
-4.45583e-06
1.00265e-05
-5.34192e-06
1.04516e-05
-5.93137e-06
9.88613e-06
-6.25132e-06
8.53717e-06
-6.3753e-06
6.74001e-06
-6.39502e-06
4.77485e-06
-6.39208e-06
2.8058e-06
-6.4151e-06
8.85251e-07
-6.48642e-06
-1.01701e-06
-6.63191e-06
-2.94711e-06
-6.88862e-06
-4.94387e-06
-7.27444e-06
-7.10511e-06
-7.68873e-06
-9.59212e-06
-7.70234e-06
-1.24805e-05
-6.49865e-06
-1.50751e-05
-3.39611e-06
-1.47023e-05
-5.70564e-06
-5.27086e-07
4.35835e-06
-1.4719e-06
7.83841e-06
-2.43174e-06
9.69644e-06
-3.24325e-06
1.0838e-05
-3.8405e-06
1.10488e-05
-4.21325e-06
1.02589e-05
-4.40108e-06
8.725e-06
-4.47216e-06
6.8111e-06
-4.49998e-06
4.80267e-06
-4.53617e-06
2.84199e-06
-4.59812e-06
9.47201e-07
-4.69125e-06
-9.23878e-07
-4.8307e-06
-2.80766e-06
-5.05159e-06
-4.72298e-06
-5.41889e-06
-6.73781e-06
-5.94434e-06
-9.06668e-06
-6.38318e-06
-1.20417e-05
-5.97201e-06
-1.54863e-05
-3.79568e-06
-1.68786e-05
-9.50132e-06
-1.96476e-07
4.55483e-06
-7.83823e-07
8.42576e-06
-1.40725e-06
1.03199e-05
-1.91421e-06
1.1345e-05
-2.26817e-06
1.14028e-05
-2.48191e-06
1.04726e-05
-2.59558e-06
8.83867e-06
-2.65997e-06
6.8755e-06
-2.72113e-06
4.86382e-06
-2.80599e-06
2.92685e-06
-2.91846e-06
1.05967e-06
-3.05501e-06
-7.87326e-07
-3.21737e-06
-2.6453e-06
-3.42368e-06
-4.51667e-06
-3.73883e-06
-6.42266e-06
-4.25532e-06
-8.55019e-06
-4.89994e-06
-1.13971e-05
-5.03206e-06
-1.53541e-05
-3.4896e-06
-1.84211e-05
-1.29909e-05
1.36581e-07
4.41825e-06
-6.47984e-08
8.62714e-06
-3.67714e-07
1.06228e-05
-5.99306e-07
1.15766e-05
-7.38212e-07
1.15417e-05
-8.10454e-07
1.05449e-05
-8.55209e-07
8.88343e-06
-9.08189e-07
6.92848e-06
-9.89441e-07
4.94507e-06
-1.10568e-06
3.04309e-06
-1.25693e-06
1.21092e-06
-1.44215e-06
-6.021e-07
-1.66056e-06
-2.42689e-06
-1.91054e-06
-4.26669e-06
-2.23244e-06
-6.10076e-06
-2.7368e-06
-8.04583e-06
-3.48007e-06
-1.06538e-05
-3.98113e-06
-1.48531e-05
-2.9937e-06
-1.94085e-05
-1.59846e-05
4.13378e-07
4.00487e-06
5.86968e-07
8.45354e-06
6.33228e-07
1.05765e-05
6.86751e-07
1.15231e-05
7.62926e-07
1.14655e-05
8.294e-07
1.04784e-05
8.56456e-07
8.85637e-06
8.30769e-07
6.95416e-06
7.52074e-07
5.02377e-06
6.25847e-07
3.16932e-06
4.51411e-07
1.38536e-06
2.23868e-07
-3.74557e-07
-5.37516e-08
-2.14927e-06
-3.97337e-07
-3.92311e-06
-8.09621e-07
-5.68847e-06
-1.35213e-06
-7.50332e-06
-2.1792e-06
-9.82673e-06
-2.9605e-06
-1.40718e-05
-2.46549e-06
-1.99035e-05
-1.84501e-05
6.14101e-07
3.39077e-06
1.13366e-06
7.93399e-06
1.49904e-06
1.02111e-05
1.8361e-06
1.1186e-05
2.1482e-06
1.11534e-05
2.38733e-06
1.02393e-05
2.52651e-06
8.71719e-06
2.56738e-06
6.9133e-06
2.52498e-06
5.06616e-06
2.41144e-06
3.28287e-06
2.22635e-06
1.57044e-06
1.95098e-06
-9.91821e-08
1.59129e-06
-1.78958e-06
1.14392e-06
-3.47574e-06
6.02858e-07
-5.14741e-06
-9.37316e-08
-6.80673e-06
-9.97628e-07
-8.92283e-06
-1.98387e-06
-1.30856e-05
-1.95662e-06
-1.99308e-05
-2.04067e-05
6.96271e-07
2.6945e-06
1.49889e-06
7.13137e-06
2.17063e-06
9.5394e-06
2.79618e-06
1.05604e-05
3.37084e-06
1.05788e-05
3.83403e-06
9.77606e-06
4.1472e-06
8.40402e-06
4.31011e-06
6.75039e-06
4.3431e-06
5.03317e-06
4.2646e-06
3.36136e-06
4.07583e-06
1.75922e-06
3.76773e-06
2.08916e-07
3.32543e-06
-1.34729e-06
2.74985e-06
-2.90015e-06
2.0406e-06
-4.43817e-06
1.2115e-06
-5.97763e-06
1.54785e-07
-7.86612e-06
-1.07252e-06
-1.18583e-05
-1.48217e-06
-1.95211e-05
-2.18889e-05
6.33509e-07
2.06099e-06
1.58871e-06
6.17617e-06
2.5138e-06
8.61432e-06
3.43206e-06
9.64219e-06
4.30656e-06
9.70427e-06
5.056e-06
9.02662e-06
5.61807e-06
7.84195e-06
5.97729e-06
6.39117e-06
6.14797e-06
4.86249e-06
6.14979e-06
3.35954e-06
5.98861e-06
1.92039e-06
5.65492e-06
5.42609e-07
5.12986e-06
-8.22228e-07
4.4194e-06
-2.18969e-06
3.52066e-06
-3.53943e-06
2.46718e-06
-4.92414e-06
1.20522e-06
-6.60416e-06
-2.72287e-07
-1.03807e-05
-1.00131e-06
-1.87921e-05
-2.28902e-05
4.41043e-07
1.61994e-06
1.39403e-06
5.22318e-06
2.55345e-06
7.45489e-06
3.7809e-06
8.41474e-06
4.98778e-06
8.49739e-06
6.06496e-06
7.94945e-06
6.92535e-06
6.98155e-06
7.53462e-06
5.78191e-06
7.89379e-06
4.50332e-06
8.01723e-06
3.2361e-06
7.91275e-06
2.02487e-06
7.58173e-06
8.73623e-07
6.98186e-06
-2.22359e-07
6.13771e-06
-1.34553e-06
5.03969e-06
-2.44142e-06
3.74037e-06
-3.62482e-06
2.29009e-06
-5.15389e-06
7.28436e-07
-8.81909e-06
-2.55413e-07
-1.78083e-05
-2.31456e-05
7.06562e-08
1.54929e-06
7.30634e-07
4.5632e-06
1.98692e-06
6.1986e-06
3.51931e-06
6.88236e-06
5.11209e-06
6.90461e-06
6.58208e-06
6.47946e-06
7.80876e-06
5.75487e-06
8.74166e-06
4.84901e-06
9.36106e-06
3.88392e-06
9.67391e-06
2.92325e-06
9.68064e-06
2.01813e-06
9.38971e-06
1.16456e-06
8.78709e-06
3.80263e-07
7.85147e-06
-4.09912e-07
6.6151e-06
-1.20506e-06
5.12596e-06
-2.13567e-06
3.54332e-06
-3.57126e-06
2.00838e-06
-7.28415e-06
5.60465e-07
-1.63603e-05
-2.25851e-05
-4.69213e-07
2.0185e-06
5.66062e-08
4.03738e-06
1.31842e-06
4.93679e-06
3.09682e-06
5.10396e-06
5.02927e-06
4.97216e-06
6.84555e-06
4.66317e-06
8.396e-06
4.20442e-06
9.62165e-06
3.62336e-06
1.04872e-05
3.01838e-06
1.10024e-05
2.40803e-06
1.11667e-05
1.8538e-06
1.10021e-05
1.32918e-06
1.05138e-05
8.68537e-07
9.70907e-06
3.9486e-07
8.60332e-06
-9.93074e-08
7.24353e-06
-7.75875e-07
5.83095e-06
-2.15868e-06
4.21007e-06
-5.66326e-06
1.95091e-06
-1.41012e-05
-2.06342e-05
-4.13079e-06
6.14929e-06
-3.65966e-06
3.56625e-06
-1.47265e-06
2.74978e-06
1.06393e-06
2.56738e-06
3.56003e-06
2.47606e-06
5.90379e-06
2.31941e-06
7.99317e-06
2.11504e-06
9.76277e-06
1.85377e-06
1.11816e-05
1.59952e-06
1.22648e-05
1.32485e-06
1.30215e-05
1.09711e-06
1.34912e-05
8.59494e-07
1.36696e-05
6.90095e-07
1.35809e-05
4.83604e-07
1.31836e-05
2.97951e-07
1.24978e-05
-9.00801e-08
1.15609e-05
-1.22171e-06
9.94335e-06
-4.04575e-06
5.56711e-06
-9.72494e-06
-1.50671e-05
6.14929e-06
9.71554e-06
1.24653e-05
1.50327e-05
1.75088e-05
1.98282e-05
2.19432e-05
2.3797e-05
2.53965e-05
2.67214e-05
2.78185e-05
2.8678e-05
2.93681e-05
2.98517e-05
3.01496e-05
3.00595e-05
2.88378e-05
2.47921e-05
1.50671e-05
)
;

boundaryField
{
    movingWall
    {
        type            calculated;
        value           uniform 0;
    }
    fixedWalls
    {
        type            calculated;
        value           uniform 0;
    }
    frontAndBack
    {
        type            empty;
        value           nonuniform List<scalar> 0();
    }
}


// ************************************************************************* //
