/*--------------------------------*- C++ -*----------------------------------*\
| =========                 |                                                 |
| \\      /  F ield         | OpenFOAM: The Open Source CFD Toolbox           |
|  \\    /   O peration     | Version:  2212                                  |
|   \\  /    A nd           | Website:  www.openfoam.com                      |
|    \\/     M anipulation  |                                                 |
\*---------------------------------------------------------------------------*/
FoamFile
{
    version     2.0;
    format      ascii;
    arch        "LSB;label=32;scalar=64";
    class       volScalarField;
    location    "4.585";
    object      p;
}
// * * * * * * * * * * * * * * * * * * * * * * * * * * * * * * * * * * * * * //

dimensions      [0 2 -2 0 0 0 0];

internalField   nonuniform List<scalar> 
400
(
-2.62091e-08
-0.000151056
-0.000533325
-0.00106806
-0.00172575
-0.0024831
-0.0031708
-0.00358145
-0.00354876
-0.00291897
-0.00153793
0.000622625
0.00324718
0.00551324
0.00654493
0.0059544
0.00405218
0.00220967
0.00117197
0.001101
0.00011555
-5.8317e-05
-0.000375541
-0.000761238
-0.00123948
-0.00188036
-0.00269323
-0.00352458
-0.00405678
-0.00391497
-0.00282752
-0.000813373
0.00169492
0.0039676
0.00514265
0.00477978
0.00315946
0.00143777
0.000656705
0.000744534
0.000532639
0.000263149
-7.71561e-05
-0.000557344
-0.0013407
-0.00256578
-0.0041922
-0.00594324
-0.00735115
-0.00788863
-0.00721314
-0.00541883
-0.00285691
-0.00016382
0.00182696
0.0024747
0.0017697
0.000569312
-0.000328219
-0.000328724
0.00114223
0.000734048
0.000188837
-0.000771028
-0.00243467
-0.00490167
-0.00793436
-0.0110345
-0.0135969
-0.0150599
-0.0150904
-0.0137319
-0.0111992
-0.00794843
-0.00468093
-0.00214201
-0.000802679
-0.000638034
-0.00121955
-0.00185053
0.00156379
0.000959148
-2.82056e-05
-0.00191253
-0.00496808
-0.00910535
-0.0137983
-0.0183251
-0.0220297
-0.0244467
-0.025317
-0.0245209
-0.0221819
-0.0185878
-0.0141752
-0.00954971
-0.00550528
-0.00287578
-0.00212685
-0.0039451
0.00126754
0.000426815
-0.00119878
-0.00427525
-0.0089312
-0.0147524
-0.0208876
-0.0264772
-0.0309101
-0.0338689
-0.0352255
-0.0348796
-0.0329132
-0.0294718
-0.0246943
-0.0187985
-0.0123829
-0.0068588
-0.00432806
-0.00644279
-7.24512e-05
-0.00116116
-0.00348756
-0.00773983
-0.0138134
-0.0209243
-0.0279746
-0.0340802
-0.0387466
-0.0418126
-0.0432853
-0.043185
-0.0415778
-0.0385307
-0.0340193
-0.0279254
-0.0203658
-0.012582
-0.00776843
-0.00767483
-0.00246275
-0.0037414
-0.00666421
-0.0118211
-0.0188708
-0.0267281
-0.0341659
-0.0403625
-0.0449678
-0.0479465
-0.0493873
-0.0493855
-0.0480193
-0.0453342
-0.0412793
-0.0356194
-0.028092
-0.0192064
-0.0117162
-0.0079119
-0.00552989
-0.00689277
-0.0102015
-0.0158923
-0.0234408
-0.0315764
-0.0390427
-0.0451144
-0.0495614
-0.0524241
-0.0538244
-0.0538691
-0.0526324
-0.0501708
-0.0464909
-0.0414314
-0.0345733
-0.0257333
-0.0165674
-0.00990465
-0.00870367
-0.0100402
-0.0135084
-0.0193794
-0.0270285
-0.0351258
-0.0424469
-0.0483457
-0.0526591
-0.0554523
-0.0568422
-0.0569161
-0.0557371
-0.0533752
-0.0499082
-0.0453196
-0.0392896
-0.0312655
-0.0221371
-0.0142072
-0.0114557
-0.0126935
-0.0161095
-0.0218686
-0.0293229
-0.0371968
-0.0443257
-0.0500943
-0.0543465
-0.0571289
-0.0585346
-0.0586277
-0.0574591
-0.0551041
-0.0517011
-0.0473757
-0.0420584
-0.0350984
-0.0269842
-0.0190093
-0.0134905
-0.0145439
-0.0177363
-0.0231214
-0.0301395
-0.0376634
-0.0446084
-0.0503347
-0.0546214
-0.0574627
-0.0589129
-0.0590169
-0.0578166
-0.0553887
-0.0519234
-0.0476595
-0.0428359
-0.0367742
-0.0298139
-0.0222333
-0.0147757
-0.0154926
-0.0182355
-0.0230248
-0.0294161
-0.0364976
-0.043276
-0.0490479
-0.0534713
-0.0564485
-0.0579809
-0.0580904
-0.0568141
-0.0542509
-0.0506163
-0.0462115
-0.0416304
-0.0360527
-0.030033
-0.0227298
-0.0154084
-0.0156546
-0.0176765
-0.0215861
-0.0271476
-0.0336935
-0.0403106
-0.0462013
-0.0508657
-0.0540747
-0.0557536
-0.0558967
-0.05452
-0.0517517
-0.0478507
-0.0432042
-0.0384654
-0.0329606
-0.0279563
-0.0201646
-0.0155202
-0.0152429
-0.0162616
-0.0189667
-0.0234647
-0.0293608
-0.0358041
-0.041874
-0.0468816
-0.0504301
-0.0523386
-0.0525475
-0.0510974
-0.0480792
-0.0438227
-0.0387696
-0.0336105
-0.027983
-0.0241654
-0.0143521
-0.0152306
-0.0145087
-0.0142129
-0.015353
-0.0185629
-0.0237015
-0.0299527
-0.0362468
-0.0416888
-0.0456907
-0.0479471
-0.0483291
-0.0468604
-0.0436109
-0.0389491
-0.0333412
-0.0275761
-0.021644
-0.0181067
-0.00389851
-0.0146268
-0.0135911
-0.0116891
-0.0110605
-0.0129039
-0.0172736
-0.0233502
-0.0299016
-0.035845
-0.0404018
-0.0431361
-0.0438225
-0.0424541
-0.0390637
-0.033984
-0.0276138
-0.0207242
-0.0134067
-0.00696765
0.0158917
-0.0145649
-0.0126461
-0.00866001
-0.0062643
-0.00692801
-0.0107193
-0.0167217
-0.0235623
-0.0300423
-0.0352206
-0.0385503
-0.0396837
-0.0385674
-0.0352143
-0.0297707
-0.02228
-0.0130063
-0.00092399
0.0164107
0.0568268
-0.0117935
-0.0118389
-0.00577093
-0.00184877
-0.00183527
-0.0054379
-0.0115432
-0.0187032
-0.0256845
-0.0314323
-0.0353689
-0.0370641
-0.0364206
-0.0331634
-0.0271424
-0.0175909
-0.00333231
0.0202004
0.0603822
0.129559
-0.0295092
-0.0106502
-0.000673103
0.00298689
0.00235556
-0.00161459
-0.0079937
-0.0154687
-0.0228117
-0.0289432
-0.0332601
-0.0353083
-0.0349513
-0.0317738
-0.0251454
-0.0128993
0.00925204
0.0509044
0.12259
0.225841
)
;

boundaryField
{
    movingWall
    {
        type            zeroGradient;
    }
    fixedWalls
    {
        type            zeroGradient;
    }
    frontAndBack
    {
        type            empty;
    }
}


// ************************************************************************* //
