/*--------------------------------*- C++ -*----------------------------------*\
| =========                 |                                                 |
| \\      /  F ield         | OpenFOAM: The Open Source CFD Toolbox           |
|  \\    /   O peration     | Version:  2212                                  |
|   \\  /    A nd           | Website:  www.openfoam.com                      |
|    \\/     M anipulation  |                                                 |
\*---------------------------------------------------------------------------*/
FoamFile
{
    version     2.0;
    format      ascii;
    arch        "LSB;label=32;scalar=64";
    class       volScalarField;
    location    "3.13";
    object      p;
}
// * * * * * * * * * * * * * * * * * * * * * * * * * * * * * * * * * * * * * //

dimensions      [0 2 -2 0 0 0 0];

internalField   nonuniform List<scalar> 
400
(
2.6686e-08
-0.000147171
-0.000516239
-0.00103435
-0.00167262
-0.00240512
-0.00307257
-0.0034712
-0.00343343
-0.00280806
-0.00144829
0.000672131
0.00325358
0.00549754
0.00654852
0.00601885
0.00418913
0.00239301
0.00136718
0.00128971
0.000117065
-5.17752e-05
-0.000357147
-0.000732781
-0.00119976
-0.0018202
-0.00260156
-0.00339794
-0.00390425
-0.00375743
-0.002691
-0.000717054
0.00174783
0.00399678
0.00518641
0.00487548
0.00332534
0.00163853
0.000863865
0.000939893
0.000517651
0.000260739
-6.64658e-05
-0.000531621
-0.00128725
-0.00246425
-0.00402615
-0.00571029
-0.00706791
-0.00758827
-0.00693179
-0.00517633
-0.00266314
-9.90807e-06
0.00196795
0.00263382
0.00196662
0.000789681
-0.000102145
-0.000114876
0.0010941
0.000701823
0.00018332
-0.000733522
-0.00232422
-0.00468913
-0.00760782
-0.0106034
-0.0130904
-0.0145197
-0.0145584
-0.0132384
-0.0107673
-0.00758497
-0.00437583
-0.00187557
-0.000557668
-0.000404329
-0.000987459
-0.0016182
0.00146562
0.000890441
-4.14064e-05
-0.00182993
-0.00474572
-0.00871579
-0.0132453
-0.0176372
-0.0212486
-0.0236181
-0.0244856
-0.0237322
-0.021469
-0.0179691
-0.0136566
-0.00912882
-0.00517271
-0.00261135
-0.00189816
-0.0036888
0.00114266
0.000345009
-0.00118673
-0.00410452
-0.00855017
-0.0141482
-0.020087
-0.0255262
-0.0298593
-0.032767
-0.0341202
-0.0338204
-0.0319371
-0.0286053
-0.0239549
-0.0181973
-0.0119243
-0.00652776
-0.0040673
-0.00615834
-0.000181783
-0.00121414
-0.00340747
-0.00744376
-0.0132505
-0.0201021
-0.0269395
-0.0328876
-0.0374483
-0.040457
-0.041922
-0.0418649
-0.0403455
-0.0374226
-0.0330624
-0.0271375
-0.019757
-0.0121474
-0.00745741
-0.00742056
-0.00250907
-0.00372199
-0.00648134
-0.0113803
-0.0181274
-0.0257062
-0.0329221
-0.0389526
-0.0434404
-0.0463486
-0.0477708
-0.047806
-0.046531
-0.043985
-0.0401056
-0.0346426
-0.027321
-0.0186444
-0.0113438
-0.0076683
-0.00548143
-0.00677455
-0.00990218
-0.0153103
-0.0225366
-0.0303838
-0.0376202
-0.043514
-0.0478276
-0.0506034
-0.0519722
-0.0520477
-0.0509052
-0.048595
-0.045112
-0.0402752
-0.0336447
-0.0250331
-0.0160861
-0.00958694
-0.00855724
-0.00982369
-0.0131034
-0.018681
-0.0259992
-0.0338016
-0.040884
-0.046592
-0.0507572
-0.0534499
-0.0547988
-0.0548993
-0.0538164
-0.0516147
-0.0483594
-0.0440137
-0.0382296
-0.0304421
-0.021528
-0.0137524
-0.0112344
-0.0124024
-0.0156303
-0.0210964
-0.0282185
-0.0357917
-0.0426723
-0.0482382
-0.052331
-0.0550039
-0.056363
-0.056481
-0.0554106
-0.0532223
-0.0500417
-0.0459731
-0.0409163
-0.0341963
-0.0262824
-0.0184365
-0.0132298
-0.0142151
-0.0172268
-0.0223296
-0.0290215
-0.0362405
-0.0429268
-0.0484398
-0.052559
-0.0552855
-0.0566866
-0.0568161
-0.0557181
-0.0534633
-0.0502299
-0.0462346
-0.0416834
-0.0358639
-0.0290873
-0.0216098
-0.0145077
-0.0151682
-0.0177461
-0.0222729
-0.0283516
-0.0351275
-0.0416377
-0.0471863
-0.0514346
-0.0542933
-0.0557758
-0.0559138
-0.0547462
-0.0523656
-0.0489735
-0.0448507
-0.0405544
-0.0352218
-0.029363
-0.0221464
-0.0151541
-0.0153673
-0.0172539
-0.0209333
-0.0262055
-0.0324511
-0.0387926
-0.0444491
-0.04893
-0.0520163
-0.0536448
-0.0538169
-0.0525602
-0.0499884
-0.0463455
-0.0419962
-0.0375597
-0.0323022
-0.027418
-0.0197242
-0.0152905
-0.0150107
-0.0159411
-0.0184662
-0.0227124
-0.0283218
-0.0344836
-0.0403063
-0.0451185
-0.0485379
-0.0503969
-0.0506444
-0.0493172
-0.0465108
-0.0425336
-0.0377984
-0.0329574
-0.0275824
-0.0238525
-0.0141578
-0.015037
-0.0143377
-0.0140132
-0.0150439
-0.0180568
-0.0229323
-0.0288997
-0.0349317
-0.0401623
-0.0440235
-0.0462246
-0.0466451
-0.0453119
-0.0422919
-0.037932
-0.0326662
-0.0272346
-0.0215571
-0.0181696
-0.00402443
-0.0144822
-0.0134845
-0.011621
-0.0109694
-0.0126799
-0.0168166
-0.0226102
-0.028884
-0.0345955
-0.0389937
-0.0416599
-0.042379
-0.0411474
-0.0380039
-0.033248
-0.027249
-0.0207255
-0.013706
-0.00747524
0.0154234
-0.0144945
-0.0126128
-0.00872415
-0.00639083
-0.00698211
-0.0105711
-0.0162956
-0.022847
-0.0290756
-0.034075
-0.0373209
-0.0384803
-0.0375011
-0.0343837
-0.029271
-0.0221823
-0.0133316
-0.00161321
0.0155064
0.0560534
-0.0117999
-0.0118991
-0.00599349
-0.00217441
-0.00211189
-0.00552933
-0.0113594
-0.0182201
-0.0249325
-0.0304837
-0.0343188
-0.0360196
-0.0354929
-0.0324693
-0.026795
-0.0176644
-0.00385977
0.0192819
0.059299
0.128647
-0.0295003
-0.0107772
-0.00098728
0.00257024
0.00198181
-0.00180789
-0.00791382
-0.0150857
-0.0221518
-0.0280748
-0.0322767
-0.0343186
-0.0340694
-0.0311132
-0.0248043
-0.0129562
0.00874244
0.0500326
0.121605
0.224999
)
;

boundaryField
{
    movingWall
    {
        type            zeroGradient;
    }
    fixedWalls
    {
        type            zeroGradient;
    }
    frontAndBack
    {
        type            empty;
    }
}


// ************************************************************************* //
