/*--------------------------------*- C++ -*----------------------------------*\
| =========                 |                                                 |
| \\      /  F ield         | OpenFOAM: The Open Source CFD Toolbox           |
|  \\    /   O peration     | Version:  2212                                  |
|   \\  /    A nd           | Website:  www.openfoam.com                      |
|    \\/     M anipulation  |                                                 |
\*---------------------------------------------------------------------------*/
FoamFile
{
    version     2.0;
    format      ascii;
    arch        "LSB;label=32;scalar=64";
    class       volScalarField;
    location    "1.79";
    object      p;
}
// * * * * * * * * * * * * * * * * * * * * * * * * * * * * * * * * * * * * * //

dimensions      [0 2 -2 0 0 0 0];

internalField   nonuniform List<scalar> 
400
(
-1.13208e-08
-0.000116875
-0.000364611
-0.000717135
-0.00116266
-0.00165957
-0.00212017
-0.00238914
-0.0023008
-0.00171922
-0.000552374
0.00119923
0.003336
0.00524162
0.00625346
0.00603312
0.00470481
0.00327917
0.00238748
0.00226891
0.000114673
-1.48646e-05
-0.000209717
-0.000476403
-0.000814664
-0.00123399
-0.00172705
-0.00220848
-0.00248009
-0.00227763
-0.00138453
0.000226256
0.00224774
0.0041469
0.00525483
0.00517731
0.00407225
0.00268734
0.0019837
0.00197926
0.000369591
0.00019518
-9.81793e-06
-0.000317842
-0.000807396
-0.00155683
-0.00256729
-0.00369379
-0.00463445
-0.00500038
-0.00448086
-0.00305518
-0.00099613
0.00121297
0.00290735
0.00352723
0.00302081
0.00199719
0.00115736
0.00107309
0.000648853
0.000392461
0.00010157
-0.000436043
-0.00140364
-0.00292202
-0.00492563
-0.00711515
-0.00904233
-0.0102312
-0.0103361
-0.00931223
-0.00733368
-0.00474079
-0.00209648
-3.95516e-05
0.000973596
0.000948637
0.000308527
-0.000283279
0.000686739
0.000336058
-0.000156724
-0.00117023
-0.00296851
-0.00563193
-0.00893868
-0.0123946
-0.0154282
-0.0175553
-0.0184622
-0.0180149
-0.0162697
-0.0134289
-0.00985993
-0.00611505
-0.00292082
-0.000977427
-0.000597742
-0.00218043
0.000225796
-0.00024735
-0.00106317
-0.00275651
-0.00560741
-0.00957047
-0.014186
-0.0187603
-0.0226605
-0.0254649
-0.0269571
-0.0270126
-0.0256228
-0.0229046
-0.0189913
-0.0141098
-0.00883652
-0.00440925
-0.00251639
-0.00449266
-0.000907714
-0.00152079
-0.00272856
-0.00517018
-0.00906203
-0.0141709
-0.019785
-0.0250699
-0.0294059
-0.0324723
-0.0341696
-0.0344778
-0.0334161
-0.0310533
-0.0273806
-0.0222985
-0.0159321
-0.0094261
-0.00557648
-0.00597508
-0.00270492
-0.00344388
-0.00502656
-0.00811584
-0.0128237
-0.0187285
-0.0249208
-0.0305101
-0.0349518
-0.03804
-0.0397586
-0.0401537
-0.039293
-0.0372453
-0.0339916
-0.0293117
-0.0229353
-0.0153589
-0.00915912
-0.00631565
-0.00495611
-0.00576582
-0.00763202
-0.0111609
-0.0163682
-0.0226959
-0.0291212
-0.0347647
-0.039174
-0.042227
-0.0439444
-0.0443794
-0.0436066
-0.0417179
-0.0387766
-0.0346461
-0.0288783
-0.0212797
-0.0134138
-0.00781511
-0.00732855
-0.00813199
-0.0101513
-0.0138807
-0.0192757
-0.0257238
-0.0321698
-0.0377733
-0.042148
-0.0452089
-0.0469697
-0.0474498
-0.0466976
-0.0448237
-0.0419951
-0.0382535
-0.0332499
-0.0263632
-0.0183428
-0.0112802
-0.00949245
-0.0102199
-0.0122483
-0.0159549
-0.0212725
-0.0276162
-0.0339652
-0.0395168
-0.0439014
-0.0470226
-0.0488603
-0.0493899
-0.0486218
-0.0466727
-0.043795
-0.0402208
-0.0358697
-0.0299559
-0.0227694
-0.015429
-0.0112212
-0.0118058
-0.0137088
-0.0171848
-0.0221944
-0.0282436
-0.0344115
-0.039922
-0.0443631
-0.047581
-0.0495075
-0.0500806
-0.0492699
-0.0472007
-0.0441775
-0.0405949
-0.0367075
-0.0316486
-0.0254895
-0.0183682
-0.0124506
-0.0128076
-0.0144098
-0.0174605
-0.0219652
-0.027558
-0.0334668
-0.0389315
-0.0434569
-0.0467934
-0.0488076
-0.0494063
-0.0485466
-0.0463471
-0.0431445
-0.0394095
-0.0357967
-0.031256
-0.0259426
-0.0190124
-0.0132005
-0.0132684
-0.0143769
-0.0167626
-0.0205589
-0.0255577
-0.0311336
-0.0365323
-0.041157
-0.0446384
-0.0467606
-0.0473916
-0.0464904
-0.0441584
-0.0407702
-0.0368795
-0.0332238
-0.0288538
-0.0244206
-0.0171029
-0.0135373
-0.0132988
-0.0137353
-0.0152206
-0.0181172
-0.0223915
-0.0275556
-0.0328568
-0.0375914
-0.0412552
-0.0435338
-0.0442429
-0.0433295
-0.0408835
-0.0373193
-0.0332145
-0.0293168
-0.0249514
-0.0216788
-0.0125479
-0.0135719
-0.0130612
-0.0125983
-0.0129653
-0.0148226
-0.0182948
-0.0230005
-0.0281835
-0.0330435
-0.0369394
-0.0394478
-0.0403174
-0.039488
-0.0369974
-0.0332817
-0.0288974
-0.0246228
-0.0200937
-0.0175629
-0.00393779
-0.0133826
-0.0126822
-0.0111026
-0.0102591
-0.0110645
-0.0137689
-0.0180479
-0.0231273
-0.0281371
-0.0323169
-0.0351392
-0.0362607
-0.0355919
-0.0332014
-0.0293677
-0.0245676
-0.0195098
-0.0139825
-0.00911639
0.0136818
-0.0139255
-0.0123299
-0.0091393
-0.00710423
-0.00706041
-0.00923149
-0.0132554
-0.0183231
-0.0235451
-0.0280748
-0.0313206
-0.032843
-0.0324938
-0.0302193
-0.0262287
-0.0206641
-0.0137353
-0.00404923
0.0114526
0.0524043
-0.0117679
-0.0123599
-0.00759671
-0.00431167
-0.00366273
-0.005614
-0.00961104
-0.0147877
-0.0202768
-0.0251698
-0.02887
-0.0308603
-0.030963
-0.0289059
-0.024568
-0.0171461
-0.00552418
0.0152968
0.0539196
0.123883
-0.029477
-0.0118143
-0.00329901
-0.000221846
-0.000200242
-0.00251016
-0.00674356
-0.0121536
-0.0178987
-0.0230681
-0.0270564
-0.0293401
-0.029701
-0.027693
-0.0226689
-0.0125359
0.00690728
0.046025
0.116578
0.220406
)
;

boundaryField
{
    movingWall
    {
        type            zeroGradient;
    }
    fixedWalls
    {
        type            zeroGradient;
    }
    frontAndBack
    {
        type            empty;
    }
}


// ************************************************************************* //
