/*--------------------------------*- C++ -*----------------------------------*\
| =========                 |                                                 |
| \\      /  F ield         | OpenFOAM: The Open Source CFD Toolbox           |
|  \\    /   O peration     | Version:  2212                                  |
|   \\  /    A nd           | Website:  www.openfoam.com                      |
|    \\/     M anipulation  |                                                 |
\*---------------------------------------------------------------------------*/
FoamFile
{
    version     2.0;
    format      ascii;
    arch        "LSB;label=32;scalar=64";
    class       volScalarField;
    location    "0.485";
    object      p;
}
// * * * * * * * * * * * * * * * * * * * * * * * * * * * * * * * * * * * * * //

dimensions      [0 2 -2 0 0 0 0];

internalField   nonuniform List<scalar> 
400
(
2.09796e-09
-1.85708e-05
2.66822e-05
0.000130384
0.000291986
0.000514139
0.000800989
0.00115751
0.00158842
0.00209654
0.00268058
0.00333208
0.00403182
0.00474555
0.00542346
0.006004
0.00642844
0.00666477
0.00672452
0.00663642
2.09778e-05
2.19301e-06
5.32691e-05
0.000160062
0.000320871
0.000539494
0.000820652
0.0011695
0.00159094
0.00208828
0.00266114
0.00330237
0.00399446
0.00470621
0.00538585
0.00596863
0.00639124
0.00662045
0.00667108
0.00657068
-3.8927e-05
-6.41245e-05
-1.43045e-05
8.97854e-05
0.00024511
0.000455999
0.000727881
0.00106692
0.00147955
0.00197143
0.00254546
0.00319842
0.00391656
0.00466896
0.00539908
0.00602824
0.0064737
0.00669007
0.00670149
0.00655367
-0.000184075
-0.000215474
-0.000170324
-7.32038e-05
7.21794e-05
0.000270705
0.000528765
0.000854111
0.00125571
0.00174303
0.00232421
0.00300204
0.00376805
0.00459637
0.00542115
0.00613939
0.00663155
0.00682603
0.00676517
0.0065368
-0.000418784
-0.000455127
-0.000416952
-0.000330676
-0.000200054
-1.95387e-05
0.000218374
0.000523311
0.000907306
0.00138465
0.00197064
0.00267683
0.00350255
0.00443877
0.00540672
0.00626907
0.00684157
0.00699993
0.00681607
0.00644837
-0.000742895
-0.00078406
-0.000755506
-0.000684498
-0.000574677
-0.000419977
-0.000212002
6.05132e-05
0.000412533
0.000863359
0.00143657
0.0021579
0.00304799
0.00409619
0.00525595
0.00634053
0.00705212
0.00715787
0.00678218
0.00616755
-0.0011522
-0.00119882
-0.00118298
-0.0011325
-0.00105115
-0.000932905
-0.00076931
-0.000548596
-0.000254336
0.000136046
0.000652894
0.00133563
0.00222743
0.0033513
0.00472496
0.00612655
0.00709112
0.00716038
0.00653044
0.00551001
-0.00163972
-0.0016927
-0.00169286
-0.00166874
-0.00162482
-0.00155619
-0.00145594
-0.00131423
-0.00111669
-0.000842431
-0.000462045
6.54264e-05
0.000802123
0.00184014
0.00325144
0.004973
0.00638934
0.00665367
0.00586659
0.00435738
-0.00219605
-0.00225625
-0.0022753
-0.002283
-0.00228551
-0.00228058
-0.00226526
-0.00223551
-0.00218535
-0.00210591
-0.00198707
-0.00182483
-0.00160612
-0.00121637
-0.000346427
0.00129958
0.00334896
0.00461993
0.00449097
0.00311634
-0.00280954
-0.00287742
-0.00291687
-0.0029599
-0.00301566
-0.00308646
-0.00317624
-0.00329169
-0.00344405
-0.00365201
-0.00395386
-0.00445387
-0.00535044
-0.00666815
-0.00768442
-0.0071848
-0.00465677
-0.001098
0.00159378
0.00269231
-0.00346693
-0.00354217
-0.00360074
-0.00367845
-0.0037891
-0.00394144
-0.00414901
-0.00443391
-0.00483375
-0.00541336
-0.00629386
-0.00775409
-0.0103441
-0.0143874
-0.0187543
-0.0205137
-0.0180162
-0.0118684
-0.00462719
0.001474
-0.00415492
-0.00423585
-0.00430765
-0.00441265
-0.00457137
-0.00480025
-0.00512369
-0.00558119
-0.00624089
-0.0072241
-0.00875432
-0.0112933
-0.0157021
-0.022521
-0.0303697
-0.0347643
-0.0328064
-0.025235
-0.0147116
-0.00398402
-0.00486294
-0.00494599
-0.00501842
-0.00513383
-0.00532239
-0.00560853
-0.00602601
-0.0066286
-0.00750866
-0.00883206
-0.0108995
-0.0142687
-0.0198739
-0.0281744
-0.0377612
-0.0436308
-0.0425109
-0.0352226
-0.024345
-0.0116852
-0.00558702
-0.00566391
-0.00571344
-0.00581063
-0.00599921
-0.00630975
-0.00678043
-0.00747115
-0.00848271
-0.00999291
-0.0123198
-0.0160043
-0.0218381
-0.030038
-0.0395567
-0.0454852
-0.0447338
-0.0381642
-0.0287155
-0.0163769
-0.00634144
-0.00639926
-0.00638984
-0.00642385
-0.00656914
-0.00685995
-0.00733121
-0.00803844
-0.00907417
-0.0105896
-0.0128541
-0.0163874
-0.0217191
-0.0289081
-0.0366724
-0.0414118
-0.0409264
-0.0352399
-0.0282212
-0.0162071
-0.00715866
-0.00715698
-0.00700747
-0.00692233
-0.00698635
-0.00722059
-0.00764634
-0.00830717
-0.00928155
-0.0106436
-0.0127049
-0.0157423
-0.020068
-0.0255624
-0.0311961
-0.0344539
-0.0337729
-0.0290451
-0.0246458
-0.0105479
-0.00807603
-0.00805869
-0.00768532
-0.00737728
-0.00728829
-0.00741612
-0.007752
-0.00831538
-0.00915874
-0.0103704
-0.0121265
-0.0146025
-0.0179322
-0.0218917
-0.0257344
-0.0276113
-0.0265558
-0.022203
-0.0175903
0.00420276
-0.0100447
-0.00914338
-0.00798695
-0.0074331
-0.0072719
-0.00734491
-0.00761504
-0.00808849
-0.00881452
-0.00986529
-0.0113744
-0.0134374
-0.0161295
-0.0191682
-0.0219779
-0.0228975
-0.0207725
-0.0140193
-0.000978983
0.0393056
-0.00920283
-0.0110909
-0.00931979
-0.00817258
-0.00764879
-0.00751391
-0.00762817
-0.00794891
-0.00853963
-0.00943549
-0.0107896
-0.0126211
-0.0150419
-0.0176458
-0.0198741
-0.0197458
-0.0145829
0.00192492
0.0380887
0.108228
-0.0268796
-0.0117727
-0.00662751
-0.00561822
-0.00553554
-0.00560442
-0.00585551
-0.00631123
-0.00706807
-0.00811434
-0.0096227
-0.0115921
-0.0141021
-0.01664
-0.0180663
-0.0151071
-0.00211402
0.031912
0.100299
0.205048
)
;

boundaryField
{
    movingWall
    {
        type            zeroGradient;
    }
    fixedWalls
    {
        type            zeroGradient;
    }
    frontAndBack
    {
        type            empty;
    }
}


// ************************************************************************* //
