/*--------------------------------*- C++ -*----------------------------------*\
| =========                 |                                                 |
| \\      /  F ield         | OpenFOAM: The Open Source CFD Toolbox           |
|  \\    /   O peration     | Version:  2212                                  |
|   \\  /    A nd           | Website:  www.openfoam.com                      |
|    \\/     M anipulation  |                                                 |
\*---------------------------------------------------------------------------*/
FoamFile
{
    version     2.0;
    format      ascii;
    arch        "LSB;label=32;scalar=64";
    class       surfaceScalarField;
    location    "0.19";
    object      phi;
}
// * * * * * * * * * * * * * * * * * * * * * * * * * * * * * * * * * * * * * //

dimensions      [0 3 -1 0 0 0 0];

oriented        oriented;

internalField   nonuniform List<scalar> 
760
(
-2.36136e-08
2.36137e-08
-7.26607e-08
4.9047e-08
-1.26973e-07
5.43125e-08
-1.79944e-07
5.29706e-08
-2.29657e-07
4.97135e-08
-2.74986e-07
4.53285e-08
-3.14832e-07
3.9846e-08
-3.48038e-07
3.32066e-08
-3.73394e-07
2.5356e-08
-3.89666e-07
1.62716e-08
-3.95658e-07
5.99176e-09
-3.9021e-07
-5.44741e-09
-3.72452e-07
-1.77582e-08
-3.4185e-07
-3.06021e-08
-2.98409e-07
-4.34412e-08
-2.42859e-07
-5.55491e-08
-1.76954e-07
-6.59057e-08
-1.04529e-07
-7.24251e-08
-3.6113e-08
-6.84156e-08
-3.6113e-08
-5.10495e-08
7.46632e-08
-1.38118e-07
1.36115e-07
-2.31835e-07
1.4803e-07
-3.22725e-07
1.4386e-07
-4.07321e-07
1.34309e-07
-4.83474e-07
1.21482e-07
-5.4927e-07
1.05642e-07
-6.02843e-07
8.67794e-08
-6.42358e-07
6.4871e-08
-6.66038e-07
3.9952e-08
-6.72289e-07
1.22427e-08
-6.59575e-07
-1.81618e-08
-6.26839e-07
-5.04938e-08
-5.73587e-07
-8.38544e-08
-5.0011e-07
-1.16918e-07
-4.07792e-07
-1.47867e-07
-2.99595e-07
-1.74103e-07
-1.81591e-07
-1.90429e-07
-6.84888e-08
-1.81518e-07
-1.04602e-07
-5.99533e-08
1.34616e-07
-1.59937e-07
2.36099e-07
-2.66684e-07
2.54777e-07
-3.69881e-07
2.47057e-07
-4.65779e-07
2.30208e-07
-5.52007e-07
2.0771e-07
-6.26458e-07
1.80093e-07
-6.87097e-07
1.47419e-07
-7.31937e-07
1.09711e-07
-7.59052e-07
6.70662e-08
-7.66633e-07
1.9824e-08
-7.52944e-07
-3.1851e-08
-7.16701e-07
-8.67358e-08
-6.57155e-07
-1.434e-07
-5.744e-07
-1.99673e-07
-4.69756e-07
-2.52512e-07
-3.46387e-07
-2.97472e-07
-2.11034e-07
-3.25783e-07
-8.02814e-08
-3.1227e-07
-1.84883e-07
-6.38911e-08
1.98507e-07
-1.70862e-07
3.4307e-07
-2.84931e-07
3.68845e-07
-3.95179e-07
3.57305e-07
-4.978e-07
3.32829e-07
-5.90416e-07
3.00326e-07
-6.70898e-07
2.60576e-07
-7.37172e-07
2.13692e-07
-7.87165e-07
1.59704e-07
-8.18792e-07
9.86932e-08
-8.30026e-07
3.10583e-08
-8.1872e-07
-4.31575e-08
-7.83087e-07
-1.22368e-07
-7.2177e-07
-2.04717e-07
-6.34234e-07
-2.87209e-07
-5.21301e-07
-3.65444e-07
-3.86019e-07
-4.32754e-07
-2.35794e-07
-4.76007e-07
-8.96414e-08
-4.58423e-07
-2.74524e-07
-6.78742e-08
2.66382e-07
-1.82068e-07
4.57264e-07
-3.03918e-07
4.90695e-07
-4.21839e-07
4.75226e-07
-5.31961e-07
4.42951e-07
-6.31938e-07
4.00302e-07
-7.19672e-07
3.4831e-07
-7.93089e-07
2.87109e-07
-8.5005e-07
2.16665e-07
-8.88302e-07
1.36945e-07
-9.05441e-07
4.81977e-08
-8.98882e-07
-4.9717e-08
-8.65955e-07
-1.55295e-07
-8.04325e-07
-2.66347e-07
-7.1235e-07
-3.79185e-07
-5.89873e-07
-4.87922e-07
-4.39523e-07
-5.83104e-07
-2.6959e-07
-6.4594e-07
-1.02632e-07
-6.25381e-07
-3.77157e-07
-7.29852e-08
3.39367e-07
-1.96219e-07
5.80498e-07
-3.27791e-07
6.22267e-07
-4.55308e-07
6.02744e-07
-5.74831e-07
5.62473e-07
-6.84076e-07
5.09547e-07
-7.81031e-07
4.45265e-07
-8.63679e-07
3.69757e-07
-9.29865e-07
2.82852e-07
-9.77173e-07
1.84253e-07
-1.00287e-06
7.3896e-08
-1.0037e-06
-4.8884e-08
-9.75874e-07
-1.83126e-07
-9.15603e-07
-3.26619e-07
-8.19463e-07
-4.75324e-07
-6.85525e-07
-6.2186e-07
-5.15359e-07
-7.53271e-07
-3.18173e-07
-8.43126e-07
-1.21595e-07
-8.21959e-07
-4.98752e-07
-7.94439e-08
4.18811e-07
-2.13935e-07
7.14989e-07
-3.575e-07
7.65832e-07
-4.96769e-07
7.42012e-07
-6.27737e-07
6.93441e-07
-7.4825e-07
6.30059e-07
-8.56467e-07
5.53483e-07
-9.50536e-07
4.63827e-07
-1.0284e-06
3.60713e-07
-1.08759e-06
2.43443e-07
-1.125e-06
1.11309e-07
-1.13689e-06
-3.6996e-08
-1.11784e-06
-2.02176e-07
-1.06213e-06
-3.82322e-07
-9.636e-07
-5.73858e-07
-8.17183e-07
-7.68276e-07
-6.22038e-07
-9.48416e-07
-3.87827e-07
-1.07734e-06
-1.49223e-07
-1.06056e-06
-6.47975e-07
-8.73749e-08
5.06186e-07
-2.35539e-07
8.63153e-07
-3.93485e-07
9.23779e-07
-5.46664e-07
8.95191e-07
-6.91044e-07
8.3782e-07
-8.24694e-07
7.63709e-07
-9.46087e-07
6.74875e-07
-1.0537e-06
5.71444e-07
-1.14577e-06
4.52784e-07
-1.21996e-06
3.17632e-07
-1.27307e-06
1.64417e-07
-1.30101e-06
-9.05549e-09
-1.29638e-06
-2.06814e-07
-1.25107e-06
-4.27628e-07
-1.15483e-06
-6.70093e-07
-9.97302e-07
-9.25808e-07
-7.72518e-07
-1.1732e-06
-4.88903e-07
-1.36095e-06
-1.90357e-07
-1.35911e-06
-8.38332e-07
-9.69756e-08
6.03162e-07
-2.61473e-07
1.02765e-06
-4.3629e-07
1.09859e-06
-6.05474e-07
1.06438e-06
-7.65034e-07
9.97381e-07
-9.13418e-07
9.12093e-07
-1.0496e-06
8.11061e-07
-1.17265e-06
6.94491e-07
-1.28137e-06
5.61508e-07
-1.37395e-06
4.10208e-07
-1.44721e-06
2.37672e-07
-1.49788e-06
4.16238e-08
-1.51586e-06
-1.88841e-07
-1.49079e-06
-4.52699e-07
-1.40664e-06
-7.54236e-07
-1.24442e-06
-1.08803e-06
-9.88054e-07
-1.42957e-06
-6.40118e-07
-1.70889e-06
-2.54807e-07
-1.74442e-06
-1.09314e-06
-1.08606e-07
7.11768e-07
-2.92488e-07
1.21153e-06
-4.86799e-07
1.29291e-06
-6.73953e-07
1.25153e-06
-8.50134e-07
1.17356e-06
-1.01438e-06
1.07634e-06
-1.16644e-06
9.63117e-07
-1.30626e-06
8.34312e-07
-1.43367e-06
6.88918e-07
-1.54793e-06
5.24467e-07
-1.64715e-06
3.36896e-07
-1.72654e-06
1.21012e-07
-1.77938e-06
-1.36e-07
-1.79021e-06
-4.41871e-07
-1.73645e-06
-8.07992e-07
-1.58619e-06
-1.23829e-06
-1.30462e-06
-1.71113e-06
-8.7756e-07
-2.13595e-06
-3.6456e-07
-2.25742e-06
-1.4577e-06
-1.22916e-07
8.34684e-07
-3.29867e-07
1.41848e-06
-5.46487e-07
1.50953e-06
-7.53347e-07
1.45839e-06
-9.47065e-07
1.36728e-06
-1.12758e-06
1.25686e-06
-1.29573e-06
1.13127e-06
-1.45271e-06
9.91292e-07
-1.5998e-06
8.36009e-07
-1.73801e-06
6.62668e-07
-1.86733e-06
4.66217e-07
-1.98529e-06
2.38975e-07
-2.08724e-06
-3.40489e-08
-2.15672e-06
-3.72397e-07
-2.16496e-06
-7.9975e-07
-2.06304e-06
-1.34021e-06
-1.78429e-06
-1.98988e-06
-1.27401e-06
-2.64623e-06
-5.72315e-07
-2.95911e-06
-2.03001e-06
-1.41079e-07
9.75763e-07
-3.75808e-07
1.65321e-06
-6.17789e-07
1.75151e-06
-8.45678e-07
1.68628e-06
-1.05704e-06
1.57865e-06
-1.25321e-06
1.45303e-06
-1.43646e-06
1.31452e-06
-1.60956e-06
1.16439e-06
-1.77567e-06
1.00212e-06
-1.93825e-06
8.25243e-07
-2.10069e-06
6.28655e-07
-2.2648e-06
4.03092e-07
-2.43202e-06
1.33166e-07
-2.59096e-06
-2.1346e-07
-2.71183e-06
-6.7888e-07
-2.73002e-06
-1.32202e-06
-2.53115e-06
-2.18875e-06
-1.97333e-06
-3.20405e-06
-9.99602e-07
-3.93284e-06
-3.02962e-06
-1.65216e-07
1.14098e-06
-4.3408e-07
1.92208e-06
-7.04689e-07
2.02212e-06
-9.54141e-07
1.93573e-06
-1.18204e-06
1.80655e-06
-1.39184e-06
1.66282e-06
-1.58762e-06
1.5103e-06
-1.7739e-06
1.35067e-06
-1.95593e-06
1.18415e-06
-2.14015e-06
1.00946e-06
-2.3346e-06
8.23112e-07
-2.54896e-06
6.17449e-07
-2.7922e-06
3.76407e-07
-3.07691e-06
7.12424e-08
-3.38106e-06
-3.74721e-07
-3.64208e-06
-1.061e-06
-3.68517e-06
-2.14566e-06
-3.20008e-06
-3.68915e-06
-1.85866e-06
-5.27426e-06
-4.88828e-06
-1.99267e-07
1.34025e-06
-5.11196e-07
2.23401e-06
-8.13597e-07
2.32452e-06
-1.08356e-06
2.2057e-06
-1.32499e-06
2.04797e-06
-1.54458e-06
1.88241e-06
-1.74849e-06
1.71421e-06
-1.9428e-06
1.54498e-06
-2.13449e-06
1.37584e-06
-2.33278e-06
1.20775e-06
-2.55089e-06
1.04123e-06
-2.80834e-06
8.74894e-07
-3.13312e-06
7.01193e-07
-3.55739e-06
4.95509e-07
-4.11996e-06
1.87852e-07
-4.77339e-06
-4.07573e-07
-5.27116e-06
-1.64789e-06
-5.01203e-06
-3.94828e-06
-3.17953e-06
-7.10676e-06
-8.0678e-06
-2.50422e-07
1.59067e-06
-6.1874e-07
2.60232e-06
-9.55256e-07
2.66103e-06
-1.24103e-06
2.49147e-06
-1.4898e-06
2.29674e-06
-1.71307e-06
2.10568e-06
-1.91877e-06
1.91991e-06
-2.11363e-06
1.73984e-06
-2.30511e-06
1.56732e-06
-2.50357e-06
1.40621e-06
-2.72551e-06
1.26316e-06
-2.99907e-06
1.14845e-06
-3.37205e-06
1.07418e-06
-3.91964e-06
1.0431e-06
-4.72933e-06
9.9754e-07
-5.80004e-06
6.63134e-07
-6.75824e-06
-6.89689e-07
-6.64679e-06
-4.05972e-06
-4.23613e-06
-9.51743e-06
-1.23039e-05
-3.35809e-07
1.92648e-06
-7.76547e-07
3.04306e-06
-1.1412e-06
3.02569e-06
-1.43286e-06
2.78313e-06
-1.67949e-06
2.54337e-06
-1.8978e-06
2.32399e-06
-2.0964e-06
2.11851e-06
-2.28083e-06
1.92426e-06
-2.4569e-06
1.74339e-06
-2.63279e-06
1.58211e-06
-2.8231e-06
1.45347e-06
-3.05548e-06
1.38083e-06
-3.38593e-06
1.40462e-06
-3.91008e-06
1.56726e-06
-4.74436e-06
1.83182e-06
-5.89102e-06
1.8098e-06
-6.83601e-06
2.55305e-07
-6.61566e-06
-4.28007e-06
-4.11742e-06
-1.20157e-05
-1.64214e-05
-4.83956e-07
2.41043e-06
-1.04899e-06
3.60809e-06
-1.42144e-06
3.39814e-06
-1.67853e-06
3.04022e-06
-1.89532e-06
2.76016e-06
-2.08728e-06
2.51595e-06
-2.25489e-06
2.28613e-06
-2.39882e-06
2.06819e-06
-2.52262e-06
1.86719e-06
-2.6294e-06
1.68889e-06
-2.72563e-06
1.5497e-06
-2.82082e-06
1.47602e-06
-2.94609e-06
1.52989e-06
-3.15703e-06
1.7782e-06
-3.53274e-06
2.20753e-06
-4.04682e-06
2.32388e-06
-4.58359e-06
7.92068e-07
-4.32586e-06
-4.5378e-06
-3.01007e-06
-1.33315e-05
-1.94314e-05
-4.58107e-07
2.86854e-06
-1.22473e-06
4.37472e-06
-1.69244e-06
3.86584e-06
-1.95269e-06
3.30047e-06
-2.07939e-06
2.88686e-06
-2.12381e-06
2.56037e-06
-2.10993e-06
2.27225e-06
-2.05402e-06
2.01228e-06
-1.97275e-06
1.78591e-06
-1.86741e-06
1.58356e-06
-1.73999e-06
1.42227e-06
-1.57121e-06
1.30725e-06
-1.34605e-06
1.30472e-06
-1.02697e-06
1.45912e-06
-6.4232e-07
1.82288e-06
-2.63485e-07
1.94504e-06
-6.20867e-08
5.9067e-07
-4.04056e-07
-4.19583e-06
-3.08078e-07
-1.34274e-05
-1.97395e-05
-3.80323e-06
6.67177e-06
-3.54574e-06
4.11723e-06
-2.45237e-06
2.77247e-06
-1.42519e-06
2.27329e-06
-4.96071e-07
1.95774e-06
3.73952e-07
1.69035e-06
1.18158e-06
1.46462e-06
1.92784e-06
1.26603e-06
2.60558e-06
1.10817e-06
3.2252e-06
9.63945e-07
3.79252e-06
8.54942e-07
4.32862e-06
7.71152e-07
4.86514e-06
7.68205e-07
5.491e-06
8.33266e-07
6.37737e-06
9.36507e-07
7.5844e-06
7.38016e-07
8.24709e-06
-7.20198e-08
7.90769e-06
-3.85644e-06
4.52527e-06
-1.0045e-05
-1.52142e-05
6.67177e-06
1.0789e-05
1.35615e-05
1.58348e-05
1.77925e-05
1.94829e-05
2.09475e-05
2.22135e-05
2.33217e-05
2.42856e-05
2.51406e-05
2.59117e-05
2.66799e-05
2.75132e-05
2.84497e-05
2.91877e-05
2.91157e-05
2.52592e-05
1.52142e-05
)
;

boundaryField
{
    movingWall
    {
        type            calculated;
        value           uniform 0;
    }
    fixedWalls
    {
        type            calculated;
        value           uniform 0;
    }
    frontAndBack
    {
        type            empty;
        value           nonuniform List<scalar> 0();
    }
}


// ************************************************************************* //
