/*--------------------------------*- C++ -*----------------------------------*\
| =========                 |                                                 |
| \\      /  F ield         | OpenFOAM: The Open Source CFD Toolbox           |
|  \\    /   O peration     | Version:  2212                                  |
|   \\  /    A nd           | Website:  www.openfoam.com                      |
|    \\/     M anipulation  |                                                 |
\*---------------------------------------------------------------------------*/
FoamFile
{
    version     2.0;
    format      ascii;
    arch        "LSB;label=32;scalar=64";
    class       volScalarField;
    location    "1.895";
    object      p;
}
// * * * * * * * * * * * * * * * * * * * * * * * * * * * * * * * * * * * * * //

dimensions      [0 2 -2 0 0 0 0];

internalField   nonuniform List<scalar> 
400
(
3.02339e-08
-0.000122456
-0.000390443
-0.000771832
-0.0012517
-0.0017902
-0.00228914
-0.00258239
-0.00250151
-0.00190842
-0.000703359
0.00111721
0.00333587
0.00530376
0.00632165
0.00604185
0.00461925
0.00312374
0.00220084
0.00208905
0.000116793
-1.92077e-05
-0.000231595
-0.000518994
-0.000882176
-0.00133779
-0.00188022
-0.00241502
-0.00272591
-0.00253136
-0.00160593
7.15784e-05
0.00217496
0.00413829
0.0052591
0.00513418
0.00394131
0.00249526
0.00177709
0.00178768
0.000393874
0.000210237
-1.45895e-05
-0.000350603
-0.000886668
-0.00170868
-0.00281157
-0.00403223
-0.00504441
-0.00543898
-0.00489796
-0.00341353
-0.00127199
0.00101701
0.00275877
0.00337792
0.00283178
0.00177286
0.000921534
0.000852168
0.000721959
0.000444252
0.000118706
-0.000479993
-0.0015494
-0.00320717
-0.00536295
-0.00768814
-0.00971472
-0.0109534
-0.0110559
-0.00998631
-0.00792427
-0.00522913
-0.00248868
-0.000360321
0.000696781
0.000694704
6.07228e-05
-0.000533815
0.000799941
0.000417705
-0.00013921
-0.0012726
-0.00324838
-0.0061226
-0.0096313
-0.0132485
-0.0163929
-0.0185816
-0.0195035
-0.019023
-0.0172001
-0.0142475
-0.0105454
-0.00665964
-0.00333135
-0.00128186
-0.000845824
-0.00246437
0.000348125
-0.000170855
-0.00109081
-0.00297163
-0.00607121
-0.0102949
-0.0151279
-0.0198564
-0.023853
-0.0267093
-0.0282168
-0.0282479
-0.0267974
-0.0239804
-0.0199305
-0.0148784
-0.00941163
-0.00480261
-0.00280659
-0.00480952
-0.000826701
-0.00149994
-0.00285111
-0.00553546
-0.0097216
-0.0151032
-0.020915
-0.0263217
-0.0307242
-0.0338235
-0.035532
-0.0358287
-0.0347284
-0.0322889
-0.0284936
-0.0232419
-0.0166655
-0.00993733
-0.00592897
-0.0062593
-0.00271524
-0.00352224
-0.00527664
-0.00863753
-0.0136532
-0.0198114
-0.0261601
-0.031828
-0.0363028
-0.0394039
-0.0411293
-0.0415265
-0.0406524
-0.0385579
-0.0352072
-0.0303744
-0.0237978
-0.015989
-0.00957069
-0.00656769
-0.00508338
-0.00596169
-0.00801242
-0.0118163
-0.0173207
-0.0238646
-0.0303967
-0.0360732
-0.0404803
-0.043523
-0.0452391
-0.0456869
-0.0449292
-0.0430321
-0.0400314
-0.0357772
-0.0298308
-0.0220128
-0.0139182
-0.00813308
-0.00756679
-0.00843418
-0.0106367
-0.0146283
-0.0202966
-0.0269189
-0.0334237
-0.0390162
-0.0433523
-0.0463764
-0.0481235
-0.0486228
-0.0479123
-0.0460732
-0.0432322
-0.039406
-0.0342502
-0.0271698
-0.0189535
-0.0117339
-0.00981052
-0.0105969
-0.0127964
-0.0167451
-0.0223088
-0.0287903
-0.0351604
-0.0406644
-0.0449767
-0.0480333
-0.0498402
-0.0503895
-0.0496871
-0.0478149
-0.0449744
-0.0413572
-0.0368801
-0.0307995
-0.0234548
-0.0160015
-0.0115819
-0.0122161
-0.0142741
-0.0179689
-0.0231976
-0.0293624
-0.0355323
-0.0409739
-0.0453193
-0.0484508
-0.0503305
-0.0509192
-0.0501913
-0.0482305
-0.0452848
-0.0416925
-0.0376968
-0.0324891
-0.0262017
-0.0190051
-0.0128208
-0.0132114
-0.0149453
-0.0181928
-0.022895
-0.0286014
-0.0345178
-0.0399138
-0.0443367
-0.0475768
-0.0495358
-0.050145
-0.0493685
-0.0472917
-0.0441872
-0.0404597
-0.0367393
-0.0320471
-0.0266252
-0.0196474
-0.0135558
-0.013635
-0.0148438
-0.0174031
-0.0213844
-0.0265127
-0.0321254
-0.0374801
-0.0420164
-0.0454066
-0.0474728
-0.048109
-0.0472812
-0.0450633
-0.0417659
-0.0378714
-0.0340874
-0.0295418
-0.0250216
-0.0176505
-0.0138613
-0.0136093
-0.0141053
-0.0157304
-0.0188038
-0.0232367
-0.0284882
-0.033795
-0.038478
-0.0420719
-0.0443009
-0.0450078
-0.0441455
-0.0417818
-0.0382702
-0.0341202
-0.0300553
-0.0254816
-0.0221209
-0.0128908
-0.0138517
-0.0133082
-0.0128527
-0.0133085
-0.0153285
-0.0189887
-0.023844
-0.0291016
-0.0339663
-0.0378276
-0.0402991
-0.0411563
-0.0403453
-0.0378857
-0.0341594
-0.0296655
-0.0251716
-0.0203996
-0.0177074
-0.00394798
-0.0136122
-0.0128598
-0.0112206
-0.0104045
-0.0113452
-0.014257
-0.0187456
-0.0239736
-0.0290536
-0.0332426
-0.0360454
-0.0371446
-0.0364596
-0.0340409
-0.0301231
-0.0251356
-0.0197904
-0.0139494
-0.0088065
0.0140262
-0.0140715
-0.0124469
-0.00910824
-0.00704004
-0.0070912
-0.00947471
-0.0137511
-0.0190277
-0.0243784
-0.0289594
-0.032204
-0.0336973
-0.0333021
-0.0309547
-0.0268293
-0.0210081
-0.0136969
-0.00358791
0.0122418
0.0531016
-0.0118232
-0.0123495
-0.00740183
-0.00402563
-0.00345968
-0.00563698
-0.00991497
-0.0153395
-0.0209959
-0.0259698
-0.0296824
-0.0316414
-0.0316795
-0.0295125
-0.0249928
-0.0172941
-0.00524445
0.0160538
0.0549519
0.124771
-0.0295431
-0.0117134
-0.00298728
0.00017073
0.000100183
-0.00244001
-0.00696144
-0.0126331
-0.0185615
-0.0238259
-0.0278358
-0.0300904
-0.0303827
-0.0282602
-0.0230533
-0.0126357
0.00720884
0.0467563
0.117509
0.221232
)
;

boundaryField
{
    movingWall
    {
        type            zeroGradient;
    }
    fixedWalls
    {
        type            zeroGradient;
    }
    frontAndBack
    {
        type            empty;
    }
}


// ************************************************************************* //
