/*--------------------------------*- C++ -*----------------------------------*\
| =========                 |                                                 |
| \\      /  F ield         | OpenFOAM: The Open Source CFD Toolbox           |
|  \\    /   O peration     | Version:  2212                                  |
|   \\  /    A nd           | Website:  www.openfoam.com                      |
|    \\/     M anipulation  |                                                 |
\*---------------------------------------------------------------------------*/
FoamFile
{
    version     2.0;
    format      ascii;
    arch        "LSB;label=32;scalar=64";
    class       volScalarField;
    location    "4.335";
    object      p;
}
// * * * * * * * * * * * * * * * * * * * * * * * * * * * * * * * * * * * * * //

dimensions      [0 2 -2 0 0 0 0];

internalField   nonuniform List<scalar> 
400
(
1.58589e-07
-0.000150054
-0.000531232
-0.00106484
-0.00172133
-0.00247719
-0.00316369
-0.00357362
-0.00354065
-0.00291119
-0.0015315
0.000626685
0.00324904
0.0055147
0.006549
0.00596376
0.00406696
0.00222768
0.00119068
0.00111923
0.000116487
-5.68677e-05
-0.000373213
-0.000758214
-0.00123576
-0.00187543
-0.00268647
-0.00351578
-0.0040465
-0.00390447
-0.00281836
-0.000806591
0.00169945
0.00397162
0.00514903
0.00479095
0.00317622
0.00145685
0.000676185
0.000763147
0.000533069
0.000264405
-7.50465e-05
-0.000554349
-0.00133613
-0.0025584
-0.00418096
-0.00592787
-0.00733257
-0.0078689
-0.00719458
-0.00540266
-0.00284353
-0.00015222
0.00183904
0.00248951
0.00178826
0.000589873
-0.000307267
-0.000308808
0.00114102
0.000733793
0.000190157
-0.000767253
-0.00242666
-0.00488751
-0.00791303
-0.0110062
-0.0135632
-0.0150234
-0.015054
-0.0136979
-0.0111692
-0.00792252
-0.00465808
-0.00212058
-0.000781454
-0.000616705
-0.00119793
-0.00182927
0.00155963
0.000956747
-2.7339e-05
-0.00190601
-0.00495309
-0.00907983
-0.0137618
-0.0182786
-0.0219754
-0.0243875
-0.0252565
-0.0244627
-0.022129
-0.0185417
-0.0141362
-0.00951728
-0.00547826
-0.00285266
-0.00210569
-0.00392206
0.00126161
0.000423492
-0.00119645
-0.00426318
-0.00890585
-0.0147122
-0.020833
-0.0264099
-0.0308327
-0.0337848
-0.0351388
-0.034795
-0.0328347
-0.0294023
-0.0246354
-0.0187508
-0.012346
-0.00683092
-0.00430483
-0.00641727
-7.76339e-05
-0.00116286
-0.00348099
-0.0077195
-0.0137754
-0.0208679
-0.027901
-0.0339915
-0.0386455
-0.0417027
-0.0431712
-0.0430723
-0.0414717
-0.0384356
-0.033938
-0.0278594
-0.0203152
-0.0125455
-0.00774133
-0.00765139
-0.00246412
-0.00373857
-0.00665089
-0.0117907
-0.0188195
-0.0266557
-0.034074
-0.0402531
-0.0448434
-0.0478107
-0.0492454
-0.0492438
-0.0478845
-0.0452122
-0.0411743
-0.0355334
-0.0280252
-0.0191581
-0.0116837
-0.00788967
-0.00552514
-0.00688344
-0.0101802
-0.0158516
-0.0233768
-0.0314894
-0.0389342
-0.0449861
-0.0494153
-0.0522641
-0.0536562
-0.0537
-0.0524704
-0.050023
-0.0463629
-0.0413257
-0.0344899
-0.0256713
-0.0165251
-0.00987662
-0.00869231
-0.0100242
-0.0134795
-0.0193297
-0.0269541
-0.0350269
-0.0423248
-0.0482018
-0.0524954
-0.0552726
-0.0566528
-0.0567248
-0.0555528
-0.0532062
-0.0497608
-0.0451972
-0.039192
-0.0311909
-0.0220828
-0.0141673
-0.011439
-0.0126721
-0.0160749
-0.0218128
-0.0292417
-0.0370901
-0.0441947
-0.0499401
-0.0541712
-0.0569364
-0.0583312
-0.058422
-0.0572603
-0.0549212
-0.0515412
-0.0472427
-0.041952
-0.0350158
-0.0269211
-0.0189585
-0.0134709
-0.0145195
-0.0176991
-0.0230635
-0.0300563
-0.0375543
-0.0444742
-0.0501766
-0.0544418
-0.0572654
-0.0587045
-0.0588059
-0.0576126
-0.0552013
-0.05176
-0.0475243
-0.0427286
-0.0366909
-0.0297485
-0.0221779
-0.0147554
-0.0154683
-0.0181993
-0.0229691
-0.0293361
-0.0363919
-0.0431452
-0.0488932
-0.0532951
-0.0562549
-0.0577764
-0.0578836
-0.0566149
-0.0540688
-0.050459
-0.0460836
-0.0415314
-0.0359776
-0.0299734
-0.0226783
-0.0153889
-0.0156326
-0.0176447
-0.0215372
-0.0270764
-0.0335976
-0.04019
-0.046057
-0.0507003
-0.0538925
-0.0555611
-0.0557024
-0.0543341
-0.0515839
-0.0477088
-0.0430926
-0.038384
-0.0329029
-0.0279096
-0.0201266
-0.0155023
-0.0152246
-0.0162369
-0.0189287
-0.0234075
-0.0292808
-0.0356999
-0.0417466
-0.0467334
-0.0502657
-0.0521649
-0.0523732
-0.0509319
-0.0479328
-0.0437036
-0.0386822
-0.0335542
-0.0279503
-0.0241399
-0.0143367
-0.0152151
-0.0144946
-0.0141966
-0.0153287
-0.018524
-0.0236424
-0.0298704
-0.0361414
-0.0415628
-0.0455487
-0.0477963
-0.0481783
-0.0467196
-0.0434906
-0.0388575
-0.0332827
-0.0275493
-0.0216403
-0.0181151
-0.00391135
-0.0146145
-0.0135813
-0.011682
-0.011052
-0.0128859
-0.0172384
-0.0232929
-0.0298213
-0.0357436
-0.0402843
-0.0430097
-0.0436961
-0.0423381
-0.0389692
-0.0339195
-0.0275841
-0.0207282
-0.0134368
-0.00701404
0.0158503
-0.0145577
-0.0126413
-0.00866211
-0.00627127
-0.00693038
-0.0107075
-0.016689
-0.0235067
-0.0299652
-0.0351268
-0.0384471
-0.0395804
-0.0384746
-0.0351419
-0.0297281
-0.0222739
-0.0130379
-0.000986255
0.0163327
0.0567618
-0.0117916
-0.0118403
-0.0057838
-0.00186971
-0.00185379
-0.00544398
-0.0115293
-0.0186662
-0.0256254
-0.0313556
-0.0352819
-0.0369757
-0.0363408
-0.0331033
-0.0271129
-0.0175988
-0.00337977
0.0201208
0.0602914
0.129485
-0.0295057
-0.0106559
-0.000692219
0.00295958
0.00233004
-0.00162818
-0.00798774
-0.0154396
-0.0227602
-0.0288734
-0.033179
-0.035225
-0.0348759
-0.0317169
-0.0251162
-0.0129049
0.00920772
0.0508305
0.122509
0.225774
)
;

boundaryField
{
    movingWall
    {
        type            zeroGradient;
    }
    fixedWalls
    {
        type            zeroGradient;
    }
    frontAndBack
    {
        type            empty;
    }
}


// ************************************************************************* //
