/*--------------------------------*- C++ -*----------------------------------*\
| =========                 |                                                 |
| \\      /  F ield         | OpenFOAM: The Open Source CFD Toolbox           |
|  \\    /   O peration     | Version:  2212                                  |
|   \\  /    A nd           | Website:  www.openfoam.com                      |
|    \\/     M anipulation  |                                                 |
\*---------------------------------------------------------------------------*/
FoamFile
{
    version     2.0;
    format      ascii;
    arch        "LSB;label=32;scalar=64";
    class       surfaceScalarField;
    location    "2.67";
    object      phi;
}
// * * * * * * * * * * * * * * * * * * * * * * * * * * * * * * * * * * * * * //

dimensions      [0 3 -1 0 0 0 0];

oriented        oriented;

internalField   nonuniform List<scalar> 
760
(
1.3736e-07
-1.3736e-07
2.54258e-07
-1.16898e-07
2.62329e-07
-8.07162e-09
1.39171e-07
1.23158e-07
-1.49903e-07
2.89074e-07
-6.62483e-07
5.1258e-07
-1.42862e-06
7.66141e-07
-2.37393e-06
9.45309e-07
-3.31559e-06
9.41652e-07
-4.03404e-06
7.18459e-07
-4.36319e-06
3.29148e-07
-4.2077e-06
-1.55496e-07
-3.50308e-06
-7.0461e-07
-2.35477e-06
-1.14831e-06
-9.80863e-07
-1.37391e-06
2.59901e-07
-1.24076e-06
9.94877e-07
-7.34975e-07
9.69096e-07
2.57804e-08
4.36976e-07
5.3212e-07
4.36975e-07
9.53061e-08
-2.32666e-07
2.38092e-08
-4.54017e-08
-3.3558e-07
3.51318e-07
-1.07056e-06
8.5814e-07
-2.22738e-06
1.44589e-06
-3.7411e-06
2.0263e-06
-5.38987e-06
2.41491e-06
-6.88089e-06
2.43633e-06
-7.9898e-06
2.05056e-06
-8.59991e-06
1.32856e-06
-8.66066e-06
3.89902e-07
-8.14427e-06
-6.71887e-07
-7.08115e-06
-1.76773e-06
-5.50108e-06
-2.72839e-06
-3.54157e-06
-3.33341e-06
-1.49582e-06
-3.28651e-06
1.22139e-07
-2.35294e-06
8.01412e-07
-6.53493e-07
4.99892e-07
8.33639e-07
9.36868e-07
-1.44315e-07
-8.83516e-08
-6.37468e-07
4.4775e-07
-1.57196e-06
1.28581e-06
-2.99213e-06
2.27831e-06
-4.79789e-06
3.25164e-06
-6.72319e-06
3.95161e-06
-8.46789e-06
4.15961e-06
-9.84567e-06
3.81411e-06
-1.07944e-05
2.99926e-06
-1.13016e-05
1.83583e-06
-1.13227e-05
4.10995e-07
-1.08947e-05
-1.09995e-06
-1.00056e-05
-2.6568e-06
-8.60266e-06
-4.13131e-06
-6.66495e-06
-5.27112e-06
-4.28073e-06
-5.67073e-06
-1.83591e-06
-4.79776e-06
-9.73329e-08
-2.39207e-06
2.85646e-07
4.5066e-07
1.22251e-06
-4.8012e-07
3.91768e-07
-1.48359e-06
1.45122e-06
-2.94818e-06
2.7504e-06
-4.80029e-06
4.13043e-06
-6.81148e-06
5.26283e-06
-8.69206e-06
5.83218e-06
-1.02359e-05
5.7035e-06
-1.13858e-05
4.96397e-06
-1.21628e-05
3.77629e-06
-1.25993e-05
2.27231e-06
-1.2684e-05
4.95696e-07
-1.24655e-05
-1.31845e-06
-1.19131e-05
-3.20923e-06
-1.09262e-05
-5.11823e-06
-9.37588e-06
-6.82141e-06
-7.14044e-06
-7.90618e-06
-4.26259e-06
-7.67561e-06
-1.34194e-06
-5.31272e-06
1.1493e-07
-1.00621e-06
1.33744e-06
-8.07421e-07
1.19919e-06
-2.21513e-06
2.85893e-06
-3.97953e-06
4.5148e-06
-5.93308e-06
6.08398e-06
-7.81571e-06
7.14546e-06
-9.40437e-06
7.42084e-06
-1.06085e-05
6.90767e-06
-1.14437e-05
5.79909e-06
-1.1967e-05
4.29963e-06
-1.22495e-05
2.55477e-06
-1.23761e-05
6.22309e-07
-1.23458e-05
-1.3487e-06
-1.21465e-05
-3.40859e-06
-1.16979e-05
-5.56684e-06
-1.08154e-05
-7.70386e-06
-9.21604e-06
-9.50554e-06
-6.61422e-06
-1.02774e-05
-3.11972e-06
-8.80721e-06
-2.57719e-07
-3.86821e-06
1.07972e-06
-1.00887e-06
2.20806e-06
-2.60315e-06
4.45322e-06
-4.40042e-06
6.31207e-06
-6.19044e-06
7.874e-06
-7.75544e-06
8.71046e-06
-8.95486e-06
8.62027e-06
-9.76955e-06
7.72235e-06
-1.0256e-05
6.28551e-06
-1.05008e-05
4.5445e-06
-1.06039e-05
2.65786e-06
-1.06851e-05
7.03479e-07
-1.0747e-05
-1.28681e-06
-1.07988e-05
-3.35678e-06
-1.08105e-05
-5.55512e-06
-1.06258e-05
-7.88858e-06
-9.91649e-06
-1.02148e-05
-8.19776e-06
-1.19962e-05
-5.07651e-06
-1.19285e-05
-1.12106e-06
-7.82366e-06
-4.13365e-08
-1.02771e-06
3.23577e-06
-2.57934e-06
6.00485e-06
-4.20116e-06
7.93388e-06
-5.68997e-06
9.36281e-06
-6.88611e-06
9.90659e-06
-7.71445e-06
9.44861e-06
-8.19884e-06
8.20674e-06
-8.41914e-06
6.50581e-06
-8.4771e-06
4.60246e-06
-8.47272e-06
2.65348e-06
-8.49418e-06
7.24936e-07
-8.56896e-06
-1.21202e-06
-8.71686e-06
-3.20888e-06
-8.94944e-06
-5.32253e-06
-9.2047e-06
-7.63333e-06
-9.24218e-06
-1.01774e-05
-8.53954e-06
-1.26988e-05
-6.35957e-06
-1.41084e-05
-2.34099e-06
-1.18422e-05
-2.38232e-06
-8.65353e-07
4.10112e-06
-2.19811e-06
7.33761e-06
-3.52903e-06
9.2648e-06
-4.67692e-06
1.05107e-05
-5.53659e-06
1.07663e-05
-6.07962e-06
9.99163e-06
-6.35224e-06
8.47936e-06
-6.44031e-06
6.59388e-06
-6.44043e-06
4.60258e-06
-6.43031e-06
2.64336e-06
-6.45182e-06
7.46449e-07
-6.52554e-06
-1.1383e-06
-6.67653e-06
-3.05789e-06
-6.93924e-06
-5.05982e-06
-7.32989e-06
-7.24268e-06
-7.74725e-06
-9.76001e-06
-7.76633e-06
-1.26797e-05
-6.56997e-06
-1.53048e-05
-3.47001e-06
-1.49422e-05
-5.85234e-06
-5.7731e-07
4.67843e-06
-1.58255e-06
8.34285e-06
-2.57678e-06
1.0259e-05
-3.3948e-06
1.13287e-05
-3.97633e-06
1.13478e-05
-4.32304e-06
1.03383e-05
-4.48664e-06
8.64297e-06
-4.54264e-06
6.64988e-06
-4.56475e-06
4.62469e-06
-4.60016e-06
2.67877e-06
-4.66112e-06
8.07408e-07
-4.75472e-06
-1.0447e-06
-4.89471e-06
-2.9179e-06
-5.11602e-06
-4.83851e-06
-5.48057e-06
-6.87813e-06
-5.99877e-06
-9.24181e-06
-6.43146e-06
-1.2247e-05
-6.02154e-06
-1.57147e-05
-3.83974e-06
-1.7124e-05
-9.69207e-06
-2.14343e-07
4.89277e-06
-8.39818e-07
8.96833e-06
-1.48722e-06
1.09064e-05
-2.00352e-06
1.1845e-05
-2.35709e-06
1.17014e-05
-2.56749e-06
1.05487e-05
-2.67981e-06
8.75528e-06
-2.74621e-06
6.71628e-06
-2.81193e-06
4.69041e-06
-2.89988e-06
2.76672e-06
-3.01172e-06
9.19254e-07
-3.14569e-06
-9.10736e-07
-3.30385e-06
-2.75974e-06
-3.5048e-06
-4.63756e-06
-3.8116e-06
-6.57133e-06
-4.31293e-06
-8.74047e-06
-4.94005e-06
-1.16199e-05
-5.06341e-06
-1.55914e-05
-3.51368e-06
-1.86737e-05
-1.32058e-05
1.51217e-07
4.74156e-06
-6.79983e-08
9.18754e-06
-3.88503e-07
1.12269e-05
-6.33109e-07
1.20896e-05
-7.84743e-07
1.1853e-05
-8.72547e-07
1.06365e-05
-9.35609e-07
8.81835e-06
-1.00616e-06
6.78683e-06
-1.10006e-06
4.78432e-06
-1.22335e-06
2.89e-06
-1.3755e-06
1.07141e-06
-1.55665e-06
-7.29591e-07
-1.76525e-06
-2.55114e-06
-2.00454e-06
-4.39827e-06
-2.31229e-06
-6.26358e-06
-2.79685e-06
-8.25591e-06
-3.51576e-06
-1.0901e-05
-4.00154e-06
-1.51056e-05
-3.00762e-06
-1.96676e-05
-1.62134e-05
4.59619e-07
4.28194e-06
6.44513e-07
9.00265e-06
6.85136e-07
1.11863e-05
7.21531e-07
1.20532e-05
7.69482e-07
1.1805e-05
8.0098e-07
1.0605e-05
7.93554e-07
8.82577e-06
7.38745e-07
6.84164e-06
6.39553e-07
4.88351e-06
5.01615e-07
3.02794e-06
3.23438e-07
1.24958e-06
1.0068e-07
-5.06832e-07
-1.70704e-07
-2.27975e-06
-4.96059e-07
-4.07292e-06
-8.87692e-07
-5.87195e-06
-1.4061e-06
-7.73751e-06
-2.2041e-06
-1.0103e-05
-2.9672e-06
-1.43425e-05
-2.46825e-06
-2.01666e-05
-1.86816e-05
6.88995e-07
3.59294e-06
1.24886e-06
8.44278e-06
1.62455e-06
1.08106e-05
1.94845e-06
1.17293e-05
2.22452e-06
1.1529e-05
2.41519e-06
1.04144e-05
2.50658e-06
8.73438e-06
2.50885e-06
6.83936e-06
2.43928e-06
4.95308e-06
2.30932e-06
3.1579e-06
2.11581e-06
1.44309e-06
1.84542e-06
-2.36438e-07
1.4978e-06
-1.93213e-06
1.06726e-06
-3.64239e-06
5.47049e-07
-5.35173e-06
-1.2492e-07
-7.06554e-06
-1.00317e-06
-9.22474e-06
-1.97083e-06
-1.33748e-05
-1.94992e-06
-2.01875e-05
-2.06315e-05
7.88083e-07
2.80486e-06
1.66353e-06
7.56733e-06
2.3697e-06
1.01045e-05
2.99467e-06
1.11044e-05
3.53938e-06
1.09843e-05
3.95299e-06
1.00008e-05
4.21244e-06
8.47492e-06
4.32947e-06
6.72233e-06
4.32929e-06
4.95327e-06
4.23048e-06
3.25671e-06
4.03338e-06
1.64019e-06
3.71719e-06
7.97542e-08
3.28529e-06
-1.50023e-06
2.72274e-06
-3.07984e-06
2.02851e-06
-4.65751e-06
1.21456e-06
-6.25158e-06
1.79074e-07
-8.18926e-06
-1.03736e-06
-1.21584e-05
-1.46511e-06
-1.97598e-05
-2.20967e-05
7.24516e-07
2.08035e-06
1.78331e-06
6.50855e-06
2.7698e-06
9.11796e-06
3.71206e-06
1.01621e-05
4.57535e-06
1.0121e-05
5.28694e-06
9.28918e-06
5.80011e-06
7.96175e-06
6.11357e-06
6.40887e-06
6.24873e-06
4.81811e-06
6.2266e-06
3.27883e-06
6.04969e-06
1.8171e-06
5.70897e-06
4.20472e-07
5.18394e-06
-9.75198e-07
4.47612e-06
-2.37202e-06
3.58026e-06
-3.76165e-06
2.52713e-06
-5.19845e-06
1.26429e-06
-6.92641e-06
-2.28608e-07
-1.06655e-05
-9.68407e-07
-1.902e-05
-2.30651e-05
5.13443e-07
1.5669e-06
1.59025e-06
5.43174e-06
2.84655e-06
7.86166e-06
4.13802e-06
8.87063e-06
5.36843e-06
8.89058e-06
6.43416e-06
8.22345e-06
7.26196e-06
7.13395e-06
7.83278e-06
5.83805e-06
8.15693e-06
4.49396e-06
8.25227e-06
3.18349e-06
8.12624e-06
1.94313e-06
7.77812e-06
7.68592e-07
7.16564e-06
-3.62715e-07
6.30766e-06
-1.51404e-06
5.19427e-06
-2.64826e-06
3.87344e-06
-3.87763e-06
2.39951e-06
-5.45248e-06
8.21731e-07
-9.08771e-06
-2.08875e-07
-1.79893e-05
-2.32739e-05
1.13869e-07
1.45303e-06
8.97369e-07
4.64824e-06
2.27426e-06
6.48477e-06
3.90892e-06
7.23597e-06
5.56737e-06
7.23212e-06
7.06299e-06
6.72784e-06
8.28566e-06
5.91128e-06
9.19887e-06
4.92484e-06
9.79331e-06
3.89952e-06
1.00807e-05
2.89614e-06
1.00652e-05
1.95863e-06
9.75408e-06
1.07966e-06
9.11665e-06
2.74714e-07
8.15499e-06
-5.52378e-07
6.88039e-06
-1.37366e-06
5.34453e-06
-2.34176e-06
3.70361e-06
-3.81156e-06
2.11188e-06
-7.49598e-06
6.02385e-07
-1.64799e-05
-2.26716e-05
-4.92704e-07
1.94573e-06
1.35105e-07
4.02043e-06
1.55805e-06
5.06182e-06
3.49148e-06
5.30253e-06
5.54253e-06
5.18107e-06
7.43151e-06
4.83886e-06
9.01519e-06
4.32761e-06
1.02462e-05
3.6938e-06
1.11005e-05
3.0452e-06
1.15938e-05
2.40286e-06
1.17292e-05
1.82324e-06
1.15283e-05
1.28062e-06
1.10054e-05
7.97608e-07
1.01515e-05
3.01492e-07
8.97655e-06
-1.98708e-07
7.54126e-06
-9.06471e-07
6.03685e-06
-2.30716e-06
4.32856e-06
-5.78769e-06
2.00171e-06
-1.4153e-05
-2.06698e-05
-4.15515e-06
6.10089e-06
-3.64653e-06
3.51181e-06
-1.34745e-06
2.76274e-06
1.33098e-06
2.6241e-06
3.95795e-06
2.5541e-06
6.4007e-06
2.39612e-06
8.55178e-06
2.17652e-06
1.03495e-05
1.89606e-06
1.17721e-05
1.62262e-06
1.28418e-05
1.33313e-06
1.35734e-05
1.09169e-06
1.40093e-05
8.44733e-07
1.41422e-05
6.64714e-07
1.39897e-05
4.53965e-07
1.35302e-05
2.60792e-07
1.27789e-05
-1.55159e-07
1.17459e-05
-1.27415e-06
1.00345e-05
-4.07633e-06
5.60567e-06
-9.72417e-06
-1.50642e-05
6.10089e-06
9.6127e-06
1.23754e-05
1.49995e-05
1.75536e-05
1.99498e-05
2.21263e-05
2.40223e-05
2.5645e-05
2.69781e-05
2.80698e-05
2.89145e-05
2.95792e-05
3.00332e-05
3.0294e-05
3.01388e-05
2.88647e-05
2.47883e-05
1.50642e-05
)
;

boundaryField
{
    movingWall
    {
        type            calculated;
        value           uniform 0;
    }
    fixedWalls
    {
        type            calculated;
        value           uniform 0;
    }
    frontAndBack
    {
        type            empty;
        value           nonuniform List<scalar> 0();
    }
}


// ************************************************************************* //
