/*--------------------------------*- C++ -*----------------------------------*\
| =========                 |                                                 |
| \\      /  F ield         | OpenFOAM: The Open Source CFD Toolbox           |
|  \\    /   O peration     | Version:  2212                                  |
|   \\  /    A nd           | Website:  www.openfoam.com                      |
|    \\/     M anipulation  |                                                 |
\*---------------------------------------------------------------------------*/
FoamFile
{
    version     2.0;
    format      ascii;
    arch        "LSB;label=32;scalar=64";
    class       surfaceScalarField;
    location    "1.23";
    object      phi;
}
// * * * * * * * * * * * * * * * * * * * * * * * * * * * * * * * * * * * * * //

dimensions      [0 3 -1 0 0 0 0];

oriented        oriented;

internalField   nonuniform List<scalar> 
760
(
1.12706e-08
-1.12706e-08
-3.3993e-08
4.52635e-08
-1.16519e-07
8.25256e-08
-2.33355e-07
1.16836e-07
-4.02679e-07
1.69324e-07
-6.48036e-07
2.45357e-07
-9.84719e-07
3.36682e-07
-1.40414e-06
4.19423e-07
-1.85772e-06
4.53583e-07
-2.25415e-06
3.96421e-07
-2.48316e-06
2.29011e-07
-2.46327e-06
-1.98881e-08
-2.11119e-06
-3.52075e-07
-1.48148e-06
-6.29717e-07
-7.0964e-07
-7.71837e-07
-4.70916e-09
-7.04931e-07
4.41354e-07
-4.46064e-07
4.76757e-07
-3.54029e-08
2.27742e-07
2.49015e-07
2.27742e-07
-9.49941e-08
8.37235e-08
-3.24556e-07
2.74825e-07
-6.38689e-07
3.96659e-07
-1.03897e-06
5.1712e-07
-1.55452e-06
6.84866e-07
-2.20796e-06
8.98803e-07
-2.98696e-06
1.11568e-06
-3.82435e-06
1.25681e-06
-4.59854e-06
1.22777e-06
-5.16229e-06
9.60176e-07
-5.39445e-06
4.61165e-07
-5.21826e-06
-1.96078e-07
-4.60413e-06
-9.66204e-07
-3.59122e-06
-1.64262e-06
-2.30629e-06
-2.05677e-06
-9.80796e-07
-2.03042e-06
2.78431e-08
-1.4547e-06
4.61172e-07
-4.68731e-07
2.97462e-07
4.12725e-07
5.25204e-07
-2.26949e-07
3.10672e-07
-6.59618e-07
7.07495e-07
-1.20593e-06
9.42971e-07
-1.86805e-06
1.17924e-06
-2.67486e-06
1.49167e-06
-3.63599e-06
1.85993e-06
-4.71369e-06
2.19338e-06
-5.81116e-06
2.35429e-06
-6.78556e-06
2.20217e-06
-7.48734e-06
1.66195e-06
-7.8037e-06
7.77529e-07
-7.67264e-06
-3.27142e-07
-7.08508e-06
-1.55376e-06
-6.0332e-06
-2.6945e-06
-4.55596e-06
-3.53402e-06
-2.79704e-06
-3.78934e-06
-1.09323e-06
-3.15851e-06
1.48211e-08
-1.57679e-06
2.29283e-07
1.98264e-07
7.54486e-07
-3.47616e-07
6.58288e-07
-9.58708e-07
1.31859e-06
-1.70118e-06
1.68544e-06
-2.57681e-06
2.05487e-06
-3.61683e-06
2.53169e-06
-4.82716e-06
3.07026e-06
-6.15629e-06
3.52251e-06
-7.4811e-06
3.6791e-06
-8.63494e-06
3.35601e-06
-9.47578e-06
2.50279e-06
-9.91691e-06
1.21866e-06
-9.90188e-06
-3.42164e-07
-9.47499e-06
-1.98065e-06
-8.583e-06
-3.5865e-06
-7.16327e-06
-4.95374e-06
-5.20192e-06
-5.75069e-06
-2.87808e-06
-5.48235e-06
-7.78839e-07
-3.67603e-06
1.41068e-07
-7.21643e-07
8.95554e-07
-4.36594e-07
1.09488e-06
-1.17907e-06
2.06107e-06
-2.06657e-06
2.57294e-06
-3.10231e-06
3.0906e-06
-4.3209e-06
3.75028e-06
-5.71912e-06
4.46849e-06
-7.21278e-06
5.01618e-06
-8.63345e-06
5.09977e-06
-9.8003e-06
4.52286e-06
-1.06156e-05
3.31806e-06
-1.10659e-05
1.66893e-06
-1.1114e-05
-2.94043e-07
-1.08846e-05
-2.21005e-06
-1.03031e-05
-4.16793e-06
-9.24555e-06
-6.01133e-06
-7.5417e-06
-7.45454e-06
-5.06378e-06
-7.96026e-06
-2.12947e-06
-6.61034e-06
-1.04852e-07
-2.74626e-06
7.90702e-07
-4.79769e-07
1.57465e-06
-1.29301e-06
2.8743e-06
-2.2622e-06
3.54213e-06
-3.38563e-06
4.21403e-06
-4.68627e-06
5.05092e-06
-6.12859e-06
5.91081e-06
-7.58192e-06
6.46951e-06
-8.85763e-06
6.37548e-06
-9.81253e-06
5.47775e-06
-1.04197e-05
3.9252e-06
-1.07375e-05
1.98673e-06
-1.083e-05
-2.01455e-07
-1.07553e-05
-2.2848e-06
-1.05104e-05
-4.41281e-06
-9.9886e-06
-6.53314e-06
-8.92803e-06
-8.51511e-06
-6.96625e-06
-9.92204e-06
-3.93138e-06
-9.64522e-06
-7.33449e-07
-5.94419e-06
5.72533e-08
-4.67282e-07
2.04193e-06
-1.27853e-06
3.68555e-06
-2.24744e-06
4.51105e-06
-3.35234e-06
5.31893e-06
-4.58835e-06
6.28693e-06
-5.88635e-06
7.2088e-06
-7.09984e-06
7.683e-06
-8.07272e-06
7.34836e-06
-8.72684e-06
6.13188e-06
-9.08542e-06
4.28377e-06
-9.22845e-06
2.12976e-06
-9.29596e-06
-1.33944e-07
-9.2721e-06
-2.30866e-06
-9.24272e-06
-4.4422e-06
-9.19141e-06
-6.58446e-06
-8.89037e-06
-8.81616e-06
-7.85595e-06
-1.09565e-05
-5.49661e-06
-1.20046e-05
-1.77887e-06
-9.66193e-06
-1.72162e-06
-3.96563e-07
2.4385e-06
-1.12768e-06
4.41666e-06
-2.00633e-06
5.3897e-06
-2.98056e-06
6.29316e-06
-4.01858e-06
7.32495e-06
-5.04391e-06
8.23414e-06
-5.93842e-06
8.57751e-06
-6.60554e-06
8.01548e-06
-7.02097e-06
6.54731e-06
-7.22663e-06
4.48944e-06
-7.29173e-06
2.19486e-06
-7.30359e-06
-1.22084e-07
-7.27719e-06
-2.33507e-06
-7.30151e-06
-4.41787e-06
-7.45615e-06
-6.42982e-06
-7.66613e-06
-8.60617e-06
-7.48128e-06
-1.11413e-05
-6.09153e-06
-1.33943e-05
-2.88876e-06
-1.28647e-05
-4.61038e-06
-2.76777e-07
2.71527e-06
-8.57178e-07
4.99707e-06
-1.56821e-06
6.10073e-06
-2.32719e-06
7.05214e-06
-3.08599e-06
8.08374e-06
-3.78824e-06
8.93639e-06
-4.37024e-06
9.15952e-06
-4.7982e-06
8.44343e-06
-5.08234e-06
6.83145e-06
-5.25572e-06
4.66282e-06
-5.35325e-06
2.29239e-06
-5.38286e-06
-9.24793e-08
-5.38102e-06
-2.33691e-06
-5.39829e-06
-4.4006e-06
-5.56151e-06
-6.2666e-06
-5.9513e-06
-8.21639e-06
-6.29377e-06
-1.07988e-05
-5.7642e-06
-1.39239e-05
-3.51402e-06
-1.51149e-05
-8.12439e-06
-1.28069e-07
2.84334e-06
-5.06288e-07
5.37528e-06
-9.98449e-07
6.59289e-06
-1.49491e-06
7.5486e-06
-1.93937e-06
8.52821e-06
-2.31031e-06
9.30733e-06
-2.60425e-06
9.45345e-06
-2.83888e-06
8.67806e-06
-3.03882e-06
7.03139e-06
-3.21766e-06
4.84166e-06
-3.37195e-06
2.44668e-06
-3.48915e-06
2.47286e-08
-3.55623e-06
-2.26983e-06
-3.611e-06
-4.34583e-06
-3.76817e-06
-6.10942e-06
-4.20308e-06
-7.78148e-06
-4.84205e-06
-1.01599e-05
-4.94258e-06
-1.38234e-05
-3.37328e-06
-1.66842e-05
-1.14977e-05
3.06602e-08
2.81268e-06
-1.26566e-07
5.53251e-06
-3.78435e-07
6.84476e-06
-5.98429e-07
7.76859e-06
-7.26638e-07
8.65642e-06
-7.74164e-07
9.35486e-06
-7.96307e-07
9.4756e-06
-8.38281e-07
8.72004e-06
-9.27913e-07
7.12102e-06
-1.07259e-06
4.98634e-06
-1.25364e-06
2.62773e-06
-1.45686e-06
2.27944e-07
-1.64238e-06
-2.08431e-06
-1.83229e-06
-4.15592e-06
-2.07854e-06
-5.86317e-06
-2.56592e-06
-7.2941e-06
-3.38324e-06
-9.34253e-06
-3.93467e-06
-1.32719e-05
-2.93912e-06
-1.76797e-05
-1.44368e-05
1.55316e-07
2.65737e-06
2.12104e-07
5.47572e-06
2.0169e-07
6.85518e-06
2.47891e-07
7.72239e-06
4.15953e-07
8.48835e-06
6.88049e-07
9.08276e-06
9.74159e-07
9.18949e-06
1.17663e-06
8.51757e-06
1.2389e-06
7.05874e-06
1.16481e-06
5.06044e-06
9.87022e-07
2.80551e-06
7.20718e-07
4.94247e-07
4.07923e-07
-1.77151e-06
4.56053e-08
-3.7936e-06
-4.3817e-07
-5.3794e-06
-1.09003e-06
-6.64224e-06
-2.06702e-06
-8.36555e-06
-2.94944e-06
-1.23895e-05
-2.46569e-06
-1.81635e-05
-1.69025e-05
2.35469e-07
2.4219e-06
4.65706e-07
5.24549e-06
6.59112e-07
6.66177e-06
9.29253e-07
7.45225e-06
1.35818e-06
8.05943e-06
1.92614e-06
8.51479e-06
2.52136e-06
8.59427e-06
2.99918e-06
8.03974e-06
3.26965e-06
6.78828e-06
3.32117e-06
5.00891e-06
3.18076e-06
2.94592e-06
2.86679e-06
8.08216e-07
2.39629e-06
-1.30101e-06
1.79403e-06
-3.19134e-06
1.08939e-06
-4.67476e-06
2.13173e-07
-5.76602e-06
-9.13293e-07
-7.23908e-06
-2.05942e-06
-1.12434e-05
-2.0037e-06
-1.82192e-05
-1.89062e-05
2.55405e-07
2.16649e-06
5.9783e-07
4.90306e-06
9.56258e-07
6.30334e-06
1.41101e-06
6.9975e-06
2.03711e-06
7.43333e-06
2.82607e-06
7.72583e-06
3.67146e-06
7.74888e-06
4.41115e-06
7.30006e-06
4.91712e-06
6.28231e-06
5.13996e-06
4.78607e-06
5.08575e-06
3.00014e-06
4.77252e-06
1.12144e-06
4.19264e-06
-7.21126e-07
3.40452e-06
-2.40323e-06
2.45592e-06
-3.72616e-06
1.38678e-06
-4.69689e-06
7.93694e-08
-5.93167e-06
-1.2663e-06
-9.89771e-06
-1.57726e-06
-1.79082e-05
-2.04834e-05
2.03655e-07
1.96284e-06
5.66625e-07
4.54009e-06
1.02636e-06
5.84361e-06
1.62134e-06
6.40252e-06
2.39307e-06
6.66161e-06
3.33264e-06
6.78626e-06
4.3517e-06
6.72982e-06
5.29633e-06
6.35543e-06
6.01545e-06
5.56318e-06
6.41925e-06
4.38228e-06
6.4808e-06
2.93859e-06
6.21212e-06
1.39012e-06
5.5862e-06
-9.52078e-08
4.68308e-06
-1.50011e-06
3.55988e-06
-2.60295e-06
2.3135e-06
-3.4505e-06
9.11439e-07
-4.52961e-06
-5.33977e-07
-8.45229e-06
-1.15952e-06
-1.72827e-05
-2.1643e-05
8.72772e-08
1.87556e-06
3.9222e-07
4.23515e-06
9.07668e-07
5.32816e-06
1.60248e-06
5.70771e-06
2.47124e-06
5.79284e-06
3.4949e-06
5.7626e-06
4.60169e-06
5.62303e-06
5.66342e-06
5.2937e-06
6.53096e-06
4.69563e-06
7.09005e-06
3.82319e-06
7.27494e-06
2.75369e-06
7.06895e-06
1.59611e-06
6.50523e-06
4.68516e-07
5.56523e-06
-5.60107e-07
4.36443e-06
-1.40216e-06
3.0345e-06
-2.12057e-06
1.63712e-06
-3.13223e-06
1.15334e-07
-6.93051e-06
-6.05829e-07
-1.65615e-05
-2.22488e-05
-1.82329e-07
2.05789e-06
-1.06507e-07
4.15933e-06
4.18088e-07
4.80357e-06
1.24633e-06
4.87947e-06
2.25236e-06
4.78681e-06
3.37185e-06
4.64311e-06
4.54092e-06
4.45397e-06
5.66562e-06
4.169e-06
6.61807e-06
3.74318e-06
7.28717e-06
3.15409e-06
7.58757e-06
2.4533e-06
7.49159e-06
1.69209e-06
6.99224e-06
9.67859e-07
6.1271e-06
3.0504e-07
4.97863e-06
-2.53689e-07
3.71891e-06
-8.60857e-07
2.50305e-06
-1.91636e-06
1.32933e-06
-5.75678e-06
2.50473e-07
-1.54827e-05
-2.19983e-05
-3.70564e-07
2.42845e-06
-4.17601e-07
4.20636e-06
4.95484e-08
4.33642e-06
8.76313e-07
4.0527e-06
1.91635e-06
3.74677e-06
3.06074e-06
3.49873e-06
4.23378e-06
3.28093e-06
5.36631e-06
3.03647e-06
6.35112e-06
2.75836e-06
7.10178e-06
2.40343e-06
7.53517e-06
2.01991e-06
7.62909e-06
1.59818e-06
7.37429e-06
1.22265e-06
6.81557e-06
8.63764e-07
6.01372e-06
5.48161e-07
5.18285e-06
-2.99963e-08
4.4012e-06
-1.13471e-06
3.41073e-06
-4.76632e-06
1.62628e-06
-1.36982e-05
-2.0372e-05
-3.96565e-06
6.3941e-06
-3.62169e-06
3.8624e-06
-2.01769e-06
2.73241e-06
-2.99535e-07
2.33455e-06
1.35505e-06
2.09219e-06
2.96675e-06
1.88702e-06
4.52627e-06
1.72141e-06
6.00711e-06
1.55563e-06
7.35058e-06
1.4149e-06
8.51216e-06
1.24185e-06
9.43815e-06
1.09392e-06
1.01198e-05
9.16564e-07
1.05404e-05
8.02054e-07
1.07502e-05
6.53912e-07
1.0773e-05
5.25417e-07
1.05466e-05
1.96324e-07
1.02103e-05
-7.98394e-07
9.26344e-06
-3.81943e-06
5.2958e-06
-9.73059e-06
-1.50762e-05
6.3941e-06
1.02565e-05
1.29889e-05
1.53235e-05
1.74157e-05
1.93027e-05
2.10241e-05
2.25797e-05
2.39946e-05
2.52365e-05
2.63304e-05
2.7247e-05
2.8049e-05
2.87029e-05
2.92283e-05
2.94247e-05
2.86263e-05
2.48068e-05
1.50762e-05
)
;

boundaryField
{
    movingWall
    {
        type            calculated;
        value           uniform 0;
    }
    fixedWalls
    {
        type            calculated;
        value           uniform 0;
    }
    frontAndBack
    {
        type            empty;
        value           nonuniform List<scalar> 0();
    }
}


// ************************************************************************* //
