/*--------------------------------*- C++ -*----------------------------------*\
| =========                 |                                                 |
| \\      /  F ield         | OpenFOAM: The Open Source CFD Toolbox           |
|  \\    /   O peration     | Version:  2212                                  |
|   \\  /    A nd           | Website:  www.openfoam.com                      |
|    \\/     M anipulation  |                                                 |
\*---------------------------------------------------------------------------*/
FoamFile
{
    version     2.0;
    format      ascii;
    arch        "LSB;label=32;scalar=64";
    class       volScalarField;
    location    "0.07";
    object      p;
}
// * * * * * * * * * * * * * * * * * * * * * * * * * * * * * * * * * * * * * //

dimensions      [0 2 -2 0 0 0 0];

internalField   nonuniform List<scalar> 
400
(
-1.13631e-09
2.66965e-05
0.000123019
0.00028534
0.000508976
0.000788781
0.00111833
0.00148989
0.00189459
0.00232243
0.00276251
0.00320315
0.00363217
0.00403715
0.00440578
0.00472635
0.00498817
0.0051821
0.0053
0.00533633
-2.7829e-05
-1.32195e-06
9.6028e-05
0.000259607
0.000484822
0.000766709
0.0010989
0.0014737
0.00188221
0.00231441
0.00275934
0.00320524
0.00363976
0.00405032
0.00442438
0.00474997
0.00501613
0.00521357
0.00533395
0.00537071
-0.000128912
-0.000102325
-1.99811e-06
0.000166772
0.000399231
0.000690376
0.00103376
0.00142156
0.00184471
0.00229299
0.00275517
0.00321914
0.00367212
0.00410098
0.00449254
0.00483406
0.00511381
0.0053217
0.00544858
0.00548683
-0.000303738
-0.000276263
-0.000170726
7.13596e-06
0.000252328
0.000559687
0.00092256
0.00133288
0.00178127
0.00225715
0.00274882
0.0032436
0.00372802
0.00418804
0.00460941
0.00497812
0.00528109
0.00550686
0.00564494
0.00568662
-0.000555404
-0.000526421
-0.000413347
-0.000222408
4.10749e-05
0.000371688
0.000762468
0.00120498
0.00168941
0.00220469
0.00273851
0.00327743
0.003807
0.00431196
0.00477652
0.00518488
0.0055219
0.00577405
0.00592882
0.00597599
-0.000889974
-0.000858968
-0.00073593
-0.000527739
-0.000240153
0.000121065
0.000548533
0.00103334
0.00156514
0.00213226
0.00272166
0.00331902
0.00390869
0.00447388
0.00499682
0.00545924
0.00584313
0.00613194
0.00631011
0.00636519
-0.00131554
-0.00128204
-0.00114648
-0.000916598
-0.00059875
-0.000199159
0.000274252
0.000811986
0.00140309
0.00203521
0.00269454
0.00336582
0.00403209
0.00467477
0.00527366
0.00580729
0.00625375
0.00659209
0.00680228
0.00686843
-0.00184241
-0.00180598
-0.00165513
-0.00139877
-0.00104404
-0.00059776
-6.85559e-05
0.000533368
0.00119637
0.00190742
0.00265199
0.00341395
0.00417507
0.00491486
0.00561033
0.00623603
0.00676481
0.00716948
0.00742324
0.00750489
-0.00248348
-0.00244372
-0.00227453
-0.0019864
-0.0015875
-0.0010855
-0.00048991
0.000188194
0.000936398
0.00174102
0.002587
0.00345765
0.00433367
0.00519286
0.00600929
0.00675282
0.00738946
0.00788312
0.00819666
0.00830038
-0.00325472
-0.00321129
-0.00302028
-0.00269434
-0.0022431
-0.00167535
-0.0010018
-0.000234662
0.000612765
0.00152621
0.00249035
0.00348866
0.00450125
0.00550484
0.00647096
0.00736437
0.00814249
0.00875671
0.00915387
0.00928998
-0.00417606
-0.00412863
-0.00391165
-0.00354076
-0.00302764
-0.00238269
-0.00161828
-0.000748146
0.000213275
0.00125115
0.00235018
0.00349556
0.00466726
0.00584252
0.00699162
0.00807473
0.00903921
0.00981917
0.0103365
0.0105223
-0.00527264
-0.00522087
-0.00497262
-0.00454791
-0.00396132
-0.00322553
-0.00235538
-0.0013668
-0.000275749
0.000902294
0.00215163
0.00346327
0.00481598
0.00619091
0.00756013
0.00888154
0.0100924
0.0111042
0.0118
0.0120671
-0.00657702
-0.00652037
-0.00623357
-0.00574331
-0.00506832
-0.00422465
-0.00323082
-0.00210613
-0.00086868
0.00046595
0.00188572
0.00337367
0.00492499
0.00652525
0.00815285
0.00976926
0.0113055
0.0126467
0.0136179
0.0140281
-0.00813318
-0.00807041
-0.007734
-0.00716158
-0.00637777
-0.00540353
-0.00426318
-0.00298137
-0.0015798
-7.52296e-05
0.00152095
0.0032009
0.00496355
0.00680747
0.00872646
0.0106977
0.0126588
0.0144725
0.0158839
0.0165694
-0.0100043
-0.00993239
-0.00952734
-0.00884751
-0.00792507
-0.0067881
-0.00547031
-0.00400485
-0.00241891
-0.000730857
0.00104982
0.00292228
0.00489508
0.00698404
0.00920909
0.0115833
0.0140812
0.0165724
0.0187135
0.019981
-0.0122909
-0.0122013
-0.0116895
-0.0108609
-0.00975369
-0.00840602
-0.00686677
-0.00518246
-0.00338832
-0.00150409
0.000462607
0.0025176
0.00468064
0.00698715
0.00949243
0.0122731
0.015398
0.0188297
0.0221793
0.0247172
-0.0151448
-0.0150431
-0.0143351
-0.0132838
-0.0119177
-0.0102852
-0.00845968
-0.00650836
-0.00447772
-0.00238505
-0.00023684
0.00197843
0.00428935
0.00674526
0.00943263
0.0125129
0.0162171
0.0207421
0.0257591
0.0308352
-0.019263
-0.0186618
-0.0175903
-0.0162284
-0.0144869
-0.0124497
-0.0102385
-0.00795175
-0.00565441
-0.00333966
-0.00101882
0.00132458
0.00372497
0.00622349
0.0088949
0.0119729
0.0158305
0.0211101
0.0278622
0.0389094
-0.0235235
-0.0243049
-0.0223139
-0.0199368
-0.0174456
-0.0147734
-0.0120374
-0.00934002
-0.00678508
-0.00424413
-0.00177416
0.000655521
0.00307565
0.00554973
0.0079849
0.0107852
0.0143921
0.0209682
0.0314187
0.0603615
-0.0415889
-0.0267576
-0.0225572
-0.0207419
-0.0183944
-0.015559
-0.0126743
-0.00988818
-0.00722028
-0.0046301
-0.00212656
0.000298742
0.00263858
0.00491708
0.00716925
0.0101298
0.0149659
0.027761
0.0538956
0.102787
)
;

boundaryField
{
    movingWall
    {
        type            zeroGradient;
    }
    fixedWalls
    {
        type            zeroGradient;
    }
    frontAndBack
    {
        type            empty;
    }
}


// ************************************************************************* //
