/*--------------------------------*- C++ -*----------------------------------*\
| =========                 |                                                 |
| \\      /  F ield         | OpenFOAM: The Open Source CFD Toolbox           |
|  \\    /   O peration     | Version:  2212                                  |
|   \\  /    A nd           | Website:  www.openfoam.com                      |
|    \\/     M anipulation  |                                                 |
\*---------------------------------------------------------------------------*/
FoamFile
{
    version     2.0;
    format      ascii;
    arch        "LSB;label=32;scalar=64";
    class       volVectorField;
    location    "4.665";
    object      U;
}
// * * * * * * * * * * * * * * * * * * * * * * * * * * * * * * * * * * * * * //

dimensions      [0 1 -1 0 0 0 0];

internalField   nonuniform List<vector> 
400
(
(0.00166958 -0.00167337 0)
(0.00479918 -0.00187912 0)
(0.0065294 -0.00119325 0)
(0.00560657 -0.000570041 0)
(0.00151095 0.000188569 0)
(-0.00686166 0.0017383 0)
(-0.0205822 0.00476529 0)
(-0.0394298 0.00868967 0)
(-0.0606142 0.0112408 0)
(-0.0788961 0.0104825 0)
(-0.089582 0.00677385 0)
(-0.0902887 0.0016912 0)
(-0.080146 -0.00357728 0)
(-0.06002 -0.00823054 0)
(-0.0336471 -0.0108096 0)
(-0.00548683 -0.00977771 0)
(0.0165127 -0.00479799 0)
(0.0243067 0.00273865 0)
(0.0161067 0.00643587 0)
(0.00430472 0.00469888 0)
(0.00169793 -0.00501924 0)
(0.00310026 -0.00398302 0)
(-0.000498347 0.000608632 0)
(-0.0113863 0.00643283 0)
(-0.0314033 0.0140027 0)
(-0.0609919 0.0236701 0)
(-0.0965348 0.0329089 0)
(-0.131028 0.0369411 0)
(-0.158477 0.0334154 0)
(-0.175599 0.0233706 0)
(-0.180983 0.00914932 0)
(-0.17468 -0.00689212 0)
(-0.157263 -0.0230325 0)
(-0.129469 -0.0367582 0)
(-0.0935532 -0.0444294 0)
(-0.0522503 -0.041761 0)
(-0.0115356 -0.0263526 0)
(0.0167257 -0.0013777 0)
(0.0177788 0.0161171 0)
(0.00552589 0.0147591 0)
(-0.000260917 -0.00569366 0)
(-0.0054209 0.000876657 0)
(-0.0196222 0.0142901 0)
(-0.0444208 0.0311269 0)
(-0.0800931 0.0492358 0)
(-0.121772 0.0640428 0)
(-0.161765 0.0702648 0)
(-0.194582 0.0658037 0)
(-0.218112 0.0520585 0)
(-0.231761 0.0315112 0)
(-0.23554 0.00650524 0)
(-0.230108 -0.0209238 0)
(-0.215776 -0.0486073 0)
(-0.19204 -0.0729279 0)
(-0.158633 -0.0887501 0)
(-0.115517 -0.0890385 0)
(-0.0644951 -0.0669807 0)
(-0.0138932 -0.0227938 0)
(0.00942395 0.0177488 0)
(0.00415351 0.0234814 0)
(-0.00347128 0.00055349 0)
(-0.0174825 0.0172782 0)
(-0.0433935 0.0413797 0)
(-0.079397 0.0679156 0)
(-0.122473 0.0907695 0)
(-0.165186 0.103423 0)
(-0.201122 0.102521 0)
(-0.228345 0.0893816 0)
(-0.247118 0.0671588 0)
(-0.258045 0.0385546 0)
(-0.261962 0.0054437 0)
(-0.259674 -0.0308442 0)
(-0.251117 -0.0680677 0)
(-0.235243 -0.103289 0)
(-0.210061 -0.131036 0)
(-0.172869 -0.142515 0)
(-0.12111 -0.125553 0)
(-0.056762 -0.0708712 0)
(-0.00103224 0.0033787 0)
(0.00474027 0.0281167 0)
(-0.00663897 0.0148409 0)
(-0.0286169 0.0440405 0)
(-0.0630255 0.0768106 0)
(-0.104 0.108458 0)
(-0.146622 0.130655 0)
(-0.183767 0.137646 0)
(-0.211988 0.129026 0)
(-0.231677 0.108383 0)
(-0.244124 0.0795789 0)
(-0.251058 0.0454002 0)
(-0.254169 0.0073817 0)
(-0.254386 -0.0336715 0)
(-0.251485 -0.0766049 0)
(-0.244907 -0.120105 0)
(-0.23184 -0.160207 0)
(-0.207663 -0.188463 0)
(-0.166334 -0.189546 0)
(-0.103177 -0.142674 0)
(-0.0221785 -0.0389654 0)
(0.00734874 0.0269549 0)
(-0.00846678 0.0348322 0)
(-0.0350009 0.0764174 0)
(-0.0727305 0.114492 0)
(-0.112702 0.147067 0)
(-0.149791 0.165335 0)
(-0.178524 0.165303 0)
(-0.19794 0.149183 0)
(-0.209584 0.12205 0)
(-0.215443 0.0882531 0)
(-0.218002 0.0507782 0)
(-0.219241 0.0110904 0)
(-0.220167 -0.0303962 0)
(-0.220984 -0.0741635 0)
(-0.22178 -0.1206 0)
(-0.220354 -0.168491 0)
(-0.211602 -0.212347 0)
(-0.187435 -0.237966 0)
(-0.139268 -0.218085 0)
(-0.0626551 -0.118772 0)
(0.00579063 0.0140947 0)
(-0.00823968 0.0568382 0)
(-0.0351358 0.109625 0)
(-0.0714372 0.149867 0)
(-0.106494 0.180398 0)
(-0.135982 0.193051 0)
(-0.156274 0.185704 0)
(-0.168071 0.162634 0)
(-0.173484 0.12998 0)
(-0.174928 0.0925123 0)
(-0.174916 0.0532516 0)
(-0.174972 0.0134355 0)
(-0.175783 -0.0268952 0)
(-0.177902 -0.0688989 0)
(-0.181859 -0.113874 0)
(-0.186995 -0.162946 0)
(-0.189652 -0.214959 0)
(-0.181922 -0.260912 0)
(-0.15381 -0.274554 0)
(-0.0990587 -0.205487 0)
(-0.00889278 -0.0146918 0)
(-0.00608813 0.0773014 0)
(-0.0295974 0.140016 0)
(-0.0610529 0.18045 0)
(-0.0893658 0.207419 0)
(-0.111252 0.213984 0)
(-0.124683 0.199711 0)
(-0.13125 0.170567 0)
(-0.133255 0.133527 0)
(-0.133161 0.0935951 0)
(-0.132928 0.0534943 0)
(-0.133259 0.013947 0)
(-0.134344 -0.0254278 0)
(-0.136646 -0.0656738 0)
(-0.140858 -0.108042 0)
(-0.147579 -0.154536 0)
(-0.15547 -0.207518 0)
(-0.158517 -0.265003 0)
(-0.146338 -0.307385 0)
(-0.11193 -0.276612 0)
(-0.0308397 -0.0751773 0)
(-0.00270003 0.0932007 0)
(-0.0202658 0.164963 0)
(-0.0448513 0.204711 0)
(-0.0659198 0.227569 0)
(-0.0810882 0.228517 0)
(-0.0894852 0.208579 0)
(-0.0929986 0.174899 0)
(-0.0937668 0.134968 0)
(-0.0938958 0.0938062 0)
(-0.0945699 0.0536587 0)
(-0.0958469 0.014618 0)
(-0.0976364 -0.0241127 0)
(-0.100115 -0.0633366 0)
(-0.10379 -0.103778 0)
(-0.10981 -0.1471 0)
(-0.118893 -0.197273 0)
(-0.127854 -0.258721 0)
(-0.1262 -0.322595 0)
(-0.107224 -0.334003 0)
(-0.0372309 -0.162918 0)
(0.0012223 0.10226 0)
(-0.0088574 0.18269 0)
(-0.0254521 0.222164 0)
(-0.0393608 0.241659 0)
(-0.048768 0.238409 0)
(-0.0535686 0.214475 0)
(-0.0554427 0.177773 0)
(-0.0560423 0.136171 0)
(-0.0568931 0.0946067 0)
(-0.0585505 0.0547952 0)
(-0.0607902 0.0162717 0)
(-0.0634658 -0.0220373 0)
(-0.0665733 -0.0608075 0)
(-0.0703002 -0.100305 0)
(-0.0755883 -0.141274 0)
(-0.0840179 -0.187419 0)
(-0.0956696 -0.247093 0)
(-0.100441 -0.323367 0)
(-0.0950141 -0.371412 0)
(-0.0308652 -0.241908 0)
(0.00508746 0.103394 0)
(0.00296002 0.192217 0)
(-0.00532882 0.232591 0)
(-0.0123947 0.249627 0)
(-0.0167449 0.243525 0)
(-0.0185909 0.21734 0)
(-0.0192249 0.179325 0)
(-0.0196913 0.137339 0)
(-0.0209364 0.0960771 0)
(-0.0231363 0.0568715 0)
(-0.0259992 0.0189815 0)
(-0.029458 -0.0187607 0)
(-0.0335298 -0.0570726 0)
(-0.0381674 -0.0960644 0)
(-0.0439275 -0.135717 0)
(-0.052069 -0.178507 0)
(-0.0655008 -0.234216 0)
(-0.0741315 -0.317042 0)
(-0.0811268 -0.395865 0)
(-0.0229182 -0.306381 0)
(0.00838743 0.09695 0)
(0.0141295 0.193186 0)
(0.0140192 0.236087 0)
(0.013631 0.252381 0)
(0.0142555 0.245278 0)
(0.0154545 0.218597 0)
(0.0163199 0.180593 0)
(0.0163796 0.138971 0)
(0.0152378 0.0982269 0)
(0.0129481 0.0596314 0)
(0.00977832 0.022476 0)
(0.00569265 -0.0144052 0)
(0.000546798 -0.0518517 0)
(-0.00552783 -0.0900165 0)
(-0.0129395 -0.128573 0)
(-0.0218767 -0.168598 0)
(-0.0376414 -0.219158 0)
(-0.0487796 -0.30336 0)
(-0.0679226 -0.407632 0)
(-0.0144687 -0.359257 0)
(0.0102253 0.0840702 0)
(0.0232341 0.185628 0)
(0.030853 0.232229 0)
(0.0367454 0.248939 0)
(0.0423695 0.242071 0)
(0.0472861 0.216315 0)
(0.0506826 0.179608 0)
(0.0523117 0.139305 0)
(0.0521262 0.0997353 0)
(0.0503431 0.0622367 0)
(0.0472045 0.0262833 0)
(0.042615 -0.00922984 0)
(0.0363997 -0.0452332 0)
(0.0286651 -0.0819472 0)
(0.0186286 -0.119033 0)
(0.00739644 -0.156774 0)
(-0.0119454 -0.202839 0)
(-0.0244251 -0.285342 0)
(-0.0559387 -0.410177 0)
(-0.00616936 -0.40116 0)
(0.0097661 0.0669784 0)
(0.0287727 0.169927 0)
(0.0440004 0.221213 0)
(0.0564603 0.240167 0)
(0.067675 0.2352 0)
(0.0772838 0.211866 0)
(0.0844232 0.177637 0)
(0.08879 0.139407 0)
(0.0904641 0.101433 0)
(0.089759 0.065281 0)
(0.0870124 0.030798 0)
(0.0819831 -0.00304771 0)
(0.0745349 -0.0368674 0)
(0.0649415 -0.0712693 0)
(0.0518498 -0.106076 0)
(0.0370716 -0.141209 0)
(0.0127904 -0.182741 0)
(-0.000223551 -0.262151 0)
(-0.044955 -0.405956 0)
(0.00271241 -0.435645 0)
(0.00684736 0.0493233 0)
(0.0290765 0.148377 0)
(0.0506704 0.202748 0)
(0.0694238 0.223504 0)
(0.0867845 0.220597 0)
(0.102365 0.200467 0)
(0.11492 0.169946 0)
(0.123766 0.135175 0)
(0.128821 0.100156 0)
(0.130346 0.0665816 0)
(0.128618 0.0346889 0)
(0.123696 0.00364742 0)
(0.115112 -0.0268933 0)
(0.103489 -0.0578021 0)
(0.0865888 -0.0891456 0)
(0.0675947 -0.121559 0)
(0.0377598 -0.159481 0)
(0.0234957 -0.236156 0)
(-0.0346375 -0.398308 0)
(0.0133948 -0.463957 0)
(0.0023551 0.0347021 0)
(0.0233903 0.12353 0)
(0.0504959 0.179243 0)
(0.076053 0.202054 0)
(0.10056 0.201674 0)
(0.12329 0.185288 0)
(0.142593 0.1593 0)
(0.157256 0.128982 0)
(0.166867 0.0979498 0)
(0.171649 0.0679 0)
(0.171558 0.0394179 0)
(0.167315 0.0120818 0)
(0.157539 -0.014473 0)
(0.143919 -0.040996 0)
(0.122823 -0.0678002 0)
(0.099506 -0.0964351 0)
(0.0639219 -0.131567 0)
(0.0466104 -0.20666 0)
(-0.0229379 -0.386639 0)
(0.028419 -0.485255 0)
(-0.00340605 0.0288004 0)
(0.00989465 0.101358 0)
(0.0367002 0.148194 0)
(0.0683598 0.16876 0)
(0.101061 0.169902 0)
(0.132593 0.157617 0)
(0.160409 0.137242 0)
(0.182783 0.112942 0)
(0.198682 0.0877956 0)
(0.208479 0.0633304 0)
(0.211336 0.0402889 0)
(0.209046 0.0185323 0)
(0.198849 -0.00231057 0)
(0.184332 -0.0227401 0)
(0.159729 -0.0432388 0)
(0.13336 -0.0668984 0)
(0.0921475 -0.10083 0)
(0.0694879 -0.179373 0)
(-0.00458585 -0.369776 0)
(0.0520528 -0.491494 0)
(-0.0138875 0.0186991 0)
(-0.00750148 0.08821 0)
(0.0189726 0.123953 0)
(0.0559634 0.136886 0)
(0.0968684 0.136378 0)
(0.137009 0.127175 0)
(0.173037 0.11255 0)
(0.202673 0.0948409 0)
(0.224404 0.0764722 0)
(0.239355 0.0584482 0)
(0.245329 0.0417284 0)
(0.246219 0.0261866 0)
(0.236968 0.0119906 0)
(0.225259 -0.00167567 0)
(0.200491 -0.0156007 0)
(0.176794 -0.0344869 0)
(0.132777 -0.0672653 0)
(0.107442 -0.145692 0)
(0.0372937 -0.326082 0)
(0.0922953 -0.455857 0)
(-0.105932 0.0825461 0)
(-0.0776832 0.0690969 0)
(-0.0485942 0.0732827 0)
(0.00356706 0.0776811 0)
(0.0568533 0.0779444 0)
(0.109349 0.0736568 0)
(0.156298 0.0663377 0)
(0.198451 0.0569735 0)
(0.230411 0.0473626 0)
(0.258438 0.0377789 0)
(0.274123 0.0291994 0)
(0.28927 0.0212924 0)
(0.289707 0.0146162 0)
(0.293936 0.00828927 0)
(0.27786 0.00137757 0)
(0.270873 -0.00976249 0)
(0.231796 -0.0353491 0)
(0.217905 -0.0953229 0)
(0.150166 -0.229723 0)
(0.170665 -0.341479 0)
(0.130017 0.103778 0)
(0.158423 0.0753211 0)
(0.212331 0.0533334 0)
(0.270832 0.041706 0)
(0.323335 0.0359663 0)
(0.375653 0.0319753 0)
(0.420108 0.0289282 0)
(0.465282 0.0255861 0)
(0.498261 0.0229111 0)
(0.533421 0.0197251 0)
(0.552815 0.0175735 0)
(0.578623 0.0146456 0)
(0.584803 0.0132134 0)
(0.603225 0.0104035 0)
(0.594764 0.00944838 0)
(0.6034 0.00505787 0)
(0.567726 0.000136271 0)
(0.547684 -0.0182878 0)
(0.435828 -0.0504136 0)
(0.336819 -0.101399 0)
)
;

boundaryField
{
    movingWall
    {
        type            fixedValue;
        value           uniform (1 0 0);
    }
    fixedWalls
    {
        type            noSlip;
    }
    frontAndBack
    {
        type            empty;
    }
}


// ************************************************************************* //
