/*--------------------------------*- C++ -*----------------------------------*\
| =========                 |                                                 |
| \\      /  F ield         | OpenFOAM: The Open Source CFD Toolbox           |
|  \\    /   O peration     | Version:  2212                                  |
|   \\  /    A nd           | Website:  www.openfoam.com                      |
|    \\/     M anipulation  |                                                 |
\*---------------------------------------------------------------------------*/
FoamFile
{
    version     2.0;
    format      ascii;
    arch        "LSB;label=32;scalar=64";
    class       volScalarField;
    location    "0.685";
    object      p;
}
// * * * * * * * * * * * * * * * * * * * * * * * * * * * * * * * * * * * * * //

dimensions      [0 2 -2 0 0 0 0];

internalField   nonuniform List<scalar> 
400
(
-1.09922e-09
-3.9765e-05
-9.93893e-06
7.79338e-05
0.000221174
0.000423952
0.000695111
0.00104751
0.00149655
0.00205676
0.00273499
0.00351988
0.00436863
0.00518436
0.0058382
0.00620596
0.00624834
0.00604534
0.00573011
0.00558001
4.67576e-05
6.86358e-06
4.7803e-05
0.000143551
0.000289
0.000489266
0.000752881
0.00109146
0.00151928
0.00205126
0.00269721
0.00345076
0.00427668
0.00508636
0.00573845
0.00609607
0.00611506
0.00588426
0.00558306
0.00543427
-1.51391e-05
-6.42284e-05
-2.31251e-05
6.98269e-05
0.00020645
0.000391514
0.000633132
0.000943005
0.00133718
0.00183583
0.00245885
0.00321384
0.00407897
0.00495663
0.00567533
0.0060534
0.0060279
0.00571082
0.00532191
0.00513718
-0.000201733
-0.000259855
-0.000225348
-0.000144383
-2.73601e-05
0.000129679
0.000334179
0.000598122
0.000940067
0.0013872
0.00197385
0.00272826
0.00364506
0.0046338
0.0054717
0.00589874
0.00581895
0.00538366
0.00485544
0.00461206
-0.000529213
-0.000594504
-0.000572252
-0.000512436
-0.000426688
-0.000312247
-0.000163193
3.13576e-05
0.000290022
0.000643063
0.00113732
0.00182811
0.00273892
0.00383581
0.00484506
0.00540006
0.00533263
0.00480431
0.00414182
0.00373518
-0.00100088
-0.00107289
-0.00106911
-0.00104057
-0.000999911
-0.000946759
-0.000879068
-0.000791119
-0.000671851
-0.000503675
-0.000250042
0.000170412
0.000863333
0.00188196
0.00304019
0.00391401
0.00421427
0.003913
0.00328001
0.00238997
-0.00160751
-0.00168662
-0.00170782
-0.00172162
-0.00174232
-0.00177426
-0.00182387
-0.00189882
-0.0020107
-0.00218817
-0.00247315
-0.00282377
-0.00297397
-0.0026034
-0.00157646
-0.00013148
0.00134726
0.00225461
0.00216839
0.000691266
-0.0023303
-0.0024169
-0.00246895
-0.00253584
-0.00263485
-0.00277845
-0.0029882
-0.00329811
-0.00376667
-0.00451973
-0.0057824
-0.00767491
-0.00973068
-0.0108842
-0.010464
-0.00837121
-0.00498056
-0.0015118
0.000196991
-0.000856563
-0.00314303
-0.00323676
-0.00332323
-0.00345075
-0.00364131
-0.00391913
-0.00432802
-0.00494285
-0.00589628
-0.0074571
-0.0100936
-0.0140984
-0.0187758
-0.0221288
-0.0226461
-0.0199887
-0.014777
-0.00831319
-0.00317091
-0.00101338
-0.00401413
-0.00411318
-0.00423292
-0.00442119
-0.00470608
-0.00512566
-0.00574936
-0.00669965
-0.00819342
-0.0106383
-0.0146908
-0.0206967
-0.0276985
-0.0330495
-0.0342455
-0.0314113
-0.0253552
-0.0169767
-0.0083775
-0.00207671
-0.00490992
-0.00501048
-0.0051553
-0.00539278
-0.00575765
-0.00630078
-0.00711287
-0.00835356
-0.0102996
-0.0134295
-0.0184506
-0.0256078
-0.0337861
-0.0399778
-0.0415511
-0.0388558
-0.0330136
-0.0246784
-0.0150046
-0.00608275
-0.00579873
-0.00589472
-0.00604741
-0.00630835
-0.00671908
-0.00733916
-0.00826927
-0.00968224
-0.011871
-0.0152917
-0.0205984
-0.0278982
-0.0361587
-0.0423794
-0.044097
-0.0416121
-0.0363759
-0.0290773
-0.0203372
-0.0110174
-0.00665668
-0.00674028
-0.00687456
-0.00711938
-0.00752521
-0.0081558
-0.00910881
-0.0105432
-0.0127305
-0.0160334
-0.0210287
-0.0277027
-0.0350884
-0.0406803
-0.0424122
-0.0402146
-0.0356889
-0.0296073
-0.0223982
-0.013675
-0.00747204
-0.00753096
-0.0076082
-0.0077854
-0.008128
-0.00869898
-0.00957925
-0.0109093
-0.0128955
-0.0158323
-0.0200553
-0.0255326
-0.0314863
-0.0360386
-0.0375524
-0.0357589
-0.0319779
-0.0268735
-0.0215117
-0.0133311
-0.00825745
-0.00827641
-0.00824992
-0.00829812
-0.00851742
-0.00896902
-0.00972077
-0.0108707
-0.0125581
-0.0149717
-0.0182847
-0.0224301
-0.0268476
-0.0302431
-0.0314534
-0.0299579
-0.0268187
-0.022488
-0.0192225
-0.0103613
-0.00905168
-0.00898878
-0.00876146
-0.00861338
-0.00867147
-0.00897955
-0.00957766
-0.0105256
-0.01191
-0.0138338
-0.0163685
-0.0194227
-0.0225959
-0.0249914
-0.0257068
-0.0244785
-0.0218408
-0.018068
-0.0165237
-0.00422471
-0.00988396
-0.0097793
-0.00926363
-0.00882571
-0.0086693
-0.00881143
-0.00925085
-0.0100124
-0.0111481
-0.0127102
-0.0147184
-0.017066
-0.0194529
-0.0212181
-0.0216809
-0.0204017
-0.0178574
-0.0140692
-0.011645
0.00954288
-0.0117389
-0.0107265
-0.00935915
-0.00861051
-0.00833601
-0.00839135
-0.0087331
-0.00937302
-0.0103563
-0.0117099
-0.0134459
-0.0154422
-0.0174689
-0.0189613
-0.0193731
-0.0179815
-0.0147757
-0.00857514
0.00298531
0.0433994
-0.0107666
-0.0124496
-0.0103662
-0.00899509
-0.0083647
-0.00823778
-0.00843435
-0.00893887
-0.00980974
-0.0110391
-0.0126728
-0.0145458
-0.0165012
-0.0179215
-0.0182432
-0.0160249
-0.00971517
0.00623548
0.0412279
0.111293
-0.0283723
-0.0129736
-0.00752521
-0.0063309
-0.0061743
-0.00626123
-0.00660955
-0.00725348
-0.0082853
-0.00965626
-0.0114263
-0.01342
-0.0154864
-0.0169204
-0.016636
-0.0118629
0.00216957
0.0359602
0.103473
0.207442
)
;

boundaryField
{
    movingWall
    {
        type            zeroGradient;
    }
    fixedWalls
    {
        type            zeroGradient;
    }
    frontAndBack
    {
        type            empty;
    }
}


// ************************************************************************* //
