/*--------------------------------*- C++ -*----------------------------------*\
| =========                 |                                                 |
| \\      /  F ield         | OpenFOAM: The Open Source CFD Toolbox           |
|  \\    /   O peration     | Version:  2212                                  |
|   \\  /    A nd           | Website:  www.openfoam.com                      |
|    \\/     M anipulation  |                                                 |
\*---------------------------------------------------------------------------*/
FoamFile
{
    version     2.0;
    format      ascii;
    arch        "LSB;label=32;scalar=64";
    class       volScalarField;
    location    "0.03";
    object      p;
}
// * * * * * * * * * * * * * * * * * * * * * * * * * * * * * * * * * * * * * //

dimensions      [0 2 -2 0 0 0 0];

internalField   nonuniform List<scalar> 
400
(
-1.28453e-09
6.91185e-05
0.000227464
0.000471587
0.000794911
0.00118902
0.00164385
0.00214787
0.00268841
0.00325191
0.00382421
0.00439085
0.00493737
0.00544967
0.00591427
0.00631875
0.0066521
0.00690503
0.00707004
0.00714273
-7.0543e-05
-2.46334e-08
0.000161785
0.00041092
0.000740625
0.0011424
0.00160598
0.00211967
0.00267055
0.00324485
0.0038282
0.00440588
0.00496322
0.00548581
0.00595992
0.00637284
0.00671326
0.00697167
0.00714037
0.00721462
-0.000234869
-0.000161008
8.46701e-06
0.000269106
0.000613765
0.00103353
0.00151769
0.00205402
0.00262912
0.00322868
0.0038378
0.00444127
0.00502381
0.00557042
0.00606674
0.00649935
0.0068563
0.00712746
0.00730456
0.00738239
-0.000496905
-0.000417692
-0.000236132
4.2838e-05
0.000411418
0.000859971
0.00137699
0.00194944
0.00256309
0.00320284
0.00385299
0.00449749
0.00512018
0.00570514
0.00623695
0.00670114
0.00708466
0.00737632
0.00756697
0.00765075
-0.000863097
-0.000776435
-0.000577942
-0.000273233
0.000128919
0.000617791
0.00118072
0.00180353
0.00247085
0.00316649
0.00387367
0.00457525
0.00525392
0.00589248
0.00647409
0.00698276
0.00740384
0.00772463
0.00793458
0.00802694
-0.00134329
-0.00124675
-0.00102581
-0.000687042
-0.000240601
0.000301269
0.00092433
0.00161285
0.00235004
0.00311835
0.00389967
0.00467555
0.00542728
0.00613607
0.00678327
0.00735086
0.007822
0.00818181
0.00841777
0.00852175
-0.00195058
-0.00184129
-0.00159145
-0.00120901
-0.000706063
-9.695e-05
0.000601985
0.00137305
0.00219768
0.00305674
0.00393066
0.00479949
0.00564295
0.00644039
0.00717096
0.00781402
0.00834981
0.00876042
0.00903047
0.00914976
-0.00270188
-0.00257634
-0.0022898
-0.00185226
-0.00127853
-0.00058584
0.000206684
0.00107889
0.00201015
0.00297957
0.00396603
0.00494811
0.00590384
0.00681055
0.00764483
0.00838275
0.00900071
0.00947658
0.00979082
0.00993012
-0.00361877
-0.00347255
-0.00313957
-0.00263288
-0.00197126
-0.00117591
-0.0002696
0.000724462
0.0017833
0.00288425
0.00400477
0.00512208
0.00621271
0.00725194
0.00821346
0.00906943
0.00979115
0.0103506
0.0107222
0.0108877
-0.00472873
-0.00455597
-0.00416389
-0.00357024
-0.00279967
-0.00187895
-0.000835598
0.000303465
0.0015127
0.00276782
0.00404525
0.00532138
0.00657163
0.00776954
0.00888579
0.0098879
0.0107406
0.0114077
0.0118544
0.0120547
-0.00606709
-0.00585963
-0.00539122
-0.00468727
-0.00378118
-0.00270756
-0.00150016
-0.000190261
0.00119395
0.00262702
0.00408512
0.00554473
0.00698117
0.00836693
0.00967001
0.0108528
0.0118717
0.0126789
0.0132258
0.0134736
-0.00768
-0.00742584
-0.00685668
-0.00601066
-0.00493462
-0.00367423
-0.00227123
-0.000761878
0.000823302
0.00245854
0.00412106
0.00578902
0.00743924
0.00904472
0.0105718
0.0119778
0.0132091
0.014202
0.0148863
0.0152013
-0.00962959
-0.00930999
-0.00860357
-0.00757074
-0.00627907
-0.00478966
-0.00315422
-0.00141417
0.000398539
0.00225938
0.0041486
0.00604834
0.00793951
0.00979822
0.0115916
0.0132732
0.0147783
0.0160222
0.0169017
0.0173169
-0.012003
-0.0115863
-0.0106852
-0.00940047
-0.00783139
-0.00605991
-0.00414932
-0.0021454
-7.95277e-05
0.00202757
0.00416202
0.00631308
0.00846932
0.0106141
0.0127197
0.0147399
0.0166007
0.0181913
0.0193597
0.019935
-0.0149298
-0.0143571
-0.0131662
-0.0115324
-0.00960153
-0.00748175
-0.00524758
-0.00294631
-0.000604965
0.00176342
0.00415463
0.00656901
0.00900735
0.011466
0.0139297
0.016361
0.0186838
0.0207622
0.0223765
0.0232329
-0.018619
-0.0177673
-0.0161219
-0.0139912
-0.0115841
-0.00903526
-0.00642536
-0.0037963
-0.00116421
0.00147105
0.00411955
0.00679701
0.00952156
0.0123095
0.0151686
0.0180854
0.0210017
0.0237724
0.0261013
0.027504
-0.0234482
-0.0220251
-0.0196291
-0.0167786
-0.0137439
-0.0106731
-0.00763733
-0.0046592
-0.00173356
0.0011601
0.00405095
0.00697372
0.00996837
0.013078
0.0163457
0.0198054
0.0234552
0.0271932
0.0306788
0.0332173
-0.0302408
-0.0274283
-0.0237453
-0.0198454
-0.0159937
-0.0123061
-0.00880865
-0.00547957
-0.00227727
0.000847238
0.00394617
0.00707403
0.010295
0.0136819
0.0173231
0.0213249
0.0257994
0.0307904
0.0360397
0.0410936
-0.0399044
-0.0343041
-0.0284105
-0.0229852
-0.0181202
-0.0137598
-0.00981086
-0.00616867
-0.00273801
0.000564429
0.0038155
0.00708463
0.0104577
0.0140327
0.0179425
0.0223821
0.0276429
0.0341429
0.0422481
0.054616
-0.062777
-0.0409718
-0.0312545
-0.0248281
-0.0193162
-0.0145383
-0.0103345
-0.00652644
-0.00298007
0.00040787
0.00372478
0.00706149
0.0105017
0.0141623
0.0182185
0.022995
0.0291512
0.038367
0.0528358
0.0825671
)
;

boundaryField
{
    movingWall
    {
        type            zeroGradient;
    }
    fixedWalls
    {
        type            zeroGradient;
    }
    frontAndBack
    {
        type            empty;
    }
}


// ************************************************************************* //
