/*--------------------------------*- C++ -*----------------------------------*\
| =========                 |                                                 |
| \\      /  F ield         | OpenFOAM: The Open Source CFD Toolbox           |
|  \\    /   O peration     | Version:  2212                                  |
|   \\  /    A nd           | Website:  www.openfoam.com                      |
|    \\/     M anipulation  |                                                 |
\*---------------------------------------------------------------------------*/
FoamFile
{
    version     2.0;
    format      ascii;
    arch        "LSB;label=32;scalar=64";
    class       volVectorField;
    location    "2.585";
    object      U;
}
// * * * * * * * * * * * * * * * * * * * * * * * * * * * * * * * * * * * * * //

dimensions      [0 1 -1 0 0 0 0];

internalField   nonuniform List<vector> 
400
(
(0.00146089 -0.00149804 0)
(0.00414289 -0.00165982 0)
(0.00553117 -0.00107437 0)
(0.00454688 -0.000489959 0)
(0.000632246 0.000256935 0)
(-0.00722927 0.00170107 0)
(-0.0200161 0.00439428 0)
(-0.0375663 0.00790714 0)
(-0.0574403 0.0103447 0)
(-0.0749202 0.00986526 0)
(-0.0854979 0.00654746 0)
(-0.0866758 0.00178119 0)
(-0.0774984 -0.003226 0)
(-0.0586117 -0.00771555 0)
(-0.033568 -0.0102506 0)
(-0.00660267 -0.00935092 0)
(0.0146404 -0.00477425 0)
(0.0224641 0.00241786 0)
(0.0151353 0.00600026 0)
(0.00410887 0.00443012 0)
(0.00134156 -0.00426769 0)
(0.00215217 -0.0032094 0)
(-0.00163236 0.000862799 0)
(-0.01195 0.00616393 0)
(-0.0305516 0.0131066 0)
(-0.0580048 0.0219522 0)
(-0.0913652 0.030592 0)
(-0.124358 0.0347763 0)
(-0.151105 0.0319719 0)
(-0.16817 0.0228179 0)
(-0.174001 0.00943508 0)
(-0.168468 -0.00589514 0)
(-0.152133 -0.0214226 0)
(-0.125613 -0.0347678 0)
(-0.0911097 -0.0423728 0)
(-0.0513174 -0.0401064 0)
(-0.0119818 -0.0256868 0)
(0.0153022 -0.00197483 0)
(0.0167463 0.0149741 0)
(0.00531239 0.0139572 0)
(-0.000541746 -0.00437078 0)
(-0.00582333 0.00188183 0)
(-0.0193654 0.0138218 0)
(-0.0424706 0.0290667 0)
(-0.0756475 0.0458459 0)
(-0.114974 0.0600775 0)
(-0.153474 0.0666897 0)
(-0.185599 0.0632383 0)
(-0.208947 0.0506939 0)
(-0.222773 0.0313543 0)
(-0.226991 0.00749814 0)
(-0.222155 -0.0188578 0)
(-0.208571 -0.0456148 0)
(-0.18578 -0.0692971 0)
(-0.153511 -0.0849406 0)
(-0.111789 -0.0857228 0)
(-0.0624938 -0.0650309 0)
(-0.0138017 -0.0230663 0)
(0.0089664 0.016178 0)
(0.00412773 0.022301 0)
(-0.00336019 0.00187399 0)
(-0.0166393 0.0174285 0)
(-0.0409593 0.0390096 0)
(-0.0745739 0.0634157 0)
(-0.115218 0.0852626 0)
(-0.15639 0.0982038 0)
(-0.191748 0.0984658 0)
(-0.218858 0.0867375 0)
(-0.237758 0.0659196 0)
(-0.248953 0.0386663 0)
(-0.253212 0.00687516 0)
(-0.251322 -0.0281143 0)
(-0.243256 -0.0641989 0)
(-0.227991 -0.0984939 0)
(-0.20359 -0.125743 0)
(-0.167426 -0.137394 0)
(-0.117169 -0.121639 0)
(-0.0549043 -0.0694133 0)
(-0.00117251 0.00201877 0)
(0.00470306 0.0267811 0)
(-0.006192 0.0153089 0)
(-0.0266558 0.0424019 0)
(-0.0588268 0.0721648 0)
(-0.0974158 0.10189 0)
(-0.138325 0.123835 0)
(-0.174882 0.131887 0)
(-0.203178 0.124867 0)
(-0.223129 0.105804 0)
(-0.235898 0.0784675 0)
(-0.243089 0.0456542 0)
(-0.246397 0.00896881 0)
(-0.246816 -0.0307907 0)
(-0.244219 -0.0725317 0)
(-0.237952 -0.11495 0)
(-0.225313 -0.154249 0)
(-0.201727 -0.182188 0)
(-0.161368 -0.183803 0)
(-0.0998363 -0.138818 0)
(-0.021516 -0.0388095 0)
(0.00706169 0.0256519 0)
(-0.00781094 0.033767 0)
(-0.0324124 0.0726597 0)
(-0.0677539 0.107793 0)
(-0.105772 0.139021 0)
(-0.141936 0.157818 0)
(-0.170742 0.159431 0)
(-0.190554 0.145147 0)
(-0.202586 0.119633 0)
(-0.208716 0.0872583 0)
(-0.211357 0.0510809 0)
(-0.212602 0.0126644 0)
(-0.213575 -0.0275811 0)
(-0.214564 -0.0701208 0)
(-0.21559 -0.115445 0)
(-0.214482 -0.162452 0)
(-0.206111 -0.205761 0)
(-0.182477 -0.231311 0)
(-0.135214 -0.212256 0)
(-0.0602482 -0.115536 0)
(0.00539392 0.0132676 0)
(-0.00757873 0.0540694 0)
(-0.032501 0.103847 0)
(-0.0665942 0.141542 0)
(-0.100226 0.171398 0)
(-0.129366 0.185256 0)
(-0.150035 0.179959 0)
(-0.162262 0.158825 0)
(-0.167949 0.127731 0)
(-0.169415 0.0915734 0)
(-0.169204 0.0535298 0)
(-0.169033 0.0149862 0)
(-0.169711 -0.0239942 0)
(-0.171866 -0.0645996 0)
(-0.176085 -0.10835 0)
(-0.181676 -0.156553 0)
(-0.184866 -0.208136 0)
(-0.177627 -0.253989 0)
(-0.15001 -0.267867 0)
(-0.0958633 -0.200224 0)
(-0.0085022 -0.0148134 0)
(-0.00560157 0.0729498 0)
(-0.0273903 0.132501 0)
(-0.05699 0.170886 0)
(-0.084325 0.197776 0)
(-0.106178 0.206084 0)
(-0.120026 0.194141 0)
(-0.126907 0.166945 0)
(-0.128996 0.131337 0)
(-0.128704 0.0925463 0)
(-0.128119 0.0535575 0)
(-0.128113 0.0152941 0)
(-0.12893 -0.0225809 0)
(-0.131104 -0.061191 0)
(-0.135456 -0.102032 0)
(-0.142647 -0.147429 0)
(-0.151247 -0.199997 0)
(-0.154986 -0.257616 0)
(-0.143381 -0.300224 0)
(-0.109284 -0.270217 0)
(-0.0296367 -0.072918 0)
(-0.00248758 0.0875851 0)
(-0.0187436 0.156033 0)
(-0.0418912 0.19422 0)
(-0.0623075 0.217509 0)
(-0.0775645 0.220608 0)
(-0.0863053 0.203171 0)
(-0.0900122 0.171388 0)
(-0.09076 0.13272 0)
(-0.0906522 0.0925179 0)
(-0.0910265 0.053372 0)
(-0.0920157 0.0155956 0)
(-0.0935051 -0.0215778 0)
(-0.0957171 -0.0590232 0)
(-0.0992958 -0.0976342 0)
(-0.105552 -0.139446 0)
(-0.11528 -0.188941 0)
(-0.125036 -0.250671 0)
(-0.124137 -0.31502 0)
(-0.105305 -0.326584 0)
(-0.0363217 -0.15766 0)
(0.00110275 0.0958929 0)
(-0.00816834 0.172764 0)
(-0.0237696 0.211038 0)
(-0.037268 0.231294 0)
(-0.0467719 0.230438 0)
(-0.0517932 0.209106 0)
(-0.0537743 0.174278 0)
(-0.0543453 0.133837 0)
(-0.0550485 0.0931287 0)
(-0.0565564 0.0542525 0)
(-0.0586302 0.0169426 0)
(-0.0610489 -0.0198591 0)
(-0.0638167 -0.0568468 0)
(-0.0672314 -0.094332 0)
(-0.0724302 -0.133365 0)
(-0.08123 -0.178342 0)
(-0.0936072 -0.238253 0)
(-0.0993176 -0.315493 0)
(-0.0939232 -0.363887 0)
(-0.0305139 -0.235654 0)
(0.00460498 0.0968846 0)
(0.0027605 0.181689 0)
(-0.00496553 0.22103 0)
(-0.0117887 0.23905 0)
(-0.0161814 0.235504 0)
(-0.0181206 0.212008 0)
(-0.0188123 0.175885 0)
(-0.0193008 0.135034 0)
(-0.0205253 0.0945744 0)
(-0.0227228 0.0562364 0)
(-0.0255376 0.0194522 0)
(-0.028815 -0.0169222 0)
(-0.0325516 -0.0535709 0)
(-0.036778 -0.0905387 0)
(-0.0421934 -0.12797 0)
(-0.0503566 -0.169011 0)
(-0.0642302 -0.224584 0)
(-0.0738216 -0.308642 0)
(-0.0806568 -0.388052 0)
(-0.0228211 -0.299554 0)
(0.0075076 0.0909463 0)
(0.0130145 0.182536 0)
(0.0130616 0.22436 0)
(0.0127319 0.241681 0)
(0.0133457 0.237145 0)
(0.0145683 0.213179 0)
(0.0154466 0.177124 0)
(0.0154722 0.136699 0)
(0.0142817 0.0967857 0)
(0.0119225 0.0590228 0)
(0.00873469 0.0228674 0)
(0.00475918 -0.0127983 0)
(-0.000106431 -0.0487276 0)
(-0.00579662 -0.0849773 0)
(-0.0127541 -0.121232 0)
(-0.0214589 -0.159077 0)
(-0.037329 -0.209053 0)
(-0.0493401 -0.294753 0)
(-0.0680693 -0.400049 0)
(-0.0146083 -0.352406 0)
(0.00901786 0.0792491 0)
(0.0212252 0.175397 0)
(0.0286315 0.220561 0)
(0.034416 0.238166 0)
(0.0400263 0.233802 0)
(0.0450408 0.210805 0)
(0.0485264 0.176172 0)
(0.0501566 0.137185 0)
(0.0499123 0.0984985 0)
(0.0480387 0.0617832 0)
(0.044854 0.0267009 0)
(0.0403308 -0.00777321 0)
(0.0343245 -0.042403 0)
(0.026865 -0.0773395 0)
(0.0172791 -0.112169 0)
(0.00642326 -0.147477 0)
(-0.0126814 -0.19245 0)
(-0.0257759 -0.276484 0)
(-0.0565697 -0.402783 0)
(-0.00645716 -0.394637 0)
(0.00849751 0.0639147 0)
(0.0260253 0.160781 0)
(0.040583 0.210023 0)
(0.0526815 0.229492 0)
(0.0637673 0.226748 0)
(0.0734554 0.20608 0)
(0.0807312 0.174014 0)
(0.0851739 0.137247 0)
(0.0868555 0.100258 0)
(0.0861165 0.0649033 0)
(0.0833214 0.0312236 0)
(0.0783683 -0.00163872 0)
(0.0710895 -0.0342273 0)
(0.0616663 -0.0670138 0)
(0.0489782 -0.0997137 0)
(0.0346019 -0.132401 0)
(0.0108258 -0.172521 0)
(-0.00231266 -0.253411 0)
(-0.0460225 -0.399032 0)
(0.0022666 -0.429832 0)
(0.00590737 0.0482325 0)
(0.0259377 0.140921 0)
(0.0462867 0.192413 0)
(0.0643665 0.213116 0)
(0.0814007 0.212072 0)
(0.0969297 0.194464 0)
(0.10957 0.166164 0)
(0.118508 0.132999 0)
(0.123616 0.0990808 0)
(0.125162 0.0663433 0)
(0.123443 0.0352093 0)
(0.118573 0.00506126 0)
(0.11009 -0.0244048 0)
(0.0985791 -0.0538736 0)
(0.0820974 -0.0833243 0)
(0.0635163 -0.113454 0)
(0.0344319 -0.149793 0)
(0.0209548 -0.227774 0)
(-0.0360476 -0.392041 0)
(0.0127289 -0.459232 0)
(0.00196845 0.03528 0)
(0.020505 0.11839 0)
(0.0455615 0.170525 0)
(0.0698692 0.192534 0)
(0.0936168 0.193375 0)
(0.115933 0.179084 0)
(0.135084 0.155147 0)
(0.149738 0.126454 0)
(0.159397 0.0965992 0)
(0.164234 0.0674515 0)
(0.164234 0.0397466 0)
(0.160065 0.0132352 0)
(0.150489 -0.0123401 0)
(0.137014 -0.037542 0)
(0.116437 -0.0626641 0)
(0.0936551 -0.0893598 0)
(0.0590932 -0.122961 0)
(0.0436417 -0.199461 0)
(-0.0247651 -0.381983 0)
(0.0274608 -0.48189 0)
(-0.00320567 0.0306544 0)
(0.00767427 0.098664 0)
(0.0319443 0.141347 0)
(0.0618101 0.160575 0)
(0.0932076 0.162381 0)
(0.123793 0.151728 0)
(0.151011 0.133136 0)
(0.173052 0.11038 0)
(0.188824 0.0864353 0)
(0.198531 0.0629023 0)
(0.201478 0.0406662 0)
(0.19917 0.0196773 0)
(0.189303 -0.000235619 0)
(0.175039 -0.0196118 0)
(0.151176 -0.0388327 0)
(0.125664 -0.0611478 0)
(0.0860431 -0.0938504 0)
(0.0661757 -0.173279 0)
(-0.00655641 -0.366684 0)
(0.0510641 -0.489561 0)
(-0.0124747 0.0206432 0)
(-0.00775782 0.0879086 0)
(0.0153744 0.120208 0)
(0.049756 0.131311 0)
(0.0883952 0.13058 0)
(0.126716 0.122172 0)
(0.161471 0.108718 0)
(0.190242 0.0921689 0)
(0.21158 0.074821 0)
(0.226238 0.0576338 0)
(0.232351 0.0417027 0)
(0.233309 0.0268647 0)
(0.224677 0.013513 0)
(0.213386 0.000605403 0)
(0.189846 -0.0123306 0)
(0.167658 -0.0304459 0)
(0.12579 -0.062592 0)
(0.10346 -0.142463 0)
(0.0353682 -0.325344 0)
(0.0915597 -0.455318 0)
(-0.105068 0.0839284 0)
(-0.0773412 0.0697486 0)
(-0.0498746 0.0714464 0)
(-7.95817e-05 0.0745794 0)
(0.0506822 0.0744411 0)
(0.100929 0.0704343 0)
(0.146187 0.0637407 0)
(0.187046 0.0550626 0)
(0.218394 0.0461366 0)
(0.246014 0.0371259 0)
(0.261888 0.0291192 0)
(0.277226 0.0216721 0)
(0.278453 0.0155213 0)
(0.283392 0.00959628 0)
(0.268898 0.00323478 0)
(0.263285 -0.00774047 0)
(0.225944 -0.0332972 0)
(0.214728 -0.0941618 0)
(0.149201 -0.22957 0)
(0.170471 -0.341493 0)
(0.130594 0.104337 0)
(0.159674 0.0765593 0)
(0.214159 0.0545775 0)
(0.272274 0.0425767 0)
(0.323683 0.0364379 0)
(0.374452 0.0321722 0)
(0.417453 0.0290122 0)
(0.461334 0.0256425 0)
(0.493485 0.0230148 0)
(0.5281 0.0198757 0)
(0.547375 0.0178045 0)
(0.573268 0.0149264 0)
(0.579871 0.0135834 0)
(0.59886 0.0108242 0)
(0.591293 0.0099507 0)
(0.6009 0.00553748 0)
(0.566369 0.00060634 0)
(0.547579 -0.0179195 0)
(0.436619 -0.0502539 0)
(0.337312 -0.101372 0)
)
;

boundaryField
{
    movingWall
    {
        type            fixedValue;
        value           uniform (1 0 0);
    }
    fixedWalls
    {
        type            noSlip;
    }
    frontAndBack
    {
        type            empty;
    }
}


// ************************************************************************* //
