/*--------------------------------*- C++ -*----------------------------------*\
| =========                 |                                                 |
| \\      /  F ield         | OpenFOAM: The Open Source CFD Toolbox           |
|  \\    /   O peration     | Version:  2212                                  |
|   \\  /    A nd           | Website:  www.openfoam.com                      |
|    \\/     M anipulation  |                                                 |
\*---------------------------------------------------------------------------*/
FoamFile
{
    version     2.0;
    format      ascii;
    arch        "LSB;label=32;scalar=64";
    class       volScalarField;
    location    "2.055";
    object      p;
}
// * * * * * * * * * * * * * * * * * * * * * * * * * * * * * * * * * * * * * //

dimensions      [0 2 -2 0 0 0 0];

internalField   nonuniform List<scalar> 
400
(
2.17731e-08
-0.000129578
-0.000425101
-0.000845353
-0.00137046
-0.00196326
-0.00251034
-0.00283393
-0.00276313
-0.00215679
-0.000904537
0.00100213
0.00332125
0.0053616
0.00638022
0.00602159
0.00448175
0.0029039
0.00195093
0.00185038
0.000118829
-2.67653e-05
-0.000262521
-0.000577646
-0.000973658
-0.00147614
-0.00208289
-0.00268721
-0.00304927
-0.00286537
-0.00189893
-0.000137576
0.00206628
0.00410478
0.00523589
0.00504939
0.00375047
0.0022374
0.00150631
0.00153717
0.000424383
0.000229247
-2.36586e-05
-0.000397731
-0.000995244
-0.00191254
-0.00313771
-0.00448407
-0.0055928
-0.00602561
-0.00545508
-0.00389478
-0.00164945
0.000738121
0.00253817
0.00316019
0.00257278
0.00148038
0.000621522
0.000570426
0.00082566
0.000515437
0.000140388
-0.000541693
-0.00174705
-0.0035911
-0.00595382
-0.00846881
-0.0106356
-0.0119417
-0.0120362
-0.0109011
-0.00872583
-0.00589487
-0.00302549
-0.00079609
0.000331809
0.000373582
-0.000244318
-0.000844888
0.000961045
0.000533617
-0.000113213
-0.00140973
-0.00362545
-0.00678913
-0.0105837
-0.0144372
-0.0177438
-0.0200144
-0.0209435
-0.0203994
-0.0184548
-0.0153414
-0.0114564
-0.00737816
-0.00386329
-0.001662
-0.00114361
-0.0028089
0.000527703
-5.60404e-05
-0.0011206
-0.0032564
-0.00669795
-0.0112909
-0.0164485
-0.0214169
-0.0255595
-0.0284776
-0.0299761
-0.0299318
-0.0283595
-0.0253832
-0.0211406
-0.0158626
-0.010143
-0.0052924
-0.00315557
-0.00518756
-0.000697729
-0.00145511
-0.00300475
-0.00602064
-0.0106193
-0.0164036
-0.0225326
-0.0281468
-0.0326546
-0.0357788
-0.0374526
-0.0376659
-0.0364474
-0.0338565
-0.0298759
-0.0244031
-0.0175684
-0.0105648
-0.00634899
-0.00657304
-0.00270711
-0.00360895
-0.00560099
-0.00933629
-0.014793
-0.021345
-0.0279734
-0.0338009
-0.0383352
-0.0414242
-0.0430909
-0.0433994
-0.042414
-0.0401822
-0.036662
-0.0316252
-0.0248125
-0.0167363
-0.0100535
-0.00684979
-0.00523338
-0.00620787
-0.00851361
-0.012703
-0.0186421
-0.0255447
-0.0323058
-0.03809
-0.0425105
-0.0455031
-0.0471351
-0.0474876
-0.046629
-0.0446183
-0.0414763
-0.0370445
-0.0308914
-0.0228398
-0.0144983
-0.008506
-0.00786848
-0.0088269
-0.0112823
-0.0156481
-0.0217233
-0.0286575
-0.0353388
-0.0409887
-0.0452924
-0.0482262
-0.0498595
-0.0502512
-0.0494504
-0.0475307
-0.0445912
-0.0406269
-0.0352965
-0.0280239
-0.019623
-0.0122557
-0.0102221
-0.011094
-0.0135297
-0.0178277
-0.0237607
-0.0305083
-0.0370097
-0.0425279
-0.0467666
-0.049695
-0.0513573
-0.0517835
-0.0510003
-0.0490817
-0.0461939
-0.0424859
-0.0378685
-0.0316328
-0.0241584
-0.0166201
-0.012052
-0.0127601
-0.0150328
-0.0190411
-0.0245984
-0.0309934
-0.0372648
-0.0426932
-0.0469372
-0.0499134
-0.0516254
-0.0520783
-0.0512799
-0.0492952
-0.0463488
-0.0427102
-0.038604
-0.0332655
-0.0268848
-0.0196475
-0.0133042
-0.0137466
-0.0156634
-0.0191853
-0.0241793
-0.030098
-0.0361088
-0.0414861
-0.0457999
-0.0488751
-0.0506586
-0.0511313
-0.0502807
-0.0481984
-0.0451184
-0.0413751
-0.0375604
-0.032738
-0.027244
-0.0202473
-0.0140195
-0.0141189
-0.0154675
-0.0182605
-0.0225032
-0.0278416
-0.0335641
-0.0389192
-0.0433626
-0.0465992
-0.0484954
-0.0489923
-0.0480959
-0.0458767
-0.0426076
-0.0387019
-0.034814
-0.0301221
-0.0255471
-0.018139
-0.0142829
-0.014017
-0.0145972
-0.0164063
-0.0197134
-0.0243679
-0.0297664
-0.0351179
-0.0397481
-0.04322
-0.0453003
-0.0458776
-0.0449391
-0.0425593
-0.039054
-0.0348674
-0.0306725
-0.0259245
-0.0224973
-0.0131871
-0.0142123
-0.0136299
-0.0131935
-0.0137645
-0.0159865
-0.0198855
-0.0249411
-0.0303079
-0.0351796
-0.0389657
-0.0413185
-0.0420557
-0.0411546
-0.0386501
-0.0348862
-0.0303065
-0.0256402
-0.0206591
-0.0178152
-0.00396992
-0.0138988
-0.0130879
-0.0113911
-0.0106076
-0.0117127
-0.0148798
-0.0196274
-0.0250391
-0.0301965
-0.034366
-0.0370863
-0.0380809
-0.0372976
-0.0347823
-0.0307656
-0.0256247
-0.020045
-0.0139278
-0.00852518
0.0143247
-0.0142502
-0.0125735
-0.00910433
-0.00698062
-0.00715376
-0.00980244
-0.0143864
-0.0199125
-0.0254066
-0.030022
-0.0332174
-0.0346141
-0.0341034
-0.031634
-0.0273601
-0.0213175
-0.0136829
-0.00319417
0.0129523
0.053734
-0.0118987
-0.0123301
-0.00716566
-0.00369232
-0.0032466
-0.00571041
-0.0103316
-0.0160518
-0.0218983
-0.0269456
-0.0306344
-0.0325057
-0.0324191
-0.0300982
-0.0253844
-0.0174293
-0.00501205
0.0167188
0.055891
0.125595
-0.0296153
-0.0115775
-0.0026071
0.000631958
0.00042941
-0.00240441
-0.00727988
-0.0132647
-0.019403
-0.0247587
-0.0287583
-0.0309318
-0.0310994
-0.0288195
-0.0234157
-0.0127334
0.00747422
0.0474117
0.118363
0.222013
)
;

boundaryField
{
    movingWall
    {
        type            zeroGradient;
    }
    fixedWalls
    {
        type            zeroGradient;
    }
    frontAndBack
    {
        type            empty;
    }
}


// ************************************************************************* //
