/*--------------------------------*- C++ -*----------------------------------*\
| =========                 |                                                 |
| \\      /  F ield         | OpenFOAM: The Open Source CFD Toolbox           |
|  \\    /   O peration     | Version:  2212                                  |
|   \\  /    A nd           | Website:  www.openfoam.com                      |
|    \\/     M anipulation  |                                                 |
\*---------------------------------------------------------------------------*/
FoamFile
{
    version     2.0;
    format      ascii;
    arch        "LSB;label=32;scalar=64";
    class       volVectorField;
    location    "2.33";
    object      U;
}
// * * * * * * * * * * * * * * * * * * * * * * * * * * * * * * * * * * * * * //

dimensions      [0 1 -1 0 0 0 0];

internalField   nonuniform List<vector> 
400
(
(0.0013371 -0.00138577 0)
(0.00373119 -0.00150678 0)
(0.0048851 -0.00100649 0)
(0.00385688 -0.000447234 0)
(5.71891e-05 0.000289794 0)
(-0.00750202 0.00167616 0)
(-0.0197593 0.00419302 0)
(-0.036601 0.00748451 0)
(-0.0557749 0.00985182 0)
(-0.0728152 0.00950772 0)
(-0.0832828 0.00638069 0)
(-0.0846049 0.00176187 0)
(-0.0757818 -0.00312438 0)
(-0.0573961 -0.00751908 0)
(-0.0329474 -0.00999411 0)
(-0.0066142 -0.00910671 0)
(0.0141108 -0.00465225 0)
(0.0217489 0.00232797 0)
(0.0146911 0.00581872 0)
(0.00400541 0.00429944 0)
(0.00113444 -0.00380534 0)
(0.00153566 -0.00273222 0)
(-0.00239495 0.00102964 0)
(-0.0123508 0.00600568 0)
(-0.0301256 0.0125766 0)
(-0.0563497 0.0209679 0)
(-0.0884847 0.0292964 0)
(-0.120701 0.0336048 0)
(-0.147166 0.0312247 0)
(-0.164281 0.022523 0)
(-0.170364 0.00951141 0)
(-0.165187 -0.0055232 0)
(-0.149295 -0.0207825 0)
(-0.123288 -0.0339131 0)
(-0.0893764 -0.0413866 0)
(-0.050268 -0.0391684 0)
(-0.0117001 -0.025089 0)
(0.0149177 -0.00200116 0)
(0.0163423 0.0145522 0)
(0.005209 0.0135921 0)
(-0.000724818 -0.00357859 0)
(-0.00610327 0.00250466 0)
(-0.019252 0.0135958 0)
(-0.0413597 0.0278665 0)
(-0.0730829 0.0438631 0)
(-0.111082 0.0578237 0)
(-0.148876 0.0647996 0)
(-0.180891 0.0620594 0)
(-0.204451 0.0502163 0)
(-0.218621 0.0314367 0)
(-0.223203 0.00801962 0)
(-0.218692 -0.0179535 0)
(-0.205403 -0.0443557 0)
(-0.182922 -0.0677244 0)
(-0.151012 -0.0831516 0)
(-0.109757 -0.08394 0)
(-0.0611572 -0.0636718 0)
(-0.0133858 -0.0226501 0)
(0.00883316 0.0157109 0)
(0.00409271 0.0217891 0)
(-0.00328871 0.00267852 0)
(-0.0161462 0.0175914 0)
(-0.0395302 0.0376695 0)
(-0.0717405 0.0607829 0)
(-0.111005 0.0821031 0)
(-0.151468 0.0954246 0)
(-0.186897 0.0966447 0)
(-0.214471 0.0859017 0)
(-0.233938 0.0658445 0)
(-0.245649 0.0391205 0)
(-0.250279 0.00771294 0)
(-0.248616 -0.0269403 0)
(-0.240689 -0.0627046 0)
(-0.22551 -0.0966391 0)
(-0.201202 -0.123539 0)
(-0.165192 -0.134972 0)
(-0.115304 -0.119405 0)
(-0.0537609 -0.0680615 0)
(-0.00110446 0.00182638 0)
(0.00464685 0.0262305 0)
(-0.0059283 0.0156384 0)
(-0.0255061 0.041523 0)
(-0.0563593 0.0694907 0)
(-0.0935772 0.0981037 0)
(-0.133639 0.120117 0)
(-0.170253 0.129189 0)
(-0.199217 0.123493 0)
(-0.219993 0.105508 0)
(-0.233522 0.0788744 0)
(-0.241259 0.0464501 0)
(-0.244863 0.00996647 0)
(-0.245388 -0.0296629 0)
(-0.242789 -0.071241 0)
(-0.2364 -0.11336 0)
(-0.223615 -0.152242 0)
(-0.199908 -0.179739 0)
(-0.159573 -0.181132 0)
(-0.0983645 -0.136543 0)
(-0.0209823 -0.0380791 0)
(0.00694929 0.0252061 0)
(-0.00743249 0.0332039 0)
(-0.0309103 0.0705423 0)
(-0.0648661 0.103958 0)
(-0.101823 0.134533 0)
(-0.137718 0.154043 0)
(-0.16711 0.157193 0)
(-0.187869 0.144447 0)
(-0.200818 0.119993 0)
(-0.207668 0.0881778 0)
(-0.21073 0.0521776 0)
(-0.212153 0.0137344 0)
(-0.213138 -0.0265949 0)
(-0.214024 -0.0691156 0)
(-0.214846 -0.114252 0)
(-0.213506 -0.160893 0)
(-0.204909 -0.203717 0)
(-0.181111 -0.228795 0)
(-0.13383 -0.209581 0)
(-0.0591431 -0.113594 0)
(0.00532149 0.0130555 0)
(-0.00720519 0.0525211 0)
(-0.0309961 0.100566 0)
(-0.0638307 0.136843 0)
(-0.096748 0.166583 0)
(-0.126009 0.181729 0)
(-0.147467 0.178352 0)
(-0.160623 0.158864 0)
(-0.167082 0.128747 0)
(-0.169042 0.092964 0)
(-0.169027 0.0548967 0)
(-0.168872 0.0161581 0)
(-0.169472 -0.0230151 0)
(-0.171476 -0.0636698 0)
(-0.175529 -0.107298 0)
(-0.180963 -0.155206 0)
(-0.184023 -0.206377 0)
(-0.176676 -0.25177 0)
(-0.148973 -0.26529 0)
(-0.09478 -0.197853 0)
(-0.00822957 -0.0146306 0)
(-0.0053326 0.0704992 0)
(-0.0261478 0.12824 0)
(-0.0546954 0.165571 0)
(-0.0815667 0.192823 0)
(-0.103691 0.202883 0)
(-0.118264 0.193139 0)
(-0.125858 0.167633 0)
(-0.128444 0.132883 0)
(-0.128362 0.0942787 0)
(-0.127779 0.055093 0)
(-0.127711 0.0165126 0)
(-0.128438 -0.0216166 0)
(-0.13048 -0.0603069 0)
(-0.134722 -0.101021 0)
(-0.141844 -0.1461 0)
(-0.150436 -0.198262 0)
(-0.154203 -0.255461 0)
(-0.142627 -0.297699 0)
(-0.108514 -0.267673 0)
(-0.0292102 -0.0717888 0)
(-0.00237406 0.0844251 0)
(-0.0178917 0.150982 0)
(-0.0402077 0.188456 0)
(-0.0602939 0.212495 0)
(-0.0757851 0.217682 0)
(-0.0850253 0.202616 0)
(-0.0891514 0.172514 0)
(-0.0901087 0.134577 0)
(-0.0899833 0.0943941 0)
(-0.0902527 0.0549178 0)
(-0.0911638 0.0167574 0)
(-0.0925878 -0.0206848 0)
(-0.0947332 -0.05821 0)
(-0.0982811 -0.0966701 0)
(-0.104565 -0.138106 0)
(-0.1144 -0.18714 0)
(-0.124312 -0.248462 0)
(-0.123564 -0.312474 0)
(-0.104718 -0.323823 0)
(-0.0360909 -0.15566 0)
(0.00103378 0.0923135 0)
(-0.00777379 0.167148 0)
(-0.0227612 0.204939 0)
(-0.035986 0.226177 0)
(-0.0455771 0.227593 0)
(-0.0507989 0.208725 0)
(-0.0528902 0.175566 0)
(-0.0534198 0.135773 0)
(-0.0539477 0.0949927 0)
(-0.0552933 0.0557493 0)
(-0.0572867 0.0180726 0)
(-0.0596682 -0.0189607 0)
(-0.0624392 -0.0559935 0)
(-0.0659059 -0.093296 0)
(-0.0712182 -0.131886 0)
(-0.0802279 -0.176317 0)
(-0.0928915 -0.235817 0)
(-0.0989115 -0.312845 0)
(-0.093519 -0.361085 0)
(-0.0304166 -0.233387 0)
(0.004338 0.0932205 0)
(0.00266997 0.1757 0)
(-0.00465576 0.214647 0)
(-0.0112183 0.233766 0)
(-0.0155116 0.232566 0)
(-0.0173507 0.211553 0)
(-0.0178769 0.177084 0)
(-0.0181349 0.136861 0)
(-0.0190818 0.0963265 0)
(-0.0210762 0.0576567 0)
(-0.0238054 0.0205696 0)
(-0.0270646 -0.0159686 0)
(-0.030876 -0.0525987 0)
(-0.0352437 -0.0893385 0)
(-0.0408482 -0.126274 0)
(-0.0492885 -0.166692 0)
(-0.0635259 -0.221806 0)
(-0.0735525 -0.305741 0)
(-0.0803815 -0.385061 0)
(-0.0227779 -0.296999 0)
(0.00701952 0.0875567 0)
(0.0124129 0.176428 0)
(0.0126498 0.217787 0)
(0.0125307 0.236163 0)
(0.0133761 0.233906 0)
(0.014941 0.212376 0)
(0.0162249 0.177976 0)
(0.016647 0.138232 0)
(0.0158129 0.0983359 0)
(0.0136929 0.0603366 0)
(0.010606 0.02397 0)
(0.00664208 -0.0117755 0)
(0.00165326 -0.0475969 0)
(-0.00425389 -0.0834989 0)
(-0.0114531 -0.119213 0)
(-0.0204697 -0.15639 0)
(-0.0367361 -0.205898 0)
(-0.0492779 -0.291639 0)
(-0.0679616 -0.397011 0)
(-0.0146291 -0.349722 0)
(0.00835517 0.0765114 0)
(0.0201067 0.169474 0)
(0.0274822 0.213895 0)
(0.0333975 0.232371 0)
(0.0392918 0.230121 0)
(0.0447809 0.209481 0)
(0.0488264 0.17654 0)
(0.0509763 0.138345 0)
(0.0511465 0.0998123 0)
(0.0495315 0.0629804 0)
(0.0464621 0.0277839 0)
(0.041916 -0.00669637 0)
(0.0357995 -0.0411341 0)
(0.0281064 -0.0756236 0)
(0.0182476 -0.109847 0)
(0.00710355 -0.144433 0)
(-0.0123418 -0.188905 0)
(-0.0259625 -0.273102 0)
(-0.0566318 -0.399668 0)
(-0.00653463 -0.391915 0)
(0.00781632 0.0621481 0)
(0.0244687 0.155447 0)
(0.0386866 0.203524 0)
(0.050741 0.223503 0)
(0.0620329 0.222539 0)
(0.0721891 0.204039 0)
(0.080069 0.173675 0)
(0.0850948 0.137845 0)
(0.0872377 0.101198 0)
(0.0867816 0.0658963 0)
(0.0840956 0.0322298 0)
(0.0791485 -0.00050706 0)
(0.0717949 -0.0327893 0)
(0.062174 -0.0650853 0)
(0.0492852 -0.0971546 0)
(0.0346945 -0.129097 0)
(0.0107001 -0.168689 0)
(-0.00281063 -0.24988 0)
(-0.0462827 -0.395975 0)
(0.00211688 -0.427249 0)
(0.0054107 0.0475506 0)
(0.0241577 0.136552 0)
(0.0437633 0.186353 0)
(0.0615421 0.207117 0)
(0.0786003 0.207471 0)
(0.0944476 0.191781 0)
(0.107593 0.16514 0)
(0.117066 0.133036 0)
(0.12262 0.099647 0)
(0.12446 0.0671422 0)
(0.12287 0.036156 0)
(0.118048 0.00624848 0)
(0.109523 -0.022876 0)
(0.0979051 -0.0518562 0)
(0.0813818 -0.0806942 0)
(0.0627479 -0.110104 0)
(0.0336443 -0.14586 0)
(0.0201672 -0.224178 0)
(-0.0365087 -0.389138 0)
(0.012474 -0.456975 0)
(0.00175716 0.0355346 0)
(0.0188715 0.115385 0)
(0.0426732 0.165401 0)
(0.0662611 0.186953 0)
(0.08968 0.188663 0)
(0.111988 0.175884 0)
(0.131387 0.153423 0)
(0.146415 0.125817 0)
(0.156446 0.0966332 0)
(0.161576 0.0678934 0)
(0.161764 0.0404773 0)
(0.157715 0.0142869 0)
(0.148228 -0.0109256 0)
(0.134805 -0.0356347 0)
(0.114413 -0.0601768 0)
(0.0917975 -0.0862139 0)
(0.0574876 -0.119241 0)
(0.0425536 -0.196161 0)
(-0.0254776 -0.379657 0)
(0.0270652 -0.48015 0)
(-0.00313135 0.0316154 0)
(0.00641337 0.0970817 0)
(0.029163 0.137357 0)
(0.0579365 0.1558 0)
(0.088593 0.158048 0)
(0.11874 0.148503 0)
(0.145815 0.131131 0)
(0.167928 0.10939 0)
(0.183889 0.0861646 0)
(0.193786 0.0631292 0)
(0.196944 0.0412702 0)
(0.194761 0.0206238 0)
(0.185149 0.00109694 0)
(0.171109 -0.0178711 0)
(0.147684 -0.0366492 0)
(0.122606 -0.058478 0)
(0.083628 -0.0906839 0)
(0.0647794 -0.170401 0)
(-0.0074463 -0.365059 0)
(0.0506145 -0.48845 0)
(-0.0117367 0.0216847 0)
(-0.00795852 0.0877056 0)
(0.013267 0.118053 0)
(0.046106 0.128098 0)
(0.0834024 0.127261 0)
(0.120713 0.119394 0)
(0.154841 0.106723 0)
(0.183298 0.0909324 0)
(0.20461 0.0742058 0)
(0.219322 0.0574919 0)
(0.225693 0.0419598 0)
(0.226856 0.0274515 0)
(0.218699 0.0144694 0)
(0.207738 0.00186498 0)
(0.184958 -0.0106876 0)
(0.163556 -0.0284952 0)
(0.12269 -0.0603891 0)
(0.101608 -0.140806 0)
(0.0344029 -0.324801 0)
(0.0911871 -0.454895 0)
(-0.104603 0.0846783 0)
(-0.077178 0.0700983 0)
(-0.0506423 0.0704544 0)
(-0.00220762 0.0728526 0)
(0.0470904 0.0724913 0)
(0.0960655 0.0686773 0)
(0.140411 0.0623791 0)
(0.180647 0.0541316 0)
(0.211776 0.0456047 0)
(0.239309 0.0369085 0)
(0.255416 0.029186 0)
(0.270963 0.0219484 0)
(0.27273 0.0160252 0)
(0.27809 0.0102554 0)
(0.264538 0.00412023 0)
(0.259535 -0.00681768 0)
(0.223056 -0.0323497 0)
(0.213025 -0.0935478 0)
(0.148556 -0.229435 0)
(0.170308 -0.341415 0)
(0.130906 0.104648 0)
(0.160361 0.0772214 0)
(0.215149 0.0552457 0)
(0.27304 0.0430434 0)
(0.323834 0.0366812 0)
(0.373728 0.0322643 0)
(0.415924 0.0290421 0)
(0.459101 0.0256591 0)
(0.49084 0.0230561 0)
(0.525188 0.0199376 0)
(0.544455 0.0179046 0)
(0.570408 0.0150437 0)
(0.577276 0.0137423 0)
(0.596538 0.010996 0)
(0.589455 0.0101579 0)
(0.599494 0.00571688 0)
(0.565536 0.000796937 0)
(0.547332 -0.0177503 0)
(0.436818 -0.0501462 0)
(0.337463 -0.101316 0)
)
;

boundaryField
{
    movingWall
    {
        type            fixedValue;
        value           uniform (1 0 0);
    }
    fixedWalls
    {
        type            noSlip;
    }
    frontAndBack
    {
        type            empty;
    }
}


// ************************************************************************* //
