/*--------------------------------*- C++ -*----------------------------------*\
| =========                 |                                                 |
| \\      /  F ield         | OpenFOAM: The Open Source CFD Toolbox           |
|  \\    /   O peration     | Version:  2212                                  |
|   \\  /    A nd           | Website:  www.openfoam.com                      |
|    \\/     M anipulation  |                                                 |
\*---------------------------------------------------------------------------*/
FoamFile
{
    version     2.0;
    format      ascii;
    arch        "LSB;label=32;scalar=64";
    class       volScalarField;
    location    "2.56";
    object      p;
}
// * * * * * * * * * * * * * * * * * * * * * * * * * * * * * * * * * * * * * //

dimensions      [0 2 -2 0 0 0 0];

internalField   nonuniform List<scalar> 
400
(
-2.03013e-08
-0.000142379
-0.000492024
-0.000984835
-0.00159328
-0.00228766
-0.00292375
-0.00330465
-0.0032612
-0.00264633
-0.0013253
0.000723331
0.00322177
0.00540988
0.00646996
0.00602112
0.0043046
0.00258821
0.00158632
0.00149921
0.000118718
-4.3367e-05
-0.000331937
-0.000693564
-0.00114364
-0.00173185
-0.00246344
-0.00320546
-0.00367259
-0.0035198
-0.00249004
-0.000587041
0.00179532
0.00398658
0.00517804
0.00493428
0.00349081
0.0018654
0.0011045
0.00116175
0.000492782
0.000254878
-5.35236e-05
-0.000496034
-0.00120808
-0.00231047
-0.0037749
-0.0053606
-0.00664467
-0.00713929
-0.00651158
-0.00482036
-0.00239262
0.000183472
0.00212424
0.00280541
0.00219163
0.00105316
0.000171349
0.000138596
0.00101918
0.000651519
0.000174403
-0.00067538
-0.00215491
-0.00436968
-0.00712674
-0.00997696
-0.0123586
-0.0137378
-0.0137844
-0.0125194
-0.0101416
-0.00706828
-0.00395707
-0.00152477
-0.000246149
-0.000114115
-0.000703522
-0.00133454
0.00131947
0.000790394
-5.49641e-05
-0.00169843
-0.00441131
-0.00814889
-0.0124608
-0.0166772
-0.0201661
-0.0224681
-0.0233232
-0.0226175
-0.020451
-0.0170809
-0.0129151
-0.00853727
-0.00472148
-0.00227125
-0.0016189
-0.0033697
0.000964643
0.000233638
-0.00115484
-0.00384129
-0.00799568
-0.013302
-0.0189982
-0.0242584
-0.0284718
-0.031312
-0.032648
-0.0323877
-0.0305925
-0.0273918
-0.0229083
-0.017347
-0.011288
-0.00608965
-0.00374209
-0.00580256
-0.000328142
-0.00127509
-0.00327085
-0.00700497
-0.0124605
-0.0189971
-0.0255962
-0.0313787
-0.0358303
-0.038774
-0.0402162
-0.0401842
-0.0387395
-0.0359425
-0.031757
-0.0260495
-0.0189196
-0.0115663
-0.00706097
-0.00710688
-0.00255755
-0.00367366
-0.00619825
-0.0107507
-0.0171217
-0.0243911
-0.0313891
-0.0372725
-0.0416606
-0.0445037
-0.0458943
-0.0459379
-0.0447208
-0.0422897
-0.0385841
-0.0333461
-0.0262881
-0.0179001
-0.0108687
-0.00737973
-0.00539335
-0.00658688
-0.00946337
-0.0145071
-0.0213575
-0.0289161
-0.0359606
-0.0417267
-0.0459503
-0.0486615
-0.0499904
-0.0500589
-0.048955
-0.0467422
-0.0434221
-0.0388082
-0.0324413
-0.0241239
-0.0154732
-0.00920377
-0.00833504
-0.00950459
-0.0125321
-0.0177466
-0.0247027
-0.0322406
-0.0391559
-0.0447549
-0.0488418
-0.0514742
-0.0527799
-0.0528618
-0.0517983
-0.0496713
-0.0465594
-0.0424254
-0.0368992
-0.0293945
-0.0207541
-0.0131861
-0.010915
-0.0119891
-0.0149739
-0.0200897
-0.0268674
-0.0341944
-0.040925
-0.0463976
-0.0504242
-0.0530448
-0.0543622
-0.0544552
-0.0533884
-0.0512532
-0.0481946
-0.044322
-0.0395158
-0.0330632
-0.02539
-0.0177098
-0.0128634
-0.0137583
-0.016543
-0.021317
-0.0276814
-0.0346612
-0.0412017
-0.0466291
-0.0506911
-0.053374
-0.0547382
-0.0548413
-0.0537364
-0.0515218
-0.0483941
-0.0445841
-0.0402796
-0.0347185
-0.0281526
-0.0208031
-0.0141381
-0.0147243
-0.0170967
-0.02132
-0.0270845
-0.0336156
-0.0399683
-0.0454249
-0.0496181
-0.0524387
-0.0538904
-0.0540057
-0.0528339
-0.0504904
-0.0472009
-0.0432636
-0.0392213
-0.0341509
-0.0284746
-0.0213656
-0.0148098
-0.0149803
-0.0166947
-0.020102
-0.0250711
-0.0310565
-0.0372134
-0.0427558
-0.0471707
-0.0502178
-0.0518209
-0.0519796
-0.0507309
-0.0482091
-0.0446837
-0.0405376
-0.0363808
-0.0314002
-0.0266585
-0.0190922
-0.0149867
-0.0147053
-0.0155185
-0.0178171
-0.0217775
-0.027105
-0.0330403
-0.0387081
-0.0434271
-0.0467958
-0.0486318
-0.0488802
-0.0475843
-0.0448584
-0.041035
-0.0365428
-0.0320181
-0.0269441
-0.0233404
-0.0138088
-0.0147882
-0.0141233
-0.0137568
-0.0146329
-0.0173941
-0.0219686
-0.0276578
-0.0334787
-0.0385728
-0.0423604
-0.044536
-0.0449732
-0.043703
-0.0408078
-0.0366553
-0.0316891
-0.0266191
-0.0212704
-0.018111
-0.00407641
-0.0143063
-0.0133689
-0.0115556
-0.0108491
-0.0123565
-0.0161809
-0.0216447
-0.0276444
-0.0331652
-0.0374553
-0.0400842
-0.0408293
-0.0396891
-0.0367219
-0.0322353
-0.0266051
-0.0205126
-0.0139037
-0.00801235
0.0148973
-0.0144252
-0.0126114
-0.00886057
-0.0065826
-0.0070257
-0.010303
-0.0156605
-0.0218839
-0.0278689
-0.0327214
-0.0359119
-0.0371017
-0.0362367
-0.0333215
-0.0285214
-0.0218686
-0.0135519
-0.00236456
0.0143749
0.0550589
-0.0118418
-0.0120553
-0.00639185
-0.00267345
-0.00247161
-0.00557199
-0.011011
-0.017506
-0.0239363
-0.0293108
-0.033072
-0.0347944
-0.0343826
-0.0315825
-0.0262588
-0.0176059
-0.00439169
0.0181632
0.0578635
0.127402
-0.0295528
-0.0110602
-0.00153519
0.00192913
0.00147687
-0.00199727
-0.00770572
-0.0144971
-0.0212619
-0.0269892
-0.0311012
-0.0331543
-0.033015
-0.030276
-0.0242987
-0.0129127
0.00818783
0.048935
0.120281
0.22382
)
;

boundaryField
{
    movingWall
    {
        type            zeroGradient;
    }
    fixedWalls
    {
        type            zeroGradient;
    }
    frontAndBack
    {
        type            empty;
    }
}


// ************************************************************************* //
