/*--------------------------------*- C++ -*----------------------------------*\
| =========                 |                                                 |
| \\      /  F ield         | OpenFOAM: The Open Source CFD Toolbox           |
|  \\    /   O peration     | Version:  2212                                  |
|   \\  /    A nd           | Website:  www.openfoam.com                      |
|    \\/     M anipulation  |                                                 |
\*---------------------------------------------------------------------------*/
FoamFile
{
    version     2.0;
    format      ascii;
    arch        "LSB;label=32;scalar=64";
    class       volVectorField;
    location    "3.24";
    object      U;
}
// * * * * * * * * * * * * * * * * * * * * * * * * * * * * * * * * * * * * * //

dimensions      [0 1 -1 0 0 0 0];

internalField   nonuniform List<vector> 
400
(
(0.0015997 -0.001615 0)
(0.00457828 -0.00180585 0)
(0.00619156 -0.00115304 0)
(0.00524292 -0.000543235 0)
(0.00119888 0.000212195 0)
(-0.00701022 0.00172913 0)
(-0.0204234 0.00464646 0)
(-0.0388408 0.00843557 0)
(-0.0595962 0.0109541 0)
(-0.0776307 0.0102947 0)
(-0.0883063 0.00671757 0)
(-0.089193 0.00173728 0)
(-0.0793916 -0.00344969 0)
(-0.0596851 -0.00805759 0)
(-0.0337476 -0.0106322 0)
(-0.0059585 -0.00965253 0)
(0.0158301 -0.00481622 0)
(0.0236756 0.00261786 0)
(0.0157871 0.00628861 0)
(0.00424295 0.00461194 0)
(0.00157696 -0.00476634 0)
(0.00277407 -0.00371825 0)
(-0.000901309 0.000705808 0)
(-0.0116199 0.0063592 0)
(-0.0311836 0.0137204 0)
(-0.0600631 0.0231079 0)
(-0.0948675 0.0321373 0)
(-0.128848 0.0362191 0)
(-0.156058 0.0329426 0)
(-0.173167 0.0232054 0)
(-0.178713 0.00926958 0)
(-0.172681 -0.00653649 0)
(-0.155644 -0.0224814 0)
(-0.128288 -0.0360995 0)
(-0.0928516 -0.0437735 0)
(-0.0520496 -0.0412631 0)
(-0.0117699 -0.026199 0)
(0.0162067 -0.00162578 0)
(0.017425 0.0157219 0)
(0.00545532 0.0144942 0)
(-0.000360878 -0.00523803 0)
(-0.00557994 0.00123974 0)
(-0.0195867 0.0141735 0)
(-0.0438385 0.0304764 0)
(-0.0786709 0.0481175 0)
(-0.119525 0.0626988 0)
(-0.158967 0.0690314 0)
(-0.191507 0.0649138 0)
(-0.214946 0.0515906 0)
(-0.228645 0.0314714 0)
(-0.232577 0.00686949 0)
(-0.227363 -0.0201915 0)
(-0.213311 -0.0475705 0)
(-0.18993 -0.0717017 0)
(-0.156942 -0.0875028 0)
(-0.114327 -0.0879989 0)
(-0.063902 -0.066426 0)
(-0.0139312 -0.0229791 0)
(0.00924881 0.0171858 0)
(0.00414265 0.0230818 0)
(-0.00344401 0.00103034 0)
(-0.0172322 0.0173804 0)
(-0.0426271 0.040639 0)
(-0.077817 0.0664294 0)
(-0.120022 0.0888894 0)
(-0.162133 0.101594 0)
(-0.197792 0.101073 0)
(-0.224914 0.0884293 0)
(-0.243688 0.0667132 0)
(-0.254686 0.0386036 0)
(-0.258722 0.0059751 0)
(-0.256594 -0.0298473 0)
(-0.248247 -0.066681 0)
(-0.232638 -0.10161 0)
(-0.207787 -0.129235 0)
(-0.171007 -0.140831 0)
(-0.119811 -0.124329 0)
(-0.0561959 -0.0704928 0)
(-0.00111494 0.00285651 0)
(0.00472345 0.0276492 0)
(-0.006496 0.0150482 0)
(-0.0279763 0.0435502 0)
(-0.0616223 0.0752825 0)
(-0.101738 0.106215 0)
(-0.143683 0.128249 0)
(-0.180517 0.135556 0)
(-0.208667 0.127479 0)
(-0.228368 0.107402 0)
(-0.240865 0.0791417 0)
(-0.247849 0.0454842 0)
(-0.251019 0.00798078 0)
(-0.251333 -0.0325796 0)
(-0.248596 -0.0750794 0)
(-0.242208 -0.118217 0)
(-0.229386 -0.158088 0)
(-0.205506 -0.186305 0)
(-0.164591 -0.187642 0)
(-0.102052 -0.141463 0)
(-0.0219972 -0.03901 0)
(0.00723797 0.0264717 0)
(-0.00824354 0.0345218 0)
(-0.0341165 0.0751942 0)
(-0.0709993 0.112216 0)
(-0.110218 0.144234 0)
(-0.146866 0.162591 0)
(-0.175497 0.163077 0)
(-0.194938 0.147589 0)
(-0.206613 0.121044 0)
(-0.212471 0.0877902 0)
(-0.214988 0.0508403 0)
(-0.2162 0.0116851 0)
(-0.217169 -0.0292821 0)
(-0.218125 -0.0725609 0)
(-0.219118 -0.118597 0)
(-0.217939 -0.166219 0)
(-0.209452 -0.209964 0)
(-0.185581 -0.235651 0)
(-0.137817 -0.216132 0)
(-0.061838 -0.117747 0)
(0.00563018 0.0137735 0)
(-0.00800229 0.0559315 0)
(-0.0341983 0.107676 0)
(-0.0696872 0.146962 0)
(-0.104146 0.177135 0)
(-0.133372 0.190096 0)
(-0.153655 0.183404 0)
(-0.165467 0.161002 0)
(-0.170834 0.128919 0)
(-0.172145 0.0919711 0)
(-0.171951 0.0532418 0)
(-0.171876 0.0140148 0)
(-0.172666 -0.0256891 0)
(-0.174896 -0.0670805 0)
(-0.179103 -0.111576 0)
(-0.184582 -0.160376 0)
(-0.187602 -0.212338 0)
(-0.180188 -0.258378 0)
(-0.152359 -0.272207 0)
(-0.0978959 -0.203704 0)
(-0.00877023 -0.0147888 0)
(-0.00590139 0.0758189 0)
(-0.0287789 0.137416 0)
(-0.0595268 0.177032 0)
(-0.0873827 0.203821 0)
(-0.109107 0.210863 0)
(-0.122533 0.197333 0)
(-0.129048 0.168854 0)
(-0.1309 0.132337 0)
(-0.130555 0.0928803 0)
(-0.130054 0.0533159 0)
(-0.130196 0.0144348 0)
(-0.131205 -0.0241695 0)
(-0.133574 -0.0636346 0)
(-0.138022 -0.10536 0)
(-0.145137 -0.151487 0)
(-0.153501 -0.20445 0)
(-0.156968 -0.262153 0)
(-0.145123 -0.304756 0)
(-0.11091 -0.274344 0)
(-0.0304058 -0.0744244 0)
(-0.00260498 0.0912376 0)
(-0.0196727 0.161814 0)
(-0.0436915 0.200885 0)
(-0.0644167 0.223712 0)
(-0.0794681 0.225257 0)
(-0.08783 0.206104 0)
(-0.0912339 0.173052 0)
(-0.0917921 0.133575 0)
(-0.0916388 0.0928361 0)
(-0.0920515 0.053237 0)
(-0.0931469 0.0149393 0)
(-0.0948399 -0.0229009 0)
(-0.0973297 -0.0611971 0)
(-0.10116 -0.100814 0)
(-0.107504 -0.143592 0)
(-0.117065 -0.193676 0)
(-0.126509 -0.255458 0)
(-0.125273 -0.3197 0)
(-0.106436 -0.331275 0)
(-0.0368748 -0.161019 0)
(0.00119756 0.0999882 0)
(-0.00856171 0.179132 0)
(-0.0247538 0.218035 0)
(-0.0384201 0.237587 0)
(-0.0477306 0.234992 0)
(-0.0524652 0.211851 0)
(-0.0542054 0.175745 0)
(-0.0546001 0.134549 0)
(-0.0552144 0.0933901 0)
(-0.0566777 0.0541566 0)
(-0.0587819 0.0164374 0)
(-0.061364 -0.0209084 0)
(-0.0644327 -0.0586566 0)
(-0.0682105 -0.0971844 0)
(-0.0736833 -0.13741 0)
(-0.0824839 -0.1833 0)
(-0.0945944 -0.243356 0)
(-0.0998593 -0.320249 0)
(-0.0945292 -0.368563 0)
(-0.0307028 -0.239567 0)
(0.00492545 0.101039 0)
(0.00291893 0.188403 0)
(-0.00514155 0.228248 0)
(-0.0120543 0.245393 0)
(-0.0163218 0.239971 0)
(-0.0180872 0.214579 0)
(-0.0186018 0.177143 0)
(-0.0189195 0.135549 0)
(-0.020017 0.0946932 0)
(-0.0221124 0.0560807 0)
(-0.0248979 0.0190128 0)
(-0.0282785 -0.0177483 0)
(-0.0322778 -0.0550036 0)
(-0.0368788 -0.0929501 0)
(-0.042671 -0.131698 0)
(-0.051009 -0.174007 0)
(-0.0647631 -0.230013 0)
(-0.0738834 -0.313634 0)
(-0.080892 -0.392852 0)
(-0.0228554 -0.303769 0)
(0.00807111 0.0947587 0)
(0.013729 0.189303 0)
(0.013673 0.23165 0)
(0.0133306 0.248048 0)
(0.0139991 0.2416 0)
(0.0152686 0.215693 0)
(0.0162228 0.178273 0)
(0.0163672 0.137062 0)
(0.0152859 0.0967449 0)
(0.0130197 0.058753 0)
(0.0098739 0.0224096 0)
(0.0058481 -0.0135092 0)
(0.000792051 -0.0499048 0)
(-0.00519288 -0.0870055 0)
(-0.0125064 -0.12458 0)
(-0.0214625 -0.163935 0)
(-0.0373602 -0.214649 0)
(-0.0489185 -0.299811 0)
(-0.0679523 -0.404679 0)
(-0.0145039 -0.356609 0)
(0.00977994 0.0823102 0)
(0.0224764 0.181899 0)
(0.0299805 0.227819 0)
(0.0358112 0.244572 0)
(0.0414205 0.23831 0)
(0.0463711 0.213321 0)
(0.0498136 0.177233 0)
(0.0514645 0.13739 0)
(0.0512646 0.0982719 0)
(0.049436 0.0613621 0)
(0.046271 0.0261754 0)
(0.0417191 -0.00843384 0)
(0.0356025 -0.0434209 0)
(0.027987 -0.079097 0)
(0.0181472 -0.11519 0)
(0.00706073 -0.152141 0)
(-0.0121947 -0.198167 0)
(-0.0249395 -0.281677 0)
(-0.056189 -0.407299 0)
(-0.00627095 -0.39864 0)
(0.00929599 0.0658783 0)
(0.0277268 0.166618 0)
(0.0426427 0.217019 0)
(0.0549025 0.235885 0)
(0.0660029 0.231412 0)
(0.0755708 0.208794 0)
(0.0826959 0.175206 0)
(0.08703 0.13749 0)
(0.0886391 0.100003 0)
(0.0878512 0.0644308 0)
(0.0850191 0.0306617 0)
(0.0800304 -0.00230806 0)
(0.0726919 -0.0351909 0)
(0.0632406 -0.0686353 0)
(0.050425 -0.1025 0)
(0.0359163 -0.136815 0)
(0.011932 -0.178163 0)
(-0.00109062 -0.25856 0)
(-0.0454035 -0.403284 0)
(0.0025419 -0.433424 0)
(0.00650341 0.0489692 0)
(0.0278909 0.145743 0)
(0.0489405 0.19895 0)
(0.0673397 0.219431 0)
(0.0844647 0.21689 0)
(0.0998992 0.197415 0)
(0.112353 0.167549 0)
(0.121101 0.133341 0)
(0.126042 0.0988421 0)
(0.127458 0.0658377 0)
(0.125641 0.0345977 0)
(0.12073 0.00434085 0)
(0.112223 -0.0253861 0)
(0.100771 -0.0554447 0)
(0.084238 -0.0859439 0)
(0.0656175 -0.117587 0)
(0.0362713 -0.155226 0)
(0.0224143 -0.232782 0)
(-0.0352332 -0.395925 0)
(0.0131325 -0.462192 0)
(0.00222105 0.0349646 0)
(0.0223301 0.12179 0)
(0.0486111 0.176126 0)
(0.0735882 0.198437 0)
(0.0976692 0.198222 0)
(0.12008 0.18235 0)
(0.139143 0.156954 0)
(0.153614 0.127196 0)
(0.163058 0.0966866 0)
(0.167704 0.0671825 0)
(0.167534 0.0392912 0)
(0.163287 0.0126114 0)
(0.153644 -0.0132443 0)
(0.140238 -0.0390171 0)
(0.119589 -0.0650858 0)
(0.0967557 -0.0930739 0)
(0.0618196 -0.127892 0)
(0.0453653 -0.203848 0)
(-0.0236892 -0.384927 0)
(0.0280386 -0.484044 0)
(-0.00332313 0.0295287 0)
(0.00911305 0.100553 0)
(0.0349494 0.145855 0)
(0.0658503 0.165774 0)
(0.0979305 0.166922 0)
(0.128946 0.155012 0)
(0.156344 0.135144 0)
(0.178382 0.111368 0)
(0.194029 0.0867262 0)
(0.203614 0.0627614 0)
(0.206386 0.040246 0)
(0.204043 0.0190292 0)
(0.194038 -0.00121581 0)
(0.179784 -0.0210755 0)
(0.155713 -0.0410404 0)
(0.129965 -0.0642742 0)
(0.0896221 -0.0979527 0)
(0.068166 -0.177057 0)
(-0.00535506 -0.368666 0)
(0.0516705 -0.490834 0)
(-0.0133694 0.0194335 0)
(-0.00751774 0.0882205 0)
(0.0177852 0.122743 0)
(0.0537826 0.134941 0)
(0.0937606 0.13421 0)
(0.133089 0.125146 0)
(0.168461 0.110837 0)
(0.197563 0.0935067 0)
(0.218943 0.0755397 0)
(0.233604 0.0579106 0)
(0.239516 0.0416205 0)
(0.240392 0.026489 0)
(0.23144 0.0127552 0)
(0.220026 -0.000543017 0)
(0.195935 -0.0140806 0)
(0.173063 -0.0327379 0)
(0.130057 -0.0654053 0)
(0.105961 -0.144504 0)
(0.0365948 -0.325851 0)
(0.0920219 -0.455708 0)
(-0.10559 0.0830661 0)
(-0.0774597 0.0694353 0)
(-0.0488888 0.072754 0)
(0.00244413 0.0766676 0)
(0.0547936 0.0767217 0)
(0.106401 0.0724554 0)
(0.152609 0.065302 0)
(0.19413 0.0561575 0)
(0.225703 0.0468046 0)
(0.253439 0.037467 0)
(0.269099 0.0291563 0)
(0.284284 0.0214803 0)
(0.285042 0.0150491 0)
(0.289635 0.00889945 0)
(0.274286 0.0021903 0)
(0.267983 -0.00892484 0)
(0.229672 -0.0345637 0)
(0.216846 -0.0949202 0)
(0.149884 -0.229686 0)
(0.170606 -0.341514 0)
(0.130224 0.103949 0)
(0.158866 0.0757415 0)
(0.213006 0.0537782 0)
(0.271419 0.0420323 0)
(0.323565 0.0361564 0)
(0.375339 0.0320615 0)
(0.419246 0.0289655 0)
(0.463899 0.0256071 0)
(0.496503 0.0229474 0)
(0.531398 0.019782 0)
(0.550694 0.0176655 0)
(0.576518 0.0147645 0)
(0.582863 0.0133713 0)
(0.601545 0.0105866 0)
(0.593472 0.00965989 0)
(0.602539 0.00525275 0)
(0.567328 0.000310967 0)
(0.547768 -0.0181649 0)
(0.436204 -0.050376 0)
(0.337022 -0.101411 0)
)
;

boundaryField
{
    movingWall
    {
        type            fixedValue;
        value           uniform (1 0 0);
    }
    fixedWalls
    {
        type            noSlip;
    }
    frontAndBack
    {
        type            empty;
    }
}


// ************************************************************************* //
