/*--------------------------------*- C++ -*----------------------------------*\
| =========                 |                                                 |
| \\      /  F ield         | OpenFOAM: The Open Source CFD Toolbox           |
|  \\    /   O peration     | Version:  2212                                  |
|   \\  /    A nd           | Website:  www.openfoam.com                      |
|    \\/     M anipulation  |                                                 |
\*---------------------------------------------------------------------------*/
FoamFile
{
    version     2.0;
    format      ascii;
    arch        "LSB;label=32;scalar=64";
    class       surfaceScalarField;
    location    "0.095";
    object      phi;
}
// * * * * * * * * * * * * * * * * * * * * * * * * * * * * * * * * * * * * * //

dimensions      [0 3 -1 0 0 0 0];

oriented        oriented;

internalField   nonuniform List<scalar> 
760
(
-3.49739e-08
3.49737e-08
-8.4858e-08
4.98842e-08
-1.34748e-07
4.98898e-08
-1.81504e-07
4.67563e-08
-2.23851e-07
4.23472e-08
-2.60759e-07
3.69075e-08
-2.91308e-07
3.05491e-08
-3.14698e-07
2.339e-08
-3.30257e-07
1.55591e-08
-3.37454e-07
7.19743e-09
-3.35915e-07
-1.53964e-09
-3.25443e-07
-1.04717e-08
-3.06052e-07
-1.93914e-08
-2.77992e-07
-2.80598e-08
-2.41786e-07
-3.62063e-08
-1.98251e-07
-4.35345e-08
-1.48524e-07
-4.97274e-08
-9.42197e-08
-5.43041e-08
-3.9152e-08
-5.50676e-08
-3.9152e-08
-5.18103e-08
8.6784e-08
-1.21778e-07
1.19852e-07
-1.91397e-07
1.19509e-07
-2.56614e-07
1.11973e-07
-3.15561e-07
1.01294e-07
-3.6677e-07
8.81168e-08
-4.08975e-07
7.2754e-08
-4.41096e-07
5.55107e-08
-4.62246e-07
3.67096e-08
-4.71744e-07
1.66949e-08
-4.69124e-07
-4.15873e-09
-4.54162e-07
-2.54345e-08
-4.26913e-07
-4.66398e-08
-3.87752e-07
-6.72215e-08
-3.37411e-07
-8.65474e-08
-2.77025e-07
-1.0392e-07
-2.08182e-07
-1.18571e-07
-1.33166e-07
-1.29319e-07
-5.69212e-08
-1.31313e-07
-9.60732e-08
-5.60398e-08
1.42824e-07
-1.3164e-07
1.95452e-07
-2.06702e-07
1.94571e-07
-2.76941e-07
1.82213e-07
-3.40396e-07
1.64749e-07
-3.95517e-07
1.43238e-07
-4.40971e-07
1.18208e-07
-4.75626e-07
9.01661e-08
-4.98554e-07
5.96376e-08
-5.09031e-07
2.71717e-08
-5.06546e-07
-6.64403e-09
-4.90823e-07
-4.11572e-08
-4.61869e-07
-7.55942e-08
-4.20011e-07
-1.09079e-07
-3.65963e-07
-1.40596e-07
-3.0088e-07
-1.69002e-07
-2.26431e-07
-1.9302e-07
-1.45056e-07
-2.10695e-07
-6.20777e-08
-2.14291e-07
-1.58151e-07
-5.97055e-08
2.02529e-07
-1.40421e-07
2.76167e-07
-2.20509e-07
2.7466e-07
-2.95401e-07
2.57105e-07
-3.63052e-07
2.324e-07
-4.21861e-07
2.02046e-07
-4.70458e-07
1.66805e-07
-5.07688e-07
1.27396e-07
-5.32593e-07
8.45422e-08
-5.44404e-07
3.89832e-08
-5.42546e-07
-8.50271e-09
-5.26643e-07
-5.70602e-08
-4.96586e-07
-1.0565e-07
-4.52582e-07
-1.53084e-07
-3.95235e-07
-1.97943e-07
-3.25646e-07
-2.38591e-07
-2.45518e-07
-2.73148e-07
-1.57472e-07
-2.98741e-07
-6.73836e-08
-3.0438e-07
-2.25535e-07
-6.46866e-08
2.67216e-07
-1.52213e-07
3.63694e-07
-2.38999e-07
3.61446e-07
-3.20091e-07
3.38196e-07
-3.93318e-07
3.05628e-07
-4.57019e-07
2.65747e-07
-5.09796e-07
2.19582e-07
-5.50478e-07
1.68078e-07
-5.78086e-07
1.1215e-07
-5.91804e-07
5.27014e-08
-5.90971e-07
-9.33556e-09
-5.75064e-07
-7.29676e-08
-5.43795e-07
-1.3692e-07
-4.9716e-07
-1.99718e-07
-4.3557e-07
-2.59534e-07
-3.59994e-07
-3.14166e-07
-2.72145e-07
-3.60997e-07
-1.7489e-07
-3.95996e-07
-7.49143e-08
-4.04355e-07
-3.00449e-07
-7.13017e-08
3.38518e-07
-1.67792e-07
4.60184e-07
-2.63343e-07
4.56997e-07
-3.52496e-07
4.2735e-07
-4.32926e-07
3.86057e-07
-5.02907e-07
3.35728e-07
-5.61036e-07
2.77711e-07
-6.06153e-07
2.13195e-07
-6.37282e-07
1.43279e-07
-6.53572e-07
6.8992e-08
-6.5427e-07
-8.63828e-09
-6.38643e-07
-8.85943e-08
-6.06149e-07
-1.69414e-07
-5.56458e-07
-2.49409e-07
-4.89642e-07
-3.26349e-07
-4.06408e-07
-3.974e-07
-3.08394e-07
-4.59011e-07
-1.98759e-07
-5.0563e-07
-8.53024e-08
-5.17812e-07
-3.85751e-07
-7.97747e-08
4.18292e-07
-1.87683e-07
5.68092e-07
-2.94307e-07
5.6362e-07
-3.93542e-07
5.26585e-07
-4.82884e-07
4.75398e-07
-5.60566e-07
4.1341e-07
-6.25223e-07
3.42367e-07
-6.75768e-07
2.6374e-07
-7.11281e-07
1.78793e-07
-7.30911e-07
8.86222e-08
-7.33828e-07
-5.72138e-09
-7.19017e-07
-1.03406e-07
-6.85588e-07
-2.02843e-07
-6.3272e-07
-3.02277e-07
-5.59924e-07
-3.99145e-07
-4.67401e-07
-4.89923e-07
-3.56526e-07
-5.69887e-07
-2.3073e-07
-6.31427e-07
-9.93084e-08
-6.49233e-07
-4.8506e-07
-9.04172e-08
5.0871e-07
-2.12582e-07
6.90258e-07
-3.32872e-07
6.8391e-07
-4.44374e-07
6.38088e-07
-5.4439e-07
5.75414e-07
-6.31169e-07
5.00189e-07
-7.03475e-07
4.14673e-07
-7.60397e-07
3.20663e-07
-8.01169e-07
2.19565e-07
-8.25006e-07
1.12458e-07
-8.31076e-07
3.48723e-10
-8.1797e-07
-1.16511e-07
-7.84374e-07
-2.36439e-07
-7.28737e-07
-3.57914e-07
-6.49673e-07
-4.7821e-07
-5.46459e-07
-5.93137e-07
-4.19817e-07
-6.96529e-07
-2.73286e-07
-7.77957e-07
-1.1812e-07
-8.044e-07
-6.03179e-07
-1.03688e-07
6.12397e-07
-2.43485e-07
8.30055e-07
-3.80409e-07
8.20834e-07
-5.06536e-07
7.64214e-07
-6.18995e-07
6.87873e-07
-7.16159e-07
5.97353e-07
-7.9708e-07
4.95594e-07
-8.61193e-07
3.84776e-07
-9.08045e-07
2.66417e-07
-9.3704e-07
1.41453e-07
-9.47443e-07
1.07525e-08
-9.37427e-07
-1.26528e-07
-9.0514e-07
-2.68726e-07
-8.48005e-07
-4.15049e-07
-7.6324e-07
-5.62974e-07
-6.48522e-07
-7.07855e-07
-5.03163e-07
-8.41887e-07
-3.30316e-07
-9.50805e-07
-1.43668e-07
-9.91048e-07
-7.46847e-07
-1.20276e-07
7.32673e-07
-2.81852e-07
9.91631e-07
-4.3886e-07
9.77841e-07
-5.82135e-07
9.0749e-07
-7.08717e-07
8.14456e-07
-8.17304e-07
7.0594e-07
-9.07486e-07
5.85776e-07
-9.79313e-07
4.56602e-07
-1.0329e-06
3.20001e-07
-1.06805e-06
1.76605e-07
-1.08414e-06
2.6847e-08
-1.07926e-06
-1.31416e-07
-1.05076e-06
-2.97219e-07
-9.94745e-07
-4.71066e-07
-9.06362e-07
-6.51357e-07
-7.8061e-07
-8.33608e-07
-6.14004e-07
-1.00849e-06
-4.08099e-07
-1.15671e-06
-1.79252e-07
-1.21989e-06
-9.26099e-07
-1.41251e-07
8.73924e-07
-3.29876e-07
1.18026e-06
-5.11037e-07
1.159e-06
-6.74097e-07
1.07055e-06
-8.16215e-07
9.56574e-07
-9.36769e-07
8.26493e-07
-1.03629e-06
6.85293e-07
-1.11581e-06
5.36129e-07
-1.17639e-06
3.80577e-07
-1.21859e-06
2.1881e-07
-1.2419e-06
5.01547e-08
-1.24494e-06
-1.28379e-07
-1.22406e-06
-3.18096e-07
-1.17379e-06
-5.2134e-07
-1.08642e-06
-7.38721e-07
-9.52693e-07
-9.67338e-07
-7.63867e-07
-1.19732e-06
-5.17185e-07
-1.40339e-06
-2.30893e-07
-1.50619e-06
-1.15699e-06
-1.6833e-07
1.04225e-06
-3.9095e-07
1.40288e-06
-6.01097e-07
1.36915e-06
-7.86532e-07
1.25598e-06
-9.45017e-07
1.11506e-06
-1.07721e-06
9.5869e-07
-1.18518e-06
7.93255e-07
-1.27149e-06
6.2244e-07
-1.33858e-06
4.47667e-07
-1.38814e-06
2.68374e-07
-1.42073e-06
8.27462e-08
-1.43501e-06
-1.14099e-07
-1.42718e-06
-3.2593e-07
-1.3901e-06
-5.58414e-07
-1.31252e-06
-8.16302e-07
-1.1788e-06
-1.10106e-06
-9.70885e-07
-1.40523e-06
-6.76034e-07
-1.69824e-06
-3.10465e-07
-1.87175e-06
-1.46746e-06
-2.0438e-07
1.24663e-06
-4.70474e-07
1.66897e-06
-7.15301e-07
1.61398e-06
-9.25288e-07
1.46597e-06
-1.09984e-06
1.28961e-06
-1.24191e-06
1.10076e-06
-1.35594e-06
9.07283e-07
-1.44675e-06
7.13248e-07
-1.51876e-06
5.19677e-07
-1.57541e-06
3.25024e-07
-1.61847e-06
1.25812e-07
-1.64802e-06
-8.45477e-08
-1.66042e-06
-3.13533e-07
-1.64766e-06
-5.71173e-07
-1.5949e-06
-8.69065e-07
-1.47809e-06
-1.21787e-06
-1.26379e-06
-1.61954e-06
-9.18198e-07
-2.04383e-06
-4.43384e-07
-2.34657e-06
-1.91084e-06
-2.54405e-07
1.50104e-06
-5.7734e-07
1.99191e-06
-8.63243e-07
1.89988e-06
-1.09872e-06
1.70145e-06
-1.28696e-06
1.47786e-06
-1.43483e-06
1.24863e-06
-1.55031e-06
1.02276e-06
-1.64132e-06
8.04256e-07
-1.71491e-06
5.93273e-07
-1.77683e-06
3.86941e-07
-1.83092e-06
1.79903e-07
-1.87943e-06
-3.60371e-08
-1.92042e-06
-2.72548e-07
-1.94702e-06
-5.4457e-07
-1.94272e-06
-8.73363e-07
-1.87483e-06
-1.28577e-06
-1.68754e-06
-1.80683e-06
-1.30651e-06
-2.42486e-06
-6.8796e-07
-2.96512e-06
-2.5988e-06
-3.27596e-07
1.82863e-06
-7.26721e-07
2.39103e-06
-1.05979e-06
2.23295e-06
-1.31867e-06
1.96033e-06
-1.51454e-06
1.67373e-06
-1.66057e-06
1.39466e-06
-1.76972e-06
1.13191e-06
-1.85388e-06
8.88412e-07
-1.92333e-06
6.62718e-07
-1.98653e-06
4.50143e-07
-2.05008e-06
2.43456e-07
-2.11971e-06
3.35939e-08
-2.19692e-06
-1.95336e-07
-2.28033e-06
-4.61167e-07
-2.35754e-06
-7.96153e-07
-2.39287e-06
-1.25043e-06
-2.30542e-06
-1.89428e-06
-1.95088e-06
-2.77941e-06
-1.1658e-06
-3.75019e-06
-3.7646e-06
-4.4242e-07
2.27106e-06
-9.45638e-07
2.89425e-06
-1.32787e-06
2.61518e-06
-1.60126e-06
2.23372e-06
-1.79227e-06
1.86474e-06
-1.92331e-06
1.52569e-06
-2.01369e-06
1.22229e-06
-2.08004e-06
9.54761e-07
-2.13618e-06
7.18864e-07
-2.1934e-06
5.0736e-07
-2.26145e-06
3.11504e-07
-2.34863e-06
1.20777e-07
-2.46497e-06
-7.9002e-08
-2.61845e-06
-3.07687e-07
-2.8121e-06
-6.02499e-07
-3.02322e-06
-1.03931e-06
-3.15389e-06
-1.7636e-06
-2.95054e-06
-2.98276e-06
-2.0007e-06
-4.70003e-06
-5.7653e-06
-6.26516e-07
2.89757e-06
-1.28447e-06
3.55221e-06
-1.7031e-06
3.03381e-06
-1.96386e-06
2.49447e-06
-2.1229e-06
2.02378e-06
-2.21342e-06
1.61622e-06
-2.26188e-06
1.27075e-06
-2.29034e-06
9.8322e-07
-2.31608e-06
7.44607e-07
-2.35216e-06
5.43441e-07
-2.4101e-06
3.69449e-07
-2.5018e-06
2.12469e-07
-2.64256e-06
6.17621e-08
-2.85506e-06
-9.51856e-08
-3.16716e-06
-2.90397e-07
-3.58607e-06
-6.20412e-07
-4.01137e-06
-1.3383e-06
-4.04316e-06
-2.95096e-06
-2.97221e-06
-5.77099e-06
-8.73751e-06
-9.15301e-07
3.81287e-06
-1.79512e-06
4.43203e-06
-2.19931e-06
3.438e-06
-2.3515e-06
2.64666e-06
-2.37671e-06
2.04898e-06
-2.33562e-06
1.57513e-06
-2.266e-06
1.20113e-06
-2.19523e-06
9.12448e-07
-2.14134e-06
6.90715e-07
-2.11388e-06
5.15977e-07
-2.12146e-06
3.7703e-07
-2.17318e-06
2.64195e-07
-2.28674e-06
1.7532e-07
-2.48108e-06
9.91483e-08
-2.80384e-06
3.23718e-08
-3.27269e-06
-1.51567e-07
-3.8277e-06
-7.83293e-07
-3.89909e-06
-2.87957e-06
-3.07972e-06
-6.59035e-06
-1.18172e-05
-3.36245e-06
7.17532e-06
-3.04403e-06
4.11361e-06
-2.07433e-06
2.4683e-06
-1.28103e-06
1.85337e-06
-6.43056e-07
1.41101e-06
-1.11049e-07
1.04312e-06
3.22441e-07
7.67642e-07
6.62601e-07
5.72288e-07
9.22371e-07
4.30946e-07
1.11234e-06
3.26003e-07
1.23996e-06
2.49416e-07
1.31206e-06
1.92093e-07
1.32089e-06
1.66489e-07
1.27195e-06
1.48088e-07
1.13349e-06
1.70833e-07
9.22794e-07
5.91295e-08
6.61953e-07
-5.22452e-07
1.81246e-07
-2.39887e-06
4.97425e-07
-6.90653e-06
-1.13198e-05
7.17532e-06
1.12889e-05
1.37572e-05
1.56106e-05
1.70216e-05
1.80647e-05
1.88324e-05
1.94047e-05
1.98356e-05
2.01616e-05
2.0411e-05
2.06031e-05
2.07696e-05
2.09177e-05
2.10885e-05
2.11477e-05
2.06252e-05
1.82263e-05
1.13198e-05
)
;

boundaryField
{
    movingWall
    {
        type            calculated;
        value           uniform 0;
    }
    fixedWalls
    {
        type            calculated;
        value           uniform 0;
    }
    frontAndBack
    {
        type            empty;
        value           nonuniform List<scalar> 0();
    }
}


// ************************************************************************* //
