/*--------------------------------*- C++ -*----------------------------------*\
| =========                 |                                                 |
| \\      /  F ield         | OpenFOAM: The Open Source CFD Toolbox           |
|  \\    /   O peration     | Version:  2212                                  |
|   \\  /    A nd           | Website:  www.openfoam.com                      |
|    \\/     M anipulation  |                                                 |
\*---------------------------------------------------------------------------*/
FoamFile
{
    version     2.0;
    format      ascii;
    arch        "LSB;label=32;scalar=64";
    class       volVectorField;
    location    "4.825";
    object      U;
}
// * * * * * * * * * * * * * * * * * * * * * * * * * * * * * * * * * * * * * //

dimensions      [0 1 -1 0 0 0 0];

internalField   nonuniform List<vector> 
400
(
(0.00167178 -0.00167474 0)
(0.0048058 -0.00188106 0)
(0.00653923 -0.00119435 0)
(0.00561718 -0.000570819 0)
(0.00152023 0.000187847 0)
(-0.00685713 0.00173853 0)
(-0.0205871 0.00476882 0)
(-0.0394483 0.00869734 0)
(-0.0606466 0.0112494 0)
(-0.078936 0.0104877 0)
(-0.0896208 0.00677437 0)
(-0.090319 0.00168803 0)
(-0.0801617 -0.00358327 0)
(-0.060019 -0.00823756 0)
(-0.0336301 -0.0108158 0)
(-0.00545843 -0.00978092 0)
(0.0165448 -0.00479467 0)
(0.0243323 0.00274441 0)
(0.0161182 0.00644159 0)
(0.00430665 0.00470183 0)
(0.00170155 -0.00502603 0)
(0.00311006 -0.00399042 0)
(-0.000486032 0.000605789 0)
(-0.0113785 0.0064347 0)
(-0.0314086 0.0140107 0)
(-0.0610188 0.023687 0)
(-0.0965858 0.0329332 0)
(-0.131098 0.036965 0)
(-0.158556 0.0334317 0)
(-0.17568 0.0233758 0)
(-0.181058 0.00914343 0)
(-0.174745 -0.00690721 0)
(-0.157313 -0.0230547 0)
(-0.1295 -0.0367831 0)
(-0.0935656 -0.0444518 0)
(-0.0522441 -0.0417747 0)
(-0.0115162 -0.0263513 0)
(0.0167505 -0.00136319 0)
(0.0177932 0.0161336 0)
(0.00552843 0.0147688 0)
(-0.000257697 -0.00570682 0)
(-0.00541525 0.000865786 0)
(-0.0196215 0.0142928 0)
(-0.0444359 0.0311453 0)
(-0.0801343 0.0492695 0)
(-0.121841 0.0640863 0)
(-0.161857 0.0703084 0)
(-0.194689 0.0658384 0)
(-0.218228 0.0520791 0)
(-0.231881 0.031515 0)
(-0.235656 0.00649183 0)
(-0.230216 -0.020953 0)
(-0.215872 -0.0486486 0)
(-0.19212 -0.0729751 0)
(-0.158692 -0.0887946 0)
(-0.115554 -0.0890704 0)
(-0.0645077 -0.0669905 0)
(-0.0138836 -0.0227755 0)
(0.00943233 0.0177747 0)
(0.00415367 0.0234967 0)
(-0.00347165 0.000538761 0)
(-0.0174885 0.017274 0)
(-0.0434144 0.0414006 0)
(-0.0794434 0.0679605 0)
(-0.122549 0.0908305 0)
(-0.165288 0.103488 0)
(-0.201244 0.102579 0)
(-0.228482 0.089426 0)
(-0.247265 0.0671847 0)
(-0.258195 0.0385589 0)
(-0.262111 0.00542497 0)
(-0.259817 -0.0308855 0)
(-0.251249 -0.068127 0)
(-0.23536 -0.103359 0)
(-0.210159 -0.131108 0)
(-0.172944 -0.142575 0)
(-0.121157 -0.125589 0)
(-0.0567764 -0.0708708 0)
(-0.00102606 0.00340673 0)
(0.00474039 0.0281356 0)
(-0.00664296 0.0148334 0)
(-0.0286354 0.0440538 0)
(-0.0630678 0.0768569 0)
(-0.104072 0.10853 0)
(-0.146723 0.13074 0)
(-0.18389 0.13773 0)
(-0.212127 0.129099 0)
(-0.231829 0.108438 0)
(-0.244286 0.0796124 0)
(-0.251226 0.0454079 0)
(-0.254339 0.00736106 0)
(-0.254551 -0.0337201 0)
(-0.251639 -0.076677 0)
(-0.245047 -0.120194 0)
(-0.231962 -0.160302 0)
(-0.207763 -0.188552 0)
(-0.166409 -0.189615 0)
(-0.10322 -0.142709 0)
(-0.0221801 -0.03895 0)
(0.00735356 0.0269766 0)
(-0.00847375 0.0348405 0)
(-0.0350287 0.0764543 0)
(-0.0727866 0.114565 0)
(-0.112787 0.147165 0)
(-0.1499 0.165441 0)
(-0.178652 0.165404 0)
(-0.198083 0.14927 0)
(-0.209741 0.122118 0)
(-0.215612 0.0882969 0)
(-0.218181 0.0507922 0)
(-0.219424 0.0110707 0)
(-0.220347 -0.0304495 0)
(-0.221152 -0.0742461 0)
(-0.221932 -0.120704 0)
(-0.220486 -0.168604 0)
(-0.211714 -0.212457 0)
(-0.187525 -0.238064 0)
(-0.139333 -0.218158 0)
(-0.0626858 -0.1188 0)
(0.00579915 0.0141106 0)
(-0.00824778 0.0568661 0)
(-0.0351674 0.109687 0)
(-0.0714977 0.149965 0)
(-0.106581 0.180518 0)
(-0.136088 0.193176 0)
(-0.156396 0.185821 0)
(-0.168208 0.162737 0)
(-0.173638 0.130063 0)
(-0.175099 0.0925692 0)
(-0.175102 0.0532745 0)
(-0.175165 0.0134179 0)
(-0.175976 -0.0269553 0)
(-0.178083 -0.0689974 0)
(-0.182021 -0.113999 0)
(-0.187131 -0.163081 0)
(-0.189764 -0.215089 0)
(-0.182013 -0.261029 0)
(-0.153882 -0.274654 0)
(-0.0991115 -0.205555 0)
(-0.00889544 -0.0146828 0)
(-0.00609512 0.0773493 0)
(-0.0296267 0.140102 0)
(-0.0611087 0.18057 0)
(-0.0894434 0.207558 0)
(-0.111345 0.214126 0)
(-0.12479 0.199844 0)
(-0.131373 0.170686 0)
(-0.133397 0.133628 0)
(-0.133323 0.093669 0)
(-0.133107 0.0535304 0)
(-0.133448 0.0139349 0)
(-0.134534 -0.0254931 0)
(-0.136829 -0.0657889 0)
(-0.141022 -0.108194 0)
(-0.147716 -0.154702 0)
(-0.155577 -0.207677 0)
(-0.158599 -0.265141 0)
(-0.1464 -0.307502 0)
(-0.111979 -0.276707 0)
(-0.0308592 -0.0752038 0)
(-0.00270418 0.0932663 0)
(-0.0202882 0.16507 0)
(-0.0448955 0.204849 0)
(-0.065981 0.227725 0)
(-0.0811618 0.228672 0)
(-0.0895702 0.208726 0)
(-0.0930981 0.175035 0)
(-0.0938837 0.135088 0)
(-0.0940307 0.0938989 0)
(-0.0947198 0.0537099 0)
(-0.096006 0.0146143 0)
(-0.0977989 -0.024178 0)
(-0.100273 -0.0634611 0)
(-0.103937 -0.103949 0)
(-0.109936 -0.147296 0)
(-0.118991 -0.197464 0)
(-0.127924 -0.258883 0)
(-0.126247 -0.322729 0)
(-0.107262 -0.334123 0)
(-0.0372489 -0.163 0)
(0.00122232 0.102338 0)
(-0.00886945 0.182813 0)
(-0.0254795 0.222316 0)
(-0.0393998 0.241826 0)
(-0.0488152 0.238576 0)
(-0.0536237 0.214634 0)
(-0.0555085 0.177924 0)
(-0.0561206 0.136307 0)
(-0.0569835 0.094715 0)
(-0.0586502 0.0548591 0)
(-0.0608962 0.0162765 0)
(-0.0635757 -0.0220986 0)
(-0.066684 -0.0609335 0)
(-0.0704073 -0.100486 0)
(-0.075685 -0.14149 0)
(-0.084095 -0.187639 0)
(-0.0957235 -0.247281 0)
(-0.10047 -0.323512 0)
(-0.0950371 -0.371539 0)
(-0.0308736 -0.242013 0)
(0.00509252 0.103476 0)
(0.0029605 0.192351 0)
(-0.00533639 0.232752 0)
(-0.0124082 0.249803 0)
(-0.0167622 0.243699 0)
(-0.0186117 0.217508 0)
(-0.0192504 0.179484 0)
(-0.0197221 0.137484 0)
(-0.0209714 0.0961941 0)
(-0.0231739 0.0569436 0)
(-0.0260392 0.0189942 0)
(-0.0295015 -0.0188143 0)
(-0.0335783 -0.057192 0)
(-0.03822 -0.0962428 0)
(-0.0439811 -0.135939 0)
(-0.0521152 -0.178745 0)
(-0.0655339 -0.234426 0)
(-0.0741422 -0.317201 0)
(-0.0811365 -0.395998 0)
(-0.0229213 -0.306498 0)
(0.00839818 0.097027 0)
(0.0141436 0.193323 0)
(0.0140327 0.236251 0)
(0.0136446 0.252559 0)
(0.0142704 0.245455 0)
(0.015471 0.218767 0)
(0.0163381 0.180755 0)
(0.0163999 0.139118 0)
(0.0152612 0.0983463 0)
(0.0129751 0.0597069 0)
(0.00980642 0.0224944 0)
(0.0057177 -0.0144502 0)
(0.000564186 -0.0519605 0)
(-0.00551999 -0.0901835 0)
(-0.0129424 -0.128788 0)
(-0.0218842 -0.16884 0)
(-0.0376482 -0.21938 0)
(-0.0487701 -0.303523 0)
(-0.067919 -0.407761 0)
(-0.0144669 -0.359374 0)
(0.0102409 0.0841322 0)
(0.0232615 0.185759 0)
(0.0308868 0.23239 0)
(0.0367849 0.249115 0)
(0.0424151 0.242246 0)
(0.0473383 0.216482 0)
(0.0507421 0.179764 0)
(0.0523796 0.139445 0)
(0.0522032 0.0998487 0)
(0.0504284 0.0623094 0)
(0.0472941 0.0263038 0)
(0.0427018 -0.00926719 0)
(0.0364778 -0.0453307 0)
(0.0287308 -0.0820996 0)
(0.0186764 -0.119233 0)
(0.00742964 -0.157007 0)
(-0.0119241 -0.203064 0)
(-0.0243968 -0.285507 0)
(-0.0559245 -0.4103 0)
(-0.00616443 -0.401268 0)
(0.00978279 0.0670168 0)
(0.0288104 0.170041 0)
(0.0440518 0.221364 0)
(0.0565233 0.240334 0)
(0.0677491 0.235367 0)
(0.0773691 0.212024 0)
(0.0845205 0.177784 0)
(0.0889002 0.139537 0)
(0.0905872 0.101537 0)
(0.089893 0.0653479 0)
(0.0871543 0.0308187 0)
(0.0821219 -0.00308104 0)
(0.0746641 -0.0369532 0)
(0.0650572 -0.0714039 0)
(0.0519438 -0.106255 0)
(0.0371444 -0.141423 0)
(0.0128406 -0.182954 0)
(-0.000179164 -0.26231 0)
(-0.0449321 -0.406068 0)
(0.00272032 -0.435738 0)
(0.00685972 0.0493349 0)
(0.0291188 0.148467 0)
(0.0507341 0.202881 0)
(0.0695046 0.223657 0)
(0.0868808 0.220752 0)
(0.102477 0.200612 0)
(0.115047 0.170078 0)
(0.123909 0.135288 0)
(0.128979 0.100245 0)
(0.130517 0.066638 0)
(0.128796 0.0347059 0)
(0.123874 0.00361861 0)
(0.115283 -0.0269659 0)
(0.103646 -0.0579169 0)
(0.0867212 -0.0892993 0)
(0.067702 -0.121745 0)
(0.0378366 -0.159673 0)
(0.023548 -0.2363 0)
(-0.0346091 -0.398405 0)
(0.0134065 -0.464027 0)
(0.00235998 0.0346917 0)
(0.0234276 0.123588 0)
(0.0505632 0.17935 0)
(0.0761444 0.202185 0)
(0.100672 0.20181 0)
(0.123422 0.185417 0)
(0.142745 0.159416 0)
(0.157427 0.129081 0)
(0.167055 0.0980263 0)
(0.17185 0.0679485 0)
(0.171766 0.039434 0)
(0.167525 0.0120628 0)
(0.157741 -0.0145285 0)
(0.144108 -0.041088 0)
(0.122985 -0.0679256 0)
(0.099641 -0.096587 0)
(0.0640215 -0.131728 0)
(0.0466672 -0.206775 0)
(-0.0229043 -0.386705 0)
(0.0284355 -0.485301 0)
(-0.00340902 0.0287734 0)
(0.00992162 0.101383 0)
(0.0367611 0.148272 0)
(0.0684495 0.168865 0)
(0.101177 0.170014 0)
(0.132734 0.157723 0)
(0.160574 0.137337 0)
(0.182969 0.113021 0)
(0.198888 0.087855 0)
(0.2087 0.0633667 0)
(0.211565 0.0402987 0)
(0.209279 0.0185148 0)
(0.199074 -0.00235788 0)
(0.184543 -0.0228145 0)
(0.159914 -0.043337 0)
(0.133514 -0.0670135 0)
(0.0922591 -0.100952 0)
(0.0695441 -0.179467 0)
(-0.00455415 -0.369817 0)
(0.0520686 -0.491516 0)
(-0.0139061 0.0186726 0)
(-0.00750235 0.0882072 0)
(0.0190115 0.123992 0)
(0.0560376 0.136952 0)
(0.0969778 0.136457 0)
(0.137152 0.127253 0)
(0.17321 0.112621 0)
(0.202873 0.0949014 0)
(0.224625 0.0765178 0)
(0.239594 0.058477 0)
(0.245575 0.0417373 0)
(0.246468 0.026176 0)
(0.237206 0.0119582 0)
(0.225483 -0.00172484 0)
(0.200686 -0.0156666 0)
(0.176952 -0.0345614 0)
(0.132889 -0.0673423 0)
(0.107501 -0.145737 0)
(0.0373202 -0.326088 0)
(0.0923059 -0.455859 0)
(-0.105944 0.0825273 0)
(-0.0776928 0.0690831 0)
(-0.0485872 0.0732986 0)
(0.00360247 0.0777145 0)
(0.0569223 0.0779869 0)
(0.109452 0.0737012 0)
(0.156431 0.0663785 0)
(0.198613 0.0570077 0)
(0.230592 0.0473873 0)
(0.258635 0.0377935 0)
(0.274324 0.0292022 0)
(0.289472 0.0212848 0)
(0.289897 0.0145976 0)
(0.294111 0.00826274 0)
(0.278004 0.00134262 0)
(0.270987 -0.00979787 0)
(0.231878 -0.035381 0)
(0.217942 -0.0953375 0)
(0.150173 -0.229723 0)
(0.170666 -0.341476 0)
(0.13001 0.103772 0)
(0.158408 0.0753067 0)
(0.212306 0.0533175 0)
(0.27081 0.0416939 0)
(0.323325 0.0359588 0)
(0.375661 0.0319716 0)
(0.420137 0.0289266 0)
(0.465331 0.0255854 0)
(0.498326 0.0229099 0)
(0.533498 0.0197229 0)
(0.552898 0.0175698 0)
(0.578705 0.0146405 0)
(0.58488 0.0132066 0)
(0.60329 0.0103955 0)
(0.594813 0.00943924 0)
(0.60343 0.00504951 0)
(0.567737 0.000129236 0)
(0.547675 -0.0182923 0)
(0.435809 -0.0504141 0)
(0.33681 -0.101397 0)
)
;

boundaryField
{
    movingWall
    {
        type            fixedValue;
        value           uniform (1 0 0);
    }
    fixedWalls
    {
        type            noSlip;
    }
    frontAndBack
    {
        type            empty;
    }
}


// ************************************************************************* //
