/*--------------------------------*- C++ -*----------------------------------*\
| =========                 |                                                 |
| \\      /  F ield         | OpenFOAM: The Open Source CFD Toolbox           |
|  \\    /   O peration     | Version:  2212                                  |
|   \\  /    A nd           | Website:  www.openfoam.com                      |
|    \\/     M anipulation  |                                                 |
\*---------------------------------------------------------------------------*/
FoamFile
{
    version     2.0;
    format      ascii;
    arch        "LSB;label=32;scalar=64";
    class       volScalarField;
    location    "1.07";
    object      p;
}
// * * * * * * * * * * * * * * * * * * * * * * * * * * * * * * * * * * * * * //

dimensions      [0 2 -2 0 0 0 0];

internalField   nonuniform List<scalar> 
400
(
4.40893e-09
-9.67048e-05
-0.000183726
-0.000282509
-0.000393133
-0.000496328
-0.000552173
-0.000500339
-0.000266719
0.000217229
0.000983634
0.00199926
0.00313349
0.0040987
0.004625
0.00459564
0.00403321
0.00339028
0.00293113
0.00283323
0.00011704
1.57841e-05
-5.12339e-05
-0.000130206
-0.0002282
-0.000329204
-0.00040311
-0.000402664
-0.000259489
0.000105958
0.000750782
0.00166971
0.00274361
0.00371012
0.00427125
0.00426951
0.00379271
0.00316155
0.00276229
0.00270446
0.000163266
4.22064e-05
-2.26623e-05
-0.00011035
-0.000241339
-0.000410371
-0.000600963
-0.000774787
-0.000853407
-0.000715319
-0.000240045
0.000608104
0.00172554
0.00284286
0.00362081
0.0038189
0.00345983
0.00284873
0.00232829
0.00221671
6.61917e-05
-7.60734e-05
-0.000154629
-0.000280028
-0.000489626
-0.000798116
-0.0012166
-0.00173289
-0.00227006
-0.00265139
-0.00263483
-0.00206169
-0.00101416
0.000339628
0.00165209
0.00253019
0.00274254
0.00238118
0.00175206
0.00138183
-0.000268322
-0.000430573
-0.000541803
-0.000738388
-0.00107861
-0.00161295
-0.00241302
-0.00354149
-0.004958
-0.0064
-0.00737609
-0.0074588
-0.00670014
-0.00513224
-0.00302952
-0.000877398
0.000744365
0.00141362
0.00116522
8.86455e-05
-0.00089998
-0.00108393
-0.00125149
-0.00155923
-0.00209459
-0.00296892
-0.00436242
-0.00646142
-0.00923284
-0.0122107
-0.0145861
-0.0157127
-0.0153763
-0.01366
-0.0107799
-0.00717096
-0.00352387
-0.000804339
5.51771e-05
-0.00168331
-0.00184171
-0.00205049
-0.0023002
-0.00276281
-0.00356436
-0.00489939
-0.00708123
-0.0104051
-0.0147567
-0.0193633
-0.0230844
-0.0251439
-0.0252282
-0.0234629
-0.0201116
-0.0154684
-0.00998702
-0.00484454
-0.00220562
-0.00343584
-0.00305518
-0.00328977
-0.00364183
-0.00429188
-0.00540441
-0.00725547
-0.010267
-0.0147697
-0.020494
-0.0263489
-0.0309193
-0.0334048
-0.0336314
-0.0318345
-0.0283844
-0.0235053
-0.017274
-0.0104047
-0.00538039
-0.00389805
-0.00445512
-0.0047095
-0.00516647
-0.00600429
-0.00741091
-0.00971541
-0.0133924
-0.0187414
-0.025364
-0.0319596
-0.0369493
-0.0395537
-0.0397498
-0.0378639
-0.0344019
-0.0297066
-0.023686
-0.0163213
-0.00921833
-0.00470712
-0.00592705
-0.0061845
-0.00672307
-0.00770582
-0.0093203
-0.0119099
-0.0159488
-0.0216874
-0.0286948
-0.0356155
-0.0408064
-0.0434769
-0.0436307
-0.0416254
-0.0380867
-0.0335995
-0.0281797
-0.021352
-0.0137158
-0.00726976
-0.00735773
-0.00758742
-0.00816114
-0.00920707
-0.0108935
-0.0135448
-0.0176026
-0.0232797
-0.0302047
-0.0370856
-0.042311
-0.045036
-0.0451927
-0.0431005
-0.0394602
-0.035123
-0.0303853
-0.0245854
-0.0177345
-0.0107927
-0.00864439
-0.00882374
-0.00936411
-0.0103642
-0.01197
-0.0144661
-0.0182372
-0.0234779
-0.0298736
-0.0363143
-0.041357
-0.0440881
-0.0443055
-0.0422503
-0.0386041
-0.0344376
-0.0303918
-0.0256898
-0.0200309
-0.0133131
-0.00973658
-0.00984091
-0.0102716
-0.0111124
-0.012502
-0.0146716
-0.0179168
-0.0224131
-0.0279274
-0.0335971
-0.038203
-0.0408222
-0.0411406
-0.0392959
-0.0359224
-0.0320379
-0.0285912
-0.0247778
-0.0202264
-0.0137772
-0.010622
-0.0106349
-0.0108786
-0.0114556
-0.0125161
-0.0142464
-0.0168554
-0.0204739
-0.0249517
-0.0296659
-0.0336447
-0.0360339
-0.0364815
-0.0349743
-0.0320468
-0.0286022
-0.0256054
-0.022374
-0.0188405
-0.0121844
-0.0113274
-0.0112396
-0.0112272
-0.011454
-0.0121198
-0.013383
-0.0153816
-0.0181921
-0.0217081
-0.0254924
-0.0288085
-0.0309169
-0.0314064
-0.0302814
-0.0278666
-0.0249001
-0.0222678
-0.019314
-0.017063
-0.00892826
-0.0119242
-0.011709
-0.0113194
-0.0111156
-0.0113802
-0.012234
-0.0137526
-0.0159594
-0.0187551
-0.0218183
-0.0245986
-0.0264786
-0.0270435
-0.0262073
-0.0242281
-0.0216467
-0.0192232
-0.0163261
-0.0153676
-0.00306322
-0.0124507
-0.0121411
-0.0112803
-0.0105896
-0.0104689
-0.0109957
-0.012188
-0.0140165
-0.0163704
-0.0189847
-0.0214335
-0.0231964
-0.0238807
-0.023299
-0.0216306
-0.0192201
-0.0166834
-0.0134651
-0.0110964
0.0106853
-0.0139304
-0.0126852
-0.0107961
-0.00963858
-0.00926873
-0.00963691
-0.0106921
-0.0123633
-0.0145379
-0.0169707
-0.019318
-0.0211083
-0.0219891
-0.0216739
-0.0202248
-0.0175964
-0.0141392
-0.00804094
0.0040545
0.0450954
-0.0126227
-0.0138768
-0.0110178
-0.00912179
-0.00840499
-0.00863461
-0.00962532
-0.0112439
-0.0133958
-0.0158156
-0.0182267
-0.0201378
-0.021246
-0.02109
-0.0195625
-0.0158524
-0.00870504
0.00752951
0.04308
0.113631
-0.0301395
-0.0140385
-0.007766
-0.00608623
-0.00591019
-0.00642948
-0.00761154
-0.00939382
-0.0117074
-0.0142616
-0.01681
-0.0188928
-0.0202241
-0.0202137
-0.0181516
-0.0117837
0.00331656
0.037796
0.105794
0.209985
)
;

boundaryField
{
    movingWall
    {
        type            zeroGradient;
    }
    fixedWalls
    {
        type            zeroGradient;
    }
    frontAndBack
    {
        type            empty;
    }
}


// ************************************************************************* //
