/*--------------------------------*- C++ -*----------------------------------*\
| =========                 |                                                 |
| \\      /  F ield         | OpenFOAM: The Open Source CFD Toolbox           |
|  \\    /   O peration     | Version:  2212                                  |
|   \\  /    A nd           | Website:  www.openfoam.com                      |
|    \\/     M anipulation  |                                                 |
\*---------------------------------------------------------------------------*/
FoamFile
{
    version     2.0;
    format      ascii;
    arch        "LSB;label=32;scalar=64";
    class       volScalarField;
    location    "4.21";
    object      p;
}
// * * * * * * * * * * * * * * * * * * * * * * * * * * * * * * * * * * * * * //

dimensions      [0 2 -2 0 0 0 0];

internalField   nonuniform List<scalar> 
400
(
-9.26739e-09
-0.000150434
-0.000531336
-0.00106448
-0.00172034
-0.00247533
-0.00316111
-0.00357061
-0.00353747
-0.00290821
-0.00152934
0.000627336
0.00324821
0.0055134
0.00654896
0.0059666
0.00407288
0.00223545
0.00119887
0.00112716
0.000116035
-5.72829e-05
-0.000373318
-0.000758052
-0.00123527
-0.00187426
-0.00268416
-0.00351217
-0.00404191
-0.00389973
-0.00281445
-0.000804208
0.00170032
0.00397195
0.00515044
0.0047949
0.00318327
0.00146526
0.000684837
0.000771324
0.000531766
0.000263517
-7.55151e-05
-0.000554346
-0.00133517
-0.00255567
-0.00417574
-0.00591998
-0.00732266
-0.00785831
-0.00718479
-0.00539441
-0.0028371
-0.000147102
0.00184408
0.00249576
0.00179641
0.000599083
-0.000297799
-0.000299869
0.00113827
0.000731603
0.000188932
-0.00076691
-0.00242354
-0.00488036
-0.0079012
-0.0109899
-0.0135437
-0.0150025
-0.0150334
-0.0136789
-0.0111527
-0.00790873
-0.00464644
-0.00211016
-0.000771556
-0.000606997
-0.00118812
-0.00181953
0.00155467
0.000952901
-2.90679e-05
-0.00190401
-0.00494548
-0.00906527
-0.0137402
-0.018251
-0.0219433
-0.0243531
-0.0252218
-0.0244299
-0.0220996
-0.0185165
-0.0141153
-0.00950034
-0.00546478
-0.00284173
-0.00209605
-0.00391125
0.00125529
0.000418855
-0.00119738
-0.00425768
-0.00889155
-0.0146882
-0.0208
-0.0263696
-0.0307872
-0.0337364
-0.0350898
-0.034748
-0.0327917
-0.0293645
-0.0246037
-0.0187254
-0.0123268
-0.00681709
-0.00429383
-0.00640506
-8.36173e-05
-0.00116658
-0.0034793
-0.00770874
-0.0137531
-0.0208337
-0.0278564
-0.0339387
-0.0385865
-0.0416399
-0.0431074
-0.0430104
-0.0414142
-0.0383844
-0.0338946
-0.0278243
-0.0202886
-0.0125268
-0.00772806
-0.00764046
-0.00246775
-0.00373949
-0.00664497
-0.0117736
-0.0187888
-0.0266116
-0.0340184
-0.040188
-0.0447709
-0.0477332
-0.049166
-0.049166
-0.0478114
-0.0451467
-0.0411183
-0.0354877
-0.0279899
-0.0191329
-0.0116674
-0.00787924
-0.00552492
-0.00688027
-0.0101692
-0.015828
-0.0233382
-0.0314363
-0.0388684
-0.0449094
-0.0493298
-0.0521723
-0.0535616
-0.0536065
-0.0523821
-0.0499433
-0.0462944
-0.0412695
-0.0344457
-0.0256387
-0.0165034
-0.00986274
-0.00868793
-0.0100167
-0.0134637
-0.0193006
-0.026909
-0.0349663
-0.0422505
-0.0481154
-0.0523988
-0.0551685
-0.056545
-0.0566179
-0.0554514
-0.0531143
-0.0496815
-0.0451319
-0.0391402
-0.0311516
-0.0220545
-0.0141467
-0.0114313
-0.0126613
-0.0160556
-0.0217799
-0.0291923
-0.0370246
-0.0441144
-0.0498466
-0.0540666
-0.0568234
-0.0582141
-0.0583055
-0.0571496
-0.0548208
-0.0514545
-0.0471712
-0.0418952
-0.034972
-0.0268879
-0.0189321
-0.0134615
-0.014507
-0.0176782
-0.0230293
-0.0300057
-0.037487
-0.0443915
-0.05008
-0.0543334
-0.0571482
-0.0585828
-0.0586849
-0.0574977
-0.0550973
-0.0516706
-0.0474511
-0.0426711
-0.0366466
-0.0297142
-0.022149
-0.0147456
-0.0154559
-0.0181792
-0.0229365
-0.0292877
-0.0363269
-0.0430644
-0.0487981
-0.0531877
-0.0561386
-0.0576555
-0.0577635
-0.0565013
-0.0539668
-0.0503723
-0.046014
-0.0414783
-0.0359378
-0.0299422
-0.0226517
-0.0153796
-0.0156218
-0.0176276
-0.0215091
-0.0270339
-0.0335391
-0.0401156
-0.0459682
-0.0505991
-0.0537822
-0.0554463
-0.0555884
-0.0542272
-0.0514893
-0.0476303
-0.0430321
-0.0383407
-0.0328727
-0.0278857
-0.0201077
-0.015494
-0.0152162
-0.0162244
-0.0189078
-0.0233743
-0.0292328
-0.0356364
-0.0416685
-0.0466428
-0.0501661
-0.052061
-0.0522708
-0.0508365
-0.0478504
-0.0436381
-0.0386354
-0.0335251
-0.0279344
-0.0241281
-0.0143307
-0.0152084
-0.0144888
-0.0141896
-0.0153168
-0.0185027
-0.0236082
-0.0298214
-0.0360778
-0.0414865
-0.0454633
-0.0477064
-0.0480899
-0.0466388
-0.0434232
-0.0388079
-0.0332526
-0.0275372
-0.021641
-0.0181227
-0.00392162
-0.01461
-0.0135784
-0.0116808
-0.01105
-0.012878
-0.0172198
-0.0232604
-0.0297742
-0.0356835
-0.0402145
-0.0429351
-0.0436227
-0.0422721
-0.0389171
-0.0338857
-0.0275707
-0.0207339
-0.0134571
-0.00704352
0.0158235
-0.0145564
-0.0126415
-0.00866657
-0.00627897
-0.00693543
-0.0107038
-0.0166723
-0.0234756
-0.0299207
-0.035072
-0.0383869
-0.0395211
-0.0384225
-0.0351026
-0.0297069
-0.0222741
-0.0130595
-0.00102508
0.0162849
0.0567212
-0.0117936
-0.0118443
-0.00579482
-0.00188598
-0.00186885
-0.00545149
-0.0115244
-0.0186469
-0.0255922
-0.0313115
-0.0352317
-0.0369251
-0.0362961
-0.033071
-0.0270991
-0.017607
-0.0034105
0.0200718
0.0602361
0.129438
-0.0295067
-0.0106624
-0.000707064
0.00293941
0.00231071
-0.00164029
-0.00798768
-0.0154251
-0.0227316
-0.0288335
-0.0331324
-0.0351774
-0.0348336
-0.0316862
-0.0251024
-0.0129116
0.00917868
0.0507846
0.122459
0.225732
)
;

boundaryField
{
    movingWall
    {
        type            zeroGradient;
    }
    fixedWalls
    {
        type            zeroGradient;
    }
    frontAndBack
    {
        type            empty;
    }
}


// ************************************************************************* //
