/*--------------------------------*- C++ -*----------------------------------*\
| =========                 |                                                 |
| \\      /  F ield         | OpenFOAM: The Open Source CFD Toolbox           |
|  \\    /   O peration     | Version:  2212                                  |
|   \\  /    A nd           | Website:  www.openfoam.com                      |
|    \\/     M anipulation  |                                                 |
\*---------------------------------------------------------------------------*/
FoamFile
{
    version     2.0;
    format      ascii;
    arch        "LSB;label=32;scalar=64";
    class       volVectorField;
    location    "3.995";
    object      U;
}
// * * * * * * * * * * * * * * * * * * * * * * * * * * * * * * * * * * * * * //

dimensions      [0 1 -1 0 0 0 0];

internalField   nonuniform List<vector> 
400
(
(0.00165347 -0.00166017 0)
(0.00474822 -0.00186239 0)
(0.0064511 -0.00118381 0)
(0.00552129 -0.000563662 0)
(0.00143609 0.000194214 0)
(-0.00689952 0.00173654 0)
(-0.0205481 0.00473826 0)
(-0.0392934 0.00863124 0)
(-0.0603759 0.0111753 0)
(-0.0786017 0.0104417 0)
(-0.0892917 0.0067657 0)
(-0.0900503 0.00170813 0)
(-0.08 -0.00354112 0)
(-0.0599825 -0.00818573 0)
(-0.0337173 -0.0107674 0)
(-0.00564102 -0.009752 0)
(0.0163205 -0.00481199 0)
(0.0241431 0.00270405 0)
(0.016029 0.00639855 0)
(0.00429076 0.00467837 0)
(0.00166974 -0.00496115 0)
(0.00302367 -0.00392145 0)
(-0.000595018 0.000632894 0)
(-0.0114473 0.00641853 0)
(-0.0313619 0.01394 0)
(-0.0607843 0.0235401 0)
(-0.0961477 0.0327252 0)
(-0.130511 0.0367655 0)
(-0.157895 0.0332998 0)
(-0.175012 0.0233331 0)
(-0.180437 0.00918562 0)
(-0.174205 -0.00679583 0)
(-0.15689 -0.0228886 0)
(-0.129211 -0.036593 0)
(-0.0934198 -0.0442737 0)
(-0.0522424 -0.0416545 0)
(-0.0116271 -0.0263388 0)
(0.0165792 -0.00145755 0)
(0.0176869 0.016013 0)
(0.00550867 0.0146943 0)
(-0.000285304 -0.00558693 0)
(-0.00546244 0.000964512 0)
(-0.0196231 0.0142696 0)
(-0.0442976 0.0309822 0)
(-0.0797706 0.0489752 0)
(-0.121242 0.0637166 0)
(-0.161082 0.0699529 0)
(-0.193809 0.0655695 0)
(-0.217298 0.0519304 0)
(-0.230949 0.031497 0)
(-0.234762 0.00660088 0)
(-0.229388 -0.0207296 0)
(-0.215135 -0.0483353 0)
(-0.191501 -0.0726146 0)
(-0.158213 -0.0884444 0)
(-0.115237 -0.0888012 0)
(-0.0643738 -0.0668774 0)
(-0.0139279 -0.0228769 0)
(0.00937371 0.0175931 0)
(0.00415105 0.0233805 0)
(-0.00346694 0.000669559 0)
(-0.0174308 0.0173107 0)
(-0.0432245 0.041216 0)
(-0.079033 0.0675688 0)
(-0.121886 0.0903113 0)
(-0.164425 0.102955 0)
(-0.200256 0.10213 0)
(-0.22742 0.0891098 0)
(-0.246166 0.0670205 0)
(-0.257095 0.0385554 0)
(-0.261038 0.00558379 0)
(-0.258796 -0.030571 0)
(-0.250306 -0.0676881 0)
(-0.234519 -0.102838 0)
(-0.209443 -0.130569 0)
(-0.172379 -0.1421 0)
(-0.120786 -0.125277 0)
(-0.0566385 -0.0708196 0)
(-0.00106349 0.0032224 0)
(0.00473644 0.0279948 0)
(-0.00660695 0.0148978 0)
(-0.0284705 0.0439358 0)
(-0.0626965 0.0764547 0)
(-0.103452 0.107912 0)
(-0.14588 0.130041 0)
(-0.182905 0.13708 0)
(-0.211062 0.128577 0)
(-0.230712 0.108075 0)
(-0.24314 0.0794221 0)
(-0.250068 0.0454002 0)
(-0.25319 0.00754228 0)
(-0.253442 -0.033358 0)
(-0.250602 -0.0761636 0)
(-0.244099 -0.119568 0)
(-0.231125 -0.159623 0)
(-0.207054 -0.187893 0)
(-0.16586 -0.18907 0)
(-0.102888 -0.142399 0)
(-0.0221472 -0.0390146 0)
(0.00731743 0.0268214 0)
(-0.00841345 0.0347669 0)
(-0.0347888 0.076134 0)
(-0.0723066 0.113942 0)
(-0.112072 0.146351 0)
(-0.149011 0.1646 0)
(-0.177668 0.164661 0)
(-0.197039 0.148681 0)
(-0.208646 0.1217 0)
(-0.214469 0.0880639 0)
(-0.216997 0.05076 0)
(-0.218224 0.0112522 0)
(-0.219174 -0.0300607 0)
(-0.220052 -0.0736747 0)
(-0.220934 -0.119999 0)
(-0.219609 -0.16783 0)
(-0.21096 -0.211681 0)
(-0.186901 -0.237347 0)
(-0.138867 -0.217589 0)
(-0.0624448 -0.118536 0)
(0.005742 0.0140018 0)
(-0.00817984 0.0566262 0)
(-0.0349013 0.109157 0)
(-0.0709919 0.149143 0)
(-0.105872 0.179543 0)
(-0.135249 0.192222 0)
(-0.155486 0.184998 0)
(-0.167234 0.162078 0)
(-0.172588 0.129576 0)
(-0.173958 0.0922734 0)
(-0.173875 0.0531997 0)
(-0.173891 0.0135957 0)
(-0.174711 -0.0265159 0)
(-0.176889 -0.0683197 0)
(-0.180954 -0.113154 0)
(-0.186225 -0.162166 0)
(-0.189018 -0.214195 0)
(-0.181402 -0.260205 0)
(-0.15339 -0.273925 0)
(-0.098734 -0.205026 0)
(-0.00886534 -0.0147314 0)
(-0.00603824 0.0769422 0)
(-0.0293849 0.139376 0)
(-0.0606512 0.179577 0)
(-0.0888201 0.206447 0)
(-0.11062 0.213071 0)
(-0.124 0.198938 0)
(-0.130502 0.169942 0)
(-0.132419 0.133047 0)
(-0.132219 0.0932772 0)
(-0.131891 0.0533796 0)
(-0.132164 0.0140844 0)
(-0.133242 -0.0250122 0)
(-0.135593 -0.0649959 0)
(-0.139911 -0.10717 0)
(-0.146786 -0.153578 0)
(-0.154849 -0.206594 0)
(-0.158042 -0.264183 0)
(-0.145977 -0.306658 0)
(-0.111635 -0.276001 0)
(-0.0307179 -0.074986 0)
(-0.00267181 0.0927141 0)
(-0.020106 0.164174 0)
(-0.0445368 0.203714 0)
(-0.0654923 0.226502 0)
(-0.0805923 0.22753 0)
(-0.0889371 0.207737 0)
(-0.0923769 0.174193 0)
(-0.0930463 0.134391 0)
(-0.0930654 0.0933855 0)
(-0.0936477 0.0534595 0)
(-0.0948694 0.0147104 0)
(-0.0966426 -0.0236907 0)
(-0.0991496 -0.0625961 0)
(-0.102904 -0.102782 0)
(-0.109055 -0.145967 0)
(-0.118311 -0.196161 0)
(-0.127435 -0.257758 0)
(-0.12592 -0.321778 0)
(-0.106994 -0.333251 0)
(-0.0371261 -0.162397 0)
(0.00121998 0.101687 0)
(-0.00877335 0.181786 0)
(-0.0252576 0.221073 0)
(-0.0390858 0.240513 0)
(-0.0484407 0.237351 0)
(-0.0531934 0.213557 0)
(-0.0549988 0.17698 0)
(-0.0555116 0.135494 0)
(-0.0562741 0.0940889 0)
(-0.0578637 0.0545193 0)
(-0.060062 0.0163182 0)
(-0.0627181 -0.0216277 0)
(-0.0658314 -0.0600409 0)
(-0.0695975 -0.0992321 0)
(-0.0749671 -0.140003 0)
(-0.0835312 -0.186125 0)
(-0.0953343 -0.245974 0)
(-0.100262 -0.322475 0)
(-0.0948722 -0.370619 0)
(-0.030816 -0.241254 0)
(0.00504881 0.102794 0)
(0.00295433 0.191241 0)
(-0.00527387 0.231436 0)
(-0.012292 0.248425 0)
(-0.0166077 0.242411 0)
(-0.0184181 0.216363 0)
(-0.0190033 0.178464 0)
(-0.0194129 0.136591 0)
(-0.0206068 0.0954925 0)
(-0.0227719 0.0565387 0)
(-0.0256114 0.0189832 0)
(-0.0290501 -0.0183836 0)
(-0.0331067 -0.0563207 0)
(-0.0377443 -0.094978 0)
(-0.0435271 -0.13438 0)
(-0.0517404 -0.177081 0)
(-0.0652746 -0.232947 0)
(-0.0740543 -0.316062 0)
(-0.0810602 -0.395024 0)
(-0.0228985 -0.30565 0)
(0.00830762 0.0963885 0)
(0.0140262 0.192189 0)
(0.0139254 0.234906 0)
(0.0135466 0.25115 0)
(0.01418 0.244127 0)
(0.0153938 0.217575 0)
(0.0162808 0.179686 0)
(0.0163628 0.13818 0)
(0.0152343 0.0976043 0)
(0.0129471 0.0592639 0)
(0.00978299 0.0224404 0)
(0.00571746 -0.0140694 0)
(0.000602852 -0.05114 0)
(-0.00544167 -0.0889627 0)
(-0.0128208 -0.127242 0)
(-0.021763 -0.16712 0)
(-0.0375627 -0.217796 0)
(-0.0488207 -0.302338 0)
(-0.067935 -0.406811 0)
(-0.0144781 -0.358519 0)
(0.010111 0.0836195 0)
(0.023034 0.184673 0)
(0.0306123 0.231062 0)
(0.0364762 0.24771 0)
(0.0420799 0.24091 0)
(0.0469852 0.21528 0)
(0.0503735 0.178696 0)
(0.0519901 0.138519 0)
(0.0517835 0.0991203 0)
(0.0499742 0.0618671 0)
(0.0468234 0.0262275 0)
(0.0422523 -0.00893528 0)
(0.0360795 -0.0445728 0)
(0.028397 -0.0809528 0)
(0.0184389 -0.117758 0)
(0.00726577 -0.155314 0)
(-0.0120353 -0.201436 0)
(-0.0245813 -0.284292 0)
(-0.056017 -0.409383 0)
(-0.00619814 -0.400465 0)
(0.00964507 0.0667 0)
(0.0284968 0.169086 0)
(0.0436289 0.220115 0)
(0.056017 0.238982 0)
(0.067175 0.234061 0)
(0.0767396 0.21084 0)
(0.0838395 0.176739 0)
(0.0881634 0.138645 0)
(0.0897898 0.100844 0)
(0.0890404 0.0649238 0)
(0.0862556 0.0307279 0)
(0.0812507 -0.00277826 0)
(0.0738544 -0.0362656 0)
(0.0643297 -0.0703631 0)
(0.0513523 -0.104905 0)
(0.0366833 -0.139841 0)
(0.0125152 -0.181382 0)
(-0.000484475 -0.261134 0)
(-0.0450903 -0.405227 0)
(0.00266403 -0.435042 0)
(0.00675915 0.0492399 0)
(0.0287671 0.147719 0)
(0.0502043 0.201771 0)
(0.0688418 0.222403 0)
(0.0861086 0.219518 0)
(0.10161 0.19949 0)
(0.114093 0.1691 0)
(0.122869 0.134474 0)
(0.127854 0.099626 0)
(0.129323 0.066268 0)
(0.127557 0.0346301 0)
(0.122646 0.00388641 0)
(0.114099 -0.0263703 0)
(0.10256 -0.0570103 0)
(0.0858094 -0.0881166 0)
(0.0669633 -0.120343 0)
(0.0373038 -0.158239 0)
(0.0231756 -0.235215 0)
(-0.0348127 -0.397667 0)
(0.013321 -0.463488 0)
(0.00232132 0.0347779 0)
(0.023119 0.123109 0)
(0.0500012 0.178458 0)
(0.0753858 0.201102 0)
(0.0997493 0.200706 0)
(0.122354 0.184396 0)
(0.141546 0.158524 0)
(0.15611 0.128346 0)
(0.165633 0.0974736 0)
(0.170346 0.0676155 0)
(0.170216 0.0393514 0)
(0.165974 0.0122516 0)
(0.156254 -0.0140633 0)
(0.142729 -0.0403506 0)
(0.121803 -0.0669487 0)
(0.0986667 -0.0954271 0)
(0.0633022 -0.130514 0)
(0.0462513 -0.205893 0)
(-0.0231517 -0.386192 0)
(0.0283128 -0.484943 0)
(-0.00338409 0.0289949 0)
(0.0097001 0.10118 0)
(0.0362533 0.147623 0)
(0.0677016 0.167997 0)
(0.100215 0.169096 0)
(0.131577 0.156862 0)
(0.159241 0.136587 0)
(0.18148 0.112415 0)
(0.19727 0.0874134 0)
(0.206976 0.0631114 0)
(0.209791 0.0402519 0)
(0.207484 0.0186821 0)
(0.197356 -0.0019622 0)
(0.182943 -0.0222159 0)
(0.158526 -0.0425678 0)
(0.13237 -0.0661282 0)
(0.0914318 -0.100023 0)
(0.0691219 -0.178751 0)
(-0.00479561 -0.369491 0)
(0.0519488 -0.491332 0)
(-0.0137547 0.018891 0)
(-0.00749404 0.0882312 0)
(0.0186901 0.123669 0)
(0.0554214 0.136404 0)
(0.0960715 0.135814 0)
(0.135976 0.126617 0)
(0.171797 0.112051 0)
(0.201252 0.0944305 0)
(0.222851 0.0761718 0)
(0.237693 0.0582678 0)
(0.243632 0.0416861 0)
(0.244513 0.0262776 0)
(0.235355 0.0122272 0)
(0.223748 -0.00133022 0)
(0.199194 -0.0151511 0)
(0.175755 -0.0339865 0)
(0.132037 -0.0667534 0)
(0.107051 -0.145381 0)
(0.0371124 -0.326032 0)
(0.0922234 -0.455829 0)
(-0.105841 0.0826811 0)
(-0.0776122 0.0691977 0)
(-0.0486436 0.0731694 0)
(0.00331149 0.0774405 0)
(0.0563547 0.0776391 0)
(0.10861 0.0733417 0)
(0.155345 0.066053 0)
(0.197305 0.0567395 0)
(0.229135 0.0471973 0)
(0.25706 0.0376848 0)
(0.272723 0.0291866 0)
(0.287875 0.0213508 0)
(0.288402 0.0147473 0)
(0.292743 0.00847086 0)
(0.276882 0.0016122 0)
(0.270102 -0.00952741 0)
(0.231244 -0.0351375 0)
(0.217646 -0.0952218 0)
(0.150106 -0.229717 0)
(0.170653 -0.341494 0)
(0.130069 0.103817 0)
(0.158535 0.0754243 0)
(0.212506 0.0534464 0)
(0.270993 0.0417918 0)
(0.323411 0.0360187 0)
(0.375592 0.0320001 0)
(0.419904 0.0289388 0)
(0.464933 0.0255912 0)
(0.497802 0.0229198 0)
(0.532881 0.0197399 0)
(0.55224 0.0175987 0)
(0.57805 0.0146794 0)
(0.584275 0.0132587 0)
(0.602775 0.0104565 0)
(0.594426 0.00950849 0)
(0.603186 0.00511218 0)
(0.56764 0.000182436 0)
(0.547729 -0.0182577 0)
(0.435943 -0.0504079 0)
(0.336878 -0.101406 0)
)
;

boundaryField
{
    movingWall
    {
        type            fixedValue;
        value           uniform (1 0 0);
    }
    fixedWalls
    {
        type            noSlip;
    }
    frontAndBack
    {
        type            empty;
    }
}


// ************************************************************************* //
