/*--------------------------------*- C++ -*----------------------------------*\
| =========                 |                                                 |
| \\      /  F ield         | OpenFOAM: The Open Source CFD Toolbox           |
|  \\    /   O peration     | Version:  2212                                  |
|   \\  /    A nd           | Website:  www.openfoam.com                      |
|    \\/     M anipulation  |                                                 |
\*---------------------------------------------------------------------------*/
FoamFile
{
    version     2.0;
    format      ascii;
    arch        "LSB;label=32;scalar=64";
    class       surfaceScalarField;
    location    "4.305";
    object      phi;
}
// * * * * * * * * * * * * * * * * * * * * * * * * * * * * * * * * * * * * * //

dimensions      [0 3 -1 0 0 0 0];

oriented        oriented;

internalField   nonuniform List<scalar> 
760
(
1.54215e-07
-1.5423e-07
2.89604e-07
-1.35389e-07
3.05033e-07
-1.54293e-08
1.7886e-07
1.26173e-07
-1.23814e-07
3.02674e-07
-6.66202e-07
5.42388e-07
-1.48005e-06
8.13852e-07
-2.47933e-06
9.99272e-07
-3.464e-06
9.84672e-07
-4.20238e-06
7.38379e-07
-4.5276e-06
3.25224e-07
-4.34258e-06
-1.85025e-07
-3.59021e-06
-7.52372e-07
-2.38363e-06
-1.20657e-06
-9.51677e-07
-1.43196e-06
3.32236e-07
-1.28391e-06
1.07627e-06
-7.44034e-07
1.02508e-06
5.11888e-08
4.58221e-07
5.6686e-07
4.58222e-07
1.21838e-07
-2.76068e-07
6.88768e-08
-8.24271e-08
-3.0212e-07
3.55567e-07
-1.07978e-06
9.03834e-07
-2.30881e-06
1.53171e-06
-3.9098e-06
2.14337e-06
-5.63482e-06
2.53887e-06
-7.17286e-06
2.53731e-06
-8.29981e-06
2.11162e-06
-8.90559e-06
1.34415e-06
-8.9429e-06
3.62534e-07
-8.38883e-06
-7.39092e-07
-7.27449e-06
-1.86671e-06
-5.63242e-06
-2.84865e-06
-3.60561e-06
-3.45876e-06
-1.49732e-06
-3.3922e-06
1.67354e-07
-2.4087e-06
8.50145e-07
-6.31602e-07
5.22207e-07
8.94798e-07
9.80428e-07
-1.2992e-07
-1.46148e-07
-6.35775e-07
4.23429e-07
-1.62167e-06
1.34146e-06
-3.12829e-06
2.41046e-06
-5.03173e-06
3.43514e-06
-7.03578e-06
4.14742e-06
-8.82713e-06
4.33023e-06
-1.02257e-05
3.93585e-06
-1.11792e-05
3.06516e-06
-1.168e-05
1.84491e-06
-1.16771e-05
3.59639e-07
-1.12227e-05
-1.19351e-06
-1.0297e-05
-2.79238e-06
-8.84564e-06
-4.29999e-06
-6.84828e-06
-5.45612e-06
-4.39322e-06
-5.84726e-06
-1.87812e-06
-4.92381e-06
-9.03529e-08
-2.41937e-06
2.92996e-07
5.1145e-07
1.27342e-06
-4.99258e-07
3.53109e-07
-1.5537e-06
1.47787e-06
-3.1032e-06
2.89095e-06
-5.05192e-06
4.35918e-06
-7.14274e-06
5.52596e-06
-9.07019e-06
6.07488e-06
-1.06324e-05
5.89247e-06
-1.17862e-05
5.08959e-06
-1.25592e-05
3.83817e-06
-1.29864e-05
2.27211e-06
-1.30535e-05
4.26717e-07
-1.28177e-05
-1.42929e-06
-1.22412e-05
-3.36889e-06
-1.1222e-05
-5.31919e-06
-9.62886e-06
-7.04924e-06
-7.33708e-06
-8.13905e-06
-4.38473e-06
-7.87616e-06
-1.37669e-06
-5.4274e-06
1.19062e-07
-9.843e-07
1.39249e-06
-8.56755e-07
1.20986e-06
-2.34673e-06
2.96785e-06
-4.20488e-06
4.74911e-06
-6.23866e-06
6.39297e-06
-8.16948e-06
7.45678e-06
-9.77545e-06
7.68084e-06
-1.09791e-05
7.09609e-06
-1.18062e-05
5.91675e-06
-1.23188e-05
4.35079e-06
-1.259e-05
2.54332e-06
-1.27105e-05
5.47205e-07
-1.26683e-05
-1.47148e-06
-1.24539e-05
-3.58334e-06
-1.19875e-05
-5.78552e-06
-1.10825e-05
-7.95425e-06
-9.45089e-06
-9.77069e-06
-6.79428e-06
-1.05328e-05
-3.21181e-06
-9.00987e-06
-2.62212e-07
-3.9339e-06
1.13027e-06
-1.07842e-06
2.28828e-06
-2.7636e-06
4.65302e-06
-4.64392e-06
6.62943e-06
-6.48965e-06
8.2387e-06
-8.07781e-06
9.04494e-06
-9.27702e-06
8.88004e-06
-1.00821e-05
7.90114e-06
-1.05576e-05
6.39225e-06
-1.07941e-05
4.58727e-06
-1.08921e-05
2.64139e-06
-1.09737e-05
6.28757e-07
-1.10274e-05
-1.41776e-06
-1.10683e-05
-3.54241e-06
-1.10665e-05
-5.78734e-06
-1.08671e-05
-8.15364e-06
-1.01421e-05
-1.04957e-05
-8.39796e-06
-1.22769e-05
-5.22132e-06
-1.21865e-05
-1.15494e-06
-8.00028e-06
-2.46653e-08
-1.1008e-06
3.38909e-06
-2.73599e-06
6.28821e-06
-4.42161e-06
8.31505e-06
-5.94694e-06
9.76403e-06
-7.15235e-06
1.02503e-05
-7.9745e-06
9.70219e-06
-8.44987e-06
8.37651e-06
-8.66507e-06
6.60745e-06
-8.72415e-06
4.64635e-06
-8.72541e-06
2.64265e-06
-8.75303e-06
6.56374e-07
-8.82671e-06
-1.34408e-06
-8.96613e-06
-3.40299e-06
-9.18207e-06
-5.5714e-06
-9.41614e-06
-7.91957e-06
-9.43483e-06
-1.0477e-05
-8.71814e-06
-1.29936e-05
-6.51088e-06
-1.43938e-05
-2.41275e-06
-1.20984e-05
-2.43742e-06
-9.26674e-07
4.31576e-06
-2.3272e-06
7.68873e-06
-3.70457e-06
9.69242e-06
-4.87553e-06
1.0935e-05
-5.73892e-06
1.11137e-05
-6.27679e-06
1.02401e-05
-6.54523e-06
8.64495e-06
-6.63504e-06
6.69726e-06
-6.64322e-06
4.65453e-06
-6.6443e-06
2.64373e-06
-6.6757e-06
6.87778e-07
-6.75531e-06
-1.26448e-06
-6.90461e-06
-3.25369e-06
-7.15404e-06
-5.32197e-06
-7.51945e-06
-7.55416e-06
-7.90712e-06
-1.00893e-05
-7.90438e-06
-1.29964e-05
-6.69368e-06
-1.56045e-05
-3.57018e-06
-1.52219e-05
-6.0076e-06
-6.18321e-07
4.93408e-06
-1.6724e-06
8.74281e-06
-2.69827e-06
1.07183e-05
-3.53109e-06
1.17678e-05
-4.11489e-06
1.16975e-05
-4.45892e-06
1.05841e-05
-4.62135e-06
8.80738e-06
-4.68069e-06
6.7566e-06
-4.71013e-06
4.68397e-06
-4.75458e-06
2.68817e-06
-4.82499e-06
7.58191e-07
-4.92847e-06
-1.161e-06
-5.07544e-06
-3.10672e-06
-5.29503e-06
-5.10238e-06
-5.64219e-06
-7.207e-06
-6.12858e-06
-9.60296e-06
-6.53206e-06
-1.25929e-05
-6.10947e-06
-1.60271e-05
-3.91056e-06
-1.74208e-05
-9.91816e-06
-2.29227e-07
5.16331e-06
-8.84386e-07
9.39797e-06
-1.55111e-06
1.1385e-05
-2.07637e-06
1.22931e-05
-2.43195e-06
1.20531e-05
-2.64165e-06
1.07938e-05
-2.75341e-06
8.91915e-06
-2.82068e-06
6.82386e-06
-2.88881e-06
4.7521e-06
-2.98047e-06
2.77983e-06
-3.09866e-06
8.76383e-07
-3.24343e-06
-1.01623e-06
-3.4154e-06
-2.93475e-06
-3.62751e-06
-4.89027e-06
-3.93172e-06
-6.90279e-06
-4.40965e-06
-9.12504e-06
-5.00514e-06
-1.19974e-05
-5.11203e-06
-1.59202e-05
-3.5506e-06
-1.89822e-05
-1.34688e-05
1.63148e-07
5.00016e-06
-6.78761e-08
9.62899e-06
-3.98171e-07
1.17153e-05
-6.46776e-07
1.25417e-05
-7.9923e-07
1.22056e-05
-8.86463e-07
1.0881e-05
-9.4803e-07
8.98072e-06
-1.01602e-06
6.89186e-06
-1.10726e-06
4.84333e-06
-1.22945e-06
2.90202e-06
-1.38485e-06
1.03179e-06
-1.57568e-06
-8.25407e-07
-1.80097e-06
-2.70945e-06
-2.05937e-06
-4.63187e-06
-2.37966e-06
-6.5825e-06
-2.85557e-06
-8.64912e-06
-3.54911e-06
-1.13038e-05
-4.01974e-06
-1.54495e-05
-3.02212e-06
-1.99799e-05
-1.64909e-05
4.97376e-07
4.50278e-06
6.94444e-07
9.43192e-06
7.37684e-07
1.16721e-05
7.73707e-07
1.25057e-05
8.19336e-07
1.21599e-05
8.4886e-07
1.08515e-05
8.42155e-07
8.98742e-06
7.90839e-07
6.94317e-06
6.96569e-07
4.93761e-06
5.61485e-07
3.03711e-06
3.81109e-07
1.21216e-06
1.49237e-07
-5.93534e-07
-1.36303e-07
-2.42391e-06
-4.82275e-07
-4.2859e-06
-8.94105e-07
-6.17067e-06
-1.41838e-06
-8.12485e-06
-2.20226e-06
-1.052e-05
-2.95524e-06
-1.46965e-05
-2.46169e-06
-2.04734e-05
-1.89526e-05
7.50273e-07
3.75251e-06
1.34453e-06
8.83767e-06
1.73542e-06
1.12812e-05
2.06375e-06
1.21773e-05
2.33632e-06
1.18874e-05
2.52217e-06
1.06657e-05
2.61245e-06
8.89713e-06
2.61789e-06
6.93774e-06
2.55317e-06
5.00233e-06
2.42628e-06
3.164e-06
2.23079e-06
1.40765e-06
1.95286e-06
-3.15608e-07
1.59183e-06
-2.06289e-06
1.14263e-06
-3.83669e-06
5.99963e-07
-5.62801e-06
-8.94223e-08
-7.43546e-06
-9.63733e-07
-9.64565e-06
-1.92714e-06
-1.37331e-05
-1.92899e-06
-2.04716e-05
-2.08816e-05
8.63303e-07
2.88921e-06
1.79676e-06
7.90421e-06
2.53463e-06
1.05433e-05
3.17288e-06
1.15391e-05
3.7185e-06
1.13417e-05
4.12756e-06
1.02566e-05
4.38346e-06
8.64123e-06
4.50014e-06
6.82105e-06
4.50138e-06
5.00109e-06
4.40338e-06
3.262e-06
4.20494e-06
1.60609e-06
3.87752e-06
1.18196e-08
3.43578e-06
-1.62115e-06
2.85691e-06
-3.25782e-06
2.14064e-06
-4.91174e-06
1.30376e-06
-6.59858e-06
2.53779e-07
-8.59567e-06
-9.69997e-07
-1.25094e-05
-1.43281e-06
-2.00088e-05
-2.23144e-05
7.99165e-07
2.09004e-06
1.93859e-06
6.76479e-06
2.97546e-06
9.50644e-06
3.94454e-06
1.057e-05
4.81818e-06
1.04681e-05
5.52978e-06
9.545e-06
6.0396e-06
8.13141e-06
6.35052e-06
6.51014e-06
6.48419e-06
4.86742e-06
6.45994e-06
3.28625e-06
6.27763e-06
1.78839e-06
5.93233e-06
3.57114e-07
5.39592e-06
-1.08473e-06
4.67237e-06
-2.53427e-06
3.75366e-06
-3.99303e-06
2.6679e-06
-5.51281e-06
1.37207e-06
-7.29984e-06
-1.64458e-07
-1.09728e-05
-9.20561e-07
-1.92527e-05
-2.32349e-05
5.72099e-07
1.51794e-06
1.74473e-06
5.59215e-06
3.07552e-06
8.17565e-06
4.42009e-06
9.22542e-06
5.68108e-06
9.20713e-06
6.7596e-06
8.46648e-06
7.58981e-06
7.3012e-06
8.1589e-06
5.94105e-06
8.47977e-06
4.54655e-06
8.57027e-06
3.19576e-06
8.43776e-06
1.92091e-06
8.0804e-06
7.14471e-07
7.45492e-06
-4.59256e-07
6.57786e-06
-1.65721e-06
5.4362e-06
-2.85138e-06
4.07083e-06
-4.14744e-06
2.55008e-06
-5.77909e-06
9.40959e-07
-9.36371e-06
-1.51847e-07
-1.81598e-05
-2.33868e-05
1.48981e-07
1.36896e-06
1.02815e-06
4.71298e-06
2.49682e-06
6.70698e-06
4.21065e-06
7.51159e-06
5.92547e-06
7.49231e-06
7.45396e-06
6.93798e-06
8.6932e-06
6.06196e-06
9.61336e-06
5.02088e-06
1.02098e-05
3.95013e-06
1.04949e-05
2.9106e-06
1.04752e-05
1.9406e-06
1.0157e-05
1.03276e-06
9.49742e-06
2.00272e-07
8.51374e-06
-6.73522e-07
7.19925e-06
-1.53688e-06
5.60431e-06
-2.55251e-06
3.88739e-06
-4.06216e-06
2.22631e-06
-7.70264e-06
6.476e-07
-1.65811e-05
-2.27392e-05
-5.15021e-07
1.88399e-06
1.96441e-07
4.00152e-06
1.74233e-06
5.1611e-06
3.79551e-06
5.45841e-06
5.94134e-06
5.34648e-06
7.89446e-06
4.98487e-06
9.51817e-06
4.43825e-06
1.07713e-05
3.76779e-06
1.16363e-05
3.08513e-06
1.21303e-05
2.41655e-06
1.22578e-05
1.81305e-06
1.20394e-05
1.25124e-06
1.14967e-05
7.42921e-07
1.06042e-05
2.18988e-07
9.3659e-06
-2.98568e-07
7.85126e-06
-1.03787e-06
6.24596e-06
-2.45686e-06
4.44527e-06
-5.90195e-06
2.05086e-06
-1.41867e-05
-2.06883e-05
-4.17688e-06
6.06086e-06
-3.64081e-06
3.46545e-06
-1.25226e-06
2.77255e-06
1.53733e-06
2.66881e-06
4.26762e-06
2.6162e-06
6.79344e-06
2.45905e-06
9.00257e-06
2.22912e-06
1.08353e-05
1.93503e-06
1.22739e-05
1.64656e-06
1.33455e-05
1.34492e-06
1.40675e-05
1.09106e-06
1.44844e-05
8.34333e-07
1.45849e-05
6.42456e-07
1.43794e-05
4.24539e-07
1.38588e-05
2.21953e-07
1.30385e-05
-2.17487e-07
1.19086e-05
-1.32701e-06
1.01069e-05
-4.10022e-06
5.63562e-06
-9.71548e-06
-1.50527e-05
6.06086e-06
9.52632e-06
1.22989e-05
1.49677e-05
1.75839e-05
2.00429e-05
2.2272e-05
2.42071e-05
2.58536e-05
2.71985e-05
2.82896e-05
2.91239e-05
2.97664e-05
3.01909e-05
3.04129e-05
3.01954e-05
2.88684e-05
2.47682e-05
1.50527e-05
)
;

boundaryField
{
    movingWall
    {
        type            calculated;
        value           uniform 0;
    }
    fixedWalls
    {
        type            calculated;
        value           uniform 0;
    }
    frontAndBack
    {
        type            empty;
        value           nonuniform List<scalar> 0();
    }
}


// ************************************************************************* //
