/*--------------------------------*- C++ -*----------------------------------*\
| =========                 |                                                 |
| \\      /  F ield         | OpenFOAM: The Open Source CFD Toolbox           |
|  \\    /   O peration     | Version:  2212                                  |
|   \\  /    A nd           | Website:  www.openfoam.com                      |
|    \\/     M anipulation  |                                                 |
\*---------------------------------------------------------------------------*/
FoamFile
{
    version     2.0;
    format      ascii;
    arch        "LSB;label=32;scalar=64";
    class       volVectorField;
    location    "2.44";
    object      U;
}
// * * * * * * * * * * * * * * * * * * * * * * * * * * * * * * * * * * * * * //

dimensions      [0 1 -1 0 0 0 0];

internalField   nonuniform List<vector> 
400
(
(0.00139772 -0.00144223 0)
(0.00393638 -0.00158672 0)
(0.00520929 -0.00103743 0)
(0.00420331 -0.000468402 0)
(0.000347172 0.000273779 0)
(-0.00736179 0.00168907 0)
(-0.0198831 0.00429224 0)
(-0.0370785 0.00769248 0)
(-0.0566012 0.0100947 0)
(-0.0738571 0.00968262 0)
(-0.0843728 0.00645964 0)
(-0.0856178 0.00176868 0)
(-0.0766181 -0.0031745 0)
(-0.0579906 -0.0076123 0)
(-0.0332582 -0.0101145 0)
(-0.00662426 -0.00922126 0)
(0.0143481 -0.00471003 0)
(0.0220764 0.00237013 0)
(0.014894 0.00590229 0)
(0.00405198 0.00435925 0)
(0.00123175 -0.0040307 0)
(0.00184276 -0.00296358 0)
(-0.00201461 0.00094632 0)
(-0.0121576 0.0060812 0)
(-0.0303368 0.0128374 0)
(-0.0571709 0.0214559 0)
(-0.0899237 0.0299444 0)
(-0.122538 0.0341954 0)
(-0.149146 0.0315992 0)
(-0.166229 0.022664 0)
(-0.172176 0.00946507 0)
(-0.166814 -0.0057116 0)
(-0.150699 -0.021095 0)
(-0.124442 -0.0343216 0)
(-0.0902465 -0.041854 0)
(-0.0508099 -0.0396132 0)
(-0.0118683 -0.0253749 0)
(0.0150767 -0.00199487 0)
(0.0165213 0.014742 0)
(0.00525486 0.0137576 0)
(-0.000634521 -0.00395709 0)
(-0.00596667 0.00220961 0)
(-0.0193128 0.0136996 0)
(-0.0419123 0.0284524 0)
(-0.0743579 0.0448467 0)
(-0.113034 0.0589598 0)
(-0.151207 0.0657668 0)
(-0.183293 0.0626647 0)
(-0.206745 0.0504518 0)
(-0.220727 0.0313764 0)
(-0.225107 0.007736 0)
(-0.220417 -0.01842 0)
(-0.206972 -0.044983 0)
(-0.184336 -0.0684891 0)
(-0.152255 -0.0840107 0)
(-0.110778 -0.0847953 0)
(-0.0618429 -0.0643313 0)
(-0.0136219 -0.0228707 0)
(0.00888137 0.0159093 0)
(0.00410809 0.0220181 0)
(-0.00332656 0.00229621 0)
(-0.0163927 0.0175158 0)
(-0.0402379 0.0383227 0)
(-0.073147 0.0620853 0)
(-0.113117 0.0836945 0)
(-0.153973 0.0968523 0)
(-0.189398 0.0975939 0)
(-0.216745 0.0863301 0)
(-0.235909 0.0658583 0)
(-0.247326 0.0388467 0)
(-0.251733 0.00724241 0)
(-0.249927 -0.027566 0)
(-0.241914 -0.0634634 0)
(-0.226689 -0.0975472 0)
(-0.202344 -0.124599 0)
(-0.166276 -0.136136 0)
(-0.116227 -0.120494 0)
(-0.0543471 -0.0687514 0)
(-0.00115539 0.00187519 0)
(0.00467556 0.0264714 0)
(-0.00605929 0.0154877 0)
(-0.0260737 0.0419598 0)
(-0.0575802 0.0708105 0)
(-0.0954931 0.100001 0)
(-0.136015 0.12202 0)
(-0.172645 0.130602 0)
(-0.201294 0.124222 0)
(-0.221641 0.105648 0)
(-0.234748 0.0786142 0)
(-0.242157 0.0459659 0)
(-0.245561 0.00937857 0)
(-0.245992 -0.0302916 0)
(-0.243368 -0.0719057 0)
(-0.237036 -0.114125 0)
(-0.224337 -0.153178 0)
(-0.200719 -0.180886 0)
(-0.16041 -0.182412 0)
(-0.0990827 -0.137678 0)
(-0.0212695 -0.038503 0)
(0.00700136 0.025385 0)
(-0.00761937 0.0334937 0)
(-0.0316516 0.0715949 0)
(-0.0662978 0.105868 0)
(-0.103805 0.136809 0)
(-0.139879 0.156007 0)
(-0.169017 0.158394 0)
(-0.189305 0.144831 0)
(-0.201764 0.119774 0)
(-0.208201 0.0876158 0)
(-0.210989 0.0514908 0)
(-0.212261 0.0130623 0)
(-0.213187 -0.0271856 0)
(-0.214086 -0.0696485 0)
(-0.214999 -0.114804 0)
(-0.213789 -0.161568 0)
(-0.205339 -0.204609 0)
(-0.181669 -0.229941 0)
(-0.134453 -0.210866 0)
(-0.0596917 -0.114598 0)
(0.00534195 0.0131165 0)
(-0.0073897 0.0532985 0)
(-0.0317395 0.102202 0)
(-0.0652022 0.139201 0)
(-0.0985007 0.16905 0)
(-0.127746 0.183596 0)
(-0.148842 0.179249 0)
(-0.161531 0.158866 0)
(-0.167573 0.128165 0)
(-0.169238 0.0921136 0)
(-0.169067 0.0540113 0)
(-0.168841 0.0153694 0)
(-0.169417 -0.0236597 0)
(-0.171446 -0.0642044 0)
(-0.175556 -0.10779 0)
(-0.181074 -0.155755 0)
(-0.184228 -0.207081 0)
(-0.176978 -0.252705 0)
(-0.14937 -0.266455 0)
(-0.0952614 -0.199005 0)
(-0.00838496 -0.0147729 0)
(-0.0054652 0.0717236 0)
(-0.0267602 0.130368 0)
(-0.0558318 0.168253 0)
(-0.0829579 0.195383 0)
(-0.104988 0.20461 0)
(-0.119228 0.193744 0)
(-0.126468 0.167303 0)
(-0.128789 0.132009 0)
(-0.128569 0.0932121 0)
(-0.12794 0.054062 0)
(-0.127845 0.0156286 0)
(-0.128549 -0.0223269 0)
(-0.130597 -0.060879 0)
(-0.134854 -0.101526 0)
(-0.142002 -0.14664 0)
(-0.15062 -0.198926 0)
(-0.154411 -0.256317 0)
(-0.142864 -0.298777 0)
(-0.108803 -0.268841 0)
(-0.0294147 -0.0723903 0)
(-0.00242863 0.0859992 0)
(-0.0183068 0.153506 0)
(-0.0410329 0.191373 0)
(-0.0613008 0.215104 0)
(-0.0767095 0.219293 0)
(-0.0857285 0.203014 0)
(-0.0896583 0.171971 0)
(-0.09051 0.13354 0)
(-0.0903771 0.0932298 0)
(-0.0906659 0.0538357 0)
(-0.0915646 0.0158404 0)
(-0.0929566 -0.0214267 0)
(-0.095073 -0.058805 0)
(-0.0985888 -0.0971869 0)
(-0.10484 -0.138654 0)
(-0.114636 -0.18781 0)
(-0.124506 -0.249305 0)
(-0.123725 -0.313514 0)
(-0.104915 -0.32503 0)
(-0.0361708 -0.156608 0)
(0.00107111 0.0940897 0)
(-0.00795621 0.169952 0)
(-0.0232384 0.208028 0)
(-0.0366063 0.228849 0)
(-0.0461768 0.229183 0)
(-0.0513233 0.20906 0)
(-0.0533804 0.174965 0)
(-0.0539427 0.134708 0)
(-0.054556 0.0938271 0)
(-0.0559633 0.0546623 0)
(-0.0579576 0.0171231 0)
(-0.0603052 -0.0197637 0)
(-0.0630217 -0.0566635 0)
(-0.0664183 -0.0938865 0)
(-0.0716496 -0.132511 0)
(-0.0805586 -0.177076 0)
(-0.0931106 -0.236735 0)
(-0.0990197 -0.313901 0)
(-0.0936467 -0.362267 0)
(-0.0304375 -0.234382 0)
(0.00447532 0.0950288 0)
(0.00273416 0.178679 0)
(-0.00477157 0.217871 0)
(-0.0114554 0.236524 0)
(-0.0158045 0.234215 0)
(-0.0177089 0.211948 0)
(-0.0183404 0.176556 0)
(-0.0187339 0.135875 0)
(-0.0198296 0.0952255 0)
(-0.021923 0.0565963 0)
(-0.0246766 0.0195952 0)
(-0.0279153 -0.0168435 0)
(-0.0316557 -0.0533754 0)
(-0.0359198 -0.0900481 0)
(-0.0414056 -0.127023 0)
(-0.0497018 -0.167582 0)
(-0.0637789 -0.222861 0)
(-0.0736311 -0.306895 0)
(-0.0804724 -0.386311 0)
(-0.0227841 -0.298092 0)
(0.00726439 0.089216 0)
(0.0127346 0.179448 0)
(0.0129046 0.221089 0)
(0.0127039 0.239025 0)
(0.0134473 0.235705 0)
(0.0148432 0.212961 0)
(0.0159107 0.17765 0)
(0.0161123 0.137424 0)
(0.0150799 0.0973583 0)
(0.0128247 0.0593368 0)
(0.00967803 0.0229937 0)
(0.00570709 -0.0127084 0)
(0.000787506 -0.0484855 0)
(-0.00499715 -0.0843822 0)
(-0.0120576 -0.120147 0)
(-0.0209055 -0.157462 0)
(-0.0369814 -0.207119 0)
(-0.0492958 -0.292882 0)
(-0.0679983 -0.398273 0)
(-0.0146145 -0.350853 0)
(0.00867966 0.0778363 0)
(0.0206809 0.172377 0)
(0.0281076 0.217212 0)
(0.0339948 0.23534 0)
(0.0397803 0.232121 0)
(0.0450549 0.210326 0)
(0.0488239 0.176478 0)
(0.0506994 0.137759 0)
(0.0506382 0.0989919 0)
(0.0488633 0.0620724 0)
(0.0456989 0.0268394 0)
(0.0411313 -0.00764462 0)
(0.0350442 -0.0420985 0)
(0.0274558 -0.0766474 0)
(0.0177387 -0.110956 0)
(0.00675187 -0.145693 0)
(-0.0125155 -0.190311 0)
(-0.0258976 -0.274472 0)
(-0.0566098 -0.400974 0)
(-0.00650134 -0.393067 0)
(0.00814219 0.0629897 0)
(0.0252454 0.15803 0)
(0.0396709 0.206717 0)
(0.0517934 0.226519 0)
(0.0630302 0.224756 0)
(0.0729944 0.205216 0)
(0.0805963 0.173967 0)
(0.085332 0.137567 0)
(0.0872254 0.10061 0)
(0.0865913 0.0651447 0)
(0.0838003 0.0313759 0)
(0.0787863 -0.00144805 0)
(0.07141 -0.0338184 0)
(0.0618471 -0.0662111 0)
(0.0490444 -0.0983927 0)
(0.0345659 -0.130501 0)
(0.0107008 -0.170241 0)
(-0.00262612 -0.251326 0)
(-0.0461836 -0.397264 0)
(0.0021784 -0.428349 0)
(0.00564337 0.0478652 0)
(0.0250229 0.138637 0)
(0.0450292 0.189287 0)
(0.0630053 0.210079 0)
(0.080106 0.209819 0)
(0.0958483 0.193227 0)
(0.108782 0.16575 0)
(0.118006 0.133047 0)
(0.123328 0.0992856 0)
(0.124985 0.0665503 0)
(0.12327 0.035405 0)
(0.118345 0.00534615 0)
(0.109768 -0.0238968 0)
(0.0981341 -0.0529963 0)
(0.081594 -0.0819657 0)
(0.0629776 -0.111551 0)
(0.0339127 -0.147485 0)
(0.0204718 -0.225676 0)
(-0.0363262 -0.390378 0)
(0.0125782 -0.45795 0)
(0.00185346 0.0354024 0)
(0.0196483 0.116795 0)
(0.0440804 0.167844 0)
(0.0680586 0.189655 0)
(0.091688 0.190997 0)
(0.114052 0.177518 0)
(0.133372 0.154333 0)
(0.14824 0.126146 0)
(0.158087 0.0965552 0)
(0.163042 0.0675302 0)
(0.163078 0.0399083 0)
(0.158887 0.0135393 0)
(0.149273 -0.0118128 0)
(0.135741 -0.0366704 0)
(0.11521 -0.0613627 0)
(0.0924975 -0.0875812 0)
(0.0581025 -0.120797 0)
(0.0429903 -0.197555 0)
(-0.0251856 -0.380665 0)
(0.027229 -0.480914 0)
(-0.00316908 0.0311513 0)
(0.00699925 0.0978063 0)
(0.0304841 0.139232 0)
(0.0598072 0.15807 0)
(0.0908576 0.16014 0)
(0.121257 0.150089 0)
(0.148437 0.13213 0)
(0.170536 0.10987 0)
(0.186406 0.086248 0)
(0.196182 0.0629172 0)
(0.199184 0.0408358 0)
(0.196863 0.0200129 0)
(0.187047 0.000327976 0)
(0.172814 -0.0187702 0)
(0.149132 -0.0376683 0)
(0.123835 -0.0596421 0)
(0.0845998 -0.0920262 0)
(0.0653574 -0.171634 0)
(-0.00706995 -0.365775 0)
(0.0508044 -0.48895 0)
(-0.0120854 0.0211879 0)
(-0.00787527 0.087786 0)
(0.0142437 0.119051 0)
(0.047821 0.129603 0)
(0.0857753 0.128831 0)
(0.123592 0.12072 0)
(0.158042 0.107677 0)
(0.186661 0.0915088 0)
(0.207983 0.0744593 0)
(0.222641 0.0574909 0)
(0.228843 0.0417492 0)
(0.229841 0.0270828 0)
(0.221393 0.0139451 0)
(0.210213 0.00123915 0)
(0.187039 -0.0114404 0)
(0.165272 -0.0293488 0)
(0.123986 -0.0613339 0)
(0.102399 -0.141528 0)
(0.0348242 -0.325052 0)
(0.091349 -0.455095 0)
(-0.104825 0.0843247 0)
(-0.0772657 0.0699265 0)
(-0.0503002 0.0709048 0)
(-0.00122842 0.0736522 0)
(0.0487643 0.0734017 0)
(0.0983489 0.0695033 0)
(0.143138 0.0630202 0)
(0.183674 0.0545636 0)
(0.214906 0.0458382 0)
(0.242461 0.036983 0)
(0.258432 0.0291212 0)
(0.27384 0.0217873 0)
(0.275315 0.0157696 0)
(0.280443 0.00994501 0)
(0.266434 0.00372608 0)
(0.261159 -0.00721388 0)
(0.224307 -0.0327549 0)
(0.213781 -0.0938194 0)
(0.148855 -0.229502 0)
(0.170385 -0.341459 0)
(0.13076 0.104504 0)
(0.160038 0.0769137 0)
(0.214682 0.0549334 0)
(0.272673 0.0428241 0)
(0.323753 0.0365668 0)
(0.374057 0.0322224 0)
(0.416635 0.0290314 0)
(0.460146 0.0256554 0)
(0.492082 0.0230407 0)
(0.526552 0.0199116 0)
(0.545814 0.0178602 0)
(0.571728 0.0149911 0)
(0.578457 0.0136717 0)
(0.597584 0.0109214 0)
(0.590273 0.01007 0)
(0.600123 0.00564411 0)
(0.565914 0.000718252 0)
(0.547461 -0.0178236 0)
(0.436753 -0.0501961 0)
(0.337406 -0.101344 0)
)
;

boundaryField
{
    movingWall
    {
        type            fixedValue;
        value           uniform (1 0 0);
    }
    fixedWalls
    {
        type            noSlip;
    }
    frontAndBack
    {
        type            empty;
    }
}


// ************************************************************************* //
