/*--------------------------------*- C++ -*----------------------------------*\
| =========                 |                                                 |
| \\      /  F ield         | OpenFOAM: The Open Source CFD Toolbox           |
|  \\    /   O peration     | Version:  2212                                  |
|   \\  /    A nd           | Website:  www.openfoam.com                      |
|    \\/     M anipulation  |                                                 |
\*---------------------------------------------------------------------------*/
FoamFile
{
    version     2.0;
    format      ascii;
    arch        "LSB;label=32;scalar=64";
    class       surfaceScalarField;
    location    "2.375";
    object      phi;
}
// * * * * * * * * * * * * * * * * * * * * * * * * * * * * * * * * * * * * * //

dimensions      [0 3 -1 0 0 0 0];

oriented        oriented;

internalField   nonuniform List<scalar> 
760
(
1.24616e-07
-1.24614e-07
2.26853e-07
-1.02237e-07
2.28487e-07
-1.63366e-09
1.07917e-07
1.2057e-07
-1.7096e-07
2.78877e-07
-6.62674e-07
4.91713e-07
-1.3968e-06
7.34121e-07
-2.30684e-06
9.10047e-07
-3.22026e-06
9.13415e-07
-3.92375e-06
7.03493e-07
-4.25126e-06
3.2751e-07
-4.10726e-06
-1.43997e-07
-3.42502e-06
-6.82248e-07
-2.30761e-06
-1.1174e-06
-9.69076e-07
-1.33854e-06
2.39815e-07
-1.20889e-06
9.57758e-07
-7.17943e-07
9.37514e-07
2.02436e-08
4.23724e-07
5.13791e-07
4.23724e-07
7.48293e-08
-1.99443e-07
-1.21348e-08
-1.52727e-08
-3.63505e-07
3.49736e-07
-1.06797e-06
8.2503e-07
-2.17354e-06
1.38445e-06
-3.62755e-06
1.94572e-06
-5.22716e-06
2.33373e-06
-6.69127e-06
2.37416e-06
-7.79264e-06
2.01479e-06
-8.40725e-06
1.3181e-06
-8.48149e-06
4.0175e-07
-7.98427e-06
-6.41213e-07
-6.94575e-06
-1.72077e-06
-5.39681e-06
-2.66635e-06
-3.47461e-06
-3.26073e-06
-1.46919e-06
-3.21432e-06
1.14201e-07
-2.30133e-06
7.79734e-07
-6.45289e-07
4.87574e-07
8.0595e-07
9.11298e-07
-1.56807e-07
-4.26365e-08
-6.41166e-07
4.69087e-07
-1.53896e-06
1.24753e-06
-2.89734e-06
2.18341e-06
-4.63619e-06
3.1233e-06
-6.5137e-06
3.82324e-06
-8.23883e-06
4.05886e-06
-9.6178e-06
3.75313e-06
-1.05767e-05
2.97373e-06
-1.10971e-05
1.83845e-06
-1.11352e-05
4.39904e-07
-1.07205e-05
-1.05592e-06
-9.84623e-06
-2.59508e-06
-8.46217e-06
-4.05041e-06
-6.54909e-06
-5.17381e-06
-4.19991e-06
-5.56349e-06
-1.79641e-06
-4.70484e-06
-9.34222e-08
-2.34828e-06
2.81766e-07
4.30762e-07
1.19306e-06
-4.66387e-07
4.2375e-07
-1.43391e-06
1.43661e-06
-2.83786e-06
2.65147e-06
-4.62378e-06
3.96933e-06
-6.58823e-06
5.08775e-06
-8.45424e-06
5.68925e-06
-1.00099e-05
5.61456e-06
-1.11813e-05
4.92449e-06
-1.19804e-05
3.77284e-06
-1.24352e-05
2.2932e-06
-1.25333e-05
5.37984e-07
-1.23208e-05
-1.26839e-06
-1.1773e-05
-3.14283e-06
-1.07916e-05
-5.03185e-06
-9.25142e-06
-6.714e-06
-7.03323e-06
-7.78167e-06
-4.18698e-06
-7.55109e-06
-1.31352e-06
-5.22174e-06
1.13955e-07
-9.96715e-07
1.30702e-06
-7.72009e-07
1.19576e-06
-2.12105e-06
2.78566e-06
-3.8207e-06
4.35112e-06
-5.72578e-06
5.87441e-06
-7.59302e-06
6.95499e-06
-9.19737e-06
7.2936e-06
-1.0433e-05
6.85018e-06
-1.13013e-05
5.79279e-06
-1.18524e-05
4.32391e-06
-1.21534e-05
2.59428e-06
-1.22853e-05
6.69814e-07
-1.22552e-05
-1.2985e-06
-1.20523e-05
-3.34565e-06
-1.1598e-05
-5.48615e-06
-1.0711e-05
-7.60102e-06
-9.11196e-06
-9.38071e-06
-6.5237e-06
-1.01393e-05
-3.06444e-06
-8.681e-06
-2.51028e-07
-3.81013e-06
1.05599e-06
-9.59641e-07
2.1554e-06
-2.4901e-06
4.31611e-06
-4.23351e-06
6.09453e-06
-5.99821e-06
7.63911e-06
-7.57114e-06
8.52792e-06
-8.80213e-06
8.52459e-06
-9.65558e-06
7.70363e-06
-1.01766e-05
6.31381e-06
-1.0446e-05
4.59329e-06
-1.05611e-05
2.70945e-06
-1.06419e-05
7.50575e-07
-1.07e-05
-1.24044e-06
-1.0743e-05
-3.30259e-06
-1.07444e-05
-5.48473e-06
-1.05498e-05
-7.79566e-06
-9.83236e-06
-1.00981e-05
-8.11165e-06
-1.18601e-05
-5.00506e-06
-1.17876e-05
-1.09979e-06
-7.7154e-06
-4.37964e-08
-9.76725e-07
3.13213e-06
-2.47139e-06
5.81077e-06
-4.05553e-06
7.67868e-06
-5.53456e-06
9.11813e-06
-6.74872e-06
9.74209e-06
-7.61114e-06
9.38701e-06
-8.13101e-06
8.2235e-06
-8.3788e-06
6.5616e-06
-8.45206e-06
4.66655e-06
-8.45085e-06
2.70824e-06
-8.4664e-06
7.66126e-07
-8.53209e-06
-1.17476e-06
-8.66968e-06
-3.165e-06
-8.89342e-06
-5.26099e-06
-9.1426e-06
-7.54648e-06
-9.17528e-06
-1.00655e-05
-8.46919e-06
-1.25662e-05
-6.29407e-06
-1.39627e-05
-2.30542e-06
-1.17041e-05
-2.34921e-06
-8.23236e-07
3.95536e-06
-2.11063e-06
7.09817e-06
-3.41611e-06
8.98416e-06
-4.56157e-06
1.02636e-05
-5.43885e-06
1.06194e-05
-6.00923e-06
9.95739e-06
-6.30771e-06
8.52197e-06
-6.41303e-06
6.66692e-06
-6.41893e-06
4.67245e-06
-6.40559e-06
2.6949e-06
-6.41937e-06
7.79901e-07
-6.48286e-06
-1.11127e-06
-6.62365e-06
-3.02421e-06
-6.87922e-06
-5.00541e-06
-7.26763e-06
-7.15807e-06
-7.68718e-06
-9.64592e-06
-7.70917e-06
-1.25442e-05
-6.516e-06
-1.51559e-05
-3.42394e-06
-1.47961e-05
-5.77315e-06
-5.49102e-07
4.50446e-06
-1.5213e-06
8.07037e-06
-2.49762e-06
9.96048e-06
-3.31371e-06
1.10797e-05
-3.90595e-06
1.12116e-05
-4.26881e-06
1.03203e-05
-4.44667e-06
8.69983e-06
-4.51005e-06
6.73029e-06
-4.53191e-06
4.69432e-06
-4.56172e-06
2.72471e-06
-4.61516e-06
8.3335e-07
-4.70023e-06
-1.0262e-06
-4.83273e-06
-2.89172e-06
-5.04963e-06
-4.78851e-06
-5.41569e-06
-6.79202e-06
-5.94163e-06
-9.11997e-06
-6.38324e-06
-1.21026e-05
-5.97833e-06
-1.55608e-05
-3.8063e-06
-1.69681e-05
-9.57945e-06
-2.03108e-07
4.70757e-06
-8.068e-07
8.67406e-06
-1.44038e-06
1.05941e-05
-1.95157e-06
1.15909e-05
-2.30612e-06
1.15662e-05
-2.51971e-06
1.05338e-05
-2.63425e-06
8.81437e-06
-2.69998e-06
6.79602e-06
-2.76132e-06
4.75565e-06
-2.8432e-06
2.80658e-06
-2.94897e-06
9.39129e-07
-3.07748e-06
-8.97694e-07
-3.23187e-06
-2.73733e-06
-3.43213e-06
-4.58824e-06
-3.74353e-06
-6.48062e-06
-4.25701e-06
-8.60649e-06
-4.89927e-06
-1.14603e-05
-5.03242e-06
-1.54276e-05
-3.4919e-06
-1.85087e-05
-1.30713e-05
1.44983e-07
4.56259e-06
-6.15495e-08
8.88059e-06
-3.70437e-07
1.09029e-05
-6.0623e-07
1.18267e-05
-7.50039e-07
1.171e-05
-8.29536e-07
1.06133e-05
-8.83595e-07
8.86843e-06
-9.45705e-07
6.85813e-06
-1.03262e-06
4.84257e-06
-1.15035e-06
2.92431e-06
-1.29866e-06
1.08744e-06
-1.47784e-06
-7.18512e-07
-1.68797e-06
-2.52721e-06
-1.93027e-06
-4.34595e-06
-2.24571e-06
-6.16518e-06
-2.74456e-06
-8.10764e-06
-3.48217e-06
-1.07227e-05
-3.98056e-06
-1.49293e-05
-2.99397e-06
-1.94953e-05
-1.60653e-05
4.36085e-07
4.1265e-06
6.17903e-07
8.69878e-06
6.66e-07
1.08548e-05
7.16508e-07
1.17761e-05
7.836e-07
1.16429e-05
8.35732e-07
1.05612e-05
8.46442e-07
8.85772e-06
8.05585e-07
6.89899e-06
7.15152e-07
4.933e-06
5.81937e-07
3.05752e-06
4.05163e-07
1.26422e-06
1.8025e-07
-4.93599e-07
-9.30138e-08
-2.25394e-06
-4.27474e-07
-4.01149e-06
-8.30195e-07
-5.76246e-06
-1.36408e-06
-7.57375e-06
-2.18241e-06
-9.90436e-06
-2.95836e-06
-1.41533e-05
-2.46371e-06
-1.99899e-05
-1.8529e-05
6.48886e-07
3.47762e-06
1.19038e-06
8.15728e-06
1.56569e-06
1.04795e-05
1.90334e-06
1.14385e-05
2.20555e-06
1.13407e-05
2.42701e-06
1.03398e-05
2.54553e-06
8.7392e-06
2.56684e-06
6.87768e-06
2.50793e-06
4.99192e-06
2.38153e-06
3.18392e-06
2.18697e-06
1.45878e-06
1.91067e-06
-2.17296e-07
1.5537e-06
-1.89698e-06
1.1132e-06
-3.57099e-06
5.81254e-07
-5.23051e-06
-1.0508e-07
-6.88742e-06
-9.99274e-07
-9.01016e-06
-1.97878e-06
-1.31738e-05
-1.95355e-06
-2.00151e-05
-2.04826e-05
7.3719e-07
2.74043e-06
1.57584e-06
7.31863e-06
2.26855e-06
9.78684e-06
2.90125e-06
1.08058e-05
3.47054e-06
1.07714e-05
3.91794e-06
9.89235e-06
4.21001e-06
8.44713e-06
4.35123e-06
6.73646e-06
4.36447e-06
4.97867e-06
4.26943e-06
3.27895e-06
4.06899e-06
1.65923e-06
3.74716e-06
1.04534e-07
3.3043e-06
-1.45412e-06
2.73143e-06
-2.99813e-06
2.0284e-06
-4.52747e-06
1.20697e-06
-6.06599e-06
1.59829e-07
-7.96302e-06
-1.0623e-06
-1.19517e-05
-1.47678e-06
-1.96007e-05
-2.19594e-05
6.72593e-07
2.06784e-06
1.67575e-06
6.31548e-06
2.63278e-06
8.8298e-06
3.56892e-06
9.86966e-06
4.4469e-06
9.89339e-06
5.18718e-06
9.15207e-06
5.73213e-06
7.90218e-06
6.07125e-06
6.39735e-06
6.2217e-06
4.82822e-06
6.20445e-06
3.2962e-06
6.02518e-06
1.8385e-06
5.67803e-06
4.51675e-07
5.14408e-06
-9.20158e-07
4.42909e-06
-2.28314e-06
3.52998e-06
-3.62836e-06
2.47862e-06
-5.01463e-06
1.21965e-06
-6.70405e-06
-2.59707e-07
-1.04723e-05
-9.91488e-07
-1.88689e-05
-2.29509e-05
4.7114e-07
1.5967e-06
1.4785e-06
5.30811e-06
2.68312e-06
7.62519e-06
3.94382e-06
8.60895e-06
5.1681e-06
8.66912e-06
6.24739e-06
8.07278e-06
7.09843e-06
7.05113e-06
7.69182e-06
5.80396e-06
8.03191e-06
4.48814e-06
8.13491e-06
3.19319e-06
8.00985e-06
1.96357e-06
7.65957e-06
8.01949e-07
7.04419e-06
-3.04777e-07
6.1871e-06
-1.42605e-06
5.08063e-06
-2.52188e-06
3.7755e-06
-3.7095e-06
2.32079e-06
-5.24935e-06
7.56601e-07
-8.90811e-06
-2.40976e-07
-1.78713e-05
-2.31918e-05
8.8308e-08
1.50839e-06
7.99736e-07
4.59669e-06
2.10863e-06
6.31629e-06
3.68777e-06
7.02981e-06
5.3134e-06
7.04349e-06
6.79953e-06
6.58665e-06
8.02818e-06
5.82248e-06
8.95316e-06
4.87898e-06
9.55828e-06
3.88301e-06
9.85268e-06
2.8988e-06
9.83964e-06
1.97661e-06
9.52919e-06
1.1124e-06
8.90072e-06
3.23689e-07
7.94834e-06
-4.73674e-07
6.69506e-06
-1.26861e-06
5.19123e-06
-2.20567e-06
3.59265e-06
-3.65077e-06
2.04141e-06
-7.35686e-06
5.74135e-07
-1.6404e-05
-2.26177e-05
-4.79646e-07
1.98803e-06
8.72391e-08
4.0298e-06
1.41641e-06
4.98712e-06
3.26062e-06
5.1856e-06
5.24508e-06
5.05903e-06
7.09463e-06
4.7371e-06
8.66082e-06
4.2563e-06
9.88814e-06
3.65166e-06
1.07452e-05
3.02596e-06
1.12443e-05
2.39969e-06
1.13876e-05
1.83334e-06
1.11984e-05
1.30155e-06
1.0688e-05
8.34086e-07
9.8588e-06
3.55553e-07
8.72572e-06
-1.35527e-07
7.34105e-06
-8.20991e-07
5.89966e-06
-2.20939e-06
4.25063e-06
-5.70782e-06
1.96854e-06
-1.41219e-05
-2.06491e-05
-4.14136e-06
6.12939e-06
-3.65546e-06
3.54391e-06
-1.42298e-06
2.75464e-06
1.17228e-06
2.59034e-06
3.72323e-06
2.50808e-06
6.10906e-06
2.35128e-06
8.22459e-06
2.14076e-06
1.00051e-05
1.87114e-06
1.14229e-05
1.6082e-06
1.2496e-05
1.32656e-06
1.32366e-05
1.09274e-06
1.36867e-05
8.51461e-07
1.38421e-05
6.78705e-07
1.37257e-05
4.71909e-07
1.33054e-05
2.84801e-07
1.25975e-05
-1.13098e-07
1.16279e-05
-1.23977e-06
9.97759e-06
-4.05755e-06
5.58168e-06
-9.72603e-06
-1.50675e-05
6.12939e-06
9.6733e-06
1.24279e-05
1.50183e-05
1.75264e-05
1.98776e-05
2.20184e-05
2.38895e-05
2.54977e-05
2.68243e-05
2.7917e-05
2.87685e-05
2.94472e-05
2.99191e-05
3.02039e-05
3.00908e-05
2.88511e-05
2.47935e-05
1.50675e-05
)
;

boundaryField
{
    movingWall
    {
        type            calculated;
        value           uniform 0;
    }
    fixedWalls
    {
        type            calculated;
        value           uniform 0;
    }
    frontAndBack
    {
        type            empty;
        value           nonuniform List<scalar> 0();
    }
}


// ************************************************************************* //
