/*--------------------------------*- C++ -*----------------------------------*\
| =========                 |                                                 |
| \\      /  F ield         | OpenFOAM: The Open Source CFD Toolbox           |
|  \\    /   O peration     | Version:  2212                                  |
|   \\  /    A nd           | Website:  www.openfoam.com                      |
|    \\/     M anipulation  |                                                 |
\*---------------------------------------------------------------------------*/
FoamFile
{
    version     2.0;
    format      ascii;
    arch        "LSB;label=32;scalar=64";
    class       surfaceScalarField;
    location    "1.155";
    object      phi;
}
// * * * * * * * * * * * * * * * * * * * * * * * * * * * * * * * * * * * * * //

dimensions      [0 3 -1 0 0 0 0];

oriented        oriented;

internalField   nonuniform List<scalar> 
760
(
-2.27927e-09
2.27957e-09
-6.31522e-08
6.08728e-08
-1.59029e-07
9.58763e-08
-2.8222e-07
1.23191e-07
-4.46556e-07
1.64336e-07
-6.71609e-07
2.25053e-07
-9.70517e-07
2.98908e-07
-1.33674e-06
3.66223e-07
-1.73014e-06
3.93399e-07
-2.07331e-06
3.43175e-07
-2.26984e-06
1.96524e-07
-2.23975e-06
-3.00895e-08
-1.91276e-06
-3.26986e-07
-1.33639e-06
-5.76377e-07
-6.35829e-07
-7.00557e-07
3.68801e-11
-6.35866e-07
3.97807e-07
-3.97771e-07
4.28671e-07
-3.08629e-08
2.05294e-07
2.23377e-07
2.05294e-07
-1.10444e-07
1.12724e-07
-3.5985e-07
3.10278e-07
-6.83853e-07
4.19879e-07
-1.07509e-06
5.14423e-07
-1.55337e-06
6.42621e-07
-2.13627e-06
8.07949e-07
-2.81621e-06
9.78849e-07
-3.54337e-06
1.09338e-06
-4.22149e-06
1.07152e-06
-4.72498e-06
8.4667e-07
-4.93866e-06
4.10198e-07
-4.7827e-06
-1.86046e-07
-4.21564e-06
-8.94052e-07
-3.2746e-06
-1.51741e-06
-2.08361e-06
-1.89155e-06
-8.66403e-07
-1.85307e-06
4.88187e-08
-1.31299e-06
4.28771e-07
-4.10815e-07
2.73976e-07
3.78171e-07
4.7927e-07
-2.34236e-07
3.4696e-07
-6.69743e-07
7.45785e-07
-1.20393e-06
9.54067e-07
-1.82619e-06
1.13669e-06
-2.55428e-06
1.3707e-06
-3.39679e-06
1.65046e-06
-4.33292e-06
1.91499e-06
-5.30055e-06
2.06101e-06
-6.19365e-06
1.96461e-06
-6.87555e-06
1.52857e-06
-7.21549e-06
7.50137e-07
-7.13586e-06
-2.65676e-07
-6.59867e-06
-1.43124e-06
-5.6022e-06
-2.51388e-06
-4.1979e-06
-3.29585e-06
-2.53895e-06
-3.51202e-06
-9.58095e-07
-2.89385e-06
4.69729e-08
-1.41588e-06
2.21075e-07
2.0407e-07
7.00345e-07
-3.38038e-07
6.84997e-07
-9.26686e-07
1.33443e-06
-1.6276e-06
1.65498e-06
-2.42777e-06
1.93686e-06
-3.34847e-06
2.2914e-06
-4.40477e-06
2.70676e-06
-5.58306e-06
3.09328e-06
-6.8155e-06
3.29345e-06
-7.96768e-06
3.11679e-06
-8.87343e-06
2.43433e-06
-9.3955e-06
1.2722e-06
-9.45162e-06
-2.09553e-07
-9.06666e-06
-1.8162e-06
-8.19645e-06
-3.38409e-06
-6.79461e-06
-4.6977e-06
-4.87369e-06
-5.43294e-06
-2.63932e-06
-5.12822e-06
-6.78483e-07
-3.37672e-06
1.46365e-07
-6.20778e-07
8.4671e-07
-4.07954e-07
1.09295e-06
-1.10147e-06
2.02795e-06
-1.91861e-06
2.47212e-06
-2.84819e-06
2.86644e-06
-3.92192e-06
3.36513e-06
-5.16528e-06
3.95012e-06
-6.55753e-06
4.48553e-06
-7.98937e-06
4.72529e-06
-9.27289e-06
4.40031e-06
-1.02402e-05
3.40161e-06
-1.08265e-05
1.85854e-06
-1.09344e-05
-1.01675e-07
-1.07405e-05
-2.01007e-06
-1.01486e-05
-3.97598e-06
-9.05029e-06
-5.79604e-06
-7.30031e-06
-7.18292e-06
-4.81348e-06
-7.61505e-06
-1.95861e-06
-6.23158e-06
-7.2125e-08
-2.50726e-06
7.74585e-07
-4.35467e-07
1.52842e-06
-1.17834e-06
2.77082e-06
-2.05672e-06
3.3505e-06
-3.06048e-06
3.87021e-06
-4.2246e-06
4.52924e-06
-5.56315e-06
5.28867e-06
-7.01345e-06
5.93583e-06
-8.41182e-06
6.12366e-06
-9.56298e-06
5.55147e-06
-1.03593e-05
4.19795e-06
-1.08132e-05
2.31241e-06
-1.09807e-05
6.58288e-08
-1.09219e-05
-2.06889e-06
-1.06475e-05
-4.25035e-06
-1.00516e-05
-6.39189e-06
-8.89027e-06
-8.3443e-06
-6.83378e-06
-9.67153e-06
-3.75912e-06
-9.30624e-06
-6.57519e-07
-5.60887e-06
1.17067e-07
-4.15598e-07
1.94402e-06
-1.14606e-06
3.50128e-06
-2.01936e-06
4.2238e-06
-3.01562e-06
4.86647e-06
-4.15421e-06
5.66783e-06
-5.4185e-06
6.55297e-06
-6.7072e-06
7.22452e-06
-7.8496e-06
7.26606e-06
-8.70175e-06
6.40361e-06
-9.22651e-06
4.72271e-06
-9.48041e-06
2.56631e-06
-9.62335e-06
2.08762e-07
-9.62048e-06
-2.07176e-06
-9.56722e-06
-4.3036e-06
-9.44768e-06
-6.51143e-06
-9.04375e-06
-8.74823e-06
-7.88871e-06
-1.08266e-05
-5.42544e-06
-1.17695e-05
-1.69505e-06
-9.33926e-06
-1.57798e-06
-3.48243e-07
2.29226e-06
-1.00147e-06
4.15451e-06
-1.795e-06
5.01733e-06
-2.68723e-06
5.7587e-06
-3.67129e-06
6.65189e-06
-4.70833e-06
7.59001e-06
-5.6975e-06
8.21369e-06
-6.51212e-06
8.08068e-06
-7.07634e-06
6.96782e-06
-7.39707e-06
5.04345e-06
-7.53617e-06
2.7054e-06
-7.597e-06
2.69593e-07
-7.59257e-06
-2.07619e-06
-7.61261e-06
-4.28355e-06
-7.73491e-06
-6.38914e-06
-7.88337e-06
-8.59977e-06
-7.61632e-06
-1.10936e-05
-6.13267e-06
-1.32532e-05
-2.83891e-06
-1.2633e-05
-4.41689e-06
-2.41506e-07
2.53377e-06
-7.58652e-07
4.67165e-06
-1.40445e-06
5.66313e-06
-2.11106e-06
6.46531e-06
-2.84686e-06
7.38769e-06
-3.57214e-06
8.31529e-06
-4.22264e-06
8.8642e-06
-4.73842e-06
8.59646e-06
-5.10334e-06
7.33274e-06
-5.33898e-06
5.27909e-06
-5.47821e-06
2.84463e-06
-5.55088e-06
3.42263e-07
-5.57463e-06
-2.05244e-06
-5.60724e-06
-4.25094e-06
-5.76688e-06
-6.2295e-06
-6.13124e-06
-8.23541e-06
-6.42843e-06
-1.07964e-05
-5.84098e-06
-1.38406e-05
-3.52569e-06
-1.49483e-05
-7.94258e-06
-1.13057e-07
2.64682e-06
-4.50536e-07
5.00913e-06
-9.013e-07
6.1139e-06
-1.3722e-06
6.93621e-06
-1.81207e-06
7.82755e-06
-2.19518e-06
8.6984e-06
-2.511e-06
9.18002e-06
-2.76559e-06
8.85105e-06
-2.984e-06
7.55115e-06
-3.18407e-06
5.47916e-06
-3.36595e-06
3.02651e-06
-3.51594e-06
4.92257e-07
-3.62079e-06
-1.9476e-06
-3.70891e-06
-4.16282e-06
-3.88648e-06
-6.05193e-06
-4.31935e-06
-7.80253e-06
-4.94006e-06
-1.01757e-05
-5.0107e-06
-1.377e-05
-3.40715e-06
-1.65519e-05
-1.13497e-05
2.21669e-08
2.62466e-06
-1.21487e-07
5.15278e-06
-3.56813e-07
6.34923e-06
-5.74868e-07
7.15427e-06
-7.10364e-07
7.96305e-06
-7.54689e-07
8.74273e-06
-7.48994e-07
9.17433e-06
-7.56996e-07
8.85905e-06
-8.15091e-07
7.60925e-06
-9.4272e-07
5.60679e-06
-1.13179e-06
3.21557e-06
-1.35563e-06
7.16099e-07
-1.58018e-06
-1.72305e-06
-1.80947e-06
-3.93353e-06
-2.09528e-06
-5.76612e-06
-2.6045e-06
-7.29331e-06
-3.42998e-06
-9.35025e-06
-3.97668e-06
-1.32233e-05
-2.96249e-06
-1.7566e-05
-1.43122e-05
1.27331e-07
2.49733e-06
1.6967e-07
5.11044e-06
1.49774e-07
6.36912e-06
1.75296e-07
7.12875e-06
3.19605e-07
7.81874e-06
5.92043e-07
8.47029e-06
9.31297e-07
8.83507e-06
1.22457e-06
8.56577e-06
1.37748e-06
7.45634e-06
1.35866e-06
5.62561e-06
1.19431e-06
3.37992e-06
9.1446e-07
9.95952e-07
5.62961e-07
-1.37155e-06
1.55003e-07
-3.52557e-06
-3.67261e-07
-5.24386e-06
-1.06415e-06
-6.59643e-06
-2.0683e-06
-8.3461e-06
-2.96559e-06
-1.2326e-05
-2.47812e-06
-1.80535e-05
-1.67903e-05
1.93476e-07
2.30385e-06
3.82175e-07
4.92175e-06
5.41198e-07
6.2101e-06
7.67037e-07
6.90291e-06
1.14599e-06
7.43979e-06
1.69458e-06
7.9217e-06
2.33892e-06
8.19073e-06
2.93363e-06
7.97106e-06
3.33733e-06
7.05264e-06
3.48835e-06
5.4746e-06
3.39877e-06
3.4695e-06
3.09785e-06
1.29687e-06
2.60414e-06
-8.77829e-07
1.96679e-06
-2.88822e-06
1.2115e-06
-4.48856e-06
2.88479e-07
-5.67341e-06
-8.85862e-07
-7.17176e-06
-2.05743e-06
-1.11544e-05
-2.00724e-06
-1.81037e-05
-1.87976e-05
2.07097e-07
2.09675e-06
4.85977e-07
4.64287e-06
7.86311e-07
5.90976e-06
1.17603e-06
6.51319e-06
1.72918e-06
6.88664e-06
2.46788e-06
7.18299e-06
3.32922e-06
7.32939e-06
4.16809e-06
7.1322e-06
4.81627e-06
6.40446e-06
5.16839e-06
5.12248e-06
5.20257e-06
3.43531e-06
4.9406e-06
1.55884e-06
4.36844e-06
-3.05669e-07
3.56448e-06
-2.08426e-06
2.57961e-06
-3.50369e-06
1.46235e-06
-4.55616e-06
1.10791e-07
-5.82019e-06
-1.264e-06
-9.77962e-06
-1.57945e-06
-1.77883e-05
-2.0377e-05
1.57575e-07
1.93918e-06
4.4635e-07
4.35409e-06
8.29443e-07
5.52667e-06
1.3428e-06
5.99983e-06
2.02353e-06
6.20592e-06
2.88268e-06
6.32385e-06
3.87121e-06
6.34086e-06
4.86639e-06
6.13702e-06
5.70069e-06
5.57015e-06
6.23685e-06
4.58632e-06
6.40738e-06
3.26477e-06
6.20661e-06
1.75962e-06
5.65976e-06
2.41179e-07
4.76612e-06
-1.19062e-06
3.63468e-06
-2.37225e-06
2.36011e-06
-3.28159e-06
9.2396e-07
-4.38404e-06
-5.41567e-07
-8.3141e-06
-1.16415e-06
-1.71657e-05
-2.15412e-05
4.82656e-08
1.89091e-06
2.808e-07
4.12156e-06
7.05289e-07
5.10218e-06
1.30624e-06
5.39888e-06
2.07226e-06
5.43989e-06
2.99612e-06
5.39999e-06
4.03517e-06
5.30181e-06
5.09375e-06
5.07843e-06
6.02812e-06
4.63579e-06
6.69578e-06
3.91866e-06
6.99791e-06
2.96264e-06
6.89838e-06
1.85915e-06
6.40173e-06
7.37833e-07
5.52236e-06
-3.11251e-07
4.35075e-06
-1.20064e-06
3.02603e-06
-1.95687e-06
1.61951e-06
-2.97752e-06
9.27841e-08
-6.78737e-06
-6.21233e-07
-1.64516e-05
-2.21624e-05
-2.09996e-07
2.10091e-06
-2.04689e-07
4.11625e-06
2.42786e-07
4.65471e-06
9.70031e-07
4.67163e-06
1.8662e-06
4.54372e-06
2.87505e-06
4.39114e-06
3.95301e-06
4.22385e-06
5.03268e-06
3.99876e-06
6.00251e-06
3.66596e-06
6.74183e-06
3.17934e-06
7.14208e-06
2.56239e-06
7.15046e-06
1.85077e-06
6.74385e-06
1.14445e-06
5.95803e-06
4.74563e-07
4.86718e-06
-1.09792e-07
3.63907e-06
-7.2876e-07
2.44289e-06
-1.78135e-06
1.28353e-06
-5.62801e-06
2.27769e-07
-1.53959e-05
-2.19346e-05
-3.64824e-07
2.46573e-06
-4.66828e-07
4.21825e-06
-9.44519e-08
4.28233e-06
6.25101e-07
3.95208e-06
1.54622e-06
3.62261e-06
2.57226e-06
3.3651e-06
3.6443e-06
3.15181e-06
4.71168e-06
2.93138e-06
5.68262e-06
2.69502e-06
6.47092e-06
2.39104e-06
6.97962e-06
2.05369e-06
7.16771e-06
1.66268e-06
7.0106e-06
1.30156e-06
6.54286e-06
9.42302e-07
5.80637e-06
6.26706e-07
5.02186e-06
5.57494e-08
4.29183e-06
-1.05132e-06
3.34677e-06
-4.68295e-06
1.59936e-06
-1.36485e-05
-2.03353e-05
-3.95128e-06
6.41701e-06
-3.62115e-06
3.88812e-06
-2.07159e-06
2.73277e-06
-4.36482e-07
2.31697e-06
1.12544e-06
2.06068e-06
2.64449e-06
1.84606e-06
4.11995e-06
1.67635e-06
5.53727e-06
1.51406e-06
6.84829e-06
1.384e-06
8.01287e-06
1.22647e-06
8.97257e-06
1.09399e-06
9.70704e-06
9.28217e-07
1.0188e-05
8.20582e-07
1.0454e-05
6.76284e-07
1.0531e-05
5.49708e-07
1.03692e-05
2.1756e-07
1.00801e-05
-7.6218e-07
9.19263e-06
-3.79551e-06
5.26738e-06
-9.72322e-06
-1.50679e-05
6.41701e-06
1.03051e-05
1.30379e-05
1.53549e-05
1.74156e-05
1.92616e-05
2.0938e-05
2.2452e-05
2.3836e-05
2.50625e-05
2.61565e-05
2.70847e-05
2.79053e-05
2.85816e-05
2.91313e-05
2.93488e-05
2.85866e-05
2.47911e-05
1.50679e-05
)
;

boundaryField
{
    movingWall
    {
        type            calculated;
        value           uniform 0;
    }
    fixedWalls
    {
        type            calculated;
        value           uniform 0;
    }
    frontAndBack
    {
        type            empty;
        value           nonuniform List<scalar> 0();
    }
}


// ************************************************************************* //
