/*--------------------------------*- C++ -*----------------------------------*\
| =========                 |                                                 |
| \\      /  F ield         | OpenFOAM: The Open Source CFD Toolbox           |
|  \\    /   O peration     | Version:  2212                                  |
|   \\  /    A nd           | Website:  www.openfoam.com                      |
|    \\/     M anipulation  |                                                 |
\*---------------------------------------------------------------------------*/
FoamFile
{
    version     2.0;
    format      ascii;
    arch        "LSB;label=32;scalar=64";
    class       volVectorField;
    location    "1.15";
    object      U;
}
// * * * * * * * * * * * * * * * * * * * * * * * * * * * * * * * * * * * * * //

dimensions      [0 1 -1 0 0 0 0];

internalField   nonuniform List<vector> 
400
(
(0.000185781 -0.000351064 0)
(-0.000379926 5.82939e-05 0)
(-0.0021341 0.000299528 0)
(-0.00434786 0.000456602 0)
(-0.00717518 0.000734341 0)
(-0.0110103 0.00121817 0)
(-0.016226 0.00191164 0)
(-0.0229405 0.00271476 0)
(-0.0307178 0.00336172 0)
(-0.0383426 0.00344107 0)
(-0.0439686 0.00258692 0)
(-0.0456674 0.000752307 0)
(-0.0419939 -0.00164053 0)
(-0.0327393 -0.00396375 0)
(-0.0197544 -0.00522187 0)
(-0.00559255 -0.00464679 0)
(0.00536948 -0.00256702 0)
(0.00949842 0.000608196 0)
(0.00685233 0.00248172 0)
(0.00204297 0.00197359 0)
(-0.000723417 0.000570897 0)
(-0.00411885 0.00280874 0)
(-0.0101225 0.00408366 0)
(-0.0173044 0.00513229 0)
(-0.0258932 0.00665355 0)
(-0.0364323 0.00880887 0)
(-0.0491411 0.0113181 0)
(-0.0635145 0.013436 0)
(-0.0780208 0.0140019 0)
(-0.090249 0.0118487 0)
(-0.0975867 0.00648395 0)
(-0.0979999 -0.00143934 0)
(-0.0905801 -0.0103471 0)
(-0.075242 -0.018304 0)
(-0.0538955 -0.0227249 0)
(-0.0293386 -0.0213532 0)
(-0.00641288 -0.0137744 0)
(0.00779942 -0.00211274 0)
(0.00876877 0.00676027 0)
(0.00304579 0.0068328 0)
(-0.00179478 0.00426511 0)
(-0.00816912 0.00999713 0)
(-0.0182139 0.0130854 0)
(-0.0297971 0.0157683 0)
(-0.0431613 0.0192896 0)
(-0.058799 0.0236507 0)
(-0.0767101 0.0279564 0)
(-0.0961358 0.030619 0)
(-0.115322 0.0296964 0)
(-0.13159 0.023548 0)
(-0.141956 0.0117301 0)
(-0.144295 -0.00428173 0)
(-0.137973 -0.0217488 0)
(-0.122537 -0.0377713 0)
(-0.0988041 -0.0482746 0)
(-0.0681747 -0.049025 0)
(-0.0343101 -0.0368148 0)
(-0.00514528 -0.0137024 0)
(0.00654642 0.00767151 0)
(0.00317507 0.0121373 0)
(-0.00267901 0.0101165 0)
(-0.0115303 0.0204417 0)
(-0.0248385 0.0256547 0)
(-0.0398165 0.0301894 0)
(-0.0567822 0.0358949 0)
(-0.0763709 0.0426134 0)
(-0.098805 0.0489625 0)
(-0.123503 0.0525789 0)
(-0.1484 0.0504168 0)
(-0.169892 0.039833 0)
(-0.184194 0.0205579 0)
(-0.189472 -0.00452747 0)
(-0.186006 -0.0317059 0)
(-0.173356 -0.0577671 0)
(-0.15095 -0.0776179 0)
(-0.118277 -0.0853888 0)
(-0.0762362 -0.0741719 0)
(-0.0302856 -0.0407926 0)
(0.00156792 9.31156e-05 0)
(0.00381506 0.01621 0)
(-0.0032388 0.0176549 0)
(-0.0137731 0.0333593 0)
(-0.0293181 0.0408969 0)
(-0.046639 0.0474807 0)
(-0.066245 0.0557413 0)
(-0.0890914 0.0654722 0)
(-0.115696 0.0746426 0)
(-0.145197 0.0793492 0)
(-0.174244 0.0746931 0)
(-0.197898 0.057761 0)
(-0.212742 0.0301867 0)
(-0.218777 -0.00384973 0)
(-0.217797 -0.041078 0)
(-0.209655 -0.0774252 0)
(-0.192938 -0.10857 0)
(-0.165149 -0.127986 0)
(-0.123627 -0.125709 0)
(-0.0682507 -0.0900105 0)
(-0.00997188 -0.0227999 0)
(0.00555395 0.0175495 0)
(-0.00338728 0.0261322 0)
(-0.0146559 0.0477615 0)
(-0.0312951 0.0578522 0)
(-0.0498352 0.0667752 0)
(-0.0709306 0.0780737 0)
(-0.0956782 0.0913029 0)
(-0.124399 0.103108 0)
(-0.155121 0.107441 0)
(-0.18291 0.0982853 0)
(-0.202899 0.0742668 0)
(-0.214284 0.0395482 0)
(-0.219314 -0.00124799 0)
(-0.219822 -0.0454236 0)
(-0.21611 -0.0890528 0)
(-0.207703 -0.13022 0)
(-0.190723 -0.163708 0)
(-0.159532 -0.17866 0)
(-0.108382 -0.155401 0)
(-0.0377023 -0.0741948 0)
(0.00498544 0.0115006 0)
(-0.00307982 0.0346778 0)
(-0.0140367 0.0625253 0)
(-0.0304925 0.0753784 0)
(-0.0488385 0.0867935 0)
(-0.0695926 0.101172 0)
(-0.0935934 0.117464 0)
(-0.120641 0.130606 0)
(-0.147854 0.132857 0)
(-0.169882 0.118362 0)
(-0.183265 0.0878659 0)
(-0.18957 0.0475377 0)
(-0.192187 0.00279599 0)
(-0.192632 -0.0434018 0)
(-0.191669 -0.0892706 0)
(-0.190465 -0.13504 0)
(-0.185802 -0.179436 0)
(-0.170427 -0.214512 0)
(-0.135238 -0.217751 0)
(-0.0752101 -0.150678 0)
(-0.00263547 -0.00809661 0)
(-0.00233046 0.0423658 0)
(-0.0119088 0.0764263 0)
(-0.0268251 0.0921137 0)
(-0.0433683 0.105786 0)
(-0.0616379 0.122586 0)
(-0.0820723 0.14075 0)
(-0.104258 0.153742 0)
(-0.125304 0.152931 0)
(-0.140611 0.13327 0)
(-0.148391 0.0973246 0)
(-0.151218 0.0526673 0)
(-0.151896 0.0054687 0)
(-0.151456 -0.0408194 0)
(-0.151184 -0.0855513 0)
(-0.153181 -0.129973 0)
(-0.156783 -0.177158 0)
(-0.155589 -0.226191 0)
(-0.138808 -0.258452 0)
(-0.0989173 -0.223297 0)
(-0.0207806 -0.0496936 0)
(-0.00124044 0.0483241 0)
(-0.00850094 0.0882309 0)
(-0.0206493 0.106627 0)
(-0.0339734 0.121935 0)
(-0.0480337 0.140027 0)
(-0.062968 0.15873 0)
(-0.0786315 0.170635 0)
(-0.0929215 0.166855 0)
(-0.102646 0.143204 0)
(-0.10732 0.103394 0)
(-0.109339 0.0556118 0)
(-0.110321 0.00631174 0)
(-0.11046 -0.0410269 0)
(-0.110493 -0.0849278 0)
(-0.112729 -0.125869 0)
(-0.119288 -0.169275 0)
(-0.12676 -0.22268 0)
(-0.123638 -0.277696 0)
(-0.100642 -0.281361 0)
(-0.0332263 -0.121508 0)
(-6.17092e-06 0.0519366 0)
(-0.00430044 0.0969291 0)
(-0.0127985 0.11777 0)
(-0.0219731 0.133933 0)
(-0.0308453 0.152099 0)
(-0.0393251 0.17027 0)
(-0.0478284 0.180918 0)
(-0.0554843 0.175329 0)
(-0.0606659 0.149811 0)
(-0.0636722 0.108258 0)
(-0.0661256 0.0588407 0)
(-0.0685117 0.0080402 0)
(-0.0703662 -0.0406333 0)
(-0.0716957 -0.0847048 0)
(-0.0742774 -0.123014 0)
(-0.0816332 -0.16053 0)
(-0.0942423 -0.211271 0)
(-0.10066 -0.280619 0)
(-0.0918815 -0.322317 0)
(-0.0307857 -0.199389 0)
(0.00109296 0.0528641 0)
(-7.94195e-06 0.10183 0)
(-0.0043937 0.124758 0)
(-0.00906837 0.140979 0)
(-0.0125227 0.158081 0)
(-0.0144024 0.17491 0)
(-0.0156443 0.184551 0)
(-0.0166029 0.17859 0)
(-0.0172181 0.153303 0)
(-0.0183894 0.11231 0)
(-0.020849 0.0632813 0)
(-0.0242862 0.0123239 0)
(-0.0281498 -0.0369687 0)
(-0.0321711 -0.0814412 0)
(-0.0370407 -0.118407 0)
(-0.0456257 -0.150728 0)
(-0.0619926 -0.195364 0)
(-0.075289 -0.272059 0)
(-0.0796019 -0.346136 0)
(-0.0233676 -0.262244 0)
(0.00188268 0.0513518 0)
(0.00370831 0.102912 0)
(0.00334449 0.127481 0)
(0.00299907 0.143133 0)
(0.004598 0.158244 0)
(0.00887834 0.172966 0)
(0.0145886 0.181674 0)
(0.0202327 0.176636 0)
(0.0247282 0.153562 0)
(0.0266968 0.115191 0)
(0.0256149 0.0682765 0)
(0.0220164 0.018539 0)
(0.0162741 -0.0301737 0)
(0.00870933 -0.0741186 0)
(-0.000654516 -0.109804 0)
(-0.0124896 -0.138437 0)
(-0.0329494 -0.176554 0)
(-0.0513275 -0.256176 0)
(-0.0679696 -0.358521 0)
(-0.0156773 -0.31465 0)
(0.00218447 0.0480479 0)
(0.00619091 0.100499 0)
(0.00927442 0.125957 0)
(0.0127254 0.140465 0)
(0.0185902 0.152863 0)
(0.0279003 0.164639 0)
(0.0395714 0.171858 0)
(0.0513804 0.168136 0)
(0.061286 0.148794 0)
(0.0674305 0.115006 0)
(0.0689424 0.0721068 0)
(0.0661928 0.0254614 0)
(0.059165 -0.0209099 0)
(0.048629 -0.0628227 0)
(0.0342693 -0.0964687 0)
(0.0175274 -0.121833 0)
(-0.00778338 -0.15404 0)
(-0.0290377 -0.233819 0)
(-0.0576134 -0.36034 0)
(-0.00774428 -0.356703 0)
(0.00191675 0.043926 0)
(0.0069996 0.0957235 0)
(0.0126315 0.121517 0)
(0.0191247 0.134594 0)
(0.0282621 0.143775 0)
(0.0411093 0.151804 0)
(0.0570067 0.156575 0)
(0.0737136 0.153435 0)
(0.0885413 0.138045 0)
(0.0990884 0.11006 0)
(0.103815 0.0730365 0)
(0.102812 0.0316882 0)
(0.0954107 -0.0101676 0)
(0.0827021 -0.0478527 0)
(0.0643525 -0.078486 0)
(0.0429879 -0.101152 0)
(0.0126885 -0.1285 0)
(-0.00842175 -0.207716 0)
(-0.0487351 -0.356975 0)
(0.000478712 -0.393106 0)
(0.00103392 0.040112 0)
(0.00573324 0.0896511 0)
(0.0124997 0.11386 0)
(0.0211083 0.124737 0)
(0.0327326 0.130707 0)
(0.0479789 0.135037 0)
(0.0663764 0.137023 0)
(0.0861128 0.133682 0)
(0.104465 0.121646 0)
(0.118667 0.0997732 0)
(0.126565 0.07 0)
(0.127483 0.0358867 0)
(0.120868 0.000910513 0)
(0.107665 -0.0309327 0)
(0.0869502 -0.0572945 0)
(0.062596 -0.0772528 0)
(0.0287203 -0.100739 0)
(0.0113719 -0.17924 0)
(-0.040653 -0.351538 0)
(0.0102004 -0.426336 0)
(-0.0005502 0.0375767 0)
(0.00255267 0.0846128 0)
(0.00945057 0.107133 0)
(0.0194034 0.115103 0)
(0.0327714 0.117405 0)
(0.0495079 0.117922 0)
(0.0690488 0.116926 0)
(0.089992 0.112692 0)
(0.110037 0.102934 0)
(0.126508 0.0863984 0)
(0.136945 0.0639842 0)
(0.140073 0.037977 0)
(0.134991 0.0113311 0)
(0.122442 -0.0135839 0)
(0.101323 -0.0345436 0)
(0.0763787 -0.0515863 0)
(0.0414746 -0.0730577 0)
(0.0298249 -0.15269 0)
(-0.0323096 -0.34838 0)
(0.0235624 -0.456342 0)
(-0.00330448 0.041594 0)
(-0.00592377 0.0807895 0)
(-0.000900718 0.0946592 0)
(0.0111481 0.098741 0)
(0.0274041 0.0986278 0)
(0.0463388 0.0969848 0)
(0.0671027 0.0943576 0)
(0.0886405 0.0899007 0)
(0.109215 0.0823152 0)
(0.126676 0.070631 0)
(0.138642 0.0553065 0)
(0.143752 0.0375174 0)
(0.140417 0.0194772 0)
(0.12987 0.00235433 0)
(0.110039 -0.0121908 0)
(0.0876064 -0.026445 0)
(0.0548535 -0.0482268 0)
(0.0481029 -0.129674 0)
(-0.0176032 -0.341632 0)
(0.0455988 -0.472902 0)
(-0.00483576 0.0335618 0)
(-0.00830787 0.0864999 0)
(-0.00741527 0.0962927 0)
(0.00364027 0.0916985 0)
(0.0205055 0.0856581 0)
(0.0400583 0.0805119 0)
(0.0610611 0.0759421 0)
(0.0823726 0.0709553 0)
(0.102781 0.0649213 0)
(0.120665 0.0569067 0)
(0.133845 0.0474448 0)
(0.141951 0.036661 0)
(0.142046 0.0263151 0)
(0.137902 0.0163296 0)
(0.123018 0.00762629 0)
(0.110699 -0.00473125 0)
(0.0819414 -0.0302286 0)
(0.0779266 -0.11646 0)
(0.0218869 -0.316716 0)
(0.0864225 -0.448636 0)
(-0.0991957 0.0933303 0)
(-0.0735814 0.0754778 0)
(-0.0567788 0.0618401 0)
(-0.0249282 0.0562044 0)
(0.00621419 0.0517419 0)
(0.0372736 0.0478207 0)
(0.0668239 0.0444405 0)
(0.0962347 0.0410158 0)
(0.12234 0.0378021 0)
(0.148534 0.0338247 0)
(0.167848 0.029851 0)
(0.188112 0.0252681 0)
(0.196581 0.0214799 0)
(0.209469 0.0176987 0)
(0.20358 0.0140023 0)
(0.210356 0.0055457 0)
(0.182713 -0.0186719 0)
(0.188155 -0.0846418 0)
(0.138705 -0.227724 0)
(0.168037 -0.340081 0)
(0.134206 0.107673 0)
(0.167885 0.0840153 0)
(0.226527 0.0623673 0)
(0.28275 0.0487863 0)
(0.327738 0.0403414 0)
(0.368681 0.034137 0)
(0.401279 0.0297156 0)
(0.435541 0.025788 0)
(0.460618 0.0230829 0)
(0.491048 0.0201351 0)
(0.508681 0.01835 0)
(0.535742 0.0157515 0)
(0.544455 0.014748 0)
(0.568048 0.0123668 0)
(0.564671 0.0120977 0)
(0.581353 0.00817295 0)
(0.552584 0.00369615 0)
(0.541664 -0.015312 0)
(0.438174 -0.0482643 0)
(0.339179 -0.10006 0)
)
;

boundaryField
{
    movingWall
    {
        type            fixedValue;
        value           uniform (1 0 0);
    }
    fixedWalls
    {
        type            noSlip;
    }
    frontAndBack
    {
        type            empty;
    }
}


// ************************************************************************* //
