/*--------------------------------*- C++ -*----------------------------------*\
| =========                 |                                                 |
| \\      /  F ield         | OpenFOAM: The Open Source CFD Toolbox           |
|  \\    /   O peration     | Version:  2212                                  |
|   \\  /    A nd           | Website:  www.openfoam.com                      |
|    \\/     M anipulation  |                                                 |
\*---------------------------------------------------------------------------*/
FoamFile
{
    version     2.0;
    format      ascii;
    arch        "LSB;label=32;scalar=64";
    class       volVectorField;
    location    "4.94";
    object      U;
}
// * * * * * * * * * * * * * * * * * * * * * * * * * * * * * * * * * * * * * //

dimensions      [0 1 -1 0 0 0 0];

internalField   nonuniform List<vector> 
400
(
(0.00167265 -0.00167608 0)
(0.00480911 -0.00188246 0)
(0.00654485 -0.00119515 0)
(0.00562349 -0.00057137 0)
(0.00152586 0.000187364 0)
(-0.00685433 0.00173865 0)
(-0.02059 0.00477096 0)
(-0.0394597 0.008702 0)
(-0.0606665 0.0112546 0)
(-0.0789603 0.0104907 0)
(-0.0896442 0.00677457 0)
(-0.0903371 0.00168599 0)
(-0.0801708 -0.00358696 0)
(-0.060018 -0.0082418 0)
(-0.0336194 -0.0108194 0)
(-0.00544105 -0.00978273 0)
(0.0165641 -0.00479251 0)
(0.0243475 0.00274793 0)
(0.0161249 0.00644499 0)
(0.00430775 0.00470355 0)
(0.00170357 -0.00503098 0)
(0.00311567 -0.00399539 0)
(-0.000478784 0.000603725 0)
(-0.0113739 0.0064356 0)
(-0.0314119 0.0140154 0)
(-0.0610354 0.0236973 0)
(-0.0966174 0.0329483 0)
(-0.131141 0.0369799 0)
(-0.158606 0.0334417 0)
(-0.17573 0.0233788 0)
(-0.181105 0.0091396 0)
(-0.174785 -0.0069166 0)
(-0.157343 -0.0230683 0)
(-0.129519 -0.0367981 0)
(-0.0935732 -0.0444651 0)
(-0.0522404 -0.0417825 0)
(-0.0115046 -0.0263501 0)
(0.0167653 -0.00135427 0)
(0.0178018 0.0161435 0)
(0.00552991 0.0147744 0)
(-0.000255825 -0.00571535 0)
(-0.00541197 0.000858693 0)
(-0.0196213 0.014294 0)
(-0.0444452 0.0311563 0)
(-0.0801597 0.0492902 0)
(-0.121884 0.0641134 0)
(-0.161915 0.0703357 0)
(-0.194757 0.0658601 0)
(-0.218302 0.0520917 0)
(-0.231955 0.0315169 0)
(-0.235728 0.00648307 0)
(-0.230283 -0.0209713 0)
(-0.215931 -0.0486742 0)
(-0.192169 -0.0730039 0)
(-0.158729 -0.0888214 0)
(-0.115577 -0.0890893 0)
(-0.0645157 -0.0669961 0)
(-0.013878 -0.0227643 0)
(0.00943728 0.0177901 0)
(0.00415377 0.0235058 0)
(-0.00347192 0.000529382 0)
(-0.0174923 0.017271 0)
(-0.0434273 0.041413 0)
(-0.0794721 0.067988 0)
(-0.122597 0.0908687 0)
(-0.165354 0.103529 0)
(-0.201322 0.102616 0)
(-0.228569 0.0894535 0)
(-0.247357 0.0672001 0)
(-0.258289 0.0385606 0)
(-0.262204 0.00541233 0)
(-0.259905 -0.0309118 0)
(-0.25133 -0.0681639 0)
(-0.235431 -0.103402 0)
(-0.210219 -0.131151 0)
(-0.17299 -0.142612 0)
(-0.121186 -0.12561 0)
(-0.0567855 -0.0708707 0)
(-0.00102239 0.00342333 0)
(0.00474053 0.0281467 0)
(-0.00664543 0.0148285 0)
(-0.0286468 0.0440616 0)
(-0.063094 0.0768851 0)
(-0.104117 0.108575 0)
(-0.146786 0.130794 0)
(-0.183968 0.137783 0)
(-0.212216 0.129144 0)
(-0.231926 0.108472 0)
(-0.244388 0.0796319 0)
(-0.251331 0.045411 0)
(-0.254444 0.00734651 0)
(-0.254652 -0.0337516 0)
(-0.251732 -0.0767221 0)
(-0.245131 -0.120248 0)
(-0.232035 -0.16036 0)
(-0.207824 -0.188606 0)
(-0.166455 -0.189658 0)
(-0.103247 -0.14273 0)
(-0.0221815 -0.0389415 0)
(0.00735656 0.0269894 0)
(-0.00847807 0.0348454 0)
(-0.0350459 0.0764768 0)
(-0.0728217 0.11461 0)
(-0.112841 0.147227 0)
(-0.149971 0.165509 0)
(-0.178734 0.165468 0)
(-0.198174 0.149324 0)
(-0.209841 0.12216 0)
(-0.215718 0.0883222 0)
(-0.218293 0.0507983 0)
(-0.219537 0.0110559 0)
(-0.220457 -0.0304843 0)
(-0.221254 -0.074298 0)
(-0.222023 -0.120767 0)
(-0.220565 -0.168672 0)
(-0.21178 -0.212523 0)
(-0.187579 -0.238123 0)
(-0.139372 -0.218203 0)
(-0.0627049 -0.118819 0)
(0.00580424 0.0141198 0)
(-0.00825285 0.0568831 0)
(-0.0351871 0.109725 0)
(-0.0715358 0.150026 0)
(-0.106636 0.180594 0)
(-0.136157 0.193256 0)
(-0.156475 0.185895 0)
(-0.168296 0.162801 0)
(-0.173736 0.130114 0)
(-0.175208 0.0926018 0)
(-0.175219 0.0532851 0)
(-0.175286 0.0134032 0)
(-0.176094 -0.0269957 0)
(-0.178193 -0.0690602 0)
(-0.182119 -0.114076 0)
(-0.187213 -0.163163 0)
(-0.18983 -0.215167 0)
(-0.182067 -0.261098 0)
(-0.153924 -0.274714 0)
(-0.0991435 -0.205597 0)
(-0.00889745 -0.014678 0)
(-0.00609953 0.0773789 0)
(-0.0296451 0.140155 0)
(-0.0611438 0.180645 0)
(-0.089493 0.207647 0)
(-0.111406 0.214216 0)
(-0.12486 0.199928 0)
(-0.131453 0.170761 0)
(-0.133489 0.133689 0)
(-0.133427 0.0937116 0)
(-0.133222 0.0535482 0)
(-0.133568 0.0139222 0)
(-0.134654 -0.0255384 0)
(-0.136942 -0.0658635 0)
(-0.141122 -0.108289 0)
(-0.147799 -0.154804 0)
(-0.155642 -0.207772 0)
(-0.158648 -0.265223 0)
(-0.146437 -0.307573 0)
(-0.112009 -0.276765 0)
(-0.0308713 -0.075221 0)
(-0.00270683 0.0933071 0)
(-0.0203023 0.165137 0)
(-0.0449234 0.204937 0)
(-0.0660203 0.227824 0)
(-0.08121 0.228772 0)
(-0.0896264 0.208821 0)
(-0.0931642 0.17512 0)
(-0.0939614 0.135161 0)
(-0.0941202 0.0939532 0)
(-0.0948183 0.0537366 0)
(-0.0961096 0.0146057 0)
(-0.0979033 -0.0242249 0)
(-0.100374 -0.0635433 0)
(-0.104028 -0.104058 0)
(-0.110013 -0.147417 0)
(-0.11905 -0.19758 0)
(-0.127966 -0.258981 0)
(-0.126275 -0.322808 0)
(-0.107285 -0.334195 0)
(-0.0372596 -0.16305 0)
(0.0012223 0.102387 0)
(-0.00887699 0.182891 0)
(-0.0254967 0.222413 0)
(-0.0394249 0.241934 0)
(-0.0488464 0.238685 0)
(-0.0536609 0.214738 0)
(-0.0555535 0.17802 0)
(-0.0561746 0.136391 0)
(-0.0570459 0.0947796 0)
(-0.0587187 0.0548935 0)
(-0.0609682 0.0162723 0)
(-0.0636489 -0.0221445 0)
(-0.0667564 -0.0610184 0)
(-0.0704757 -0.100602 0)
(-0.0757453 -0.141625 0)
(-0.0841421 -0.187773 0)
(-0.0957558 -0.247394 0)
(-0.100487 -0.323599 0)
(-0.0950503 -0.371615 0)
(-0.0308784 -0.242076 0)
(0.00509572 0.103527 0)
(0.00296096 0.192434 0)
(-0.00534086 0.232855 0)
(-0.0124167 0.249916 0)
(-0.0167738 0.243813 0)
(-0.0186264 0.217617 0)
(-0.0192693 0.179586 0)
(-0.0197456 0.137575 0)
(-0.0209986 0.0962651 0)
(-0.0232034 0.0569835 0)
(-0.0260701 0.0189945 0)
(-0.0295341 -0.0188564 0)
(-0.0336129 -0.0572745 0)
(-0.0382557 -0.0963597 0)
(-0.0440159 -0.13608 0)
(-0.0521441 -0.178892 0)
(-0.065554 -0.234553 0)
(-0.0741484 -0.317296 0)
(-0.0811419 -0.396078 0)
(-0.0229231 -0.306568 0)
(0.00840498 0.0970749 0)
(0.0141528 0.193408 0)
(0.0140418 0.236356 0)
(0.0136539 0.252674 0)
(0.0142802 0.245571 0)
(0.0154813 0.218879 0)
(0.0163484 0.18086 0)
(0.0164102 0.139212 0)
(0.0152724 0.09842 0)
(0.0129876 0.0597496 0)
(0.00981922 0.0224984 0)
(0.00572842 -0.0144874 0)
(0.000570564 -0.0520376 0)
(-0.00551853 -0.0902949 0)
(-0.0129465 -0.128925 0)
(-0.0218899 -0.16899 0)
(-0.0376527 -0.219515 0)
(-0.0487643 -0.303621 0)
(-0.0679166 -0.407838 0)
(-0.0144657 -0.359443 0)
(0.0102506 0.0841705 0)
(0.0232791 0.18584 0)
(0.0309091 0.232492 0)
(0.0368113 0.249228 0)
(0.0424456 0.242361 0)
(0.0473728 0.216593 0)
(0.0507807 0.179868 0)
(0.0524226 0.139536 0)
(0.0522509 0.09992 0)
(0.0504805 0.0623515 0)
(0.0473481 0.02631 0)
(0.0427533 -0.00929927 0)
(0.0365234 -0.0454011 0)
(0.028769 -0.0822028 0)
(0.0187039 -0.119363 0)
(0.00744879 -0.157153 0)
(-0.0119116 -0.203201 0)
(-0.0243798 -0.285607 0)
(-0.0559158 -0.410374 0)
(-0.00616147 -0.401332 0)
(0.00979313 0.0670402 0)
(0.0288344 0.170112 0)
(0.0440852 0.221458 0)
(0.0565649 0.240441 0)
(0.0677985 0.235477 0)
(0.0774261 0.21213 0)
(0.0845852 0.177882 0)
(0.0889727 0.139622 0)
(0.0906674 0.101603 0)
(0.0899793 0.0653876 0)
(0.0872454 0.0308261 0)
(0.0822092 -0.00311054 0)
(0.0747444 -0.0370163 0)
(0.0651283 -0.071496 0)
(0.0520009 -0.106372 0)
(0.0371882 -0.141556 0)
(0.0128707 -0.183085 0)
(-0.000152499 -0.262405 0)
(-0.0449183 -0.406134 0)
(0.00272506 -0.435792 0)
(0.00686725 0.0493414 0)
(0.0291454 0.148522 0)
(0.0507751 0.202964 0)
(0.0695575 0.223754 0)
(0.0869447 0.220852 0)
(0.102552 0.200709 0)
(0.115132 0.170167 0)
(0.124005 0.135364 0)
(0.129085 0.100303 0)
(0.130629 0.0666722 0)
(0.128913 0.0347123 0)
(0.123988 0.0035934 0)
(0.115393 -0.0270193 0)
(0.103745 -0.0579957 0)
(0.0868032 -0.0893996 0)
(0.0677674 -0.121862 0)
(0.0378828 -0.159791 0)
(0.0235794 -0.236387 0)
(-0.0345921 -0.398462 0)
(0.0134135 -0.464069 0)
(0.00236285 0.0346846 0)
(0.0234505 0.123622 0)
(0.0506057 0.179415 0)
(0.076203 0.202267 0)
(0.100746 0.201897 0)
(0.12351 0.185502 0)
(0.142846 0.159493 0)
(0.157541 0.129146 0)
(0.16718 0.0980763 0)
(0.171983 0.0679786 0)
(0.171904 0.0394413 0)
(0.167662 0.0120462 0)
(0.157871 -0.0145688 0)
(0.144227 -0.0411506 0)
(0.123086 -0.068007 0)
(0.0997233 -0.0966821 0)
(0.0640815 -0.131825 0)
(0.0467013 -0.206844 0)
(-0.0228843 -0.386744 0)
(0.0284454 -0.485327 0)
(-0.00341093 0.0287564 0)
(0.00993779 0.101397 0)
(0.0367986 0.148319 0)
(0.0685057 0.168929 0)
(0.10125 0.170084 0)
(0.132825 0.157793 0)
(0.160681 0.1374 0)
(0.183091 0.113074 0)
(0.199022 0.0878939 0)
(0.208845 0.0633895 0)
(0.211714 0.0403032 0)
(0.20943 0.0185007 0)
(0.199217 -0.00239121 0)
(0.184675 -0.0228643 0)
(0.160028 -0.0434001 0)
(0.133607 -0.067085 0)
(0.0923259 -0.101026 0)
(0.0695776 -0.179523 0)
(-0.00453529 -0.369842 0)
(0.052078 -0.491529 0)
(-0.0139175 0.018656 0)
(-0.00750359 0.0882044 0)
(0.0190343 0.124014 0)
(0.0560824 0.136992 0)
(0.0970452 0.136505 0)
(0.137241 0.127303 0)
(0.173319 0.112667 0)
(0.203 0.0949404 0)
(0.224766 0.076547 0)
(0.239747 0.0584948 0)
(0.245731 0.0417418 0)
(0.246625 0.0261676 0)
(0.237355 0.0119359 0)
(0.225622 -0.00175713 0)
(0.200805 -0.0157083 0)
(0.177046 -0.0346073 0)
(0.132956 -0.0673886 0)
(0.107536 -0.145764 0)
(0.0373359 -0.326091 0)
(0.0923121 -0.455861 0)
(-0.105952 0.0825157 0)
(-0.0776995 0.069074 0)
(-0.0485843 0.0733072 0)
(0.00362251 0.077734 0)
(0.0569631 0.0780125 0)
(0.109514 0.0737285 0)
(0.156513 0.066404 0)
(0.198712 0.0570293 0)
(0.230704 0.0474028 0)
(0.258758 0.0378025 0)
(0.27445 0.0292035 0)
(0.289598 0.0212793 0)
(0.290015 0.0145853 0)
(0.294218 0.00824584 0)
(0.278092 0.00132099 0)
(0.271055 -0.00981931 0)
(0.231926 -0.0354 0)
(0.217963 -0.095346 0)
(0.150177 -0.229723 0)
(0.170666 -0.341474 0)
(0.130006 0.103769 0)
(0.158398 0.075298 0)
(0.212291 0.0533079 0)
(0.270796 0.0416864 0)
(0.323317 0.0359541 0)
(0.375665 0.0319693 0)
(0.420153 0.0289256 0)
(0.465361 0.0255849 0)
(0.498366 0.0229092 0)
(0.533545 0.0197216 0)
(0.552949 0.0175675 0)
(0.578756 0.0146374 0)
(0.584926 0.0132024 0)
(0.60333 0.0103905 0)
(0.594842 0.00943371 0)
(0.603448 0.00504452 0)
(0.567743 0.000125138 0)
(0.54767 -0.0182948 0)
(0.435797 -0.0504143 0)
(0.336804 -0.101396 0)
)
;

boundaryField
{
    movingWall
    {
        type            fixedValue;
        value           uniform (1 0 0);
    }
    fixedWalls
    {
        type            noSlip;
    }
    frontAndBack
    {
        type            empty;
    }
}


// ************************************************************************* //
