/*--------------------------------*- C++ -*----------------------------------*\
| =========                 |                                                 |
| \\      /  F ield         | OpenFOAM: The Open Source CFD Toolbox           |
|  \\    /   O peration     | Version:  2212                                  |
|   \\  /    A nd           | Website:  www.openfoam.com                      |
|    \\/     M anipulation  |                                                 |
\*---------------------------------------------------------------------------*/
FoamFile
{
    version     2.0;
    format      ascii;
    arch        "LSB;label=32;scalar=64";
    class       volVectorField;
    location    "3.805";
    object      U;
}
// * * * * * * * * * * * * * * * * * * * * * * * * * * * * * * * * * * * * * //

dimensions      [0 1 -1 0 0 0 0];

internalField   nonuniform List<vector> 
400
(
(0.00164579 -0.00165384 0)
(0.00472419 -0.00185448 0)
(0.00641466 -0.00117935 0)
(0.00548224 -0.000560463 0)
(0.00140288 0.000197047 0)
(-0.00691383 0.0017353 0)
(-0.0205261 0.00472393 0)
(-0.0392195 0.0086009 0)
(-0.0602497 0.0111413 0)
(-0.078446 0.0104202 0)
(-0.0891375 0.0067611 0)
(-0.0899232 0.00171687 0)
(-0.0799213 -0.003522 0)
(-0.0599607 -0.00816188 0)
(-0.0337519 -0.0107449 0)
(-0.00571951 -0.00973822 0)
(0.0162222 -0.00481893 0)
(0.0240595 0.00268638 0)
(0.0159896 0.00637947 0)
(0.00428387 0.00466797 0)
(0.00165668 -0.00493383 0)
(0.00298893 -0.00389325 0)
(-0.000636946 0.000642806 0)
(-0.0114691 0.00640982 0)
(-0.0313316 0.0139074 0)
(-0.0606717 0.0234744 0)
(-0.0959469 0.0326334 0)
(-0.130245 0.0366771 0)
(-0.157596 0.0332406 0)
(-0.174709 0.0233134 0)
(-0.180155 0.0092044 0)
(-0.173959 -0.00674536 0)
(-0.156696 -0.022813 0)
(-0.129077 -0.036506 0)
(-0.09335 -0.0441919 0)
(-0.0522374 -0.0415986 0)
(-0.0116731 -0.0263312 0)
(0.0165053 -0.00149849 0)
(0.0176411 0.0159601 0)
(0.00550045 0.0146617 0)
(-0.000295822 -0.00553805 0)
(-0.00547826 0.00100194 0)
(-0.0196159 0.014254 0)
(-0.0442276 0.0309073 0)
(-0.0796038 0.0488461 0)
(-0.120976 0.0635569 0)
(-0.160743 0.0697988 0)
(-0.193423 0.0654509 0)
(-0.216889 0.0518631 0)
(-0.230536 0.0314875 0)
(-0.234366 0.00664859 0)
(-0.22902 -0.02063 0)
(-0.214807 -0.0481948 0)
(-0.191224 -0.0724522 0)
(-0.157997 -0.0882861 0)
(-0.115092 -0.088679 0)
(-0.0643094 -0.0668249 0)
(-0.0139432 -0.0229202 0)
(0.00935093 0.0175145 0)
(0.00415107 0.0233308 0)
(-0.00346341 0.000719603 0)
(-0.0174013 0.0173175 0)
(-0.043136 0.0411293 0)
(-0.0788511 0.0673975 0)
(-0.1216 0.0900891 0)
(-0.164056 0.102727 0)
(-0.199835 0.101935 0)
(-0.226964 0.0889683 0)
(-0.245691 0.0669445 0)
(-0.256617 0.0385505 0)
(-0.260571 0.00565202 0)
(-0.258352 -0.0304325 0)
(-0.249895 -0.0674933 0)
(-0.23415 -0.102606 0)
(-0.209127 -0.130328 0)
(-0.172127 -0.141887 0)
(-0.120617 -0.125136 0)
(-0.0565731 -0.0707947 0)
(-0.00107639 0.00314403 0)
(0.00473617 0.0279366 0)
(-0.0065904 0.0149166 0)
(-0.0283972 0.0438751 0)
(-0.0625361 0.0762771 0)
(-0.10319 0.107649 0)
(-0.145529 0.129745 0)
(-0.182496 0.136802 0)
(-0.210616 0.128348 0)
(-0.23024 0.107911 0)
(-0.242655 0.0793336 0)
(-0.249579 0.0453935 0)
(-0.252708 0.00762065 0)
(-0.252977 -0.0331987 0)
(-0.250167 -0.0759374 0)
(-0.2437 -0.119292 0)
(-0.230768 -0.159324 0)
(-0.206747 -0.187601 0)
(-0.165619 -0.188827 0)
(-0.102739 -0.14226 0)
(-0.0221295 -0.0390382 0)
(0.00730321 0.0267594 0)
(-0.00838773 0.0347265 0)
(-0.0346874 0.0759889 0)
(-0.0721074 0.113675 0)
(-0.11178 0.146009 0)
(-0.148652 0.164247 0)
(-0.177269 0.164343 0)
(-0.196612 0.148422 0)
(-0.208197 0.121514 0)
(-0.214004 0.0879601 0)
(-0.21652 0.0507473 0)
(-0.217747 0.0113345 0)
(-0.218711 -0.0298889 0)
(-0.21962 -0.0734264 0)
(-0.22054 -0.119695 0)
(-0.219257 -0.167498 0)
(-0.210652 -0.211345 0)
(-0.186639 -0.237036 0)
(-0.138666 -0.217338 0)
(-0.0623377 -0.118414 0)
(0.00571924 0.0139605 0)
(-0.00815229 0.0565172 0)
(-0.034793 0.108927 0)
(-0.0707887 0.148798 0)
(-0.105592 0.179139 0)
(-0.13492 0.191824 0)
(-0.155129 0.184646 0)
(-0.166851 0.161791 0)
(-0.172178 0.129365 0)
(-0.17352 0.0921506 0)
(-0.173414 0.0531772 0)
(-0.17342 0.0136821 0)
(-0.174249 -0.0263223 0)
(-0.176455 -0.0680319 0)
(-0.180564 -0.112802 0)
(-0.185889 -0.161787 0)
(-0.188734 -0.213823 0)
(-0.181163 -0.259859 0)
(-0.15319 -0.273613 0)
(-0.0985744 -0.204793 0)
(-0.00885045 -0.0147449 0)
(-0.00601648 0.0767665 0)
(-0.0292901 0.139069 0)
(-0.0604737 0.179166 0)
(-0.088583 0.205992 0)
(-0.110348 0.212636 0)
(-0.123704 0.198556 0)
(-0.130179 0.169625 0)
(-0.132064 0.132805 0)
(-0.13183 0.0931259 0)
(-0.131473 0.0533366 0)
(-0.131731 0.0141657 0)
(-0.13281 -0.0248019 0)
(-0.13518 -0.0646687 0)
(-0.139537 -0.106759 0)
(-0.146468 -0.15313 0)
(-0.154595 -0.206161 0)
(-0.157842 -0.263797 0)
(-0.145818 -0.306312 0)
(-0.111499 -0.275702 0)
(-0.0306567 -0.0748844 0)
(-0.0026609 0.0924827 0)
(-0.020038 0.163802 0)
(-0.0444041 0.203252 0)
(-0.0653165 0.226008 0)
(-0.0803928 0.227065 0)
(-0.0887195 0.207329 0)
(-0.092135 0.173847 0)
(-0.0927754 0.134116 0)
(-0.0927648 0.0932007 0)
(-0.0933246 0.0533903 0)
(-0.0945342 0.014778 0)
(-0.0963042 -0.0234799 0)
(-0.0988176 -0.0622525 0)
(-0.102592 -0.102333 0)
(-0.108781 -0.145459 0)
(-0.118094 -0.19566 0)
(-0.127275 -0.257322 0)
(-0.125809 -0.321401 0)
(-0.106897 -0.332895 0)
(-0.0370775 -0.162139 0)
(0.00121655 0.101421 0)
(-0.0087416 0.181367 0)
(-0.0251826 0.220575 0)
(-0.0389845 0.239991 0)
(-0.0483264 0.236862 0)
(-0.0530683 0.213125 0)
(-0.054858 0.176607 0)
(-0.0553527 0.135191 0)
(-0.0560991 0.0938784 0)
(-0.0576792 0.0544303 0)
(-0.0598726 0.0163721 0)
(-0.062524 -0.0214266 0)
(-0.0656315 -0.0597016 0)
(-0.0693954 -0.0987734 0)
(-0.0747752 -0.139461 0)
(-0.0833729 -0.185568 0)
(-0.095222 -0.245486 0)
(-0.100204 -0.32208 0)
(-0.0948204 -0.370258 0)
(-0.0307978 -0.240946 0)
(0.00502898 0.10252 0)
(0.00294548 0.190795 0)
(-0.00526202 0.230916 0)
(-0.0122697 0.247887 0)
(-0.016583 0.241911 0)
(-0.0183922 0.21592 0)
(-0.0189741 0.178081 0)
(-0.0193811 0.136277 0)
(-0.0205752 0.0952723 0)
(-0.0227438 0.0564406 0)
(-0.0255848 0.0190253 0)
(-0.0290179 -0.0181995 0)
(-0.0330587 -0.0560035 0)
(-0.0376761 -0.0945392 0)
(-0.0434423 -0.133841 0)
(-0.0516594 -0.176495 0)
(-0.0652148 -0.232413 0)
(-0.0740436 -0.31564 0)
(-0.081043 -0.394652 0)
(-0.0228941 -0.305319 0)
(0.00827021 0.096136 0)
(0.0139751 0.19174 0)
(0.0138731 0.234382 0)
(0.0134885 0.250611 0)
(0.0141128 0.243625 0)
(0.0153173 0.21713 0)
(0.0161948 0.179303 0)
(0.0162657 0.137867 0)
(0.0151241 0.0973864 0)
(0.0128247 0.0591654 0)
(0.00965621 0.022475 0)
(0.00559841 -0.0139028 0)
(0.000506672 -0.05085 0)
(-0.00550715 -0.0885597 0)
(-0.0128509 -0.126734 0)
(-0.0217718 -0.166539 0)
(-0.0375649 -0.217241 0)
(-0.0488592 -0.30191 0)
(-0.0679508 -0.406456 0)
(-0.0144863 -0.358194 0)
(0.0100596 0.0834192 0)
(0.0229431 0.184247 0)
(0.0305005 0.23055 0)
(0.0363445 0.247182 0)
(0.0419285 0.24042 0)
(0.0468147 0.214849 0)
(0.050183 0.17833 0)
(0.0517778 0.138227 0)
(0.0515495 0.0989195 0)
(0.0497233 0.0617773 0)
(0.0465674 0.0262585 0)
(0.0420083 -0.00878678 0)
(0.0358621 -0.044311 0)
(0.0282142 -0.0805883 0)
(0.018303 -0.117292 0)
(0.00716863 -0.15476 0)
(-0.0121002 -0.200878 0)
(-0.0246626 -0.283859 0)
(-0.0560574 -0.409046 0)
(-0.00621328 -0.400165 0)
(0.00959131 0.0665767 0)
(0.028376 0.168713 0)
(0.0434664 0.219639 0)
(0.0558196 0.238482 0)
(0.0669464 0.233592 0)
(0.0764824 0.21043 0)
(0.0835542 0.176395 0)
(0.0878498 0.138375 0)
(0.0894508 0.100661 0)
(0.0886843 0.0648417 0)
(0.0858926 0.0307532 0)
(0.0809051 -0.00264316 0)
(0.0735395 -0.0360334 0)
(0.0640503 -0.0700411 0)
(0.051124 -0.10449 0)
(0.0365023 -0.139336 0)
(0.0123854 -0.180851 0)
(-0.000602322 -0.260718 0)
(-0.0451509 -0.404919 0)
(0.00264177 -0.434784 0)
(0.00671984 0.0492018 0)
(0.0286335 0.147426 0)
(0.0500068 0.201346 0)
(0.0685957 0.221941 0)
(0.0858208 0.219081 0)
(0.101285 0.199111 0)
(0.113733 0.168789 0)
(0.122476 0.134236 0)
(0.127434 0.0994691 0)
(0.128887 0.0662 0)
(0.127118 0.0346536 0)
(0.122222 0.00400354 0)
(0.1137 -0.0261718 0)
(0.102197 -0.0567332 0)
(0.0855024 -0.0877578 0)
(0.0667069 -0.119898 0)
(0.037112 -0.157755 0)
(0.0230408 -0.23483 0)
(-0.0348863 -0.397396 0)
(0.0132892 -0.463288 0)
(0.00230594 0.0348093 0)
(0.023001 0.122915 0)
(0.0497922 0.178113 0)
(0.0751084 0.200701 0)
(0.099415 0.200316 0)
(0.12197 0.184053 0)
(0.141118 0.158243 0)
(0.155644 0.128133 0)
(0.165138 0.0973318 0)
(0.169834 0.0675494 0)
(0.169703 0.0393613 0)
(0.165473 0.0123345 0)
(0.155783 -0.0139106 0)
(0.142294 -0.0401267 0)
(0.121425 -0.066652 0)
(0.0983426 -0.0950586 0)
(0.0630512 -0.130103 0)
(0.0461038 -0.205578 0)
(-0.02324 -0.386001 0)
(0.0282684 -0.484809 0)
(-0.00337435 0.0290779 0)
(0.00961344 0.101089 0)
(0.0360623 0.147363 0)
(0.0674273 0.167668 0)
(0.0998687 0.168766 0)
(0.131166 0.15657 0)
(0.158773 0.136349 0)
(0.180966 0.112237 0)
(0.196723 0.0872985 0)
(0.206405 0.0630594 0)
(0.209217 0.0402626 0)
(0.206913 0.0187513 0)
(0.196817 -0.00183302 0)
(0.182439 -0.0220323 0)
(0.15808 -0.04233 0)
(0.131988 -0.0658428 0)
(0.0911413 -0.0997027 0)
(0.0689708 -0.17849 0)
(-0.00488247 -0.369369 0)
(0.0519055 -0.491261 0)
(-0.0136953 0.0189742 0)
(-0.00749595 0.0882309 0)
(0.0185586 0.123533 0)
(0.0551821 0.136188 0)
(0.0957306 0.135575 0)
(0.135543 0.126392 0)
(0.171288 0.11186 0)
(0.20068 0.0942826 0)
(0.222238 0.0760713 0)
(0.237049 0.0582141 0)
(0.242985 0.0416816 0)
(0.243871 0.0263172 0)
(0.23475 0.0123146 0)
(0.223178 -0.00120668 0)
(0.198695 -0.0149865 0)
(0.175341 -0.0337959 0)
(0.131728 -0.0665458 0)
(0.106882 -0.14525 0)
(0.0370343 -0.326011 0)
(0.0921933 -0.455816 0)
(-0.105803 0.0827392 0)
(-0.0775893 0.0692325 0)
(-0.0486791 0.073106 0)
(0.00318399 0.0773246 0)
(0.0561238 0.0775009 0)
(0.10828 0.0732059 0)
(0.154933 0.0659355 0)
(0.196822 0.0566469 0)
(0.228608 0.0471348 0)
(0.256502 0.037651 0)
(0.272164 0.0291835 0)
(0.287324 0.0213731 0)
(0.287889 0.0147961 0)
(0.292273 0.00853819 0)
(0.276489 0.00170205 0)
(0.269782 -0.00943404 0)
(0.231005 -0.0350483 0)
(0.217527 -0.095177 0)
(0.150077 -0.229714 0)
(0.170648 -0.3415 0)
(0.130093 0.103838 0)
(0.158585 0.0754731 0)
(0.212582 0.0534972 0)
(0.271058 0.0418288 0)
(0.323436 0.0360401 0)
(0.375556 0.0320097 0)
(0.419805 0.0289428 0)
(0.464777 0.0255933 0)
(0.497603 0.0229237 0)
(0.532653 0.0197464 0)
(0.552002 0.0176094 0)
(0.577816 0.0146933 0)
(0.584061 0.0132769 0)
(0.602591 0.0104775 0)
(0.594284 0.00953266 0)
(0.603093 0.00513489 0)
(0.567597 0.000202904 0)
(0.54774 -0.0182431 0)
(0.435988 -0.0504041 0)
(0.336903 -0.101409 0)
)
;

boundaryField
{
    movingWall
    {
        type            fixedValue;
        value           uniform (1 0 0);
    }
    fixedWalls
    {
        type            noSlip;
    }
    frontAndBack
    {
        type            empty;
    }
}


// ************************************************************************* //
