/*--------------------------------*- C++ -*----------------------------------*\
| =========                 |                                                 |
| \\      /  F ield         | OpenFOAM: The Open Source CFD Toolbox           |
|  \\    /   O peration     | Version:  2212                                  |
|   \\  /    A nd           | Website:  www.openfoam.com                      |
|    \\/     M anipulation  |                                                 |
\*---------------------------------------------------------------------------*/
FoamFile
{
    version     2.0;
    format      ascii;
    arch        "LSB;label=32;scalar=64";
    class       volVectorField;
    location    "0.57";
    object      U;
}
// * * * * * * * * * * * * * * * * * * * * * * * * * * * * * * * * * * * * * //

dimensions      [0 1 -1 0 0 0 0];

internalField   nonuniform List<vector> 
400
(
(0.000253411 -0.000250457 0)
(0.000141214 0.000111425 0)
(-0.00117705 0.000564628 0)
(-0.00348131 0.000885027 0)
(-0.00637786 0.00104576 0)
(-0.00947004 0.0010618 0)
(-0.0124037 0.000957898 0)
(-0.0148859 0.000760477 0)
(-0.0166906 0.000494669 0)
(-0.0176594 0.000184568 0)
(-0.0177033 -0.00014528 0)
(-0.0168062 -0.000468397 0)
(-0.015031 -0.00075546 0)
(-0.0125259 -0.000974323 0)
(-0.00952695 -0.00109126 0)
(-0.00635533 -0.00107407 0)
(-0.00340081 -0.000898172 0)
(-0.00108647 -0.000556417 0)
(0.000196449 -9.03654e-05 0)
(0.000267878 0.000262404 0)
(-7.74729e-05 -0.000169395 0)
(-0.00161167 0.00164492 0)
(-0.0056933 0.00361753 0)
(-0.0117197 0.00503517 0)
(-0.0188937 0.00574363 0)
(-0.0264028 0.00576062 0)
(-0.0334718 0.00517205 0)
(-0.0394299 0.00409281 0)
(-0.0437474 0.00264782 0)
(-0.0460508 0.000966979 0)
(-0.0461331 -0.000813306 0)
(-0.0439648 -0.00254729 0)
(-0.0397042 -0.00407896 0)
(-0.0337052 -0.00524551 0)
(-0.0265153 -0.00588701 0)
(-0.0188559 -0.00586528 0)
(-0.0115675 -0.00509511 0)
(-0.00551365 -0.00358965 0)
(-0.00149317 -0.00155922 0)
(-4.25767e-05 0.000227486 0)
(-0.000528651 0.00109169 0)
(-0.00371168 0.0057367 0)
(-0.0105898 0.0102252 0)
(-0.0199933 0.0134087 0)
(-0.0307673 0.0149474 0)
(-0.0418257 0.01484 0)
(-0.0521242 0.0132567 0)
(-0.0607493 0.010457 0)
(-0.066975 0.00674248 0)
(-0.0702885 0.002439 0)
(-0.0704065 -0.00210678 0)
(-0.0672898 -0.00652605 0)
(-0.0611573 -0.0104301 0)
(-0.0524926 -0.0134221 0)
(-0.0420403 -0.0151247 0)
(-0.0307762 -0.0152268 0)
(-0.0198305 -0.013557 0)
(-0.0103643 -0.0101796 0)
(-0.00354876 -0.00555142 0)
(-0.000476874 -0.000948875 0)
(-0.000928302 0.0034801 0)
(-0.00569195 0.0122216 0)
(-0.015303 0.0199232 0)
(-0.0279191 0.0251997 0)
(-0.0419888 0.0275991 0)
(-0.0561836 0.0271396 0)
(-0.0692577 0.0241108 0)
(-0.0801322 0.0189553 0)
(-0.0879553 0.0121964 0)
(-0.0921262 0.00440529 0)
(-0.0923108 -0.00380842 0)
(-0.0884571 -0.0117976 0)
(-0.0808112 -0.0188837 0)
(-0.0699282 -0.0243782 0)
(-0.0566734 -0.0276297 0)
(-0.0421979 -0.0281038 0)
(-0.0278586 -0.0254995 0)
(-0.0150947 -0.019893 0)
(-0.00550541 -0.0119284 0)
(-0.000861657 -0.00322506 0)
(-0.00127903 0.00687831 0)
(-0.0075366 0.0209552 0)
(-0.0198063 0.0325127 0)
(-0.0355375 0.0401061 0)
(-0.0527473 0.0432934 0)
(-0.0698637 0.0421958 0)
(-0.0854697 0.0372802 0)
(-0.0983679 0.0292151 0)
(-0.107628 0.0187784 0)
(-0.112597 0.00681402 0)
(-0.112905 -0.00578104 0)
(-0.108482 -0.0180563 0)
(-0.0995692 -0.0290137 0)
(-0.0867451 -0.0376355 0)
(-0.0709405 -0.042948 0)
(-0.0534338 -0.0441318 0)
(-0.0357869 -0.0406813 0)
(-0.0197364 -0.0325945 0)
(-0.00737104 -0.0205918 0)
(-0.00120375 -0.00649853 0)
(-0.00160763 0.0112164 0)
(-0.00931859 0.0318766 0)
(-0.0242107 0.0479549 0)
(-0.0430052 0.0580757 0)
(-0.0632608 0.061941 0)
(-0.0831578 0.0598849 0)
(-0.10113 0.0526315 0)
(-0.115899 0.0411283 0)
(-0.126495 0.0264385 0)
(-0.132245 0.00969321 0)
(-0.132757 -0.00791715 0)
(-0.12793 -0.025134 0)
(-0.117973 -0.0406278 0)
(-0.103439 -0.0530227 0)
(-0.0852732 -0.0609699 0)
(-0.0648387 -0.0632837 0)
(-0.0438876 -0.0591452 0)
(-0.0244788 -0.0483469 0)
(-0.00925475 -0.0315591 0)
(-0.00153783 -0.0107291 0)
(-0.00194014 0.016478 0)
(-0.0111217 0.0449766 0)
(-0.0286515 0.0662368 0)
(-0.0504818 0.0790635 0)
(-0.0736878 0.0834507 0)
(-0.0962075 0.0800783 0)
(-0.116356 0.0700279 0)
(-0.13282 0.0545875 0)
(-0.144637 0.0351333 0)
(-0.151147 0.013085 0)
(-0.151955 -0.0100875 0)
(-0.146921 -0.0328347 0)
(-0.136186 -0.0535028 0)
(-0.120227 -0.0703406 0)
(-0.0999359 -0.0815694 0)
(-0.0767038 -0.0855367 0)
(-0.0524418 -0.0809673 0)
(-0.0295457 -0.0672799 0)
(-0.011284 -0.0449414 0)
(-0.00190014 -0.0159522 0)
(-0.00230009 0.0226959 0)
(-0.0130253 0.0603034 0)
(-0.0332515 0.0873672 0)
(-0.0580809 0.103001 0)
(-0.0840764 0.10767 0)
(-0.108956 0.102566 0)
(-0.13097 0.0892478 0)
(-0.148838 0.0694136 0)
(-0.16167 0.0447732 0)
(-0.168871 0.0170201 0)
(-0.170067 -0.0121346 0)
(-0.165075 -0.0408955 0)
(-0.153933 -0.0673176 0)
(-0.136972 -0.0892771 0)
(-0.114945 -0.104516 0)
(-0.0891774 -0.110801 0)
(-0.0616717 -0.106216 0)
(-0.0351489 -0.0895825 0)
(-0.0135861 -0.0609515 0)
(-0.00232638 -0.0222783 0)
(-0.00271166 0.029948 0)
(-0.0151081 0.077959 0)
(-0.038115 0.111359 0)
(-0.0658488 0.129754 0)
(-0.0943275 0.134322 0)
(-0.1211 0.126978 0)
(-0.144445 0.109906 0)
(-0.163214 0.0852844 0)
(-0.176688 0.0551686 0)
(-0.184408 0.0214872 0)
(-0.186059 -0.0138757 0)
(-0.181423 -0.0489588 0)
(-0.170396 -0.0815966 0)
(-0.153082 -0.109327 0)
(-0.129972 -0.129385 0)
(-0.102186 -0.138832 0)
(-0.0716899 -0.134891 0)
(-0.0414672 -0.115472 0)
(-0.0162881 -0.0798974 0)
(-0.00285472 -0.0298903 0)
(-0.00320765 0.0383604 0)
(-0.0174662 0.0980915 0)
(-0.043341 0.138192 0)
(-0.0737566 0.159049 0)
(-0.10416 0.162905 0)
(-0.132032 0.152677 0)
(-0.155826 0.131345 0)
(-0.174679 0.101643 0)
(-0.188168 0.0659591 0)
(-0.196068 0.0263898 0)
(-0.198186 -0.0151136 0)
(-0.194284 -0.0565474 0)
(-0.184082 -0.095645 0)
(-0.167367 -0.129693 0)
(-0.144216 -0.155428 0)
(-0.115339 -0.169101 0)
(-0.0824459 -0.166806 0)
(-0.0486362 -0.145127 0)
(-0.0195288 -0.102162 0)
(-0.00353357 -0.039048 0)
(-0.00384394 0.0481294 0)
(-0.0202461 0.120895 0)
(-0.0490464 0.167755 0)
(-0.081686 0.19037 0)
(-0.113053 0.192561 0)
(-0.140746 0.178619 0)
(-0.163621 0.152515 0)
(-0.181309 0.117595 0)
(-0.193846 0.0765365 0)
(-0.20136 0.0314947 0)
(-0.203856 -0.0156596 0)
(-0.201109 -0.0630523 0)
(-0.192648 -0.108494 0)
(-0.177857 -0.149174 0)
(-0.156224 -0.181419 0)
(-0.127779 -0.20061 0)
(-0.0936441 -0.201428 0)
(-0.056733 -0.178576 0)
(-0.0234798 -0.128175 0)
(-0.00443553 -0.0501051 0)
(-0.00472533 0.0595718 0)
(-0.0236945 0.146619 0)
(-0.0553825 0.199759 0)
(-0.0893757 0.222794 0)
(-0.120121 0.221895 0)
(-0.145675 0.203191 0)
(-0.165629 0.171843 0)
(-0.18037 0.131813 0)
(-0.19058 0.0859714 0)
(-0.196862 0.0363769 0)
(-0.1995 -0.0153712 0)
(-0.198335 -0.0677447 0)
(-0.192716 -0.118869 0)
(-0.181573 -0.166081 0)
(-0.163644 -0.205492 0)
(-0.137966 -0.231665 0)
(-0.104595 -0.237628 0)
(-0.0657333 -0.215527 0)
(-0.0283776 -0.158369 0)
(-0.00568207 -0.0635528 0)
(-0.00605153 0.0732288 0)
(-0.0282256 0.175565 0)
(-0.0625081 0.233573 0)
(-0.0962559 0.254749 0)
(-0.123855 0.248734 0)
(-0.144396 0.22403 0)
(-0.158668 0.18711 0)
(-0.168105 0.142464 0)
(-0.174199 0.0929704 0)
(-0.178116 0.0403796 0)
(-0.180482 -0.014199 0)
(-0.181263 -0.0698227 0)
(-0.179693 -0.125213 0)
(-0.174269 -0.178183 0)
(-0.162893 -0.224976 0)
(-0.143315 -0.259591 0)
(-0.113937 -0.273332 0)
(-0.0753927 -0.255069 0)
(-0.0345561 -0.193092 0)
(-0.00748626 -0.0801048 0)
(-0.008192 0.0900466 0)
(-0.0344824 0.208021 0)
(-0.0704114 0.267885 0)
(-0.101022 0.283609 0)
(-0.121572 0.269814 0)
(-0.133105 0.237843 0)
(-0.13816 0.195407 0)
(-0.139459 0.147235 0)
(-0.139363 0.0959105 0)
(-0.139591 0.0426201 0)
(-0.141106 -0.0122334 0)
(-0.144051 -0.0685084 0)
(-0.147666 -0.125796 0)
(-0.150167 -0.182772 0)
(-0.148718 -0.236327 0)
(-0.139642 -0.280449 0)
(-0.119094 -0.305028 0)
(-0.0849354 -0.295161 0)
(-0.0424403 -0.232378 0)
(-0.010216 -0.100837 0)
(-0.0117674 0.111636 0)
(-0.0432593 0.243962 0)
(-0.0782963 0.300035 0)
(-0.100626 0.305094 0)
(-0.108349 0.280462 0)
(-0.105727 0.240385 0)
(-0.0975251 0.193283 0)
(-0.0877659 0.143551 0)
(-0.0794956 0.0930369 0)
(-0.0747798 0.0420954 0)
(-0.0747974 -0.00972912 0)
(-0.0798855 -0.0632122 0)
(-0.0894582 -0.118992 0)
(-0.101784 -0.176959 0)
(-0.113683 -0.235287 0)
(-0.120303 -0.288884 0)
(-0.115262 -0.327198 0)
(-0.0922657 -0.331796 0)
(-0.0523154 -0.275404 0)
(-0.0144303 -0.127347 0)
(-0.0175492 0.140659 0)
(-0.0547642 0.282146 0)
(-0.0827853 0.324719 0)
(-0.0880786 0.312475 0)
(-0.0751058 0.274458 0)
(-0.0525874 0.226772 0)
(-0.027454 0.17729 0)
(-0.00450936 0.129137 0)
(0.0131045 0.0829136 0)
(0.0234459 0.0379472 0)
(0.0254045 -0.00707376 0)
(0.0185131 -0.0537593 0)
(0.00298497 -0.103753 0)
(-0.0199924 -0.158322 0)
(-0.0476823 -0.217504 0)
(-0.074982 -0.278362 0)
(-0.0935449 -0.331792 0)
(-0.0920628 -0.357684 0)
(-0.0632802 -0.319295 0)
(-0.0206335 -0.161974 0)
(-0.0254497 0.181711 0)
(-0.0657743 0.317771 0)
(-0.0733322 0.331363 0)
(-0.0480755 0.295402 0)
(-0.00557587 0.244213 0)
(0.0412218 0.192382 0)
(0.0846571 0.145048 0)
(0.120541 0.102973 0)
(0.146707 0.0651385 0)
(0.162053 0.0298916 0)
(0.165947 -0.00467177 0)
(0.157941 -0.040629 0)
(0.137737 -0.0802474 0)
(0.105444 -0.125919 0)
(0.0622654 -0.179728 0)
(0.0118081 -0.242022 0)
(-0.0378283 -0.307879 0)
(-0.0716785 -0.360144 0)
(-0.0700552 -0.356609 0)
(-0.0279122 -0.208375 0)
(-0.029649 0.239176 0)
(-0.0608411 0.335768 0)
(-0.0219419 0.300503 0)
(0.0505429 0.240128 0)
(0.127574 0.18295 0)
(0.19701 0.13539 0)
(0.25434 0.0973997 0)
(0.298254 0.0668516 0)
(0.328829 0.0413557 0)
(0.346471 0.0187787 0)
(0.35138 -0.00279429 0)
(0.343306 -0.0252655 0)
(0.321472 -0.0507883 0)
(0.284645 -0.0820487 0)
(0.231574 -0.122447 0)
(0.162183 -0.17567 0)
(0.0799017 -0.243432 0)
(-0.00318927 -0.319136 0)
(-0.0546693 -0.368613 0)
(-0.0284593 -0.267618 0)
(0.00808308 0.281861 0)
(0.0197831 0.294972 0)
(0.139066 0.210973 0)
(0.26446 0.143477 0)
(0.364368 0.0971862 0)
(0.440365 0.0657777 0)
(0.496745 0.0442377 0)
(0.536876 0.0288862 0)
(0.563449 0.017199 0)
(0.578308 0.00748482 0)
(0.582383 -0.00149418 0)
(0.575698 -0.0108454 0)
(0.557311 -0.0218473 0)
(0.525137 -0.0363352 0)
(0.475778 -0.0572598 0)
(0.404538 -0.0893843 0)
(0.305177 -0.139741 0)
(0.173417 -0.216386 0)
(0.0411721 -0.311655 0)
(0.0184302 -0.299995 0)
(0.299604 0.146091 0)
(0.396272 0.127503 0)
(0.55742 0.0760895 0)
(0.674487 0.0437233 0)
(0.743889 0.0255721 0)
(0.787154 0.0152422 0)
(0.815486 0.00921238 0)
(0.833956 0.00550944 0)
(0.845386 0.0030272 0)
(0.851372 0.00114935 0)
(0.852667 -0.000499398 0)
(0.849383 -0.0022151 0)
(0.841 -0.0043386 0)
(0.826141 -0.00742412 0)
(0.802078 -0.0125323 0)
(0.763621 -0.0217729 0)
(0.699108 -0.0392829 0)
(0.583952 -0.0726601 0)
(0.415827 -0.127868 0)
(0.308819 -0.149468 0)
)
;

boundaryField
{
    movingWall
    {
        type            fixedValue;
        value           uniform (1 0 0);
    }
    fixedWalls
    {
        type            noSlip;
    }
    frontAndBack
    {
        type            empty;
    }
}


// ************************************************************************* //
