/*--------------------------------*- C++ -*----------------------------------*\
| =========                 |                                                 |
| \\      /  F ield         | OpenFOAM: The Open Source CFD Toolbox           |
|  \\    /   O peration     | Version:  2212                                  |
|   \\  /    A nd           | Website:  www.openfoam.com                      |
|    \\/     M anipulation  |                                                 |
\*---------------------------------------------------------------------------*/
FoamFile
{
    version     2.0;
    format      ascii;
    arch        "LSB;label=32;scalar=64";
    class       volScalarField;
    location    "2.38";
    object      p;
}
// * * * * * * * * * * * * * * * * * * * * * * * * * * * * * * * * * * * * * //

dimensions      [0 2 -2 0 0 0 0];

internalField   nonuniform List<scalar> 
400
(
-2.70253e-08
-0.000139768
-0.000477219
-0.00095334
-0.00154279
-0.00221329
-0.00282898
-0.00319705
-0.00314706
-0.0025339
-0.0012299
0.000782526
0.00323296
0.00537848
0.00642194
0.00599202
0.00432199
0.00264517
0.00166053
0.00157147
0.000119875
-3.94748e-05
-0.000315481
-0.000667654
-0.00110679
-0.00167527
-0.00237639
-0.00308445
-0.00352578
-0.00336551
-0.00235189
-0.000485393
0.00184933
0.00399697
0.00516752
0.00493543
0.00353051
0.00194026
0.00119086
0.00124233
0.000475437
0.0002502
-4.59607e-05
-0.000473283
-0.00115805
-0.00221503
-0.00362141
-0.00515127
-0.00639633
-0.00687845
-0.00626524
-0.00460676
-0.00222591
0.000300101
0.00220276
0.00286925
0.00226616
0.001146
0.000274948
0.000237435
0.000969214
0.000616314
0.000166034
-0.000640725
-0.00205087
-0.00417528
-0.00684224
-0.00962179
-0.0119625
-0.0133301
-0.0133884
-0.0121533
-0.00982273
-0.00680731
-0.00375373
-0.00136697
-0.000117611
5.36864e-07
-0.000591299
-0.00121543
0.00122037
0.000720198
-7.01715e-05
-0.00162148
-0.00420877
-0.00781159
-0.0120153
-0.0161678
-0.019633
-0.0219369
-0.0228084
-0.0221337
-0.0200103
-0.0166926
-0.0125869
-0.00827357
-0.0045212
-0.00212173
-0.0014964
-0.00322599
0.000840252
0.000150901
-0.00114739
-0.003688
-0.00766568
-0.0128142
-0.0184128
-0.0236389
-0.0278608
-0.0307277
-0.0320942
-0.0318657
-0.0301014
-0.0269359
-0.0224978
-0.0169969
-0.0110129
-0.00589083
-0.00358827
-0.00563879
-0.000439451
-0.00133326
-0.00320536
-0.00675158
-0.0120003
-0.0183827
-0.024915
-0.030701
-0.0351906
-0.0381774
-0.0396538
-0.0396466
-0.0382208
-0.0354449
-0.0312919
-0.0256356
-0.0185782
-0.0113102
-0.00687208
-0.00695653
-0.0026153
-0.00367166
-0.00605014
-0.0103906
-0.016547
-0.0236822
-0.0306473
-0.0365636
-0.041006
-0.0438975
-0.0453199
-0.0453797
-0.0441703
-0.0417492
-0.0380665
-0.0328728
-0.0258834
-0.0175851
-0.0106472
-0.00723055
-0.00537322
-0.0065059
-0.00922704
-0.0140501
-0.0206908
-0.0281365
-0.0351729
-0.0409878
-0.0452705
-0.048027
-0.0493809
-0.049458
-0.0483548
-0.0461457
-0.0428436
-0.0382705
-0.0319705
-0.0237447
-0.0151958
-0.00901153
-0.00823702
-0.00934796
-0.0122198
-0.0172144
-0.0239679
-0.0314051
-0.0383219
-0.0439719
-0.0481139
-0.0507845
-0.0521082
-0.0521933
-0.0511272
-0.0490027
-0.0459091
-0.0418167
-0.0363589
-0.028947
-0.0204063
-0.0129183
-0.0107594
-0.0117774
-0.0146109
-0.0195119
-0.0260902
-0.033314
-0.0400385
-0.0455524
-0.0496237
-0.052274
-0.0536031
-0.0536961
-0.0526278
-0.0504984
-0.0474645
-0.043641
-0.0389094
-0.0325532
-0.0249772
-0.0173692
-0.0126788
-0.0135194
-0.0161615
-0.0207289
-0.0268928
-0.0337528
-0.0402625
-0.0457098
-0.0498014
-0.0525044
-0.0538755
-0.0539789
-0.0528789
-0.0506765
-0.0475874
-0.0438411
-0.0396251
-0.0341677
-0.0276979
-0.0204141
-0.0139499
-0.0144918
-0.0167327
-0.0207589
-0.0263191
-0.032705
-0.0389908
-0.0444357
-0.0486382
-0.051468
-0.0529236
-0.0530434
-0.0518848
-0.0495718
-0.0463401
-0.0424874
-0.0385545
-0.0335987
-0.0280162
-0.0209707
-0.0146347
-0.0147807
-0.0163844
-0.0196102
-0.0243728
-0.030185
-0.036233
-0.0417244
-0.046122
-0.049165
-0.0507698
-0.0509397
-0.0497209
-0.0472533
-0.0438118
-0.0397773
-0.0357515
-0.0309011
-0.0262421
-0.0187513
-0.0148347
-0.0145545
-0.0152929
-0.0174395
-0.021202
-0.0263329
-0.0321151
-0.0376867
-0.0423554
-0.0457033
-0.0475395
-0.0478093
-0.0465619
-0.0439175
-0.040209
-0.0358593
-0.0314923
-0.0265613
-0.0230346
-0.013597
-0.01467
-0.0140273
-0.0136346
-0.0144101
-0.0170004
-0.0213667
-0.0268634
-0.0325412
-0.0375469
-0.0412921
-0.0434627
-0.04393
-0.0427274
-0.0399411
-0.0359361
-0.0311458
-0.026261
-0.0210671
-0.0180309
-0.00406736
-0.0142347
-0.0133329
-0.0115516
-0.0108144
-0.0121915
-0.0158093
-0.0210505
-0.0268635
-0.0322553
-0.0364753
-0.0390869
-0.039863
-0.0388019
-0.0359697
-0.0316619
-0.0262442
-0.0203745
-0.0139636
-0.00824971
0.0146489
-0.0144194
-0.0126462
-0.00897961
-0.00674475
-0.00710133
-0.0101829
-0.0153006
-0.021304
-0.0271233
-0.0318762
-0.0350322
-0.03625
-0.0354713
-0.032696
-0.0280928
-0.0216898
-0.0136537
-0.00273365
0.0138031
0.054539
-0.0119046
-0.0121823
-0.00666939
-0.00302558
-0.00274928
-0.00565554
-0.0108434
-0.0170963
-0.0233348
-0.0285864
-0.0322949
-0.0340321
-0.0336999
-0.0310491
-0.0259459
-0.0175686
-0.00467181
0.0175761
0.0571012
0.126719
-0.0296155
-0.0112587
-0.00190178
0.00149188
0.00111255
-0.00216886
-0.00762319
-0.0141633
-0.0207237
-0.0263149
-0.030363
-0.0324232
-0.0323587
-0.0297621
-0.0239901
-0.0128738
0.00788715
0.0483353
0.11955
0.22315
)
;

boundaryField
{
    movingWall
    {
        type            zeroGradient;
    }
    fixedWalls
    {
        type            zeroGradient;
    }
    frontAndBack
    {
        type            empty;
    }
}


// ************************************************************************* //
