/*--------------------------------*- C++ -*----------------------------------*\
| =========                 |                                                 |
| \\      /  F ield         | OpenFOAM: The Open Source CFD Toolbox           |
|  \\    /   O peration     | Version:  2212                                  |
|   \\  /    A nd           | Website:  www.openfoam.com                      |
|    \\/     M anipulation  |                                                 |
\*---------------------------------------------------------------------------*/
FoamFile
{
    version     2.0;
    format      ascii;
    arch        "LSB;label=32;scalar=64";
    class       surfaceScalarField;
    location    "3.42";
    object      phi;
}
// * * * * * * * * * * * * * * * * * * * * * * * * * * * * * * * * * * * * * //

dimensions      [0 3 -1 0 0 0 0];

oriented        oriented;

internalField   nonuniform List<scalar> 
760
(
1.50016e-07
-1.50017e-07
2.80737e-07
-1.3072e-07
2.94307e-07
-1.35706e-08
1.68746e-07
1.25561e-07
-1.30737e-07
2.99483e-07
-6.65921e-07
5.35185e-07
-1.46808e-06
8.02158e-07
-2.45414e-06
9.86064e-07
-3.42849e-06
9.74349e-07
-4.16249e-06
7.34002e-07
-4.48936e-06
3.26865e-07
-4.31257e-06
-1.7679e-07
-3.57291e-06
-7.39661e-07
-2.38129e-06
-1.19161e-06
-9.63604e-07
-1.41769e-06
3.10451e-07
-1.27405e-06
1.0539e-06
-7.43454e-07
1.01044e-06
4.34693e-08
4.52792e-07
5.57644e-07
4.52792e-07
1.15012e-07
-2.65029e-07
5.70972e-08
-7.28058e-08
-3.11584e-07
3.55111e-07
-1.07915e-06
8.93124e-07
-2.29056e-06
1.51089e-06
-3.86986e-06
2.11449e-06
-5.57573e-06
2.50803e-06
-7.10182e-06
2.51215e-06
-8.22407e-06
2.0966e-06
-8.83094e-06
1.34087e-06
-8.87436e-06
3.70284e-07
-8.33032e-06
-7.20834e-07
-7.22969e-06
-1.84029e-06
-5.60398e-06
-2.81733e-06
-3.59441e-06
-3.42725e-06
-1.50132e-06
-3.36715e-06
1.52656e-07
-2.39743e-06
8.36321e-07
-6.40195e-07
5.16181e-07
8.77784e-07
9.68973e-07
-1.34062e-07
-1.30967e-07
-6.37553e-07
4.30685e-07
-1.61126e-06
1.32882e-06
-3.09653e-06
2.3784e-06
-4.97517e-06
3.38953e-06
-6.95857e-06
4.0979e-06
-8.73701e-06
4.28647e-06
-1.0129e-05
3.9041e-06
-1.108e-05
3.04767e-06
-1.15816e-05
1.84243e-06
-1.15847e-05
3.73402e-07
-1.11375e-05
-1.16807e-06
-1.02223e-05
-2.7555e-06
-8.78479e-06
-4.25479e-06
-6.80421e-06
-5.40783e-06
-4.36809e-06
-5.80327e-06
-1.87067e-06
-4.89486e-06
-9.4077e-08
-2.41679e-06
2.9063e-07
4.93077e-07
1.2596e-06
-4.95196e-07
3.64229e-07
-1.53758e-06
1.47307e-06
-3.06591e-06
2.85715e-06
-4.98965e-06
4.30214e-06
-7.0589e-06
5.45878e-06
-8.97245e-06
6.01144e-06
-1.05276e-05
5.84165e-06
-1.16779e-05
5.05439e-06
-1.24497e-05
3.81947e-06
-1.28777e-05
2.27038e-06
-1.29488e-05
4.44556e-07
-1.27181e-05
-1.39882e-06
-1.21494e-05
-3.32416e-06
-1.1141e-05
-5.26319e-06
-9.56171e-06
-6.98715e-06
-7.28708e-06
-8.0779e-06
-4.3556e-06
-7.82633e-06
-1.3701e-06
-5.40229e-06
1.17235e-07
-9.94255e-07
1.37684e-06
-8.44831e-07
1.20906e-06
-2.31418e-06
2.94242e-06
-4.14788e-06
4.69084e-06
-6.15954e-06
6.31381e-06
-8.0755e-06
7.37473e-06
-9.67393e-06
7.60987e-06
-1.08742e-05
7.04193e-06
-1.16998e-05
5.87997e-06
-1.22118e-05
4.3315e-06
-1.24834e-05
2.542e-06
-1.26044e-05
5.65539e-07
-1.2566e-05
-1.43722e-06
-1.23578e-05
-3.53242e-06
-1.18996e-05
-5.7214e-06
-1.10046e-05
-7.88214e-06
-9.38549e-06
-9.69697e-06
-6.74673e-06
-1.04651e-05
-3.18947e-06
-8.95956e-06
-2.62168e-07
-3.92155e-06
1.11467e-06
-1.06067e-06
2.26973e-06
-2.72213e-06
4.60388e-06
-4.57965e-06
6.54836e-06
-6.40842e-06
8.14258e-06
-7.98721e-06
8.95352e-06
-9.18247e-06
8.80514e-06
-9.98551e-06
7.84497e-06
-1.04591e-05
6.35352e-06
-1.06932e-05
4.5656e-06
-1.0789e-05
2.63784e-06
-1.08687e-05
6.45258e-07
-1.09252e-05
-1.38078e-06
-1.09718e-05
-3.48574e-06
-1.09782e-05
-5.71503e-06
-1.07881e-05
-8.07221e-06
-1.00727e-05
-1.04124e-05
-8.34019e-06
-1.21976e-05
-5.18218e-06
-1.21176e-05
-1.14701e-06
-7.95672e-06
-3.23445e-08
-1.08132e-06
3.35105e-06
-2.69372e-06
6.21628e-06
-4.36061e-06
8.21525e-06
-5.87332e-06
9.65529e-06
-7.07237e-06
1.01526e-05
-7.89149e-06
9.62425e-06
-8.36388e-06
8.31737e-06
-8.57462e-06
6.56426e-06
-8.62773e-06
4.61871e-06
-8.62295e-06
2.63307e-06
-8.64671e-06
6.69014e-07
-8.72119e-06
-1.30629e-06
-8.86619e-06
-3.34074e-06
-9.09215e-06
-5.48908e-06
-9.33852e-06
-7.82584e-06
-9.36872e-06
-1.03822e-05
-8.66128e-06
-1.2905e-05
-6.46597e-06
-1.43129e-05
-2.39306e-06
-1.20296e-05
-2.4254e-06
-9.09528e-07
4.26057e-06
-2.2907e-06
7.59745e-06
-3.65343e-06
9.57799e-06
-4.81496e-06
1.08168e-05
-5.67319e-06
1.10108e-05
-6.20744e-06
1.01585e-05
-6.47119e-06
8.58111e-06
-6.55414e-06
6.64721e-06
-6.55395e-06
4.61852e-06
-6.54697e-06
2.62608e-06
-6.57298e-06
6.95026e-07
-6.65122e-06
-1.22805e-06
-6.80438e-06
-3.18759e-06
-7.06354e-06
-5.22992e-06
-7.44348e-06
-7.44589e-06
-7.84666e-06
-9.97903e-06
-7.8558e-06
-1.28959e-05
-6.65354e-06
-1.55151e-05
-3.54061e-06
-1.51426e-05
-5.96601e-06
-6.06088e-07
4.86666e-06
-1.64546e-06
8.63683e-06
-2.6605e-06
1.0593e-05
-3.48614e-06
1.16424e-05
-4.0653e-06
1.159e-05
-4.40523e-06
1.04984e-05
-4.56236e-06
8.73824e-06
-4.61467e-06
6.69952e-06
-4.63612e-06
4.63997e-06
-4.67318e-06
2.66315e-06
-4.73803e-06
7.59866e-07
-4.83858e-06
-1.12749e-06
-4.98645e-06
-3.03972e-06
-5.21227e-06
-5.00411e-06
-5.57196e-06
-7.0862e-06
-6.07516e-06
-9.47583e-06
-6.49306e-06
-1.2478e-05
-6.07824e-06
-1.59299e-05
-3.88747e-06
-1.73333e-05
-9.85348e-06
-2.23843e-07
5.0905e-06
-8.69453e-07
9.28244e-06
-1.52888e-06
1.12525e-05
-2.04901e-06
1.21626e-05
-2.40062e-06
1.19416e-05
-2.60641e-06
1.07042e-05
-2.71367e-06
8.8455e-06
-2.77564e-06
6.76149e-06
-2.83824e-06
4.70256e-06
-2.92478e-06
2.7497e-06
-3.03843e-06
8.73511e-07
-3.1795e-06
-9.86424e-07
-3.34944e-06
-2.86977e-06
-3.56284e-06
-4.79071e-06
-3.87449e-06
-6.77454e-06
-4.36648e-06
-8.98385e-06
-4.97706e-06
-1.18674e-05
-5.09245e-06
-1.58146e-05
-3.53706e-06
-1.88887e-05
-1.33905e-05
1.60877e-07
4.92963e-06
-6.56888e-08
9.509e-06
-3.91896e-07
1.15787e-05
-6.37455e-07
1.24081e-05
-7.87221e-07
1.20913e-05
-8.717e-07
1.07887e-05
-9.30523e-07
8.90432e-06
-9.96007e-07
6.82698e-06
-1.08499e-06
4.79154e-06
-1.20488e-06
2.86959e-06
-1.35734e-06
1.02597e-06
-1.54441e-06
-7.99356e-07
-1.76566e-06
-2.64852e-06
-2.02109e-06
-4.53528e-06
-2.34221e-06
-6.45342e-06
-2.82648e-06
-8.49958e-06
-3.53248e-06
-1.11614e-05
-4.0105e-06
-1.53365e-05
-3.01586e-06
-1.98834e-05
-1.64064e-05
4.8768e-07
4.44195e-06
6.82201e-07
9.31448e-06
7.25462e-07
1.15354e-05
7.62552e-07
1.2371e-05
8.09998e-07
1.20439e-05
8.41252e-07
1.07575e-05
8.3535e-07
8.91023e-06
7.83729e-07
6.8786e-06
6.8883e-07
4.88644e-06
5.53667e-07
3.00476e-06
3.74771e-07
1.20487e-06
1.46199e-07
-5.70784e-07
-1.34732e-07
-2.36759e-06
-4.75176e-07
-4.19484e-06
-8.82643e-07
-6.04595e-06
-1.40818e-06
-7.97404e-06
-2.1994e-06
-1.03702e-05
-2.95703e-06
-1.45789e-05
-2.46272e-06
-2.03777e-05
-1.88691e-05
7.33505e-07
3.70844e-06
1.31853e-06
8.72946e-06
1.70503e-06
1.11489e-05
2.03175e-06
1.20443e-05
2.30484e-06
1.17708e-05
2.49145e-06
1.05708e-05
2.58109e-06
8.82058e-06
2.58421e-06
6.87548e-06
2.51638e-06
4.95427e-06
2.38732e-06
3.13381e-06
2.19205e-06
1.40014e-06
1.91714e-06
-2.95877e-07
1.56111e-06
-2.01156e-06
1.1188e-06
-3.75253e-06
5.83793e-07
-5.51094e-06
-1.00016e-07
-7.29023e-06
-9.76016e-07
-9.49419e-06
-1.94074e-06
-1.36142e-05
-1.93541e-06
-2.0383e-05
-2.08045e-05
8.42184e-07
2.86626e-06
1.75924e-06
7.81241e-06
2.48744e-06
1.04207e-05
3.12043e-06
1.14113e-05
3.66388e-06
1.12274e-05
4.0719e-06
1.01628e-05
4.32595e-06
8.56654e-06
4.4393e-06
6.76213e-06
4.43649e-06
4.95707e-06
4.33505e-06
3.23525e-06
4.13497e-06
1.60023e-06
3.81157e-06
2.75275e-08
3.37432e-06
-1.57432e-06
2.80341e-06
-3.18162e-06
2.09747e-06
-4.80501e-06
1.27083e-06
-6.4636e-06
2.27806e-07
-8.45116e-06
-9.92477e-07
-1.23939e-05
-1.44344e-06
-1.9932e-05
-2.2248e-05
7.78022e-07
2.08824e-06
1.89415e-06
6.69628e-06
2.91546e-06
9.39939e-06
3.8747e-06
1.04521e-05
4.74238e-06
1.03597e-05
5.45026e-06
9.45494e-06
5.95665e-06
8.06015e-06
6.26334e-06
6.45544e-06
6.3924e-06
4.82801e-06
6.36446e-06
3.2632e-06
6.18118e-06
1.7835e-06
5.83613e-06
3.72584e-07
5.30541e-06
-1.04359e-06
4.59079e-06
-2.467e-06
3.68462e-06
-3.89883e-06
2.61463e-06
-5.39361e-06
1.33361e-06
-7.17014e-06
-1.85907e-07
-1.08744e-05
-9.36489e-07
-1.91815e-05
-2.31845e-05
5.55659e-07
1.53258e-06
1.70083e-06
5.55111e-06
3.00925e-06
8.09097e-06
4.33628e-06
9.12507e-06
5.58486e-06
9.11109e-06
6.65499e-06
8.38481e-06
7.47895e-06
7.23618e-06
8.04249e-06
5.8919e-06
8.35833e-06
4.51218e-06
8.44516e-06
3.17637e-06
8.31109e-06
1.91757e-06
7.95549e-06
7.28185e-07
7.3361e-06
-4.24205e-07
6.4695e-06
-1.6004e-06
5.34306e-06
-2.7724e-06
3.99861e-06
-4.04916e-06
2.49782e-06
-5.66935e-06
9.01324e-07
-9.27789e-06
-1.70443e-07
-1.81097e-05
-2.33549e-05
1.39275e-07
1.3933e-06
9.91599e-07
4.69878e-06
2.43347e-06
6.6491e-06
4.12279e-06
7.43575e-06
5.818e-06
7.41588e-06
7.33218e-06
6.87063e-06
8.56073e-06
6.00763e-06
9.4725e-06
4.98013e-06
1.0062e-05
3.92264e-06
1.03426e-05
2.89586e-06
1.03205e-05
1.93957e-06
1.00033e-05
1.04547e-06
9.35283e-06
2.26228e-07
8.38034e-06
-6.27912e-07
7.08465e-06
-1.4767e-06
5.51491e-06
-2.47942e-06
3.82693e-06
-3.98137e-06
2.18986e-06
-7.64082e-06
6.33424e-07
-1.65533e-05
-2.27215e-05
-5.08379e-07
1.90168e-06
1.8097e-07
4.00943e-06
1.69338e-06
5.13669e-06
3.71216e-06
5.41697e-06
5.8282e-06
5.29984e-06
7.75845e-06
4.94038e-06
9.36482e-06
4.40126e-06
1.06052e-05
3.7397e-06
1.14609e-05
3.06695e-06
1.19497e-05
2.40713e-06
1.20765e-05
1.81278e-06
1.18627e-05
1.25925e-06
1.13275e-05
7.61391e-07
1.04511e-05
2.4851e-07
9.23788e-06
-2.63492e-07
7.75273e-06
-9.9427e-07
6.18181e-06
-2.41046e-06
4.4105e-06
-5.86951e-06
2.03637e-06
-1.41791e-05
-2.06851e-05
-4.16984e-06
6.07152e-06
-3.63916e-06
3.47875e-06
-1.27388e-06
2.7714e-06
1.48525e-06
2.65784e-06
4.18548e-06
2.59961e-06
6.68493e-06
2.44093e-06
8.87336e-06
2.21283e-06
1.06911e-05
1.92193e-06
1.21204e-05
1.63765e-06
1.31877e-05
1.33983e-06
1.39102e-05
1.0903e-06
1.4332e-05
8.37411e-07
1.44434e-05
6.50009e-07
1.42571e-05
4.3486e-07
1.37585e-05
2.35081e-07
1.29621e-05
-1.97876e-07
1.18631e-05
-1.31141e-06
1.00879e-05
-4.09437e-06
5.62784e-06
-9.71906e-06
-1.50573e-05
6.07152e-06
9.55028e-06
1.23217e-05
1.49795e-05
1.75791e-05
2.00201e-05
2.22329e-05
2.41548e-05
2.57925e-05
2.71323e-05
2.82226e-05
2.906e-05
2.971e-05
3.01449e-05
3.038e-05
3.01821e-05
2.88707e-05
2.47763e-05
1.50573e-05
)
;

boundaryField
{
    movingWall
    {
        type            calculated;
        value           uniform 0;
    }
    fixedWalls
    {
        type            calculated;
        value           uniform 0;
    }
    frontAndBack
    {
        type            empty;
        value           nonuniform List<scalar> 0();
    }
}


// ************************************************************************* //
