/*--------------------------------*- C++ -*----------------------------------*\
| =========                 |                                                 |
| \\      /  F ield         | OpenFOAM: The Open Source CFD Toolbox           |
|  \\    /   O peration     | Version:  2212                                  |
|   \\  /    A nd           | Website:  www.openfoam.com                      |
|    \\/     M anipulation  |                                                 |
\*---------------------------------------------------------------------------*/
FoamFile
{
    version     2.0;
    format      ascii;
    arch        "LSB;label=32;scalar=64";
    class       volVectorField;
    location    "3.42";
    object      U;
}
// * * * * * * * * * * * * * * * * * * * * * * * * * * * * * * * * * * * * * //

dimensions      [0 1 -1 0 0 0 0];

internalField   nonuniform List<vector> 
400
(
(0.00162001 -0.00163231 0)
(0.0046425 -0.00182757 0)
(0.00629034 -0.00116526 0)
(0.0053502 -0.000551389 0)
(0.00129176 0.000205375 0)
(-0.00696388 0.00173172 0)
(-0.0204637 0.00467977 0)
(-0.0390007 0.00850665 0)
(-0.0598739 0.0110344 0)
(-0.0779764 0.0103482 0)
(-0.0886584 0.00673656 0)
(-0.089505 0.00173063 0)
(-0.0796253 -0.00347649 0)
(-0.0598201 -0.00809708 0)
(-0.0337759 -0.0106762 0)
(-0.00588747 -0.00968771 0)
(0.0159685 -0.00482123 0)
(0.0238187 0.0026427 0)
(0.0158643 0.00632299 0)
(0.00425863 0.00463355 0)
(0.00161115 -0.00483942 0)
(0.00286646 -0.00379504 0)
(-0.000787096 0.000676372 0)
(-0.0115537 0.0063792 0)
(-0.031246 0.0138007 0)
(-0.0603259 0.0232671 0)
(-0.0953359 0.0323533 0)
(-0.129453 0.0364172 0)
(-0.15672 0.0330686 0)
(-0.173825 0.0232491 0)
(-0.179325 0.00924241 0)
(-0.173224 -0.00661928 0)
(-0.156096 -0.0226109 0)
(-0.128638 -0.0362582 0)
(-0.0930884 -0.0439398 0)
(-0.052163 -0.041402 0)
(-0.0117624 -0.0262627 0)
(0.0163067 -0.00158629 0)
(0.0175034 0.0158088 0)
(0.00547207 0.0145575 0)
(-0.000333753 -0.00536714 0)
(-0.00553816 0.00113661 0)
(-0.0196019 0.0142055 0)
(-0.0440092 0.0306609 0)
(-0.0790787 0.0484346 0)
(-0.120161 0.0630748 0)
(-0.159745 0.0693653 0)
(-0.192339 0.0651397 0)
(-0.215776 0.0516953 0)
(-0.229437 0.0314655 0)
(-0.233313 0.006769 0)
(-0.228038 -0.0203739 0)
(-0.21392 -0.0478212 0)
(-0.190462 -0.0719995 0)
(-0.157385 -0.0878166 0)
(-0.114663 -0.0882806 0)
(-0.0640979 -0.0666063 0)
(-0.0139633 -0.0229833 0)
(0.00928177 0.0172987 0)
(0.00414641 0.0231742 0)
(-0.00345328 0.000898473 0)
(-0.0173072 0.0173538 0)
(-0.0428502 0.0408487 0)
(-0.0782697 0.0668493 0)
(-0.120715 0.0894151 0)
(-0.16298 0.102089 0)
(-0.198683 0.101438 0)
(-0.225787 0.0886383 0)
(-0.244512 0.0667797 0)
(-0.255451 0.0385497 0)
(-0.259431 0.00581838 0)
(-0.257254 -0.030096 0)
(-0.24886 -0.0670054 0)
(-0.233204 -0.101998 0)
(-0.208299 -0.129662 0)
(-0.17145 -0.141257 0)
(-0.120147 -0.124676 0)
(-0.0563724 -0.0706559 0)
(-0.00111005 0.00294009 0)
(0.0047312 0.027754 0)
(-0.00653736 0.014995 0)
(-0.0281593 0.0436922 0)
(-0.0620199 0.0757126 0)
(-0.102373 0.106841 0)
(-0.144493 0.128904 0)
(-0.181381 0.136091 0)
(-0.209497 0.127827 0)
(-0.229129 0.10757 0)
(-0.241549 0.0791613 0)
(-0.248469 0.0453883 0)
(-0.251594 0.00779188 0)
(-0.251875 -0.032845 0)
(-0.249106 -0.0754098 0)
(-0.242698 -0.118612 0)
(-0.229853 -0.158541 0)
(-0.205945 -0.186795 0)
(-0.164976 -0.188119 0)
(-0.10233 -0.141819 0)
(-0.0220708 -0.0390744 0)
(0.00726352 0.0265699 0)
(-0.00830584 0.0346143 0)
(-0.0343628 0.0755402 0)
(-0.0714786 0.112849 0)
(-0.110897 0.14501 0)
(-0.147644 0.16331 0)
(-0.176258 0.163604 0)
(-0.195626 0.147892 0)
(-0.207219 0.121158 0)
(-0.213009 0.0877634 0)
(-0.215484 0.0507115 0)
(-0.21667 0.0114794 0)
(-0.217618 -0.029548 0)
(-0.21855 -0.0728837 0)
(-0.219526 -0.118975 0)
(-0.218329 -0.166651 0)
(-0.209826 -0.210443 0)
(-0.185933 -0.236162 0)
(-0.138124 -0.216617 0)
(-0.0620463 -0.118061 0)
(0.00565738 0.0138272 0)
(-0.00806649 0.0561883 0)
(-0.0344531 0.108219 0)
(-0.0701604 0.147759 0)
(-0.104771 0.178008 0)
(-0.134041 0.190838 0)
(-0.154278 0.1839 0)
(-0.16602 0.161253 0)
(-0.171331 0.128985 0)
(-0.172614 0.0919074 0)
(-0.17242 0.0530867 0)
(-0.172348 0.0137856 0)
(-0.17313 -0.0259851 0)
(-0.175341 -0.0674427 0)
(-0.179513 -0.111993 0)
(-0.18495 -0.160834 0)
(-0.187928 -0.212823 0)
(-0.180481 -0.258884 0)
(-0.152627 -0.272724 0)
(-0.0981392 -0.204144 0)
(-0.00881592 -0.0148002 0)
(-0.00595008 0.0762308 0)
(-0.0289959 0.138133 0)
(-0.0599304 0.177959 0)
(-0.0878988 0.204764 0)
(-0.109642 0.211615 0)
(-0.123028 0.197802 0)
(-0.129504 0.169071 0)
(-0.131345 0.132379 0)
(-0.131019 0.0928076 0)
(-0.130551 0.0531586 0)
(-0.130712 0.0141966 0)
(-0.131722 -0.0244934 0)
(-0.134072 -0.0640459 0)
(-0.138477 -0.105846 0)
(-0.145528 -0.152022 0)
(-0.153819 -0.204999 0)
(-0.157223 -0.262695 0)
(-0.145332 -0.3053 0)
(-0.111098 -0.274854 0)
(-0.030501 -0.074635 0)
(-0.00262779 0.0917758 0)
(-0.0198255 0.162675 0)
(-0.043992 0.201913 0)
(-0.0648017 0.224708 0)
(-0.0798689 0.22602 0)
(-0.0882147 0.206565 0)
(-0.0916176 0.173265 0)
(-0.092203 0.133629 0)
(-0.0920998 0.092791 0)
(-0.0925583 0.0531079 0)
(-0.0936773 0.0147154 0)
(-0.095373 -0.023233 0)
(-0.0978457 -0.0616403 0)
(-0.101633 -0.101357 0)
(-0.107909 -0.144208 0)
(-0.117381 -0.194312 0)
(-0.126739 -0.256063 0)
(-0.125432 -0.320278 0)
(-0.106579 -0.331856 0)
(-0.0369369 -0.161448 0)
(0.00120726 0.100604 0)
(-0.00863344 0.180097 0)
(-0.0249299 0.219137 0)
(-0.038659 0.238632 0)
(-0.0479919 0.235786 0)
(-0.052739 0.212338 0)
(-0.0545104 0.175991 0)
(-0.054958 0.134647 0)
(-0.055635 0.0933915 0)
(-0.0571451 0.0540628 0)
(-0.0592721 0.016228 0)
(-0.0618588 -0.0212484 0)
(-0.0649139 -0.0591301 0)
(-0.0686563 -0.0977829 0)
(-0.0740696 -0.13811 0)
(-0.0827818 -0.184041 0)
(-0.0947945 -0.244051 0)
(-0.0999627 -0.320866 0)
(-0.0946186 -0.369158 0)
(-0.0307291 -0.240063 0)
(0.00497196 0.101672 0)
(0.00293729 0.189433 0)
(-0.00518214 0.229405 0)
(-0.0121387 0.246482 0)
(-0.0164366 0.240805 0)
(-0.0182377 0.215111 0)
(-0.0188038 0.177443 0)
(-0.0191846 0.135703 0)
(-0.0203446 0.0947447 0)
(-0.0224829 0.0560221 0)
(-0.0252903 0.0188199 0)
(-0.028679 -0.0180905 0)
(-0.0326694 -0.0554982 0)
(-0.0372428 -0.0935882 0)
(-0.042991 -0.132463 0)
(-0.0512575 -0.174843 0)
(-0.0649237 -0.23081 0)
(-0.0739363 -0.314315 0)
(-0.0809412 -0.393485 0)
(-0.0228659 -0.304321 0)
(0.00815821 0.0953421 0)
(0.013843 0.190347 0)
(0.0137738 0.232834 0)
(0.0134133 0.249171 0)
(0.0140542 0.242485 0)
(0.0152774 0.216291 0)
(0.01617 0.178643 0)
(0.0162493 0.137281 0)
(0.0151107 0.0968483 0)
(0.0128063 0.0587299 0)
(0.00963841 0.0222365 0)
(0.00559879 -0.0138466 0)
(0.000544759 -0.0504109 0)
(-0.00542121 -0.0876743 0)
(-0.0127101 -0.125392 0)
(-0.0216195 -0.164844 0)
(-0.0374528 -0.21553 0)
(-0.048905 -0.300532 0)
(-0.0679541 -0.405306 0)
(-0.0144972 -0.357172 0)
(0.00989935 0.0827737 0)
(0.022685 0.182897 0)
(0.0302223 0.228997 0)
(0.0360636 0.245716 0)
(0.0416588 0.239245 0)
(0.0465677 0.213984 0)
(0.049952 0.177668 0)
(0.0515447 0.137663 0)
(0.051298 0.0984148 0)
(0.0494399 0.0613676 0)
(0.046255 0.0260228 0)
(0.0416866 -0.00875719 0)
(0.0355594 -0.0439257 0)
(0.0279477 -0.0797761 0)
(0.0181097 -0.116022 0)
(0.00703636 -0.153089 0)
(-0.0121936 -0.199111 0)
(-0.0248559 -0.282441 0)
(-0.0561487 -0.407924 0)
(-0.00625159 -0.399188 0)
(0.00941872 0.0661635 0)
(0.02801 0.167497 0)
(0.0430146 0.218138 0)
(0.0553251 0.237017 0)
(0.066441 0.232381 0)
(0.07599 0.209522 0)
(0.0830749 0.175713 0)
(0.0873659 0.137824 0)
(0.0889413 0.100192 0)
(0.088132 0.0644717 0)
(0.0852926 0.0305399 0)
(0.0802762 -0.00261666 0)
(0.0729115 -0.0356837 0)
(0.0634439 -0.0692993 0)
(0.0505974 -0.103316 0)
(0.0360653 -0.137755 0)
(0.0120588 -0.17912 0)
(-0.000932209 -0.259325 0)
(-0.0453201 -0.403874 0)
(0.0025761 -0.433918 0)
(0.00659066 0.0490573 0)
(0.0282064 0.146436 0)
(0.04941 0.199959 0)
(0.0679063 0.220512 0)
(0.0850859 0.217857 0)
(0.100538 0.198175 0)
(0.112984 0.168098 0)
(0.121715 0.13371 0)
(0.126642 0.0990555 0)
(0.128047 0.065897 0)
(0.126224 0.0344962 0)
(0.121285 0.00405723 0)
(0.112751 -0.0258393 0)
(0.101257 -0.0560587 0)
(0.0846501 -0.0867013 0)
(0.0659632 -0.118465 0)
(0.0365419 -0.156142 0)
(0.0226266 -0.23352 0)
(-0.0351139 -0.396463 0)
(0.0131872 -0.462598 0)
(0.00225347 0.0348921 0)
(0.0226067 0.122239 0)
(0.0491155 0.176946 0)
(0.0742536 0.199394 0)
(0.0984469 0.19913 0)
(0.120931 0.183103 0)
(0.140036 0.157525 0)
(0.154527 0.127596 0)
(0.163982 0.0969312 0)
(0.168629 0.0672748 0)
(0.168451 0.0392304 0)
(0.164176 0.0123921 0)
(0.154482 -0.0136162 0)
(0.141006 -0.0395393 0)
(0.120245 -0.0657399 0)
(0.0973019 -0.093835 0)
(0.0622397 -0.1287 0)
(0.0456238 -0.204479 0)
(-0.0235297 -0.385327 0)
(0.0281203 -0.484332 0)
(-0.00334534 0.0293372 0)
(0.00931202 0.100754 0)
(0.0354093 0.146462 0)
(0.0665182 0.166556 0)
(0.0987661 0.167703 0)
(0.129915 0.155686 0)
(0.157411 0.135669 0)
(0.179519 0.111739 0)
(0.195208 0.0869515 0)
(0.20482 0.0628476 0)
(0.207587 0.0401943 0)
(0.205228 0.0188453 0)
(0.19515 -0.00153474 0)
(0.180804 -0.0215101 0)
(0.156588 -0.0415707 0)
(0.130687 -0.0648762 0)
(0.0901564 -0.0985972 0)
(0.0684547 -0.177583 0)
(-0.00518217 -0.368932 0)
(0.0517558 -0.491 0)
(-0.0135026 0.0192418 0)
(-0.00751885 0.0882116 0)
(0.0180869 0.123051 0)
(0.0543479 0.135443 0)
(0.0945721 0.134772 0)
(0.134113 0.125666 0)
(0.16965 0.111267 0)
(0.198879 0.093828 0)
(0.220333 0.0757481 0)
(0.235046 0.0580109 0)
(0.24095 0.0416097 0)
(0.241802 0.0263784 0)
(0.232749 0.0125396 0)
(0.221239 -0.000833382 0)
(0.196967 -0.0144443 0)
(0.173893 -0.0331414 0)
(0.130658 -0.0658262 0)
(0.106298 -0.144782 0)
(0.0367597 -0.325918 0)
(0.0920859 -0.455755 0)
(-0.10568 0.0829316 0)
(-0.0775232 0.069344 0)
(-0.048821 0.0728842 0)
(0.00272598 0.0769247 0)
(0.0553187 0.0770339 0)
(0.107156 0.0727608 0)
(0.153554 0.0655617 0)
(0.19523 0.0563561 0)
(0.226893 0.0469336 0)
(0.254689 0.037531 0)
(0.270341 0.0291533 0)
(0.2855 0.0214226 0)
(0.286162 0.0149374 0)
(0.290653 0.00875145 0)
(0.275116 0.00200183 0)
(0.268652 -0.00911427 0)
(0.230162 -0.0347408 0)
(0.217104 -0.0950168 0)
(0.149964 -0.229699 0)
(0.170625 -0.341513 0)
(0.130171 0.103906 0)
(0.158753 0.0756353 0)
(0.212832 0.0536651 0)
(0.271266 0.0419492 0)
(0.323503 0.0361086 0)
(0.375417 0.0320406 0)
(0.419465 0.0289572 0)
(0.46425 0.0256028 0)
(0.496947 0.0229391 0)
(0.531905 0.0197685 0)
(0.551221 0.0176437 0)
(0.577036 0.0147366 0)
(0.583335 0.0133349 0)
(0.601952 0.0105452 0)
(0.593783 0.00961266 0)
(0.60275 0.00521032 0)
(0.567432 0.000272211 0)
(0.547764 -0.0181938 0)
(0.436132 -0.0503879 0)
(0.336982 -0.101412 0)
)
;

boundaryField
{
    movingWall
    {
        type            fixedValue;
        value           uniform (1 0 0);
    }
    fixedWalls
    {
        type            noSlip;
    }
    frontAndBack
    {
        type            empty;
    }
}


// ************************************************************************* //
