/*--------------------------------*- C++ -*----------------------------------*\
| =========                 |                                                 |
| \\      /  F ield         | OpenFOAM: The Open Source CFD Toolbox           |
|  \\    /   O peration     | Version:  2212                                  |
|   \\  /    A nd           | Website:  www.openfoam.com                      |
|    \\/     M anipulation  |                                                 |
\*---------------------------------------------------------------------------*/
FoamFile
{
    version     2.0;
    format      ascii;
    arch        "LSB;label=32;scalar=64";
    class       volVectorField;
    location    "4.135";
    object      U;
}
// * * * * * * * * * * * * * * * * * * * * * * * * * * * * * * * * * * * * * //

dimensions      [0 1 -1 0 0 0 0];

internalField   nonuniform List<vector> 
400
(
(0.00165816 -0.00166409 0)
(0.00476297 -0.00186731 0)
(0.00647374 -0.00118668 0)
(0.00554601 -0.000565694 0)
(0.00145775 0.000192483 0)
(-0.0068889 0.00173717 0)
(-0.020559 0.00474651 0)
(-0.039335 0.00864883 0)
(-0.060448 0.0111949 0)
(-0.0786905 0.0104538 0)
(-0.0893789 0.006768 0)
(-0.0901218 0.00170303 0)
(-0.0800442 -0.00355175 0)
(-0.0599951 -0.00819873 0)
(-0.0336987 -0.0107795 0)
(-0.00559823 -0.00975936 0)
(0.0163743 -0.00480797 0)
(0.0241888 0.00271391 0)
(0.0160504 0.00640898 0)
(0.00429443 0.00468399 0)
(0.00167767 -0.00497787 0)
(0.00304503 -0.00393901 0)
(-0.000568522 0.000625983 0)
(-0.0114317 0.00642281 0)
(-0.0313767 0.0139587 0)
(-0.0608483 0.0235789 0)
(-0.096265 0.0327801 0)
(-0.130667 0.036818 0)
(-0.158071 0.0333342 0)
(-0.175188 0.0233438 0)
(-0.180601 0.0091743 0)
(-0.174347 -0.00682458 0)
(-0.157002 -0.0229309 0)
(-0.12929 -0.0366409 0)
(-0.0934624 -0.0443186 0)
(-0.0522487 -0.0416851 0)
(-0.0116042 -0.0263429 0)
(0.0166188 -0.00143511 0)
(0.0177117 0.0160418 0)
(0.00551313 0.0147119 0)
(-0.000278803 -0.00561694 0)
(-0.00545205 0.00094052 0)
(-0.0196256 0.0142767 0)
(-0.0443368 0.0310252 0)
(-0.0798684 0.0490523 0)
(-0.121401 0.0638136 0)
(-0.161287 0.0700463 0)
(-0.194042 0.0656397 0)
(-0.217543 0.0519681 0)
(-0.231191 0.0314999 0)
(-0.234993 0.00657104 0)
(-0.229601 -0.020788 0)
(-0.215325 -0.0484157 0)
(-0.191661 -0.072706 0)
(-0.158339 -0.0885329 0)
(-0.115323 -0.0888699 0)
(-0.0644136 -0.066908 0)
(-0.0139218 -0.0228548 0)
(0.00938616 0.0176354 0)
(0.00415133 0.0234075 0)
(-0.00346876 0.000638137 0)
(-0.0174475 0.017304 0)
(-0.043276 0.0412653 0)
(-0.0791415 0.0676709 0)
(-0.12206 0.0904467 0)
(-0.164651 0.103095 0)
(-0.200515 0.102247 0)
(-0.227697 0.0891907 0)
(-0.246449 0.0670598 0)
(-0.257374 0.0385519 0)
(-0.261306 0.00553882 0)
(-0.259049 -0.0306542 0)
(-0.250538 -0.0678006 0)
(-0.234726 -0.102969 0)
(-0.209621 -0.130704 0)
(-0.172522 -0.14222 0)
(-0.120883 -0.125358 0)
(-0.0566783 -0.0708383 0)
(-0.00105672 0.00326314 0)
(0.00473738 0.0280269 0)
(-0.00661666 0.0148846 0)
(-0.0285139 0.0439696 0)
(-0.0627931 0.0765599 0)
(-0.103612 0.108073 0)
(-0.146098 0.130223 0)
(-0.18316 0.13725 0)
(-0.211337 0.128712 0)
(-0.230996 0.108165 0)
(-0.243426 0.0794637 0)
(-0.25035 0.0453932 0)
(-0.253463 0.00748792 0)
(-0.253701 -0.0334549 0)
(-0.250841 -0.076294 0)
(-0.244318 -0.119722 0)
(-0.23132 -0.159789 0)
(-0.207223 -0.188054 0)
(-0.165995 -0.189207 0)
(-0.102973 -0.142483 0)
(-0.0221596 -0.0390078 0)
(0.007326 0.0268554 0)
(-0.008429 0.0347893 0)
(-0.0348503 0.0762195 0)
(-0.0724289 0.114103 0)
(-0.112254 0.146562 0)
(-0.149238 0.164819 0)
(-0.177919 0.164854 0)
(-0.197303 0.14883 0)
(-0.208917 0.121799 0)
(-0.214743 0.0881095 0)
(-0.217272 0.0507521 0)
(-0.218495 0.0111921 0)
(-0.219432 -0.0301669 0)
(-0.22029 -0.0738184 0)
(-0.221149 -0.120168 0)
(-0.219799 -0.168012 0)
(-0.211127 -0.211863 0)
(-0.187044 -0.23752 0)
(-0.138978 -0.217733 0)
(-0.0625075 -0.118611 0)
(0.00575433 0.0140235 0)
(-0.00819687 0.0566908 0)
(-0.0349681 0.109295 0)
(-0.0711185 0.149355 0)
(-0.10605 0.179795 0)
(-0.13546 0.192469 0)
(-0.155715 0.185209 0)
(-0.167475 0.16224 0)
(-0.172841 0.129685 0)
(-0.174224 0.0923258 0)
(-0.174152 0.0531928 0)
(-0.174171 0.0135281 0)
(-0.174981 -0.0266402 0)
(-0.177139 -0.068491 0)
(-0.181173 -0.113355 0)
(-0.18641 -0.162375 0)
(-0.189171 -0.214396 0)
(-0.181531 -0.260393 0)
(-0.153498 -0.274098 0)
(-0.0988228 -0.205161 0)
(-0.0088759 -0.0147266 0)
(-0.00605206 0.0770485 0)
(-0.0294443 0.139563 0)
(-0.0607634 0.179831 0)
(-0.0889733 0.206732 0)
(-0.110799 0.213342 0)
(-0.124194 0.199167 0)
(-0.130713 0.170121 0)
(-0.13265 0.133172 0)
(-0.132472 0.0933442 0)
(-0.132162 0.0533813 0)
(-0.132442 0.0140143 0)
(-0.133514 -0.0251536 0)
(-0.135847 -0.0651983 0)
(-0.140135 -0.107413 0)
(-0.146971 -0.153832 0)
(-0.154993 -0.206833 0)
(-0.158153 -0.264395 0)
(-0.146063 -0.30685 0)
(-0.111709 -0.27617 0)
(-0.0307528 -0.075048 0)
(-0.00267913 0.0928557 0)
(-0.0201493 0.164403 0)
(-0.0446224 0.204003 0)
(-0.0656091 0.226814 0)
(-0.0807291 0.227822 0)
(-0.089089 0.207985 0)
(-0.0925478 0.174392 0)
(-0.0932405 0.134539 0)
(-0.0932834 0.0934744 0)
(-0.0938827 0.0534765 0)
(-0.0951109 0.0146446 0)
(-0.0968809 -0.0238401 0)
(-0.0993753 -0.0628184 0)
(-0.103107 -0.103057 0)
(-0.109226 -0.146264 0)
(-0.118441 -0.196444 0)
(-0.127528 -0.258001 0)
(-0.125982 -0.321986 0)
(-0.107048 -0.333451 0)
(-0.0371521 -0.162544 0)
(0.00122156 0.101852 0)
(-0.00879436 0.182046 0)
(-0.0253075 0.221388 0)
(-0.0391567 0.240846 0)
(-0.0485257 0.237662 0)
(-0.0532916 0.213826 0)
(-0.0551148 0.177202 0)
(-0.0556483 0.135666 0)
(-0.0564297 0.0941994 0)
(-0.0580311 0.0545505 0)
(-0.0602334 0.016258 0)
(-0.0628884 -0.0217792 0)
(-0.0659964 -0.0602726 0)
(-0.0697516 -0.099526 0)
(-0.0751022 -0.140332 0)
(-0.0836357 -0.18645 0)
(-0.095405 -0.246251 0)
(-0.100297 -0.322697 0)
(-0.0949019 -0.370822 0)
(-0.0308261 -0.241428 0)
(0.00506082 0.102964 0)
(0.00295919 0.191519 0)
(-0.00528313 0.231766 0)
(-0.0123119 0.248773 0)
(-0.0166353 0.242737 0)
(-0.0184544 0.216647 0)
(-0.0190519 0.178704 0)
(-0.019475 0.136781 0)
(-0.0206795 0.0956177 0)
(-0.02285 0.0565806 0)
(-0.0256916 0.0189298 0)
(-0.0291319 -0.0185308 0)
(-0.0331909 -0.0565509 0)
(-0.0378287 -0.0952748 0)
(-0.0436076 -0.134722 0)
(-0.0518062 -0.177435 0)
(-0.0653188 -0.233258 0)
(-0.074065 -0.316303 0)
(-0.0810717 -0.395236 0)
(-0.0229015 -0.305839 0)
(0.00833094 0.0965455 0)
(0.0140586 0.19247 0)
(0.0139585 0.235241 0)
(0.0135808 0.251503 0)
(0.0142149 0.244461 0)
(0.015427 0.21787 0)
(0.0163095 0.179938 0)
(0.0163866 0.138381 0)
(0.0152554 0.0977387 0)
(0.012968 0.0593133 0)
(0.00980247 0.0223944 0)
(0.00573131 -0.0142085 0)
(0.00060744 -0.0513618 0)
(-0.00544619 -0.089251 0)
(-0.0128352 -0.127581 0)
(-0.0217785 -0.167483 0)
(-0.0375726 -0.218127 0)
(-0.0488039 -0.302587 0)
(-0.0679279 -0.407014 0)
(-0.0144742 -0.358705 0)
(0.0101432 0.0837435 0)
(0.0230926 0.184939 0)
(0.0306859 0.231389 0)
(0.036562 0.248058 0)
(0.0421755 0.241243 0)
(0.0470875 0.215576 0)
(0.0504802 0.178948 0)
(0.0521008 0.13872 0)
(0.051899 0.0992545 0)
(0.050094 0.061919 0)
(0.0469422 0.0261883 0)
(0.0423614 -0.00906257 0)
(0.0361731 -0.0447816 0)
(0.0284741 -0.0812264 0)
(0.0184943 -0.118082 0)
(0.00730535 -0.15567 0)
(-0.0120072 -0.201775 0)
(-0.0245386 -0.284547 0)
(-0.0559953 -0.409579 0)
(-0.0061901 -0.400638 0)
(0.00967831 0.066775 0)
(0.0285748 0.169317 0)
(0.0437368 0.220419 0)
(0.0561492 0.239313 0)
(0.0673275 0.234382 0)
(0.0769086 0.211129 0)
(0.0840222 0.176986 0)
(0.0883585 0.138841 0)
(0.0899958 0.100975 0)
(0.0892534 0.0649782 0)
(0.0864723 0.0306981 0)
(0.0814514 -0.00289627 0)
(0.0740335 -0.0364573 0)
(0.0644859 -0.0706132 0)
(0.0514772 -0.105202 0)
(0.0367805 -0.140174 0)
(0.0125851 -0.181709 0)
(-0.000418439 -0.26138 0)
(-0.045056 -0.405406 0)
(0.00267646 -0.435192 0)
(0.00678288 0.049261 0)
(0.0288522 0.147898 0)
(0.050335 0.202038 0)
(0.0690082 0.222706 0)
(0.0863053 0.219817 0)
(0.101833 0.199761 0)
(0.114339 0.16933 0)
(0.123135 0.134654 0)
(0.128136 0.0997465 0)
(0.129614 0.0663186 0)
(0.127849 0.0346064 0)
(0.122925 0.00378471 0)
(0.114359 -0.0265352 0)
(0.102791 -0.0572279 0)
(0.0859983 -0.0883774 0)
(0.0671148 -0.120638 0)
(0.0374143 -0.158538 0)
(0.023254 -0.235444 0)
(-0.0347696 -0.397825 0)
(0.0133392 -0.463605 0)
(0.00233013 0.0347558 0)
(0.023192 0.123222 0)
(0.0501362 0.17867 0)
(0.0755704 0.20136 0)
(0.0999763 0.200969 0)
(0.122619 0.184638 0)
(0.141844 0.158732 0)
(0.156435 0.128509 0)
(0.16598 0.0975843 0)
(0.170705 0.0676667 0)
(0.170576 0.0393402 0)
(0.166323 0.0121801 0)
(0.156578 -0.0141896 0)
(0.143021 -0.0405256 0)
(0.122047 -0.0671633 0)
(0.0988656 -0.0956718 0)
(0.0634506 -0.130768 0)
(0.0463385 -0.20608 0)
(-0.0230995 -0.386302 0)
(0.0283388 -0.485021 0)
(-0.00339036 0.0289415 0)
(0.00975142 0.101228 0)
(0.0363725 0.147776 0)
(0.0678787 0.168202 0)
(0.100445 0.169312 0)
(0.131855 0.157064 0)
(0.159561 0.13676 0)
(0.181836 0.112549 0)
(0.197653 0.087503 0)
(0.207379 0.0631526 0)
(0.210197 0.0402426 0)
(0.207884 0.0186254 0)
(0.197729 -0.00206501 0)
(0.183281 -0.0223554 0)
(0.158813 -0.0427358 0)
(0.132605 -0.0663155 0)
(0.0916035 -0.100219 0)
(0.0692109 -0.178904 0)
(-0.00474421 -0.369563 0)
(0.0519742 -0.491373 0)
(-0.0137908 0.0188388 0)
(-0.00749689 0.0882253 0)
(0.0187645 0.123745 0)
(0.0555651 0.136533 0)
(0.0962837 0.135964 0)
(0.136252 0.126764 0)
(0.172129 0.112181 0)
(0.201631 0.0945348 0)
(0.223262 0.0762438 0)
(0.238128 0.0583055 0)
(0.24407 0.0416865 0)
(0.244945 0.0262445 0)
(0.235756 0.0121598 0)
(0.224118 -0.00142053 0)
(0.199507 -0.0152631 0)
(0.176006 -0.0341084 0)
(0.132217 -0.0668784 0)
(0.107148 -0.145458 0)
(0.0371578 -0.326045 0)
(0.0922411 -0.455837 0)
(-0.105865 0.0826449 0)
(-0.0776312 0.0691714 0)
(-0.0486305 0.0732007 0)
(0.00337961 0.0775055 0)
(0.0564874 0.0777209 0)
(0.108807 0.0734258 0)
(0.155599 0.0661283 0)
(0.197609 0.0568001 0)
(0.229471 0.0472385 0)
(0.25742 0.0377062 0)
(0.273084 0.0291864 0)
(0.28823 0.0213328 0)
(0.28873 0.0147122 0)
(0.293039 0.0084247 0)
(0.277122 0.00155422 0)
(0.270291 -0.00958482 0)
(0.231381 -0.0351897 0)
(0.217713 -0.0952474 0)
(0.150122 -0.229719 0)
(0.170656 -0.341491 0)
(0.130055 0.103806 0)
(0.158505 0.0753963 0)
(0.212458 0.053416 0)
(0.27095 0.0417689 0)
(0.323391 0.0360049 0)
(0.375609 0.0319938 0)
(0.419959 0.0289364 0)
(0.465027 0.0255902 0)
(0.497924 0.0229178 0)
(0.533023 0.0197361 0)
(0.55239 0.0175922 0)
(0.578197 0.0146707 0)
(0.58441 0.0132472 0)
(0.602888 0.0104432 0)
(0.59451 0.00949364 0)
(0.60324 0.00509879 0)
(0.567663 0.000170898 0)
(0.547719 -0.0182656 0)
(0.435916 -0.0504097 0)
(0.336863 -0.101405 0)
)
;

boundaryField
{
    movingWall
    {
        type            fixedValue;
        value           uniform (1 0 0);
    }
    fixedWalls
    {
        type            noSlip;
    }
    frontAndBack
    {
        type            empty;
    }
}


// ************************************************************************* //
