/*--------------------------------*- C++ -*----------------------------------*\
| =========                 |                                                 |
| \\      /  F ield         | OpenFOAM: The Open Source CFD Toolbox           |
|  \\    /   O peration     | Version:  2212                                  |
|   \\  /    A nd           | Website:  www.openfoam.com                      |
|    \\/     M anipulation  |                                                 |
\*---------------------------------------------------------------------------*/
FoamFile
{
    version     2.0;
    format      ascii;
    arch        "LSB;label=32;scalar=64";
    class       volVectorField;
    location    "3.565";
    object      U;
}
// * * * * * * * * * * * * * * * * * * * * * * * * * * * * * * * * * * * * * //

dimensions      [0 1 -1 0 0 0 0];

internalField   nonuniform List<vector> 
400
(
(0.00163222 -0.00164243 0)
(0.0046812 -0.00184034 0)
(0.00634943 -0.00117201 0)
(0.00541338 -0.000555638 0)
(0.00134553 0.000201562 0)
(-0.00693804 0.00173322 0)
(-0.020489 0.00469957 0)
(-0.0390963 0.00854907 0)
(-0.0600394 0.0110825 0)
(-0.0781836 0.0103809 0)
(-0.0888713 0.00674879 0)
(-0.0896944 0.0017267 0)
(-0.0797657 -0.00349384 0)
(-0.0598968 -0.00812323 0)
(-0.0337832 -0.0107053 0)
(-0.00583099 -0.00971068 0)
(0.0160668 -0.00482365 0)
(0.0239177 0.00265956 0)
(0.0159178 0.00634656 0)
(0.00426985 0.0046485 0)
(0.00163253 -0.0048838 0)
(0.00292429 -0.00384163 0)
(-0.000715423 0.000659698 0)
(-0.0115114 0.0063926 0)
(-0.0312815 0.0138494 0)
(-0.0604805 0.0233617 0)
(-0.0956106 0.0324802 0)
(-0.129807 0.0365331 0)
(-0.157108 0.0331439 0)
(-0.174214 0.0232774 0)
(-0.17969 0.009228 0)
(-0.173549 -0.00666991 0)
(-0.156366 -0.0226933 0)
(-0.128842 -0.0363614 0)
(-0.0932185 -0.0440482 0)
(-0.0522138 -0.0414912 0)
(-0.0117394 -0.0263009 0)
(0.0163834 -0.00155632 0)
(0.0175603 0.0158703 0)
(0.0054844 0.014602 0)
(-0.000315939 -0.0054475 0)
(-0.00550952 0.00107211 0)
(-0.0196066 0.0142256 0)
(-0.0441076 0.0307733 0)
(-0.0793181 0.0486234 0)
(-0.120532 0.063294 0)
(-0.160194 0.0695574 0)
(-0.192818 0.0652715 0)
(-0.216257 0.0517615 0)
(-0.229905 0.0314699 0)
(-0.233756 0.00671607 0)
(-0.228449 -0.0204809 0)
(-0.214292 -0.0479759 0)
(-0.190785 -0.0721887 0)
(-0.15765 -0.0880175 0)
(-0.114855 -0.0884585 0)
(-0.0642008 -0.066714 0)
(-0.0139657 -0.022973 0)
(0.00930968 0.0173834 0)
(0.00414933 0.0232405 0)
(-0.00345782 0.000813964 0)
(-0.0173502 0.0173341 0)
(-0.0429815 0.0409757 0)
(-0.0785373 0.0671008 0)
(-0.121121 0.0897225 0)
(-0.163467 0.102373 0)
(-0.199191 0.101647 0)
(-0.226289 0.0887659 0)
(-0.244998 0.0668337 0)
(-0.255919 0.0385374 0)
(-0.259881 0.0057425 0)
(-0.257686 -0.0302358 0)
(-0.249268 -0.0672031 0)
(-0.23358 -0.102245 0)
(-0.208633 -0.129938 0)
(-0.17173 -0.141528 0)
(-0.120349 -0.124886 0)
(-0.0564667 -0.0707366 0)
(-0.00109886 0.00301453 0)
(0.00473497 0.027831 0)
(-0.00656172 0.0149566 0)
(-0.0282688 0.0437736 0)
(-0.0622578 0.0759704 0)
(-0.102749 0.10721 0)
(-0.144965 0.129281 0)
(-0.181875 0.136395 0)
(-0.209972 0.12803 0)
(-0.229578 0.107686 0)
(-0.241976 0.0792048 0)
(-0.248885 0.0453692 0)
(-0.252005 0.00771163 0)
(-0.252281 -0.0329876 0)
(-0.2495 -0.0756143 0)
(-0.243075 -0.118876 0)
(-0.230203 -0.158851 0)
(-0.206259 -0.187125 0)
(-0.165234 -0.188422 0)
(-0.102503 -0.142023 0)
(-0.0221028 -0.0390792 0)
(0.00728037 0.0266477 0)
(-0.0083434 0.0346637 0)
(-0.034512 0.0757439 0)
(-0.0717675 0.113226 0)
(-0.111301 0.145462 0)
(-0.148096 0.16372 0)
(-0.176693 0.163903 0)
(-0.196026 0.148079 0)
(-0.207593 0.121262 0)
(-0.213372 0.0878035 0)
(-0.215853 0.0506979 0)
(-0.217052 0.0114093 0)
(-0.218009 -0.0296805 0)
(-0.218938 -0.0730857 0)
(-0.219899 -0.119244 0)
(-0.218676 -0.166973 0)
(-0.21014 -0.210797 0)
(-0.186207 -0.236518 0)
(-0.138341 -0.216924 0)
(-0.0621708 -0.118226 0)
(0.00568095 0.0138803 0)
(-0.00810569 0.0563371 0)
(-0.0346086 0.108541 0)
(-0.0704478 0.148231 0)
(-0.105144 0.178513 0)
(-0.134431 0.191257 0)
(-0.154636 0.184184 0)
(-0.166347 0.161425 0)
(-0.171645 0.129082 0)
(-0.172941 0.0919549 0)
(-0.172778 0.0530893 0)
(-0.172738 0.0137312 0)
(-0.173542 -0.0261138 0)
(-0.175757 -0.0676589 0)
(-0.17991 -0.112292 0)
(-0.185308 -0.161193 0)
(-0.188238 -0.213209 0)
(-0.180745 -0.259272 0)
(-0.152848 -0.273089 0)
(-0.0983136 -0.204419 0)
(-0.00883361 -0.0147824 0)
(-0.00598032 0.0764743 0)
(-0.0291302 0.138559 0)
(-0.0601786 0.178505 0)
(-0.0882091 0.205307 0)
(-0.109954 0.212038 0)
(-0.123312 0.198074 0)
(-0.129772 0.169233 0)
(-0.13162 0.132482 0)
(-0.131328 0.0928772 0)
(-0.130906 0.0531927 0)
(-0.131109 0.0141707 0)
(-0.132149 -0.0246096 0)
(-0.13451 -0.0642733 0)
(-0.138898 -0.106183 0)
(-0.145902 -0.15244 0)
(-0.154128 -0.205448 0)
(-0.15747 -0.263133 0)
(-0.145526 -0.305712 0)
(-0.111258 -0.275205 0)
(-0.0305632 -0.0747434 0)
(-0.00264289 0.0920975 0)
(-0.0199227 0.163188 0)
(-0.0441811 0.202517 0)
(-0.0650377 0.225279 0)
(-0.0801052 0.226447 0)
(-0.088435 0.206832 0)
(-0.091837 0.17343 0)
(-0.0924445 0.133751 0)
(-0.0923841 0.0928959 0)
(-0.0928903 0.0531851 0)
(-0.0940504 0.0147282 0)
(-0.0957775 -0.0233251 0)
(-0.0982649 -0.0618662 0)
(-0.102042 -0.101723 0)
(-0.108277 -0.144686 0)
(-0.117679 -0.194837 0)
(-0.126962 -0.256565 0)
(-0.125588 -0.320736 0)
(-0.10671 -0.332284 0)
(-0.0369918 -0.161731 0)
(0.00121138 0.100976 0)
(-0.00868358 0.180676 0)
(-0.0250481 0.219787 0)
(-0.0388132 0.239229 0)
(-0.0481523 0.236226 0)
(-0.0528983 0.212614 0)
(-0.0546814 0.176171 0)
(-0.0551574 0.134796 0)
(-0.055875 0.0935329 0)
(-0.0574244 0.0541788 0)
(-0.0595846 0.0162746 0)
(-0.0621984 -0.0213173 0)
(-0.0652691 -0.0593494 0)
(-0.069009 -0.0981673 0)
(-0.0743948 -0.138641 0)
(-0.0830475 -0.184648 0)
(-0.0949834 -0.244631 0)
(-0.10007 -0.321366 0)
(-0.0947061 -0.369615 0)
(-0.0307579 -0.240425 0)
(0.0049978 0.102059 0)
(0.00293992 0.190055 0)
(-0.00522257 0.230091 0)
(-0.0122081 0.247104 0)
(-0.0165204 0.241264 0)
(-0.0183347 0.215405 0)
(-0.0189203 0.177642 0)
(-0.019328 0.135875 0)
(-0.0205191 0.0949136 0)
(-0.022683 0.0561663 0)
(-0.0255113 0.0188929 0)
(-0.0289186 -0.0181372 0)
(-0.0329211 -0.0557044 0)
(-0.0374967 -0.0939756 0)
(-0.0432331 -0.133025 0)
(-0.0514606 -0.175517 0)
(-0.0650655 -0.231469 0)
(-0.0739928 -0.314868 0)
(-0.0809904 -0.393976 0)
(-0.0228792 -0.304737 0)
(0.0082094 0.095705 0)
(0.0139025 0.190985 0)
(0.0138153 0.23354 0)
(0.013437 0.249817 0)
(0.0140595 0.242971 0)
(0.0152592 0.216614 0)
(0.0161263 0.178869 0)
(0.0161816 0.137476 0)
(0.0150227 0.0970359 0)
(0.0127068 0.0588906 0)
(0.00953196 0.0223261 0)
(0.00548477 -0.0138762 0)
(0.00042503 -0.0506027 0)
(-0.00554342 -0.0880563 0)
(-0.0128346 -0.125963 0)
(-0.0217281 -0.165557 0)
(-0.0375256 -0.216248 0)
(-0.0488995 -0.301116 0)
(-0.0679603 -0.405797 0)
(-0.0144948 -0.357605 0)
(0.00997271 0.0830689 0)
(0.0228035 0.183517 0)
(0.0303479 0.22971 0)
(0.036184 0.246383 0)
(0.0417628 0.239762 0)
(0.0466446 0.214339 0)
(0.0500007 0.177918 0)
(0.0515725 0.137869 0)
(0.0513152 0.0986042 0)
(0.0494586 0.0615274 0)
(0.046281 0.0261145 0)
(0.0417184 -0.00877936 0)
(0.0355918 -0.0441054 0)
(0.0279798 -0.0801446 0)
(0.0181293 -0.116584 0)
(0.00704815 -0.153812 0)
(-0.0121801 -0.199866 0)
(-0.0247873 -0.283049 0)
(-0.0561169 -0.408408 0)
(-0.00623716 -0.399608 0)
(0.00949735 0.066352 0)
(0.0281792 0.168056 0)
(0.0432234 0.218831 0)
(0.0555493 0.237692 0)
(0.0666609 0.23293 0)
(0.0761893 0.209918 0)
(0.0832493 0.175996 0)
(0.0875226 0.138046 0)
(0.0890933 0.100382 0)
(0.0882932 0.0646242 0)
(0.0854727 0.030626 0)
(0.0804704 -0.00264023 0)
(0.0731122 -0.0358572 0)
(0.0636453 -0.0696503 0)
(0.0507762 -0.103853 0)
(0.0362172 -0.138457 0)
(0.0121769 -0.179873 0)
(-0.000801815 -0.259929 0)
(-0.0452528 -0.404329 0)
(0.00260288 -0.434295 0)
(0.0066489 0.0491224 0)
(0.0284038 0.146889 0)
(0.0496887 0.200599 0)
(0.0682272 0.221175 0)
(0.0854225 0.218424 0)
(0.10087 0.198602 0)
(0.113304 0.168405 0)
(0.122025 0.13394 0)
(0.126955 0.0992354 0)
(0.128374 0.0660282 0)
(0.126575 0.0345604 0)
(0.121656 0.00401998 0)
(0.113131 -0.0260089 0)
(0.101637 -0.0563854 0)
(0.0849956 -0.087194 0)
(0.0662638 -0.119111 0)
(0.0367734 -0.156852 0)
(0.022799 -0.234093 0)
(-0.0350185 -0.396873 0)
(0.0132304 -0.462902 0)
(0.00227666 0.0348532 0)
(0.0227876 0.122546 0)
(0.049431 0.177483 0)
(0.0746543 0.200001 0)
(0.0988996 0.199684 0)
(0.121412 0.183546 0)
(0.14053 0.157858 0)
(0.155029 0.127843 0)
(0.164495 0.0971147 0)
(0.16916 0.0673986 0)
(0.169003 0.0392847 0)
(0.164749 0.0123537 0)
(0.155057 -0.0137681 0)
(0.141572 -0.0398267 0)
(0.120758 -0.066169 0)
(0.0977485 -0.0943915 0)
(0.0625846 -0.129322 0)
(0.0458294 -0.204964 0)
(-0.0234047 -0.385626 0)
(0.0281843 -0.484545 0)
(-0.00335865 0.0292178 0)
(0.00944866 0.100901 0)
(0.0357115 0.146871 0)
(0.0669431 0.167068 0)
(0.0992835 0.168198 0)
(0.130501 0.156101 0)
(0.158048 0.135989 0)
(0.180191 0.111973 0)
(0.195909 0.0871144 0)
(0.205552 0.0629453 0)
(0.208339 0.0402218 0)
(0.206003 0.0187931 0)
(0.195913 -0.00168503 0)
(0.181546 -0.0217637 0)
(0.157256 -0.0419267 0)
(0.13126 -0.0653165 0)
(0.0905837 -0.0990886 0)
(0.06868 -0.177983 0)
(-0.00505014 -0.369127 0)
(0.0518215 -0.491119 0)
(-0.0135898 0.0191192 0)
(-0.00751113 0.0882159 0)
(0.0182991 0.123266 0)
(0.0547295 0.135782 0)
(0.0951066 0.135141 0)
(0.134775 0.126003 0)
(0.17041 0.111543 0)
(0.199715 0.0940397 0)
(0.221217 0.0758979 0)
(0.235975 0.0581033 0)
(0.241892 0.041639 0)
(0.242756 0.0263438 0)
(0.233668 0.0124281 0)
(0.222122 -0.00101209 0)
(0.197744 -0.0146956 0)
(0.174535 -0.0334383 0)
(0.131127 -0.0661457 0)
(0.106554 -0.144991 0)
(0.0368817 -0.325963 0)
(0.0921338 -0.455785 0)
(-0.105737 0.0828434 0)
(-0.0775576 0.0692889 0)
(-0.0487627 0.0729791 0)
(0.00292818 0.0771025 0)
(0.0556809 0.0772446 0)
(0.107666 0.0729631 0)
(0.154183 0.0657323 0)
(0.195958 0.0564886 0)
(0.227679 0.0470248 0)
(0.25552 0.0375843 0)
(0.271177 0.0291649 0)
(0.286335 0.0213971 0)
(0.28695 0.0148704 0)
(0.291387 0.00865256 0)
(0.275733 0.00186599 0)
(0.269155 -0.00925683 0)
(0.230534 -0.0348759 0)
(0.217291 -0.095088 0)
(0.150017 -0.229707 0)
(0.170637 -0.341509 0)
(0.130136 0.103876 0)
(0.158677 0.0755632 0)
(0.212718 0.0535895 0)
(0.27117 0.0418944 0)
(0.32347 0.0360773 0)
(0.375477 0.0320264 0)
(0.419617 0.0289507 0)
(0.464487 0.0255986 0)
(0.497244 0.0229324 0)
(0.532245 0.0197587 0)
(0.551576 0.0176285 0)
(0.577391 0.0147173 0)
(0.583665 0.013309 0)
(0.602241 0.0105152 0)
(0.594009 0.00957734 0)
(0.602904 0.0051776 0)
(0.567506 0.00024233 0)
(0.547755 -0.018215 0)
(0.436072 -0.0503954 0)
(0.336949 -0.101411 0)
)
;

boundaryField
{
    movingWall
    {
        type            fixedValue;
        value           uniform (1 0 0);
    }
    fixedWalls
    {
        type            noSlip;
    }
    frontAndBack
    {
        type            empty;
    }
}


// ************************************************************************* //
