/*--------------------------------*- C++ -*----------------------------------*\
| =========                 |                                                 |
| \\      /  F ield         | OpenFOAM: The Open Source CFD Toolbox           |
|  \\    /   O peration     | Version:  2212                                  |
|   \\  /    A nd           | Website:  www.openfoam.com                      |
|    \\/     M anipulation  |                                                 |
\*---------------------------------------------------------------------------*/
FoamFile
{
    version     2.0;
    format      ascii;
    arch        "LSB;label=32;scalar=64";
    class       volScalarField;
    location    "0.01";
    object      p;
}
// * * * * * * * * * * * * * * * * * * * * * * * * * * * * * * * * * * * * * //

dimensions      [0 2 -2 0 0 0 0];

internalField   nonuniform List<scalar> 
400
(
-1.03734e-10
9.51006e-05
0.000290412
0.000581641
0.000961234
0.00141933
0.00194424
0.00252272
0.00314036
0.00378188
0.00443151
0.00507329
0.00569143
0.00627064
0.00679645
0.00725561
0.00763639
0.00792895
0.00812559
0.0082216
-9.64069e-05
1.09078e-06
0.000201373
0.000499778
0.000888476
0.00135739
0.00189454
0.00248637
0.00311815
0.00377429
0.00443871
0.00509514
0.00572748
0.00632009
0.00685821
0.00732823
0.00771812
0.00801777
0.00821923
0.0083176
-0.00029857
-0.000195969
1.45643e-05
0.000327908
0.000735733
0.00122739
0.00179026
0.00241013
0.0030716
0.00375842
0.00445386
0.00514102
0.00580314
0.00642393
0.00698792
0.00748081
0.00788991
0.00820448
0.00841606
0.00851937
-0.000611848
-0.00050141
-0.000275059
6.14949e-05
0.000499087
0.00102611
0.00162892
0.00229224
0.00299964
0.00373389
0.00447729
0.00521197
0.0059202
0.00658466
0.00718882
0.00771731
0.00815636
0.00849423
0.00872162
0.00883268
-0.00104435
-0.000923082
-0.000674744
-0.000305901
0.000173047
0.000749086
0.00140707
0.00213028
0.00290086
0.00370024
0.00450946
0.00530941
0.00608104
0.00680569
0.00746539
0.00804324
0.00852395
0.00889433
0.00914384
0.00926576
-0.00160771
-0.00147212
-0.0011947
-0.000783277
-0.000249982
0.000390193
0.00112008
0.00192101
0.00277333
0.00365682
0.00455097
0.00543518
0.00628884
0.00709163
0.00782371
0.0084662
0.0090017
0.00941504
0.00969385
0.0098302
-0.00231736
-0.00216325
-0.00184838
-0.00138235
-0.000779762
-5.83146e-05
0.000762135
0.00166043
0.0026147
0.00360281
0.00460252
0.00559152
0.00654751
0.00744818
0.00827144
0.00899587
0.00960132
0.0100698
0.0103864
0.0105415
-0.0031932
-0.00301542
-0.0026529
-0.00211781
-0.00142829
-0.000605761
0.000326387
0.00134388
0.00242227
0.00353728
0.00466483
0.00578094
0.00686147
0.00788198
0.00881775
0.00964416
0.0103374
0.0108758
0.0112406
0.0114196
-0.00426072
-0.0040527
-0.00362961
-0.00300759
-0.00220981
-0.00126286
-0.000194775
0.000966354
0.00219316
0.00345916
0.0047386
0.00600596
0.00723543
0.00840037
0.00947311
0.0104251
0.0112279
0.0118543
0.0122806
0.0124903
-0.00555249
-0.00530545
-0.00480489
-0.00407304
-0.00314057
-0.00204126
-0.000809201
0.000522927
0.00192463
0.00336745
0.00482436
0.00626886
0.00767388
0.00901083
0.0102489
0.0113549
0.0122941
0.013032
0.0135371
0.0137866
-0.00711046
-0.00681215
-0.00621102
-0.00533912
-0.00423838
-0.00295271
-0.00152407
9.55982e-06
0.00161463
0.00326135
0.00492235
0.00657115
0.00818038
0.00972012
0.0111565
0.0124511
0.013561
0.0144414
0.015049
0.0153509
-0.00898967
-0.00862206
-0.00788741
-0.00683414
-0.00552148
-0.00400762
-0.00234447
-0.000575749
0.00126257
0.00314061
0.00503233
0.00691294
0.00875642
0.0105328
0.012206
0.0137317
0.0150569
0.0161222
0.0168664
0.0172393
-0.0112644
-0.0107993
-0.00988187
-0.00858894
-0.00700654
-0.00521267
-0.00327121
-0.00123134
0.000870226
0.00300583
0.00515318
0.00729187
0.00939972
0.0114492
0.0134034
0.0152128
0.0168124
0.0181225
0.0190541
0.0195273
-0.0140387
-0.013429
-0.0122517
-0.0106343
-0.00870462
-0.00656681
-0.00429765
-0.00194962
0.000443153
0.00285883
0.00528254
0.00770176
0.0101019
0.0124614
0.0147464
0.0169043
0.0188575
0.0204995
0.0216984
0.0223213
-0.0174666
-0.0166267
-0.0150626
-0.0129948
-0.0106137
-0.00805487
-0.00540493
-0.00271401
-7.71052e-06
0.00270329
0.00541624
0.00813102
0.0108453
0.0135492
0.0162178
0.0188019
0.0212146
0.0233179
0.0249158
0.0257783
-0.0217911
-0.0205506
-0.0183817
-0.0156746
-0.0127056
-0.00963782
-0.00655588
-0.00349549
-0.000464288
0.00254525
0.00554798
0.00856109
0.0116001
0.0146736
0.017776
0.0208737
0.0238837
0.0266416
0.0288646
0.0301472
-0.02743
-0.025412
-0.0222518
-0.0186286
-0.0149045
-0.0112401
-0.00768838
-0.00424962
-0.000900206
0.00239355
0.00566921
0.00896557
0.012321
0.015771
0.0193421
0.0230383
0.0268119
0.0305055
0.0337516
0.035852
-0.0351746
-0.0314553
-0.0266213
-0.0217064
-0.0170558
-0.0127358
-0.0087109
-0.00491586
-0.00128117
0.00225956
0.00576955
0.00931097
0.0129478
0.0167485
0.0207862
0.0251329
0.0298345
0.0348375
0.0397997
0.0436811
-0.0469229
-0.0388139
-0.0311619
-0.024554
-0.0188882
-0.0139398
-0.0095043
-0.00542152
-0.00156785
0.00215652
0.0058384
0.00956057
0.0134103
0.0174889
0.0219231
0.0268802
0.0325804
0.0392748
0.0471003
0.0557238
-0.0689616
-0.0468239
-0.0347054
-0.0264278
-0.0199768
-0.0146131
-0.00993269
-0.00568938
-0.00171859
0.00210156
0.00587215
0.00968804
0.0136505
0.0178825
0.022552
0.0279167
0.0344191
0.0429098
0.0553739
0.0781072
)
;

boundaryField
{
    movingWall
    {
        type            zeroGradient;
    }
    fixedWalls
    {
        type            zeroGradient;
    }
    frontAndBack
    {
        type            empty;
    }
}


// ************************************************************************* //
