/*--------------------------------*- C++ -*----------------------------------*\
| =========                 |                                                 |
| \\      /  F ield         | OpenFOAM: The Open Source CFD Toolbox           |
|  \\    /   O peration     | Version:  2212                                  |
|   \\  /    A nd           | Website:  www.openfoam.com                      |
|    \\/     M anipulation  |                                                 |
\*---------------------------------------------------------------------------*/
FoamFile
{
    version     2.0;
    format      ascii;
    arch        "LSB;label=32;scalar=64";
    class       volScalarField;
    location    "0.735";
    object      p;
}
// * * * * * * * * * * * * * * * * * * * * * * * * * * * * * * * * * * * * * //

dimensions      [0 2 -2 0 0 0 0];

internalField   nonuniform List<scalar> 
400
(
3.97168e-06
-0.00582323
-0.0129611
-0.0184136
-0.0204313
-0.0182377
-0.0117731
-0.0014829
0.0118383
0.0271501
0.0432455
0.0588242
0.0725799
0.0833098
0.0900542
0.0922684
0.0900272
0.0842452
0.0768819
0.0710684
0.00578282
-0.000216384
-0.00580236
-0.00954118
-0.0105978
-0.00843172
-0.00296906
0.00547498
0.0163038
0.0287127
0.0417509
0.0543871
0.0655877
0.0744112
0.0801216
0.0823171
0.0810786
0.0770561
0.0712753
0.065319
0.0133371
0.00503543
-0.000993746
-0.00442171
-0.00527169
-0.00326286
0.00160326
0.00902842
0.0185029
0.0293502
0.0407665
0.0518708
0.0617697
0.0696376
0.0748083
0.0768793
0.0758428
0.0720871
0.0658066
0.0575366
0.0201414
0.00869767
0.00122739
-0.00266713
-0.00372084
-0.00188418
0.00273226
0.00978542
0.0187812
0.0290959
0.0399929
0.0506551
0.0602341
0.0679172
0.0730044
0.0750027
0.0737669
0.0694572
0.061604
0.0501035
0.024504
0.00977483
0.000591305
-0.00398551
-0.00530093
-0.00350614
0.0011758
0.00833549
0.0174628
0.0279499
0.0390858
0.0500709
0.0600499
0.0681662
0.0736275
0.0757988
0.07437
0.0692908
0.0595265
0.044538
0.0251798
0.00715176
-0.00380048
-0.00905579
-0.0105108
-0.00849872
-0.00335564
0.00443047
0.0143143
0.0256798
0.0378146
0.0499042
0.0610491
0.0703042
0.0767357
0.0795179
0.0781399
0.0723345
0.0605401
0.0418908
0.0210953
-0.000260657
-0.0129329
-0.0187079
-0.0200285
-0.0174126
-0.0113171
-0.00231853
0.00899149
0.0219771
0.0359105
0.0499452
0.063113
0.0743462
0.0825229
0.0865705
0.0857217
0.0794481
0.0656213
0.0430725
0.0111445
-0.0136166
-0.0278735
-0.0338528
-0.0346022
-0.0308562
-0.0232116
-0.012344
0.00110602
0.016485
0.0330535
0.0499345
0.0660843
0.0802908
0.0912017
0.0974311
0.0978713
0.0916371
0.0758973
0.0491174
-0.00596565
-0.0342649
-0.0498685
-0.0555471
-0.0550887
-0.0495133
-0.0395922
-0.0261121
-0.00975587
0.00882419
0.0289021
0.0495945
0.0697985
0.0881555
0.103048
0.112702
0.115552
0.110193
0.0928353
0.0614124
-0.0318558
-0.0638747
-0.0804155
-0.0850057
-0.0824187
-0.074077
-0.0609796
-0.0440354
-0.0239503
-0.00133565
0.0231468
0.0486622
0.0740967
0.0979733
0.118397
0.133127
0.13999
0.136819
0.118442
0.0819349
-0.068666
-0.104602
-0.121343
-0.123589
-0.117514
-0.105125
-0.0877169
-0.0663242
-0.0416357
-0.0141543
0.0156069
0.0469545
0.078857
0.109795
0.137625
0.159587
0.172728
0.173779
0.155522
0.113572
-0.119401
-0.159356
-0.174913
-0.172756
-0.161146
-0.142927
-0.119757
-0.0927756
-0.062576
-0.0294463
0.0063745
0.0444749
0.0840565
0.123704
0.161138
0.193087
0.215669
0.224078
0.208052
0.160634
-0.188627
-0.23224
-0.243937
-0.233946
-0.213693
-0.187153
-0.156371
-0.122499
-0.0858963
-0.0464706
-0.00401289
0.0415404
0.0898438
0.139831
0.189321
0.234691
0.271076
0.291666
0.281744
0.229777
-0.283973
-0.329303
-0.33183
-0.308278
-0.274707
-0.236438
-0.195762
-0.153608
-0.109838
-0.0637432
-0.0144359
0.0388654
0.0965562
0.158279
0.222376
0.28529
0.341399
0.381577
0.384916
0.331836
-0.419316
-0.459669
-0.442348
-0.39579
-0.342127
-0.287737
-0.234613
-0.182927
-0.131607
-0.0789824
-0.0232115
0.0374778
0.104556
0.17884
0.259864
0.344973
0.428619
0.499702
0.529677
0.485394
-0.620529
-0.636741
-0.578674
-0.49419
-0.411238
-0.335655
-0.267777
-0.205974
-0.147533
-0.0893799
-0.028423
0.0383513
0.11381
0.200475
0.299978
0.412028
0.533032
0.651778
0.732774
0.722398
-0.935921
-0.878512
-0.741738
-0.597945
-0.474389
-0.372656
-0.288865
-0.217759
-0.15395
-0.0924605
-0.0287139
0.0416991
0.123267
0.220721
0.338929
0.482158
0.652
0.841345
1.01527
1.09751
-1.47642
-1.20663
-0.920499
-0.691384
-0.517301
-0.38754
-0.290057
-0.213333
-0.14812
-0.0872119
-0.024574
0.0454611
0.128941
0.233075
0.367107
0.542682
0.771297
1.05932
1.40329
1.73014
-2.53964
-1.63054
-1.04443
-0.710955
-0.495747
-0.352089
-0.254527
-0.183579
-0.126165
-0.0735915
-0.0192655
0.0427904
0.119216
0.218786
0.354816
0.547987
0.826396
1.23658
1.91168
2.9242
-4.36666
-2.04463
-0.973538
-0.563177
-0.357842
-0.240143
-0.170115
-0.123779
-0.0874775
-0.0535066
-0.0166509
0.0276641
0.0846109
0.161733
0.272415
0.442102
0.718222
1.22571
2.41104
4.84853
)
;

boundaryField
{
    movingWall
    {
        type            zeroGradient;
    }
    fixedWalls
    {
        type            zeroGradient;
    }
    frontAndBack
    {
        type            empty;
    }
}


// ************************************************************************* //
