/*--------------------------------*- C++ -*----------------------------------*\
| =========                 |                                                 |
| \\      /  F ield         | OpenFOAM: The Open Source CFD Toolbox           |
|  \\    /   O peration     | Version:  2212                                  |
|   \\  /    A nd           | Website:  www.openfoam.com                      |
|    \\/     M anipulation  |                                                 |
\*---------------------------------------------------------------------------*/
FoamFile
{
    version     2.0;
    format      ascii;
    arch        "LSB;label=32;scalar=64";
    class       volVectorField;
    location    "2.715";
    object      U;
}
// * * * * * * * * * * * * * * * * * * * * * * * * * * * * * * * * * * * * * //

dimensions      [0 1 -1 0 0 0 0];

internalField   nonuniform List<vector> 
400
(
(0.00150347 -0.00153339 0)
(0.00427748 -0.00170449 0)
(0.00573626 -0.00109726 0)
(0.00476189 -0.000503969 0)
(0.0008054 0.000245299 0)
(-0.00715948 0.00170934 0)
(-0.0201255 0.00446563 0)
(-0.037918 0.00805699 0)
(-0.0580371 0.0105194 0)
(-0.0756783 0.0099938 0)
(-0.0863012 0.00660801 0)
(-0.0874224 0.00178378 0)
(-0.0780979 -0.00327469 0)
(-0.0589995 -0.00780362 0)
(-0.0337098 -0.0103591 0)
(-0.00649854 -0.00944638 0)
(0.0149286 -0.00480772 0)
(0.0227944 0.00246314 0)
(0.0153285 0.00608092 0)
(0.00415268 0.00448553 0)
(0.00141668 -0.00442317 0)
(0.00235222 -0.00336956 0)
(-0.00139228 0.000814687 0)
(-0.0118287 0.0062259 0)
(-0.030718 0.013291 0)
(-0.0585866 0.0222877 0)
(-0.0923515 0.0310284 0)
(-0.125604 0.035173 0)
(-0.152462 0.0322371 0)
(-0.169536 0.0229342 0)
(-0.175298 0.00941228 0)
(-0.169644 -0.00604351 0)
(-0.153137 -0.0216894 0)
(-0.126403 -0.035126 0)
(-0.0916533 -0.0427742 0)
(-0.0515845 -0.0404656 0)
(-0.0119707 -0.0258842 0)
(0.0155349 -0.00191745 0)
(0.0169408 0.0151778 0)
(0.00535828 0.014118 0)
(-0.00048043 -0.00464582 0)
(-0.00573376 0.00167041 0)
(-0.0194112 0.0139224 0)
(-0.0428576 0.0294905 0)
(-0.0765196 0.0465137 0)
(-0.116267 0.0608161 0)
(-0.154983 0.0673101 0)
(-0.187162 0.0636535 0)
(-0.210486 0.050906 0)
(-0.224255 0.0313827 0)
(-0.228398 0.00735283 0)
(-0.223475 -0.019178 0)
(-0.209788 -0.0461049 0)
(-0.186863 -0.0699308 0)
(-0.154425 -0.0856542 0)
(-0.112486 -0.0863995 0)
(-0.0629008 -0.0654934 0)
(-0.0138592 -0.0231173 0)
(0.00905124 0.0164424 0)
(0.00413873 0.0225338 0)
(-0.00338194 0.00159633 0)
(-0.0168084 0.0173877 0)
(-0.0414474 0.0394905 0)
(-0.0755244 0.0643065 0)
(-0.116597 0.0862921 0)
(-0.157967 0.0990987 0)
(-0.193306 0.0990868 0)
(-0.220327 0.0870997 0)
(-0.239134 0.0660717 0)
(-0.250257 0.0386405 0)
(-0.254471 0.00667611 0)
(-0.252549 -0.0285017 0)
(-0.244446 -0.0647801 0)
(-0.229126 -0.0992666 0)
(-0.20464 -0.126662 0)
(-0.168344 -0.138352 0)
(-0.117868 -0.122438 0)
(-0.055264 -0.0697846 0)
(-0.00115743 0.00222589 0)
(0.00471406 0.0270409 0)
(-0.00628074 0.0151985 0)
(-0.0270472 0.0427159 0)
(-0.0596557 0.0730801 0)
(-0.0986745 0.103132 0)
(-0.139818 0.125021 0)
(-0.176337 0.132767 0)
(-0.204465 0.125402 0)
(-0.224255 0.10608 0)
(-0.236905 0.0785599 0)
(-0.244042 0.0456056 0)
(-0.247349 0.00878081 0)
(-0.247793 -0.0311399 0)
(-0.245216 -0.0730715 0)
(-0.238965 -0.115705 0)
(-0.226315 -0.155206 0)
(-0.202678 -0.183278 0)
(-0.162195 -0.184868 0)
(-0.100417 -0.139582 0)
(-0.02165 -0.0388902 0)
(0.00710897 0.0258964 0)
(-0.00793862 0.0339582 0)
(-0.0329191 0.0733825 0)
(-0.068713 0.109072 0)
(-0.107045 0.140464 0)
(-0.143253 0.159013 0)
(-0.171873 0.160197 0)
(-0.191457 0.145544 0)
(-0.203314 0.119802 0)
(-0.209346 0.0872978 0)
(-0.211976 0.0510381 0)
(-0.213269 0.0125308 0)
(-0.214317 -0.0278452 0)
(-0.215377 -0.0705747 0)
(-0.216457 -0.116127 0)
(-0.21537 -0.163362 0)
(-0.206985 -0.206853 0)
(-0.183291 -0.232486 0)
(-0.135895 -0.213318 0)
(-0.0606596 -0.11613 0)
(0.00545663 0.0134337 0)
(-0.00770352 0.0545886 0)
(-0.0330043 0.104945 0)
(-0.0675043 0.143081 0)
(-0.101331 0.172924 0)
(-0.13039 0.186372 0)
(-0.150814 0.180563 0)
(-0.162816 0.159064 0)
(-0.168352 0.127795 0)
(-0.169765 0.0915778 0)
(-0.169595 0.0535176 0)
(-0.16952 0.0149279 0)
(-0.170319 -0.0241707 0)
(-0.172589 -0.0649821 0)
(-0.176882 -0.108993 0)
(-0.182492 -0.157453 0)
(-0.185652 -0.209232 0)
(-0.178357 -0.255195 0)
(-0.150663 -0.269066 0)
(-0.0964014 -0.201152 0)
(-0.00855928 -0.0147747 0)
(-0.0056903 0.0737667 0)
(-0.0278038 0.13391 0)
(-0.057741 0.172604 0)
(-0.085185 0.199325 0)
(-0.106902 0.207091 0)
(-0.120514 0.194577 0)
(-0.127201 0.167033 0)
(-0.129177 0.131308 0)
(-0.128871 0.0925357 0)
(-0.128353 0.0536031 0)
(-0.128459 0.0153453 0)
(-0.129419 -0.0226305 0)
(-0.131737 -0.0614646 0)
(-0.136193 -0.102621 0)
(-0.143413 -0.148343 0)
(-0.151967 -0.201151 0)
(-0.155621 -0.258887 0)
(-0.143927 -0.301517 0)
(-0.109763 -0.271352 0)
(-0.0298243 -0.0732662 0)
(-0.00252474 0.0886356 0)
(-0.0190286 0.157692 0)
(-0.0424422 0.196064 0)
(-0.0629232 0.219054 0)
(-0.0780486 0.221506 0)
(-0.0865954 0.203456 0)
(-0.0901513 0.171341 0)
(-0.0908184 0.132612 0)
(-0.0907142 0.0925048 0)
(-0.09115 0.0534895 0)
(-0.0922398 0.0157731 0)
(-0.0938666 -0.0214745 0)
(-0.096228 -0.0591507 0)
(-0.0999295 -0.0981271 0)
(-0.106238 -0.140352 0)
(-0.115923 -0.190166 0)
(-0.125572 -0.252032 0)
(-0.124553 -0.316398 0)
(-0.105685 -0.327923 0)
(-0.036482 -0.158522 0)
(0.00112477 0.0970834 0)
(-0.00830739 0.174601 0)
(-0.0241083 0.212972 0)
(-0.0376571 0.232842 0)
(-0.0470723 0.231266 0)
(-0.051968 0.209284 0)
(-0.0538486 0.174126 0)
(-0.0543663 0.133663 0)
(-0.0550758 0.0931081 0)
(-0.0566258 0.0544205 0)
(-0.0587731 0.0172177 0)
(-0.0613012 -0.0196268 0)
(-0.0641966 -0.0568378 0)
(-0.0677312 -0.0947199 0)
(-0.073001 -0.13425 0)
(-0.0817776 -0.179651 0)
(-0.0940391 -0.239738 0)
(-0.0995848 -0.316942 0)
(-0.0941739 -0.365291 0)
(-0.0305924 -0.236751 0)
(0.00468952 0.0981096 0)
(0.0027724 0.183649 0)
(-0.0050945 0.223045 0)
(-0.0119791 0.24062 0)
(-0.0163494 0.236305 0)
(-0.0182449 0.212124 0)
(-0.0188921 0.17566 0)
(-0.0193516 0.1348 0)
(-0.0205804 0.0945302 0)
(-0.022797 0.0564208 0)
(-0.0256488 0.019784 0)
(-0.0289901 -0.0165988 0)
(-0.0328078 -0.05345 0)
(-0.0371234 -0.0908245 0)
(-0.0426084 -0.128809 0)
(-0.0507721 -0.170382 0)
(-0.0645486 -0.226208 0)
(-0.07395 -0.3102 0)
(-0.0807994 -0.38954 0)
(-0.0228534 -0.300804 0)
(0.00766581 0.0920937 0)
(0.0131839 0.18455 0)
(0.0131437 0.226438 0)
(0.0127471 0.243303 0)
(0.0133185 0.237983 0)
(0.0144973 0.21331 0)
(0.0153485 0.176889 0)
(0.0153654 0.136438 0)
(0.0141645 0.0967133 0)
(0.011802 0.0591941 0)
(0.0086146 0.0232114 0)
(0.00462998 -0.0124333 0)
(-0.000257936 -0.0485443 0)
(-0.00598357 -0.085198 0)
(-0.0129847 -0.122029 0)
(-0.0216991 -0.160483 0)
(-0.0375017 -0.210788 0)
(-0.0493142 -0.29638 0)
(-0.068098 -0.401539 0)
(-0.0145965 -0.353713 0)
(0.00924233 0.0801964 0)
(0.0215606 0.17738 0)
(0.0289301 0.222694 0)
(0.0346447 0.239881 0)
(0.0401626 0.234743 0)
(0.04506 0.211013 0)
(0.0484453 0.175967 0)
(0.0500148 0.13691 0)
(0.049741 0.0983813 0)
(0.0478714 0.0619038 0)
(0.0447192 0.0270075 0)
(0.0402437 -0.00742239 0)
(0.0342751 -0.0422055 0)
(0.026847 -0.0775273 0)
(0.0172634 -0.112934 0)
(0.00640446 -0.148897 0)
(-0.0126741 -0.194276 0)
(-0.0255986 -0.278183 0)
(-0.0564993 -0.404266 0)
(-0.0064118 -0.395927 0)
(0.00874101 0.0645478 0)
(0.0265182 0.162611 0)
(0.0411207 0.212154 0)
(0.0531764 0.231312 0)
(0.0641571 0.227865 0)
(0.0736862 0.206472 0)
(0.0808017 0.173943 0)
(0.0851247 0.137032 0)
(0.0867388 0.100135 0)
(0.0859912 0.0649733 0)
(0.0832363 0.0314624 0)
(0.0783728 -0.00134686 0)
(0.0711855 -0.0340792 0)
(0.0618546 -0.0672267 0)
(0.0492125 -0.100475 0)
(0.0348559 -0.133816 0)
(0.011068 -0.174385 0)
(-0.00198441 -0.255131 0)
(-0.0458576 -0.400457 0)
(0.00234686 -0.431021 0)
(0.00609438 0.0484965 0)
(0.0265366 0.142478 0)
(0.0470558 0.194473 0)
(0.0651512 0.21502 0)
(0.0821048 0.213378 0)
(0.0974788 0.195078 0)
(0.109938 0.166274 0)
(0.118722 0.132886 0)
(0.123731 0.0989716 0)
(0.125249 0.0663554 0)
(0.123574 0.0353465 0)
(0.118807 0.00523543 0)
(0.110437 -0.024362 0)
(0.0990641 -0.0541499 0)
(0.0826556 -0.0840913 0)
(0.0641087 -0.114823 0)
(0.0349669 -0.151625 0)
(0.0213976 -0.229466 0)
(-0.0357985 -0.393356 0)
(0.0128577 -0.460233 0)
(0.00205232 0.0352128 0)
(0.0210886 0.119519 0)
(0.0465128 0.172342 0)
(0.0709754 0.194401 0)
(0.0947418 0.194822 0)
(0.116981 0.179947 0)
(0.135995 0.155525 0)
(0.150501 0.126553 0)
(0.160048 0.0966126 0)
(0.164836 0.0674912 0)
(0.164853 0.0398359 0)
(0.160772 0.0133102 0)
(0.151299 -0.0123936 0)
(0.137963 -0.0378764 0)
(0.117438 -0.0634208 0)
(0.0946648 -0.0906248 0)
(0.0599727 -0.124651 0)
(0.0441981 -0.200967 0)
(-0.0244146 -0.383 0)
(0.0276521 -0.482632 0)
(-0.00323416 0.0303232 0)
(0.00815162 0.099308 0)
(0.0329285 0.142836 0)
(0.0631037 0.162266 0)
(0.0946696 0.163817 0)
(0.125322 0.152709 0)
(0.152519 0.133687 0)
(0.174491 0.110632 0)
(0.190189 0.0865346 0)
(0.199867 0.0629454 0)
(0.202816 0.0406832 0)
(0.200589 0.0196399 0)
(0.190782 -0.000409155 0)
(0.176617 -0.0200125 0)
(0.152734 -0.0395531 0)
(0.127145 -0.0622252 0)
(0.0872495 -0.0952625 0)
(0.066844 -0.17457 0)
(-0.00614891 -0.36737 0)
(0.0512708 -0.490009 0)
(-0.0127504 0.020272 0)
(-0.00765433 0.0880331 0)
(0.0161923 0.121055 0)
(0.0510988 0.132509 0)
(0.0901578 0.131763 0)
(0.12877 0.123117 0)
(0.16368 0.109373 0)
(0.192517 0.0925815 0)
(0.213848 0.0750659 0)
(0.228517 0.057775 0)
(0.234606 0.0417581 0)
(0.235606 0.0268303 0)
(0.226938 0.0133365 0)
(0.215667 0.000258691 0)
(0.191965 -0.0129175 0)
(0.169536 -0.0312412 0)
(0.127246 -0.0635612 0)
(0.104305 -0.143175 0)
(0.0357867 -0.32554 0)
(0.0917208 -0.455465 0)
(-0.105231 0.0836556 0)
(-0.0773627 0.0696547 0)
(-0.0495259 0.0718729 0)
(0.000775374 0.0752618 0)
(0.0520555 0.0751813 0)
(0.102734 0.0710796 0)
(0.148281 0.0642309 0)
(0.189334 0.0554043 0)
(0.220742 0.0463524 0)
(0.248406 0.0372509 0)
(0.26423 0.0291572 0)
(0.27956 0.0216375 0)
(0.280667 0.0153866 0)
(0.28553 0.00937398 0)
(0.270754 0.00288385 0)
(0.264913 -0.00814335 0)
(0.227221 -0.0337254 0)
(0.21545 -0.0944222 0)
(0.149444 -0.229613 0)
(0.170526 -0.341506 0)
(0.130476 0.104212 0)
(0.159416 0.0762996 0)
(0.213796 0.0543236 0)
(0.272012 0.0424046 0)
(0.323663 0.03635 0)
(0.374758 0.0321373 0)
(0.418047 0.0289956 0)
(0.462172 0.0256286 0)
(0.494461 0.0229912 0)
(0.529168 0.019846 0)
(0.548454 0.0177618 0)
(0.574342 0.0148779 0)
(0.580873 0.0135174 0)
(0.599779 0.0107497 0)
(0.592047 0.00985643 0)
(0.601476 0.00544669 0)
(0.566707 0.00051117 0)
(0.547651 -0.017998 0)
(0.436487 -0.0502959 0)
(0.337222 -0.101388 0)
)
;

boundaryField
{
    movingWall
    {
        type            fixedValue;
        value           uniform (1 0 0);
    }
    fixedWalls
    {
        type            noSlip;
    }
    frontAndBack
    {
        type            empty;
    }
}


// ************************************************************************* //
