/*--------------------------------*- C++ -*----------------------------------*\
| =========                 |                                                 |
| \\      /  F ield         | OpenFOAM: The Open Source CFD Toolbox           |
|  \\    /   O peration     | Version:  2212                                  |
|   \\  /    A nd           | Website:  www.openfoam.com                      |
|    \\/     M anipulation  |                                                 |
\*---------------------------------------------------------------------------*/
FoamFile
{
    version     2.0;
    format      ascii;
    arch        "LSB;label=32;scalar=64";
    class       surfaceScalarField;
    location    "0.255";
    object      phi;
}
// * * * * * * * * * * * * * * * * * * * * * * * * * * * * * * * * * * * * * //

dimensions      [0 3 -1 0 0 0 0];

oriented        oriented;

internalField   nonuniform List<scalar> 
760
(
-1.97356e-08
1.97349e-08
-6.71259e-08
4.73904e-08
-1.22861e-07
5.5735e-08
-1.78863e-07
5.60023e-08
-2.3276e-07
5.38974e-08
-2.8344e-07
5.06797e-08
-3.29812e-07
4.63724e-08
-3.70575e-07
4.07627e-08
-4.04175e-07
3.36006e-08
-4.28825e-07
2.46499e-08
-4.42563e-07
1.3738e-08
-4.43255e-07
6.91434e-10
-4.29008e-07
-1.42468e-08
-3.9821e-07
-3.07974e-08
-3.50083e-07
-4.81266e-08
-2.85096e-07
-6.49876e-08
-2.05713e-07
-7.93822e-08
-1.18293e-07
-8.74201e-08
-3.86222e-08
-7.96712e-08
-3.86222e-08
-4.97607e-08
6.94957e-08
-1.41749e-07
1.39379e-07
-2.45383e-07
1.59369e-07
-3.48537e-07
1.59157e-07
-4.46657e-07
1.52018e-07
-5.37262e-07
1.41285e-07
-6.18177e-07
1.27287e-07
-6.87107e-07
1.09693e-07
-7.41546e-07
8.80399e-08
-7.78777e-07
6.18805e-08
-7.95969e-07
3.09301e-08
-7.90411e-07
-4.86644e-09
-7.59206e-07
-4.54512e-08
-7.006e-07
-8.94029e-08
-6.1389e-07
-1.34837e-07
-5.00311e-07
-1.78567e-07
-3.64231e-07
-2.15462e-07
-2.15874e-07
-2.35777e-07
-7.80559e-08
-2.1749e-07
-1.16678e-07
-6.17277e-08
1.31223e-07
-1.71661e-07
2.49312e-07
-2.93854e-07
2.81562e-07
-4.14783e-07
2.80086e-07
-5.29401e-07
2.66636e-07
-6.34895e-07
2.46779e-07
-7.28814e-07
2.21206e-07
-8.08621e-07
1.895e-07
-8.71586e-07
1.51005e-07
-9.14762e-07
1.05057e-07
-9.35031e-07
5.11993e-08
-9.29118e-07
-1.07795e-08
-8.93841e-07
-8.07277e-08
-8.26756e-07
-1.56488e-07
-7.26632e-07
-2.34961e-07
-5.94409e-07
-3.1079e-07
-4.34759e-07
-3.75112e-07
-2.59342e-07
-4.11194e-07
-9.47574e-08
-3.82074e-07
-2.11435e-07
-6.63401e-08
1.97564e-07
-1.84828e-07
3.678e-07
-3.16184e-07
4.12918e-07
-4.46032e-07
4.09934e-07
-5.69281e-07
3.89885e-07
-6.83179e-07
3.60677e-07
-7.85329e-07
3.23356e-07
-8.73223e-07
2.77394e-07
-9.44091e-07
2.21873e-07
-9.94818e-07
1.55784e-07
-1.02194e-06
7.83236e-08
-1.02171e-06
-1.10137e-08
-9.89707e-07
-1.12729e-07
-9.22333e-07
-2.23862e-07
-8.16898e-07
-3.40397e-07
-6.7308e-07
-4.54608e-07
-4.95146e-07
-5.53046e-07
-2.96226e-07
-6.10113e-07
-1.07909e-07
-5.70392e-07
-3.19344e-07
-6.9709e-08
2.67273e-07
-1.95135e-07
4.93227e-07
-3.34322e-07
5.52104e-07
-4.72132e-07
5.47744e-07
-6.03499e-07
5.21253e-07
-7.25863e-07
4.83041e-07
-8.37024e-07
4.34516e-07
-9.34629e-07
3.74999e-07
-1.01596e-06
3.03209e-07
-1.07778e-06
2.17597e-07
-1.11613e-06
1.16675e-07
-1.12677e-06
-3.75072e-10
-1.10327e-06
-1.36231e-07
-1.04018e-06
-2.8695e-07
-9.32235e-07
-4.48339e-07
-7.76623e-07
-6.10219e-07
-5.76367e-07
-7.53301e-07
-3.46478e-07
-8.40002e-07
-1.26008e-07
-7.90861e-07
-4.45352e-07
-7.36304e-08
3.40903e-07
-2.06984e-07
6.2658e-07
-3.55183e-07
7.00303e-07
-5.02253e-07
6.94814e-07
-6.43188e-07
6.62188e-07
-7.75709e-07
6.15561e-07
-8.97943e-07
5.56751e-07
-1.00785e-06
4.84907e-07
-1.10293e-06
3.98291e-07
-1.17993e-06
2.94592e-07
-1.23446e-06
1.7121e-07
-1.26159e-06
2.67547e-08
-1.25266e-06
-1.4516e-07
-1.19932e-06
-3.40292e-07
-1.0922e-06
-5.55462e-07
-9.23996e-07
-7.78423e-07
-6.94689e-07
-9.82608e-07
-4.21081e-07
-1.11361e-06
-1.53287e-07
-1.05866e-06
-5.98639e-07
-7.84981e-08
4.19401e-07
-2.21449e-07
7.69531e-07
-3.80422e-07
8.59276e-07
-5.38454e-07
8.52846e-07
-6.90641e-07
8.14374e-07
-8.35105e-07
7.60025e-07
-9.70483e-07
6.92129e-07
-1.09528e-06
6.09701e-07
-1.20749e-06
5.10499e-07
-1.30418e-06
3.91282e-07
-1.38094e-06
2.47971e-07
-1.43116e-06
7.69755e-08
-1.44582e-06
-1.305e-07
-1.41127e-06
-3.74843e-07
-1.31221e-06
-6.54516e-07
-1.13358e-06
-9.57058e-07
-8.68493e-07
-1.2477e-06
-5.33818e-07
-1.44829e-06
-1.95373e-07
-1.3971e-06
-7.94012e-07
-8.44199e-08
5.03821e-07
-2.38812e-07
9.23923e-07
-4.10368e-07
1.03083e-06
-5.80935e-07
1.02341e-06
-7.45774e-07
9.79212e-07
-9.03571e-07
9.17822e-07
-1.0537e-06
8.4226e-07
-1.19554e-06
7.51535e-07
-1.32799e-06
6.42954e-07
-1.44896e-06
5.12252e-07
-1.55452e-06
3.53526e-07
-1.63759e-06
1.60048e-07
-1.68857e-06
-7.95153e-08
-1.68769e-06
-3.75727e-07
-1.61159e-06
-7.30612e-07
-1.43219e-06
-1.13646e-06
-1.12823e-06
-1.55166e-06
-7.10484e-07
-1.86603e-06
-2.64318e-07
-1.84327e-06
-1.05833e-06
-9.15422e-08
5.95363e-07
-2.59359e-07
1.09174e-06
-4.45246e-07
1.21672e-06
-6.29622e-07
1.20779e-06
-8.08e-07
1.15759e-06
-9.7983e-07
1.08965e-06
-1.14552e-06
1.00795e-06
-1.3057e-06
9.11715e-07
-1.46079e-06
7.98042e-07
-1.61033e-06
6.61795e-07
-1.75189e-06
4.95089e-07
-1.87895e-06
2.87106e-07
-1.98483e-06
2.63621e-08
-2.04097e-06
-3.1958e-07
-2.01627e-06
-7.55312e-07
-1.86218e-06
-1.29055e-06
-1.52934e-06
-1.88451e-06
-1.00538e-06
-2.38999e-06
-3.89933e-07
-2.45871e-06
-1.44826e-06
-1.00202e-07
6.95565e-07
-2.83718e-07
1.27526e-06
-4.85645e-07
1.41865e-06
-6.84704e-07
1.40685e-06
-8.76797e-07
1.34968e-06
-1.06238e-06
1.27523e-06
-1.2432e-06
1.18877e-06
-1.42161e-06
1.09013e-06
-1.60022e-06
9.76649e-07
-1.78136e-06
8.42936e-07
-1.96611e-06
6.79841e-07
-2.15209e-06
4.73084e-07
-2.32942e-06
2.03691e-07
-2.48096e-06
-1.68037e-07
-2.55913e-06
-6.77143e-07
-2.49027e-06
-1.3594e-06
-2.17484e-06
-2.19994e-06
-1.53529e-06
-3.02954e-06
-6.46957e-07
-3.34704e-06
-2.09522e-06
-1.11092e-07
8.06657e-07
-3.13175e-07
1.47734e-06
-5.32888e-07
1.63836e-06
-7.47003e-07
1.62096e-06
-9.52051e-07
1.55473e-06
-1.1498e-06
1.47298e-06
-1.34364e-06
1.38261e-06
-1.53803e-06
1.28452e-06
-1.73839e-06
1.17701e-06
-1.95101e-06
1.05555e-06
-2.18241e-06
9.11237e-07
-2.43753e-06
7.28204e-07
-2.71432e-06
4.80488e-07
-3.00927e-06
1.26909e-07
-3.27412e-06
-4.12295e-07
-3.41055e-06
-1.22297e-06
-3.23645e-06
-2.37404e-06
-2.51762e-06
-3.74837e-06
-1.18984e-06
-4.67481e-06
-3.28506e-06
-1.25537e-07
9.32194e-07
-3.50135e-07
1.70194e-06
-5.89522e-07
1.87775e-06
-8.18402e-07
1.84984e-06
-1.03445e-06
1.77078e-06
-1.24115e-06
1.67969e-06
-1.4438e-06
1.58526e-06
-1.64908e-06
1.4898e-06
-1.86556e-06
1.39348e-06
-2.10433e-06
1.29433e-06
-2.37973e-06
1.18664e-06
-2.70918e-06
1.05765e-06
-3.11038e-06
8.81693e-07
-3.59351e-06
6.10037e-07
-4.1657e-06
1.59897e-07
-4.69559e-06
-6.93078e-07
-4.8774e-06
-2.19224e-06
-4.16943e-06
-4.45634e-06
-2.18892e-06
-6.65532e-06
-5.47399e-06
-1.45971e-07
1.07816e-06
-3.98878e-07
1.95484e-06
-6.60032e-07
2.1389e-06
-9.02394e-07
2.09221e-06
-1.12592e-06
1.9943e-06
-1.33648e-06
1.89026e-06
-1.54135e-06
1.79012e-06
-1.74915e-06
1.6976e-06
-1.97111e-06
1.61544e-06
-2.223e-06
1.54622e-06
-2.52795e-06
1.49159e-06
-2.91988e-06
1.44958e-06
-3.44622e-06
1.40804e-06
-4.16659e-06
1.33041e-06
-5.10682e-06
1.10012e-06
-6.19507e-06
3.95175e-07
-6.872e-06
-1.51531e-06
-6.19925e-06
-5.12909e-06
-3.47291e-06
-9.38167e-06
-8.94689e-06
-1.76954e-07
1.25512e-06
-4.66885e-07
2.24478e-06
-7.51768e-07
2.42378e-06
-1.00459e-06
2.34502e-06
-1.22998e-06
2.21969e-06
-1.43729e-06
2.09758e-06
-1.63561e-06
1.98844e-06
-1.83447e-06
1.89646e-06
-2.04604e-06
1.827e-06
-2.28843e-06
1.78861e-06
-2.59122e-06
1.79438e-06
-3.0035e-06
1.86185e-06
-3.60268e-06
2.00722e-06
-4.49291e-06
2.22063e-06
-5.75031e-06
2.35752e-06
-7.19662e-06
1.84148e-06
-8.12543e-06
-5.86499e-07
-7.41517e-06
-5.83934e-06
-4.33576e-06
-1.24611e-05
-1.32827e-05
-2.26441e-07
1.48156e-06
-5.67367e-07
2.5857e-06
-8.77827e-07
2.73424e-06
-1.13404e-06
2.60123e-06
-1.35207e-06
2.43772e-06
-1.54675e-06
2.29225e-06
-1.72817e-06
2.16985e-06
-1.90466e-06
2.07296e-06
-2.0858e-06
2.00814e-06
-2.28653e-06
1.98934e-06
-2.53422e-06
2.04208e-06
-2.88003e-06
2.20766e-06
-3.4096e-06
2.53679e-06
-4.22909e-06
3.04013e-06
-5.38243e-06
3.51086e-06
-6.67519e-06
3.13424e-06
-7.32489e-06
6.31997e-08
-6.79905e-06
-6.36519e-06
-4.2781e-06
-1.4982e-05
-1.75607e-05
-3.12448e-07
1.79401e-06
-7.21579e-07
2.99483e-06
-1.04815e-06
3.06082e-06
-1.29574e-06
2.84881e-06
-1.4955e-06
2.63749e-06
-1.66739e-06
2.46414e-06
-1.82118e-06
2.32364e-06
-1.96113e-06
2.21291e-06
-2.08979e-06
2.1368e-06
-2.21068e-06
2.11023e-06
-2.33393e-06
2.16533e-06
-2.48438e-06
2.35811e-06
-2.71136e-06
2.76377e-06
-3.06436e-06
3.39313e-06
-3.55177e-06
3.99827e-06
-4.04318e-06
3.62565e-06
-4.60648e-06
6.265e-07
-4.5134e-06
-6.45827e-06
-3.35997e-06
-1.61355e-05
-2.09207e-05
-4.72741e-07
2.26675e-06
-1.01298e-06
3.53507e-06
-1.33375e-06
3.38158e-06
-1.52187e-06
3.03694e-06
-1.66969e-06
2.78531e-06
-1.79768e-06
2.59213e-06
-1.90373e-06
2.42969e-06
-1.98141e-06
2.2906e-06
-2.02456e-06
2.17995e-06
-2.02083e-06
2.10649e-06
-1.95571e-06
2.10021e-06
-1.80435e-06
2.20675e-06
-1.55466e-06
2.51408e-06
-1.1675e-06
3.00597e-06
-7.44883e-07
3.57566e-06
-4.91507e-07
3.37227e-06
-6.03036e-07
7.38029e-07
-1.22009e-06
-5.84121e-06
-1.47608e-06
-1.58795e-05
-2.23968e-05
-4.49376e-07
2.71612e-06
-1.13201e-06
4.21771e-06
-1.55671e-06
3.80628e-06
-1.78544e-06
3.26567e-06
-1.87282e-06
2.87269e-06
-1.86795e-06
2.58727e-06
-1.79329e-06
2.35502e-06
-1.65673e-06
2.15404e-06
-1.4692e-06
1.99241e-06
-1.21582e-06
1.85311e-06
-8.82456e-07
1.76685e-06
-4.05127e-07
1.72943e-06
2.86377e-07
1.82257e-06
1.21685e-06
2.07549e-06
2.37846e-06
2.41405e-06
3.48928e-06
2.26145e-06
3.87179e-06
3.55522e-07
2.87106e-06
-4.84048e-06
1.35068e-06
-1.43591e-05
-2.10461e-05
-3.8845e-06
6.60062e-06
-3.71504e-06
4.04825e-06
-2.62266e-06
2.7139e-06
-1.57646e-06
2.21947e-06
-6.17501e-07
1.91373e-06
3.05444e-07
1.66432e-06
1.19443e-06
1.46603e-06
2.0523e-06
1.29617e-06
2.86951e-06
1.1752e-06
3.66423e-06
1.05839e-06
4.43409e-06
9.96994e-07
5.22265e-06
9.40862e-07
6.0575e-06
9.87726e-07
7.06263e-06
1.07036e-06
8.38981e-06
1.08687e-06
9.82787e-06
8.23386e-07
1.0438e-05
-2.546e-07
9.68182e-06
-4.0843e-06
5.52206e-06
-1.01993e-05
-1.55241e-05
6.60062e-06
1.06489e-05
1.33628e-05
1.55822e-05
1.7496e-05
1.91603e-05
2.06263e-05
2.19225e-05
2.30977e-05
2.41561e-05
2.51531e-05
2.6094e-05
2.70817e-05
2.8152e-05
2.92389e-05
3.00623e-05
2.98077e-05
2.57234e-05
1.55241e-05
)
;

boundaryField
{
    movingWall
    {
        type            calculated;
        value           uniform 0;
    }
    fixedWalls
    {
        type            calculated;
        value           uniform 0;
    }
    frontAndBack
    {
        type            empty;
        value           nonuniform List<scalar> 0();
    }
}


// ************************************************************************* //
