/*--------------------------------*- C++ -*----------------------------------*\
| =========                 |                                                 |
| \\      /  F ield         | OpenFOAM: The Open Source CFD Toolbox           |
|  \\    /   O peration     | Version:  2212                                  |
|   \\  /    A nd           | Website:  www.openfoam.com                      |
|    \\/     M anipulation  |                                                 |
\*---------------------------------------------------------------------------*/
FoamFile
{
    version     2.0;
    format      ascii;
    arch        "LSB;label=32;scalar=64";
    class       surfaceScalarField;
    location    "0.61";
    object      phi;
}
// * * * * * * * * * * * * * * * * * * * * * * * * * * * * * * * * * * * * * //

dimensions      [0 3 -1 0 0 0 0];

oriented        oriented;

internalField   nonuniform List<scalar> 
760
(
-3.74192e-08
3.74192e-08
-1.25949e-07
8.85301e-08
-2.35042e-07
1.09093e-07
-3.51548e-07
1.16506e-07
-4.72534e-07
1.20987e-07
-5.97936e-07
1.25402e-07
-7.27331e-07
1.29395e-07
-8.58457e-07
1.31126e-07
-9.86074e-07
1.27616e-07
-1.10079e-06
1.14716e-07
-1.18817e-06
8.73836e-08
-1.22904e-06
4.08673e-08
-1.20054e-06
-2.84972e-08
-1.08576e-06
-1.1478e-07
-8.82089e-07
-2.03674e-07
-6.13918e-07
-2.68171e-07
-3.34917e-07
-2.79002e-07
-1.12834e-07
-2.22083e-07
-3.89614e-10
-1.12444e-07
-3.89413e-10
-1.01034e-07
1.38453e-07
-2.88683e-07
2.7618e-07
-5.11655e-07
3.32064e-07
-7.49344e-07
3.54195e-07
-9.94555e-07
3.66198e-07
-1.24427e-06
3.75115e-07
-1.49487e-06
3.79995e-07
-1.73961e-06
3.75867e-07
-1.96688e-06
3.54888e-07
-2.15884e-06
3.06671e-07
-2.29084e-06
2.19385e-07
-2.33288e-06
8.29106e-08
-2.2539e-06
-1.07483e-07
-2.02752e-06
-3.41158e-07
-1.65465e-06
-5.7654e-07
-1.17572e-06
-7.47107e-07
-6.77855e-07
-7.76863e-07
-2.72282e-07
-6.27655e-07
-4.14823e-08
-3.43244e-07
-4.18718e-08
-1.36408e-07
2.74861e-07
-3.78368e-07
5.18139e-07
-6.61269e-07
6.14966e-07
-9.60838e-07
6.53764e-07
-1.26825e-06
6.73613e-07
-1.57923e-06
6.86094e-07
-1.88884e-06
6.89601e-07
-2.1888e-06
6.75831e-07
-2.4657e-06
6.31786e-07
-2.6994e-06
5.40369e-07
-2.86202e-06
3.82004e-07
-2.91879e-06
1.39687e-07
-2.82918e-06
-1.97093e-07
-2.55558e-06
-6.14765e-07
-2.08728e-06
-1.04484e-06
-1.46785e-06
-1.36654e-06
-8.15688e-07
-1.42902e-06
-2.96663e-07
-1.14668e-06
-2.96127e-08
-6.10295e-07
-7.14846e-08
-1.52104e-07
4.26965e-07
-4.20845e-07
7.8688e-07
-7.33587e-07
9.27707e-07
-1.06403e-06
9.84205e-07
-1.40338e-06
1.01297e-06
-1.74807e-06
1.03078e-06
-2.09428e-06
1.03582e-06
-2.43533e-06
1.01688e-06
-2.75968e-06
9.56131e-07
-3.04879e-06
8.29486e-07
-3.27449e-06
6.07703e-07
-3.39685e-06
2.6205e-07
-3.36394e-06
-2.30002e-07
-3.10632e-06
-8.72394e-07
-2.57897e-06
-1.57218e-06
-1.81003e-06
-2.13549e-06
-9.55108e-07
-2.28394e-06
-2.74945e-07
-1.82684e-06
2.38909e-08
-9.09131e-07
-4.75938e-08
-1.56337e-07
5.83302e-07
-4.34944e-07
1.06549e-06
-7.60129e-07
1.25289e-06
-1.10498e-06
1.32906e-06
-1.46185e-06
1.36983e-06
-1.82938e-06
1.39832e-06
-2.20707e-06
1.4135e-06
-2.5926e-06
1.40241e-06
-2.97987e-06
1.34339e-06
-3.35637e-06
1.20599e-06
-3.69856e-06
9.49897e-07
-3.96245e-06
5.25934e-07
-4.08939e-06
-1.03066e-07
-3.94863e-06
-1.01315e-06
-3.42953e-06
-2.09129e-06
-2.50505e-06
-3.05996e-06
-1.3545e-06
-3.43449e-06
-3.58684e-07
-2.82266e-06
8.78758e-08
-1.35569e-06
4.02818e-08
-1.53504e-07
7.36806e-07
-4.31374e-07
1.34336e-06
-7.58307e-07
1.57983e-06
-1.1078e-06
1.67855e-06
-1.47401e-06
1.73604e-06
-1.85896e-06
1.78327e-06
-2.26723e-06
1.82177e-06
-2.70373e-06
1.83892e-06
-3.17219e-06
1.81185e-06
-3.67285e-06
1.70664e-06
-4.19734e-06
1.4744e-06
-4.7122e-06
1.04079e-06
-5.12637e-06
3.11099e-07
-5.27457e-06
-8.64946e-07
-4.9022e-06
-2.46366e-06
-3.88745e-06
-4.07471e-06
-2.38787e-06
-4.93406e-06
-8.36485e-07
-4.37405e-06
5.72764e-08
-2.24945e-06
9.75581e-08
-1.45716e-07
8.82522e-07
-4.15387e-07
1.61303e-06
-7.36228e-07
1.90067e-06
-1.08258e-06
2.0249e-06
-1.45065e-06
2.10411e-06
-1.84637e-06
2.17899e-06
-2.28067e-06
2.25607e-06
-2.76832e-06
2.32658e-06
-3.32776e-06
2.37129e-06
-3.98072e-06
2.3596e-06
-4.74832e-06
2.24199e-06
-5.62205e-06
1.91452e-06
-6.47371e-06
1.16276e-06
-7.07534e-06
-2.6332e-07
-6.99746e-06
-2.54153e-06
-6.0618e-06
-5.01037e-06
-4.327e-06
-6.66886e-06
-2.0757e-06
-6.62535e-06
-2.43388e-07
-4.08176e-06
-1.4583e-07
-1.33958e-07
1.01648e-06
-3.89295e-07
1.86836e-06
-6.96926e-07
2.2083e-06
-1.03188e-06
2.35985e-06
-1.39203e-06
2.46426e-06
-1.78703e-06
2.57399e-06
-2.23449e-06
2.70353e-06
-2.76063e-06
2.85271e-06
-3.40287e-06
3.01354e-06
-4.21139e-06
3.16812e-06
-5.23973e-06
3.27033e-06
-6.4947e-06
3.16949e-06
-7.81826e-06
2.48632e-06
-8.78992e-06
7.08341e-07
-9.06013e-06
-2.27131e-06
-8.43462e-06
-5.63589e-06
-6.82871e-06
-8.27477e-06
-4.15322e-06
-9.30084e-06
-1.07124e-06
-7.16375e-06
-1.21707e-06
-1.18944e-07
1.13542e-06
-3.54552e-07
2.10397e-06
-6.41831e-07
2.49558e-06
-9.55761e-07
2.67378e-06
-1.2948e-06
2.8033e-06
-1.671e-06
2.95019e-06
-2.10706e-06
3.13959e-06
-2.6386e-06
3.38426e-06
-3.31925e-06
3.69419e-06
-4.22073e-06
4.0696e-06
-5.40738e-06
4.45698e-06
-6.85796e-06
4.62007e-06
-8.3523e-06
3.98066e-06
-9.46916e-06
1.8252e-06
-9.91532e-06
-1.82516e-06
-9.73492e-06
-5.81628e-06
-8.71667e-06
-9.29302e-06
-6.35569e-06
-1.16618e-05
-2.52853e-06
-1.09909e-05
-3.7456e-06
-1.01795e-07
1.23722e-06
-3.13421e-07
2.3156e-06
-5.73518e-07
2.75567e-06
-8.55833e-07
2.9561e-06
-1.15774e-06
3.10521e-06
-1.49125e-06
3.2837e-06
-1.88013e-06
3.52847e-06
-2.36234e-06
3.86647e-06
-2.99447e-06
4.32632e-06
-3.84583e-06
4.92096e-06
-4.95342e-06
5.56457e-06
-6.23301e-06
5.89966e-06
-7.44564e-06
5.19329e-06
-8.36016e-06
2.73972e-06
-8.84419e-06
-1.34113e-06
-9.03591e-06
-5.62457e-06
-8.72844e-06
-9.60049e-06
-7.31716e-06
-1.30731e-05
-4.01205e-06
-1.4296e-05
-7.75765e-06
-8.45501e-08
1.32177e-06
-2.70201e-07
2.50125e-06
-4.97726e-07
2.9832e-06
-7.38272e-07
3.19664e-06
-9.86323e-07
3.35326e-06
-1.25064e-06
3.54801e-06
-1.55008e-06
3.82791e-06
-1.9136e-06
4.22998e-06
-2.38015e-06
4.79287e-06
-2.98841e-06
5.52922e-06
-3.73831e-06
6.31447e-06
-4.53888e-06
6.70023e-06
-5.23935e-06
5.89376e-06
-5.80301e-06
3.30338e-06
-6.30337e-06
-8.40771e-07
-6.70174e-06
-5.2262e-06
-6.95138e-06
-9.35084e-06
-6.55007e-06
-1.34744e-05
-4.34294e-06
-1.65032e-05
-1.21006e-05
-7.06086e-08
1.39238e-06
-2.3217e-07
2.66281e-06
-4.24643e-07
3.17567e-06
-6.15608e-07
3.38761e-06
-7.95751e-07
3.5334e-06
-9.68389e-07
3.72065e-06
-1.14289e-06
4.00241e-06
-1.33135e-06
4.41844e-06
-1.54461e-06
5.00614e-06
-1.78413e-06
5.76873e-06
-2.03722e-06
6.56757e-06
-2.27428e-06
6.93729e-06
-2.49058e-06
6.11006e-06
-2.78697e-06
3.59977e-06
-3.31109e-06
-3.16651e-07
-3.87924e-06
-4.65805e-06
-4.55485e-06
-8.67522e-06
-4.92446e-06
-1.31048e-05
-3.61919e-06
-1.78084e-05
-1.57198e-05
-6.48816e-08
1.45726e-06
-2.09928e-07
2.80786e-06
-3.69512e-07
3.33526e-06
-5.07215e-07
3.52531e-06
-6.11016e-07
3.6372e-06
-6.79485e-07
3.78912e-06
-7.12289e-07
4.03522e-06
-7.04276e-07
4.41043e-06
-6.41843e-07
4.9437e-06
-4.9598e-07
5.62287e-06
-2.71178e-07
6.34276e-06
-3.6479e-08
6.7026e-06
5.83222e-08
6.01526e-06
-1.06914e-08
3.66878e-06
-4.47197e-07
1.19855e-07
-1.2049e-06
-3.90035e-06
-2.27413e-06
-7.60599e-06
-3.27496e-06
-1.2104e-05
-2.7461e-06
-1.83373e-05
-1.84659e-05
-7.54073e-08
1.53267e-06
-2.18784e-07
2.95123e-06
-3.51178e-07
3.46765e-06
-4.35133e-07
3.60927e-06
-4.6038e-07
3.66245e-06
-4.23802e-07
3.75254e-06
-3.18676e-07
3.93009e-06
-1.26538e-07
4.21829e-06
1.84519e-07
4.63265e-06
6.31279e-07
5.17611e-06
1.23977e-06
5.73427e-06
1.93384e-06
6.00853e-06
2.48721e-06
5.46189e-06
2.57401e-06
3.58198e-06
2.10385e-06
5.90014e-07
1.17481e-06
-2.97131e-06
-1.47739e-07
-6.28344e-06
-1.64395e-06
-1.06078e-05
-1.90669e-06
-1.80745e-05
-2.03726e-05
-1.12961e-07
1.64563e-06
-2.80199e-07
3.11847e-06
-3.98264e-07
3.58572e-06
-4.29486e-07
3.64049e-06
-3.75719e-07
3.60868e-06
-2.39977e-07
3.6168e-06
-1.4545e-08
3.70466e-06
3.18907e-07
3.88484e-06
7.85532e-07
4.16602e-06
1.43291e-06
4.52874e-06
2.27303e-06
4.89415e-06
3.22235e-06
5.05921e-06
4.02221e-06
4.66203e-06
4.31711e-06
3.28708e-06
3.93422e-06
9.72903e-07
2.89003e-06
-1.92712e-06
1.32393e-06
-4.71734e-06
-4.5922e-07
-8.82461e-06
-1.1971e-06
-1.73367e-05
-2.15697e-05
-1.93197e-07
1.83883e-06
-4.14392e-07
3.33967e-06
-5.20133e-07
3.69146e-06
-4.98761e-07
3.61911e-06
-3.7127e-07
3.48119e-06
-1.49158e-07
3.39469e-06
1.71366e-07
3.38414e-06
6.05425e-07
3.45078e-06
1.18098e-06
3.59046e-06
1.92726e-06
3.78246e-06
2.84849e-06
3.97292e-06
3.87154e-06
4.03616e-06
4.7731e-06
3.76047e-06
5.21296e-06
2.84722e-06
4.94584e-06
1.24002e-06
3.91456e-06
-8.9584e-07
2.28715e-06
-3.08992e-06
4.27297e-07
-6.96476e-06
-5.25113e-07
-1.63842e-05
-2.20948e-05
-3.82307e-07
2.22113e-06
-7.66526e-07
3.72389e-06
-8.3667e-07
3.7616e-06
-6.98659e-07
3.4811e-06
-4.6191e-07
3.24444e-06
-1.50831e-07
3.08361e-06
2.45522e-07
2.98778e-06
7.50141e-07
2.94616e-06
1.38339e-06
2.95721e-06
2.16424e-06
3.00161e-06
3.08187e-06
3.05529e-06
4.07832e-06
3.03972e-06
4.97302e-06
2.86576e-06
5.48293e-06
2.33732e-06
5.30196e-06
1.42099e-06
4.42632e-06
-2.02074e-08
2.97065e-06
-1.63425e-06
1.50364e-06
-5.49775e-06
3.00063e-07
-1.51807e-05
-2.17947e-05
-3.95661e-07
2.61679e-06
-8.60303e-07
4.18853e-06
-1.0294e-06
3.9307e-06
-9.63548e-07
3.41525e-06
-7.28993e-07
3.00989e-06
-3.75206e-07
2.72982e-06
8.92512e-08
2.52333e-06
6.68721e-07
2.36669e-06
1.3636e-06
2.26233e-06
2.18231e-06
2.18291e-06
3.0934e-06
2.1442e-06
4.06003e-06
2.07309e-06
4.94288e-06
1.98291e-06
5.55158e-06
1.72862e-06
5.65051e-06
1.32206e-06
5.12877e-06
5.01532e-07
4.35546e-06
-8.60945e-07
3.31818e-06
-4.46047e-06
1.56877e-06
-1.34313e-05
-2.0226e-05
-3.92325e-06
6.54005e-06
-3.73599e-06
4.00126e-06
-2.51858e-06
2.7133e-06
-1.32792e-06
2.22458e-06
-2.35238e-07
1.91721e-06
8.27517e-07
1.66706e-06
1.87604e-06
1.4748e-06
2.93027e-06
1.31246e-06
3.98476e-06
1.20785e-06
5.05836e-06
1.1093e-06
6.13703e-06
1.06553e-06
7.21207e-06
9.9805e-07
8.21501e-06
9.7996e-07
9.06927e-06
8.74365e-07
9.67266e-06
7.18674e-07
9.86555e-06
3.08636e-07
9.68993e-06
-6.85322e-07
8.95135e-06
-3.72188e-06
5.18549e-06
-9.6654e-06
-1.50405e-05
6.54005e-06
1.05413e-05
1.32546e-05
1.54792e-05
1.73964e-05
1.90635e-05
2.05383e-05
2.18507e-05
2.30586e-05
2.41679e-05
2.52334e-05
2.62314e-05
2.72114e-05
2.80858e-05
2.88044e-05
2.91131e-05
2.84278e-05
2.47059e-05
1.50405e-05
)
;

boundaryField
{
    movingWall
    {
        type            calculated;
        value           uniform 0;
    }
    fixedWalls
    {
        type            calculated;
        value           uniform 0;
    }
    frontAndBack
    {
        type            empty;
        value           nonuniform List<scalar> 0();
    }
}


// ************************************************************************* //
