/*--------------------------------*- C++ -*----------------------------------*\
| =========                 |                                                 |
| \\      /  F ield         | OpenFOAM: The Open Source CFD Toolbox           |
|  \\    /   O peration     | Version:  2212                                  |
|   \\  /    A nd           | Website:  www.openfoam.com                      |
|    \\/     M anipulation  |                                                 |
\*---------------------------------------------------------------------------*/
FoamFile
{
    version     2.0;
    format      ascii;
    arch        "LSB;label=32;scalar=64";
    class       volVectorField;
    location    "1.665";
    object      U;
}
// * * * * * * * * * * * * * * * * * * * * * * * * * * * * * * * * * * * * * //

dimensions      [0 1 -1 0 0 0 0];

internalField   nonuniform List<vector> 
400
(
(0.000757151 -0.000845575 0)
(0.00181887 -0.000762785 0)
(0.00184199 -0.000469647 0)
(0.000518651 -0.000100504 0)
(-0.00267427 0.0004779 0)
(-0.00851817 0.00148053 0)
(-0.017748 0.00309762 0)
(-0.0304578 0.00520752 0)
(-0.0453326 0.00700506 0)
(-0.0593789 0.00724273 0)
(-0.0689733 0.00529465 0)
(-0.0714 0.00175726 0)
(-0.0653389 -0.00221263 0)
(-0.0507186 -0.0059828 0)
(-0.0305014 -0.0082001 0)
(-0.00821204 -0.00763758 0)
(0.00964668 -0.00431948 0)
(0.0167032 0.00140569 0)
(0.0117733 0.00450107 0)
(0.00337181 0.00346624 0)
(0.000256695 -0.00175232 0)
(-0.000899448 -0.000329746 0)
(-0.00526665 0.00202593 0)
(-0.0133695 0.0051977 0)
(-0.0266138 0.00965674 0)
(-0.046013 0.0155088 0)
(-0.0708268 0.0218114 0)
(-0.0976629 0.0261872 0)
(-0.12159 0.0259681 0)
(-0.138504 0.0201905 0)
(-0.146061 0.00994091 0)
(-0.143398 -0.00275441 0)
(-0.130933 -0.0159779 0)
(-0.108899 -0.0277032 0)
(-0.0794471 -0.0346543 0)
(-0.0452287 -0.0333662 0)
(-0.011444 -0.0221205 0)
(0.0115713 -0.00311945 0)
(0.0134974 0.0113474 0)
(0.0045474 0.0111915 0)
(-0.00112792 -4.60895e-05 0)
(-0.00653216 0.00527639 0)
(-0.017533 0.012175 0)
(-0.0341978 0.0213405 0)
(-0.0578567 0.0327991 0)
(-0.0878604 0.0444901 0)
(-0.120445 0.052572 0)
(-0.150461 0.0534172 0)
(-0.174088 0.0458298 0)
(-0.189507 0.0310549 0)
(-0.195978 0.0112175 0)
(-0.193564 -0.0115278 0)
(-0.182583 -0.0350868 0)
(-0.162743 -0.0563157 0)
(-0.133983 -0.0707796 0)
(-0.096715 -0.0725471 0)
(-0.0533123 -0.0560017 0)
(-0.0116142 -0.0216463 0)
(0.00789865 0.0118312 0)
(0.0039564 0.0183883 0)
(-0.00288816 0.00571149 0)
(-0.0133073 0.017434 0)
(-0.0313398 0.0302382 0)
(-0.055732 0.0462302 0)
(-0.0868122 0.0637008 0)
(-0.121921 0.0778101 0)
(-0.155926 0.0834173 0)
(-0.184474 0.0781176 0)
(-0.205778 0.062982 0)
(-0.219582 0.0404979 0)
(-0.226086 0.0128099 0)
(-0.225898 -0.0183682 0)
(-0.21923 -0.0510236 0)
(-0.205286 -0.0821993 0)
(-0.182452 -0.107191 0)
(-0.148619 -0.11839 0)
(-0.102446 -0.105628 0)
(-0.0467709 -0.0612726 0)
(-0.000733499 -0.000622961 0)
(0.00448413 0.0226191 0)
(-0.00454402 0.0156448 0)
(-0.0194573 0.0356644 0)
(-0.0430866 0.0546398 0)
(-0.0724576 0.0764966 0)
(-0.106733 0.0973684 0)
(-0.141845 0.110533 0)
(-0.172656 0.111321 0)
(-0.196429 0.0994749 0)
(-0.21303 0.0778094 0)
(-0.223329 0.0493119 0)
(-0.228583 0.0160159 0)
(-0.229949 -0.0207991 0)
(-0.227714 -0.0597871 0)
(-0.221168 -0.09914 0)
(-0.208158 -0.135397 0)
(-0.1846 -0.161058 0)
(-0.14564 -0.162796 0)
(-0.0880275 -0.122754 0)
(-0.0179771 -0.0351613 0)
(0.0062852 0.0221399 0)
(-0.0055205 0.0287091 0)
(-0.0232447 0.0580227 0)
(-0.0497643 0.0823964 0)
(-0.0804559 0.108161 0)
(-0.113616 0.129723 0)
(-0.144605 0.139672 0)
(-0.169114 0.134704 0)
(-0.185999 0.116593 0)
(-0.196298 0.0894124 0)
(-0.201775 0.0566032 0)
(-0.204463 0.0203506 0)
(-0.205834 -0.018291 0)
(-0.206443 -0.0590664 0)
(-0.206311 -0.102028 0)
(-0.20378 -0.146163 0)
(-0.194034 -0.186481 0)
(-0.16969 -0.209823 0)
(-0.12317 -0.191347 0)
(-0.0517535 -0.101872 0)
(0.00470103 0.0117028 0)
(-0.00542274 0.043095 0)
(-0.0236038 0.0818041 0)
(-0.0499092 0.110201 0)
(-0.0785647 0.137702 0)
(-0.107517 0.157827 0)
(-0.132264 0.163285 0)
(-0.149708 0.152321 0)
(-0.160024 0.128435 0)
(-0.164999 0.0967093 0)
(-0.166771 0.0609853 0)
(-0.167296 0.0235201 0)
(-0.167749 -0.0148064 0)
(-0.168896 -0.0543152 0)
(-0.1717 -0.0963098 0)
(-0.175858 -0.142189 0)
(-0.17774 -0.191232 0)
(-0.169356 -0.234589 0)
(-0.140906 -0.246766 0)
(-0.0865676 -0.181607 0)
(-0.0066399 -0.0134091 0)
(-0.00419196 0.0566983 0)
(-0.0204601 0.104364 0)
(-0.0438862 0.135465 0)
(-0.0682012 0.162958 0)
(-0.091444 0.180368 0)
(-0.109754 0.180945 0)
(-0.121287 0.164367 0)
(-0.127136 0.135542 0)
(-0.129422 0.1003 0)
(-0.130139 0.0625925 0)
(-0.130495 0.0243802 0)
(-0.130779 -0.0137133 0)
(-0.131465 -0.0518397 0)
(-0.133952 -0.0910713 0)
(-0.139515 -0.133954 0)
(-0.147101 -0.184002 0)
(-0.15022 -0.23952 0)
(-0.138043 -0.280148 0)
(-0.102998 -0.250209 0)
(-0.0259065 -0.0642835 0)
(-0.00211801 0.0675189 0)
(-0.0145924 0.123381 0)
(-0.0332735 0.156248 0)
(-0.052013 0.182618 0)
(-0.069192 0.196937 0)
(-0.0818305 0.193192 0)
(-0.0891644 0.172174 0)
(-0.0927378 0.139776 0)
(-0.094576 0.102263 0)
(-0.0961275 0.0633987 0)
(-0.0976647 0.0245881 0)
(-0.0986991 -0.0138856 0)
(-0.0992873 -0.0517848 0)
(-0.100537 -0.0890465 0)
(-0.104607 -0.127701 0)
(-0.113096 -0.173717 0)
(-0.122537 -0.233175 0)
(-0.121647 -0.295805 0)
(-0.101666 -0.305656 0)
(-0.0342885 -0.141798 0)
(0.000342638 0.0740601 0)
(-0.00708235 0.137324 0)
(-0.0198704 0.171665 0)
(-0.0325043 0.196634 0)
(-0.0437287 0.208287 0)
(-0.0515329 0.20139 0)
(-0.0559426 0.177482 0)
(-0.0584801 0.143052 0)
(-0.0606998 0.104528 0)
(-0.0633837 0.0653009 0)
(-0.0661821 0.0261244 0)
(-0.0683368 -0.0130817 0)
(-0.0696729 -0.0517406 0)
(-0.070681 -0.0885623 0)
(-0.0733032 -0.124015 0)
(-0.080472 -0.164056 0)
(-0.0926638 -0.220843 0)
(-0.0990671 -0.297029 0)
(-0.0923737 -0.344068 0)
(-0.0301744 -0.218513 0)
(0.00270227 0.0754177 0)
(0.00085379 0.14504 0)
(-0.00551017 0.18102 0)
(-0.0119234 0.204665 0)
(-0.0174032 0.214375 0)
(-0.0207865 0.20579 0)
(-0.0226541 0.180767 0)
(-0.0242275 0.145906 0)
(-0.0264342 0.107474 0)
(-0.0295146 0.0684783 0)
(-0.0329282 0.0292473 0)
(-0.0360859 -0.0104891 0)
(-0.0387979 -0.0500125 0)
(-0.0410984 -0.0872914 0)
(-0.0441675 -0.121247 0)
(-0.0505498 -0.156016 0)
(-0.0641739 -0.206841 0)
(-0.0749898 -0.289806 0)
(-0.0803379 -0.368315 0)
(-0.0229992 -0.281883 0)
(0.0045713 0.0718894 0)
(0.00827179 0.146384 0)
(0.00835579 0.184434 0)
(0.00808116 0.20736 0)
(0.00830308 0.216101 0)
(0.00942548 0.207122 0)
(0.0104574 0.182364 0)
(0.0104986 0.148185 0)
(0.00918452 0.11051 0)
(0.00665437 0.0721291 0)
(0.00340389 0.0333082 0)
(-0.000384267 -0.00621712 0)
(-0.00461619 -0.0457117 0)
(-0.00923132 -0.083117 0)
(-0.0147976 -0.11637 0)
(-0.0222644 -0.147315 0)
(-0.0380086 -0.191147 0)
(-0.0517454 -0.275814 0)
(-0.0687667 -0.381133 0)
(-0.0152094 -0.334996 0)
(0.00546478 0.0644314 0)
(0.0140077 0.141478 0)
(0.0201568 0.181454 0)
(0.0257151 0.203803 0)
(0.0315012 0.212154 0)
(0.0374697 0.203953 0)
(0.0423376 0.180864 0)
(0.0451913 0.148532 0)
(0.0458882 0.112396 0)
(0.0447474 0.0752148 0)
(0.0422357 0.0374584 0)
(0.038179 -0.00110823 0)
(0.032603 -0.0394488 0)
(0.0253146 -0.0758549 0)
(0.0158832 -0.108054 0)
(0.00520029 -0.136196 0)
(-0.0140597 -0.173892 0)
(-0.0291364 -0.256796 0)
(-0.0579629 -0.38422 0)
(-0.00723587 -0.377898 0)
(0.00511242 0.0546147 0)
(0.0170611 0.131134 0)
(0.0286833 0.172997 0)
(0.0398685 0.195244 0)
(0.0512422 0.203576 0)
(0.0624403 0.196868 0)
(0.0720235 0.176402 0)
(0.0788353 0.146812 0)
(0.0826103 0.112915 0)
(0.0836029 0.0775302 0)
(0.0822091 0.0415776 0)
(0.0781811 0.00510087 0)
(0.0713503 -0.0308413 0)
(0.0614341 -0.0649991 0)
(0.0478776 -0.095314 0)
(0.0324469 -0.121039 0)
(0.00802872 -0.153433 0)
(-0.00671141 -0.233387 0)
(-0.0480494 -0.381272 0)
(0.00130122 -0.414403 0)
(0.00351278 0.0446582 0)
(0.0164051 0.117165 0)
(0.0317828 0.15866 0)
(0.0478097 0.179712 0)
(0.0647523 0.187532 0)
(0.0817223 0.182513 0)
(0.0969754 0.165497 0)
(0.108943 0.13988 0)
(0.116976 0.109634 0)
(0.121047 0.0774496 0)
(0.121356 0.0446749 0)
(0.117791 0.0117321 0)
(0.109738 -0.0204513 0)
(0.0974071 -0.0508766 0)
(0.0795358 -0.0779681 0)
(0.0590992 -0.101577 0)
(0.0291138 -0.130084 0)
(0.0156912 -0.207426 0)
(-0.0386669 -0.375474 0)
(0.0114347 -0.446145 0)
(0.00091355 0.0365108 0)
(0.0120955 0.102299 0)
(0.0297734 0.142319 0)
(0.0498414 0.161707 0)
(0.0719576 0.168177 0)
(0.0946351 0.164014 0)
(0.115803 0.15017 0)
(0.133441 0.128918 0)
(0.14639 0.103244 0)
(0.154277 0.0754715 0)
(0.156833 0.0470972 0)
(0.154349 0.0188962 0)
(0.145497 -0.00842558 0)
(0.131288 -0.0337972 0)
(0.109474 -0.0563954 0)
(0.0847927 -0.0773303 0)
(0.0498154 -0.103798 0)
(0.0371133 -0.180689 0)
(-0.0284894 -0.368817 0)
(0.0255435 -0.472264 0)
(-0.00290025 0.0357811 0)
(0.00119133 0.0898103 0)
(0.0169893 0.119531 0)
(0.0406899 0.134248 0)
(0.0683026 0.13891 0)
(0.097186 0.135619 0)
(0.124685 0.125233 0)
(0.148516 0.109148 0)
(0.166967 0.0894599 0)
(0.179412 0.0679247 0)
(0.184942 0.0459946 0)
(0.184197 0.0244187 0)
(0.175406 0.00393778 0)
(0.160869 -0.0150274 0)
(0.136598 -0.0319449 0)
(0.110259 -0.0499355 0)
(0.0721147 -0.076816 0)
(0.0582595 -0.156312 0)
(-0.011463 -0.357283 0)
(0.0485599 -0.48352 0)
(-0.00853521 0.0265371 0)
(-0.00810688 0.0867844 0)
(0.00433883 0.108437 0)
(0.0292872 0.113327 0)
(0.0605781 0.112165 0)
(0.0938808 0.107415 0)
(0.12615 0.0991716 0)
(0.154607 0.0874943 0)
(0.17741 0.0737579 0)
(0.194025 0.0587609 0)
(0.20266 0.0439448 0)
(0.205381 0.0295633 0)
(0.198607 0.0167639 0)
(0.187925 0.00475325 0)
(0.165786 -0.00601816 0)
(0.145504 -0.0214478 0)
(0.107628 -0.0504543 0)
(0.0926717 -0.132932 0)
(0.0299925 -0.322756 0)
(0.089622 -0.453277 0)
(-0.102421 0.0882087 0)
(-0.076095 0.0717899 0)
(-0.0539528 0.0657186 0)
(-0.012225 0.0649167 0)
(0.0304684 0.0635757 0)
(0.0738099 0.0607926 0)
(0.114402 0.0565728 0)
(0.152616 0.050553 0)
(0.183688 0.0438757 0)
(0.211993 0.0364603 0)
(0.229774 0.0295767 0)
(0.246898 0.0228386 0)
(0.250451 0.0174623 0)
(0.257329 0.0122858 0)
(0.24568 0.00729509 0)
(0.242966 -0.00275497 0)
(0.209062 -0.027581 0)
(0.204588 -0.0905357 0)
(0.145569 -0.228924 0)
(0.169719 -0.341179 0)
(0.13234 0.106012 0)
(0.163477 0.0802402 0)
(0.219736 0.0582866 0)
(0.276583 0.0452737 0)
(0.324622 0.0379083 0)
(0.370717 0.032786 0)
(0.4093 0.0292331 0)
(0.449584 0.0257881 0)
(0.479623 0.0232588 0)
(0.513283 0.020232 0)
(0.532628 0.0183019 0)
(0.559225 0.0154961 0)
(0.566927 0.014298 0)
(0.587396 0.0116393 0)
(0.581591 0.0109803 0)
(0.593475 0.00665499 0)
(0.561455 0.00188135 0)
(0.545893 -0.0168196 0)
(0.437854 -0.0496048 0)
(0.338476 -0.101083 0)
)
;

boundaryField
{
    movingWall
    {
        type            fixedValue;
        value           uniform (1 0 0);
    }
    fixedWalls
    {
        type            noSlip;
    }
    frontAndBack
    {
        type            empty;
    }
}


// ************************************************************************* //
