/*--------------------------------*- C++ -*----------------------------------*\
| =========                 |                                                 |
| \\      /  F ield         | OpenFOAM: The Open Source CFD Toolbox           |
|  \\    /   O peration     | Version:  2212                                  |
|   \\  /    A nd           | Website:  www.openfoam.com                      |
|    \\/     M anipulation  |                                                 |
\*---------------------------------------------------------------------------*/
FoamFile
{
    version     2.0;
    format      ascii;
    arch        "LSB;label=32;scalar=64";
    class       surfaceScalarField;
    location    "2.645";
    object      phi;
}
// * * * * * * * * * * * * * * * * * * * * * * * * * * * * * * * * * * * * * //

dimensions      [0 3 -1 0 0 0 0];

oriented        oriented;

internalField   nonuniform List<scalar> 
760
(
1.36576e-07
-1.36576e-07
2.52606e-07
-1.1603e-07
2.60342e-07
-7.73683e-09
1.37372e-07
1.2297e-07
-1.51051e-07
2.88423e-07
-6.62312e-07
5.11261e-07
-1.42642e-06
7.6411e-07
-2.36946e-06
9.43042e-07
-3.30925e-06
9.39785e-07
-4.02669e-06
7.17438e-07
-4.35573e-06
3.29047e-07
-4.20112e-06
-1.54616e-07
-3.49822e-06
-7.02901e-07
-2.35223e-06
-1.14599e-06
-9.80886e-07
-1.37134e-06
2.57704e-07
-1.23859e-06
9.91746e-07
-7.34042e-07
9.66651e-07
2.50954e-08
4.35978e-07
5.30672e-07
4.35978e-07
9.40203e-08
-2.30596e-07
2.15825e-08
-4.35929e-08
-3.37228e-07
3.51074e-07
-1.07022e-06
8.55958e-07
-2.2238e-06
1.44201e-06
-3.7338e-06
2.02126e-06
-5.37949e-06
2.4098e-06
-6.86873e-06
2.43228e-06
-7.977e-06
2.04805e-06
-8.58723e-06
1.32767e-06
-8.64878e-06
3.906e-07
-8.13369e-06
-6.69702e-07
-7.0724e-06
-1.76419e-06
-5.49468e-06
-2.72371e-06
-3.53793e-06
-3.32809e-06
-1.49498e-06
-3.28154e-06
1.20728e-07
-2.34975e-06
7.99442e-07
-6.53619e-07
4.98901e-07
8.31213e-07
9.34879e-07
-1.45062e-07
-8.55349e-08
-6.37639e-07
4.48984e-07
-1.56978e-06
1.28321e-06
-2.9861e-06
2.27228e-06
-4.78777e-06
3.24369e-06
-6.71019e-06
3.94368e-06
-8.45359e-06
4.1532e-06
-9.83115e-06
3.80984e-06
-1.07801e-05
2.99698e-06
-1.12878e-05
1.83536e-06
-1.13096e-05
4.12476e-07
-1.08824e-05
-1.09699e-06
-9.99438e-06
-2.65217e-06
-8.59301e-06
-4.12507e-06
-6.65737e-06
-5.26374e-06
-4.27583e-06
-5.66307e-06
-1.83388e-06
-4.7917e-06
-9.74924e-08
-2.39001e-06
2.85302e-07
4.48418e-07
1.22018e-06
-4.79259e-07
3.93724e-07
-1.48043e-06
1.45015e-06
-2.94126e-06
2.74404e-06
-4.7894e-06
4.12042e-06
-6.79786e-06
5.25215e-06
-8.67752e-06
5.82334e-06
-1.02218e-05
5.69745e-06
-1.13723e-05
4.9604e-06
-1.215e-05
3.77467e-06
-1.2587e-05
2.27232e-06
-1.2672e-05
4.97523e-07
-1.24537e-05
-1.31528e-06
-1.19017e-05
-3.20422e-06
-1.09155e-05
-5.11127e-06
-9.36642e-06
-6.8128e-06
-7.13281e-06
-7.89668e-06
-4.25765e-06
-7.66687e-06
-1.34039e-06
-5.30727e-06
1.14785e-07
-1.00675e-06
1.33497e-06
-8.052e-07
1.19892e-06
-2.20926e-06
2.85421e-06
-3.96976e-06
4.50453e-06
-5.92051e-06
6.07118e-06
-7.80226e-06
7.1339e-06
-9.39161e-06
7.41268e-06
-1.0597e-05
6.90289e-06
-1.14333e-05
5.79668e-06
-1.19574e-05
4.29879e-06
-1.22402e-05
2.55512e-06
-1.23666e-05
6.2389e-07
-1.23361e-05
-1.34579e-06
-1.21366e-05
-3.40376e-06
-1.16879e-05
-5.55989e-06
-1.08058e-05
-7.69491e-06
-9.20733e-06
-9.49519e-06
-6.60735e-06
-1.02668e-05
-3.11605e-06
-8.79857e-06
-2.57471e-07
-3.86533e-06
1.07749e-06
-1.0058e-06
2.20472e-06
-2.59618e-06
4.4446e-06
-4.39028e-06
6.29863e-06
-6.1789e-06
7.85979e-06
-7.74431e-06
8.69931e-06
-8.94522e-06
8.61359e-06
-9.76151e-06
7.71918e-06
-1.02491e-05
6.2843e-06
-1.04946e-05
4.54424e-06
-1.05976e-05
2.65812e-06
-1.06781e-05
7.04416e-07
-1.07393e-05
-1.28458e-06
-1.07905e-05
-3.35258e-06
-1.08019e-05
-5.54853e-06
-1.06171e-05
-7.87969e-06
-9.90805e-06
-1.02042e-05
-8.19016e-06
-1.19847e-05
-5.07097e-06
-1.19178e-05
-1.11974e-06
-7.81656e-06
-4.22513e-08
-1.02456e-06
3.22929e-06
-2.57276e-06
5.99279e-06
-4.19242e-06
7.91829e-06
-5.68073e-06
9.3481e-06
-6.87786e-06
9.89645e-06
-7.7079e-06
9.44363e-06
-8.19385e-06
8.20513e-06
-8.41514e-06
6.50559e-06
-8.47332e-06
4.60242e-06
-8.46843e-06
2.65322e-06
-8.48887e-06
7.24856e-07
-8.5625e-06
-1.21094e-06
-8.70944e-06
-3.20564e-06
-8.94152e-06
-5.31646e-06
-9.19677e-06
-7.62443e-06
-9.23456e-06
-1.01664e-05
-8.5324e-06
-1.26869e-05
-6.35365e-06
-1.40965e-05
-2.3383e-06
-1.18319e-05
-2.38055e-06
-8.62774e-07
4.09206e-06
-2.19283e-06
7.32285e-06
-3.52233e-06
9.2478e-06
-4.67021e-06
1.0496e-05
-5.53098e-06
1.07572e-05
-6.07554e-06
9.98818e-06
-6.3495e-06
8.47909e-06
-6.43833e-06
6.59442e-06
-6.43844e-06
4.60253e-06
-6.42761e-06
2.6424e-06
-6.44796e-06
7.45205e-07
-6.52028e-06
-1.13862e-06
-6.66999e-06
-3.05593e-06
-6.93193e-06
-5.05451e-06
-7.32256e-06
-7.23381e-06
-7.7405e-06
-9.7485e-06
-7.76028e-06
-1.26671e-05
-6.56469e-06
-1.52921e-05
-3.46609e-06
-1.49305e-05
-5.84664e-06
-5.75592e-07
4.66766e-06
-1.57889e-06
8.32615e-06
-2.57218e-06
1.02411e-05
-3.39028e-06
1.13141e-05
-3.97269e-06
1.13396e-05
-4.32061e-06
1.03361e-05
-4.4853e-06
8.64378e-06
-4.54191e-06
6.65102e-06
-4.56401e-06
4.62463e-06
-4.5988e-06
2.67719e-06
-4.65867e-06
8.05075e-07
-4.75088e-06
-1.04642e-06
-4.88944e-06
-2.91736e-06
-5.10971e-06
-4.83424e-06
-5.47405e-06
-6.86947e-06
-5.99294e-06
-9.22961e-06
-6.4266e-06
-1.22334e-05
-6.01734e-06
-1.57014e-05
-3.83657e-06
-1.71113e-05
-9.68321e-06
-2.13648e-07
4.8813e-06
-8.37854e-07
8.95036e-06
-1.48456e-06
1.08878e-05
-2.00081e-06
1.18303e-05
-2.35485e-06
1.16937e-05
-2.56599e-06
1.05472e-05
-2.67906e-06
8.75686e-06
-2.74599e-06
6.71795e-06
-2.8118e-06
4.69044e-06
-2.89937e-06
2.76476e-06
-3.0104e-06
9.16105e-07
-3.1432e-06
-9.13617e-07
-3.30002e-06
-2.76054e-06
-3.49983e-06
-4.63444e-06
-3.80618e-06
-6.56313e-06
-4.30811e-06
-8.72768e-06
-4.93641e-06
-1.16051e-05
-5.06059e-06
-1.55772e-05
-3.51167e-06
-1.86602e-05
-1.31949e-05
1.50872e-07
4.73043e-06
-6.75263e-08
9.16876e-06
-3.87431e-07
1.12077e-05
-6.31782e-07
1.20747e-05
-7.83445e-07
1.18453e-05
-8.71478e-07
1.06353e-05
-9.34875e-07
8.82026e-06
-1.00578e-06
6.78886e-06
-1.09988e-06
4.78454e-06
-1.2231e-06
2.88798e-06
-1.37484e-06
1.06785e-06
-1.55526e-06
-7.33201e-07
-1.7629e-06
-2.5529e-06
-2.00116e-06
-4.39617e-06
-2.30831e-06
-6.25597e-06
-2.79323e-06
-8.24276e-06
-3.5133e-06
-1.08851e-05
-3.99993e-06
-1.50906e-05
-3.00651e-06
-1.96536e-05
-1.62014e-05
4.58245e-07
4.27219e-06
6.43042e-07
8.98396e-06
6.84183e-07
1.11666e-05
7.21293e-07
1.20376e-05
7.69945e-07
1.17967e-05
8.01917e-07
1.06033e-05
7.94632e-07
8.82754e-06
7.39717e-07
6.84377e-06
6.40255e-07
4.884e-06
5.02109e-07
3.02613e-06
3.23914e-07
1.24605e-06
1.01387e-07
-5.10674e-07
-1.69501e-07
-2.28202e-06
-4.94331e-07
-4.07134e-06
-8.85496e-07
-5.8648e-06
-1.40405e-06
-7.7242e-06
-2.20304e-06
-1.00861e-05
-2.96684e-06
-1.43267e-05
-2.46804e-06
-2.01524e-05
-1.86694e-05
6.86602e-07
3.58559e-06
1.24556e-06
8.425e-06
1.62145e-06
1.07907e-05
1.94629e-06
1.17127e-05
2.22375e-06
1.15192e-05
2.41571e-06
1.04113e-05
2.50788e-06
8.73537e-06
2.51038e-06
6.84128e-06
2.44059e-06
4.95378e-06
2.31017e-06
3.15655e-06
2.11614e-06
1.44007e-06
1.84534e-06
-2.39864e-07
1.49754e-06
-1.93422e-06
1.06709e-06
-3.6409e-06
5.47067e-07
-5.34478e-06
-1.24922e-07
-7.05221e-06
-1.00377e-06
-9.20724e-06
-1.97199e-06
-1.33585e-05
-1.95044e-06
-2.0174e-05
-2.06199e-05
7.84969e-07
2.80062e-06
1.65846e-06
7.55152e-06
2.3642e-06
1.00849e-05
2.98999e-06
1.10869e-05
3.53633e-06
1.09729e-05
3.95177e-06
9.99591e-06
4.21267e-06
8.47446e-06
4.33047e-06
6.72348e-06
4.33035e-06
4.9539e-06
4.23109e-06
3.25582e-06
4.03325e-06
1.6379e-06
3.71607e-06
7.73237e-08
3.28346e-06
-1.50161e-06
2.72046e-06
-3.0779e-06
2.02617e-06
-4.65049e-06
1.21236e-06
-6.23841e-06
1.7669e-07
-8.17157e-06
-1.03981e-06
-1.2142e-05
-1.46625e-06
-1.97475e-05
-2.20861e-05
7.21243e-07
2.07937e-06
1.77689e-06
6.49587e-06
2.76207e-06
9.09975e-06
3.70454e-06
1.01445e-05
4.56918e-06
1.01082e-05
5.28271e-06
9.28238e-06
5.7977e-06
7.95947e-06
6.11237e-06
6.40881e-06
6.24794e-06
4.81833e-06
6.22546e-06
3.2783e-06
6.04761e-06
1.81575e-06
5.70587e-06
4.19067e-07
5.17967e-06
-9.75405e-07
4.47103e-06
-2.36927e-06
3.57492e-06
-3.75437e-06
2.52223e-06
-5.18572e-06
1.26012e-06
-6.90946e-06
-2.31307e-07
-1.06506e-05
-9.704e-07
-1.90084e-05
-2.30565e-05
5.10693e-07
1.56868e-06
1.5833e-06
5.42326e-06
2.83685e-06
7.8462e-06
4.12704e-06
8.85426e-06
5.35774e-06
8.87755e-06
6.42481e-06
8.21531e-06
7.2543e-06
7.12998e-06
7.8265e-06
5.83662e-06
8.15135e-06
4.49348e-06
8.24662e-06
3.18303e-06
8.11989e-06
1.94247e-06
7.77075e-06
7.68207e-07
7.15714e-06
-3.61796e-07
6.29842e-06
-1.51055e-06
5.18502e-06
-2.64098e-06
3.86528e-06
-3.86598e-06
2.39296e-06
-5.43714e-06
8.16404e-07
-9.07403e-06
-2.11467e-07
-1.79806e-05
-2.3268e-05
1.12107e-07
1.45657e-06
8.91021e-07
4.64434e-06
2.26389e-06
6.47333e-06
3.89557e-06
7.22259e-06
5.55262e-06
7.22049e-06
7.04828e-06
6.71965e-06
8.27179e-06
5.90648e-06
9.18593e-06
4.92247e-06
9.78092e-06
3.89848e-06
1.00683e-05
2.89568e-06
1.00522e-05
1.95856e-06
9.74023e-06
1.08016e-06
9.10216e-06
2.76274e-07
8.14018e-06
-5.48575e-07
6.86637e-06
-1.36716e-06
5.33257e-06
-2.33218e-06
3.6949e-06
-3.79947e-06
2.10638e-06
-7.48551e-06
6.00199e-07
-1.64744e-05
-2.26678e-05
-4.91897e-07
1.94847e-06
1.31679e-07
4.02077e-06
1.54851e-06
5.0565e-06
3.47642e-06
5.29468e-06
5.52369e-06
5.17322e-06
7.41073e-06
4.83261e-06
8.99378e-06
4.32343e-06
1.02248e-05
3.69141e-06
1.10793e-05
3.04403e-06
1.15726e-05
2.40241e-06
1.17078e-05
1.82335e-06
1.15067e-05
1.28127e-06
1.09837e-05
7.99278e-07
1.01306e-05
3.04532e-07
8.95792e-06
-1.94502e-07
7.52607e-06
-9.00334e-07
6.02641e-06
-2.29981e-06
4.32267e-06
-5.78177e-06
1.99922e-06
-1.41509e-05
-2.06686e-05
-4.15437e-06
6.10284e-06
-3.64752e-06
3.51392e-06
-1.35304e-06
2.76202e-06
1.31993e-06
2.62171e-06
3.94214e-06
2.55101e-06
6.38152e-06
2.39323e-06
8.53063e-06
2.17431e-06
1.03275e-05
1.89455e-06
1.17498e-05
1.62173e-06
1.28195e-05
1.33265e-06
1.35513e-05
1.09162e-06
1.39875e-05
8.44987e-07
1.41213e-05
6.65479e-07
1.39708e-05
4.55094e-07
1.35138e-05
2.62492e-07
1.27656e-05
-1.52103e-07
1.17373e-05
-1.27152e-06
1.00305e-05
-4.07499e-06
5.604e-06
-9.72445e-06
-1.50646e-05
6.10284e-06
9.61676e-06
1.23788e-05
1.50005e-05
1.75515e-05
1.99447e-05
2.2119e-05
2.40136e-05
2.56353e-05
2.6968e-05
2.80596e-05
2.89046e-05
2.95701e-05
3.00251e-05
3.02876e-05
3.01355e-05
2.8864e-05
2.4789e-05
1.50646e-05
)
;

boundaryField
{
    movingWall
    {
        type            calculated;
        value           uniform 0;
    }
    fixedWalls
    {
        type            calculated;
        value           uniform 0;
    }
    frontAndBack
    {
        type            empty;
        value           nonuniform List<scalar> 0();
    }
}


// ************************************************************************* //
