/*--------------------------------*- C++ -*----------------------------------*\
| =========                 |                                                 |
| \\      /  F ield         | OpenFOAM: The Open Source CFD Toolbox           |
|  \\    /   O peration     | Version:  2212                                  |
|   \\  /    A nd           | Website:  www.openfoam.com                      |
|    \\/     M anipulation  |                                                 |
\*---------------------------------------------------------------------------*/
FoamFile
{
    version     2.0;
    format      ascii;
    arch        "LSB;label=32;scalar=64";
    class       surfaceScalarField;
    location    "4.685";
    object      phi;
}
// * * * * * * * * * * * * * * * * * * * * * * * * * * * * * * * * * * * * * //

dimensions      [0 3 -1 0 0 0 0];

oriented        oriented;

internalField   nonuniform List<scalar> 
760
(
1.54913e-07
-1.54892e-07
2.91064e-07
-1.36151e-07
3.06807e-07
-1.5743e-08
1.80558e-07
1.26248e-07
-1.22604e-07
3.03162e-07
-6.66139e-07
5.43534e-07
-1.4819e-06
8.15757e-07
-2.48334e-06
1.00144e-06
-3.46969e-06
9.8635e-07
-4.20871e-06
7.39022e-07
-4.53353e-06
3.24819e-07
-4.34691e-06
-1.8662e-07
-3.59218e-06
-7.54734e-07
-2.38293e-06
-1.20925e-06
-9.48557e-07
-1.43437e-06
3.36852e-07
-1.28541e-06
1.0806e-06
-7.43745e-07
1.02775e-06
5.28463e-08
4.59182e-07
5.68569e-07
4.59182e-07
1.22999e-07
-2.77892e-07
7.09212e-08
-8.40727e-08
-3.00353e-07
3.55531e-07
-1.07957e-06
9.05465e-07
-2.31144e-06
1.53504e-06
-3.91603e-06
2.14812e-06
-5.64435e-06
2.54407e-06
-7.18453e-06
2.54163e-06
-8.3124e-06
2.11421e-06
-8.91803e-06
1.34465e-06
-8.95426e-06
3.61056e-07
-8.39834e-06
-7.4254e-07
-7.28143e-06
-1.87165e-06
-5.63632e-06
-2.85436e-06
-3.60642e-06
-3.46427e-06
-1.4956e-06
-3.39624e-06
1.70699e-07
-2.41004e-06
8.52934e-07
-6.29388e-07
5.23357e-07
8.98146e-07
9.82539e-07
-1.2912e-07
-1.48771e-07
-6.35205e-07
4.22012e-07
-1.62297e-06
1.3433e-06
-3.13309e-06
2.41558e-06
-5.04078e-06
3.44272e-06
-7.04859e-06
4.15594e-06
-8.84252e-06
4.338e-06
-1.02426e-05
3.94171e-06
-1.11969e-05
3.06854e-06
-1.16978e-05
1.84553e-06
-1.16939e-05
3.57179e-07
-1.12382e-05
-1.19831e-06
-1.03104e-05
-2.79942e-06
-8.85624e-06
-4.30851e-06
-6.85554e-06
-5.46497e-06
-4.3969e-06
-5.85488e-06
-1.87869e-06
-4.92825e-06
-8.9247e-08
-2.41883e-06
2.93529e-07
5.1537e-07
1.27607e-06
-4.99771e-07
3.51e-07
-1.55606e-06
1.4783e-06
-3.10905e-06
2.8963e-06
-5.06216e-06
4.36869e-06
-7.15704e-06
5.53761e-06
-9.08747e-06
6.08636e-06
-1.06516e-05
5.90215e-06
-1.18066e-05
5.09672e-06
-1.25804e-05
3.84236e-06
-1.30079e-05
2.27301e-06
-1.30744e-05
4.23662e-07
-1.28376e-05
-1.43512e-06
-1.22593e-05
-3.37768e-06
-1.12377e-05
-5.33018e-06
-9.64147e-06
-7.06117e-06
-7.346e-06
-8.15034e-06
-4.38948e-06
-7.88477e-06
-1.37736e-06
-5.43095e-06
1.19551e-07
-9.81543e-07
1.39562e-06
-8.58629e-07
1.20963e-06
-2.35203e-06
2.9717e-06
-4.2145e-06
4.75877e-06
-6.25251e-06
6.4067e-06
-8.18658e-06
7.47168e-06
-9.7947e-06
7.69448e-06
-1.09998e-05
7.10727e-06
-1.18282e-05
5.92507e-06
-1.23417e-05
4.35588e-06
-1.26134e-05
2.54471e-06
-1.2734e-05
5.4428e-07
-1.2691e-05
-1.47814e-06
-1.24749e-05
-3.59375e-06
-1.20064e-05
-5.79873e-06
-1.10987e-05
-7.96888e-06
-9.46383e-06
-9.78517e-06
-6.80317e-06
-1.05454e-05
-3.21555e-06
-9.01857e-06
-2.61975e-07
-3.93512e-06
1.13364e-06
-1.08143e-06
2.29106e-06
-2.77077e-06
4.66104e-06
-4.65539e-06
6.64338e-06
-6.50472e-06
8.25603e-06
-8.09539e-06
9.06235e-06
-9.2963e-06
8.89538e-06
-1.01028e-05
7.91377e-06
-1.05797e-05
6.40203e-06
-1.08177e-05
4.59378e-06
-1.09169e-05
2.64392e-06
-1.09991e-05
6.2649e-07
-1.10521e-05
-1.42506e-06
-1.10914e-05
-3.55448e-06
-1.10872e-05
-5.80299e-06
-1.08849e-05
-8.17108e-06
-1.01571e-05
-1.0513e-05
-8.40977e-06
-1.22927e-05
-5.22882e-06
-1.21995e-05
-1.1562e-06
-8.00773e-06
-2.2555e-08
-1.1043e-06
3.39535e-06
-2.7437e-06
6.30045e-06
-4.43311e-06
8.33279e-06
-5.96141e-06
9.78433e-06
-7.16888e-06
1.02698e-05
-7.99266e-06
9.71916e-06
-8.46977e-06
8.39087e-06
-8.68702e-06
6.61928e-06
-8.74835e-06
4.65511e-06
-8.75161e-06
2.64718e-06
-8.78034e-06
6.55218e-07
-8.85372e-06
-1.35168e-06
-8.99142e-06
-3.41679e-06
-9.20438e-06
-5.59003e-06
-9.43486e-06
-7.9406e-06
-9.45017e-06
-1.04977e-05
-8.7307e-06
-1.30122e-05
-6.52029e-06
-1.44099e-05
-2.41658e-06
-1.21114e-05
-2.43914e-06
-9.29916e-07
4.32527e-06
-2.33421e-06
7.70474e-06
-3.71473e-06
9.71331e-06
-4.88813e-06
1.09577e-05
-5.75337e-06
1.11351e-05
-6.29298e-06
1.02588e-05
-6.5635e-06
8.66139e-06
-6.65587e-06
6.71165e-06
-6.66683e-06
4.66607e-06
-6.67037e-06
2.65071e-06
-6.70327e-06
6.88124e-07
-6.78305e-06
-1.2719e-06
-6.93095e-06
-3.26889e-06
-7.17734e-06
-5.34363e-06
-7.53854e-06
-7.57941e-06
-7.92186e-06
-1.01144e-05
-7.91578e-06
-1.30183e-05
-6.70264e-06
-1.56231e-05
-3.57631e-06
-1.52378e-05
-6.01545e-06
-6.20787e-07
4.94606e-06
-1.67787e-06
8.76182e-06
-2.70621e-06
1.07416e-05
-3.541e-06
1.17925e-05
-4.12647e-06
1.17205e-05
-4.47224e-06
1.06045e-05
-4.63676e-06
8.82591e-06
-4.69859e-06
6.77348e-06
-4.73067e-06
4.69815e-06
-4.77742e-06
2.69746e-06
-4.84943e-06
7.60135e-07
-4.95349e-06
-1.16784e-06
-5.09975e-06
-3.12263e-06
-5.31708e-06
-5.1263e-06
-5.6604e-06
-7.23608e-06
-6.14209e-06
-9.63272e-06
-6.54165e-06
-1.26187e-05
-6.1168e-06
-1.60479e-05
-3.91573e-06
-1.74388e-05
-9.93118e-06
-2.30482e-07
5.17654e-06
-8.87698e-07
9.41904e-06
-1.55616e-06
1.14101e-05
-2.08288e-06
1.23193e-05
-2.43983e-06
1.20775e-05
-2.651e-06
1.08157e-05
-2.76446e-06
8.93938e-06
-2.83364e-06
6.84266e-06
-2.9037e-06
4.7682e-06
-2.99707e-06
2.79083e-06
-3.11663e-06
8.79697e-07
-3.26223e-06
-1.02224e-06
-3.43429e-06
-2.95058e-06
-3.6454e-06
-4.91519e-06
-3.94699e-06
-6.93448e-06
-4.42087e-06
-9.15884e-06
-5.01233e-06
-1.20273e-05
-5.11691e-06
-1.59433e-05
-3.55384e-06
-1.90019e-05
-1.3485e-05
1.63374e-07
5.01316e-06
-6.8706e-08
9.65112e-06
-4.0001e-07
1.17414e-05
-6.49504e-07
1.25687e-05
-8.02849e-07
1.22308e-05
-8.91047e-07
1.09039e-05
-9.53613e-07
9.00194e-06
-1.02259e-06
6.91163e-06
-1.11473e-06
4.86035e-06
-1.23779e-06
2.91389e-06
-1.39412e-06
1.03603e-06
-1.58588e-06
-8.30476e-07
-1.81191e-06
-2.72454e-06
-2.07055e-06
-4.65656e-06
-2.39001e-06
-6.61502e-06
-2.86333e-06
-8.68553e-06
-3.55354e-06
-1.13371e-05
-4.02221e-06
-1.54747e-05
-3.0237e-06
-2.00004e-05
-1.65087e-05
4.9904e-07
4.51412e-06
6.9643e-07
9.45373e-06
7.39566e-07
1.16983e-05
7.75301e-07
1.2533e-05
8.2051e-07
1.21856e-05
8.49652e-07
1.08748e-05
8.42774e-07
9.00882e-06
7.91541e-07
6.96287e-06
6.97363e-07
4.95452e-06
5.62227e-07
3.04902e-06
3.81418e-07
1.21683e-06
1.48721e-07
-5.9778e-07
-1.37888e-07
-2.43793e-06
-4.85032e-07
-4.30942e-06
-8.97643e-07
-6.20241e-06
-1.4213e-06
-8.16187e-06
-2.20327e-06
-1.05551e-05
-2.95508e-06
-1.47228e-05
-2.46158e-06
-2.04939e-05
-1.89703e-05
7.53358e-07
3.76077e-06
1.34929e-06
8.85779e-06
1.74108e-06
1.13065e-05
2.0699e-06
1.22042e-05
2.34261e-06
1.19129e-05
2.52863e-06
1.06887e-05
2.61943e-06
8.91802e-06
2.62575e-06
6.95654e-06
2.56209e-06
5.01819e-06
2.43592e-06
3.17518e-06
2.24046e-06
1.4123e-06
1.96172e-06
-3.19049e-07
1.59938e-06
-2.07559e-06
1.14839e-06
-3.85842e-06
6.03802e-07
-5.65783e-06
-8.69748e-08
-7.47109e-06
-9.60954e-07
-9.68113e-06
-1.92414e-06
-1.37597e-05
-1.92759e-06
-2.04905e-05
-2.08979e-05
8.67295e-07
2.89347e-06
1.80388e-06
7.92121e-06
2.54376e-06
1.05666e-05
3.18338e-06
1.15646e-05
3.72992e-06
1.13664e-05
4.13981e-06
1.02789e-05
4.39681e-06
8.66102e-06
4.51496e-06
6.83839e-06
4.51777e-06
5.01537e-06
4.42109e-06
3.27186e-06
4.22335e-06
1.61004e-06
3.89492e-06
9.3819e-09
3.45188e-06
-1.63255e-06
2.87071e-06
-3.27725e-06
2.15153e-06
-4.93865e-06
1.31184e-06
-6.6314e-06
2.59877e-07
-8.62917e-06
-9.64888e-07
-1.25349e-05
-1.43041e-06
-2.00249e-05
-2.23283e-05
8.03202e-07
2.09027e-06
1.94715e-06
6.77727e-06
2.98722e-06
9.52651e-06
3.95867e-06
1.05931e-05
4.83412e-06
1.04909e-05
5.54728e-06
9.5657e-06
6.05875e-06
8.14955e-06
6.37156e-06
6.52559e-06
6.50715e-06
4.87978e-06
6.48444e-06
3.29458e-06
6.30276e-06
1.79172e-06
5.95756e-06
3.54574e-07
5.4195e-06
-1.09448e-06
4.69329e-06
-2.55105e-06
3.77097e-06
-4.01633e-06
2.68087e-06
-5.5413e-06
1.38111e-06
-7.32941e-06
-1.59628e-07
-1.09942e-05
-9.1698e-07
-1.92676e-05
-2.32453e-05
5.75225e-07
1.51504e-06
1.75316e-06
5.59934e-06
3.08844e-06
8.19123e-06
4.43684e-06
9.24473e-06
5.70095e-06
9.22681e-06
6.78206e-06
8.48459e-06
7.61461e-06
7.317e-06
8.18598e-06
5.95422e-06
8.50899e-06
4.55677e-06
8.60114e-06
3.20243e-06
8.46954e-06
1.92332e-06
8.11196e-06
7.12155e-07
7.48482e-06
-4.67346e-07
6.60478e-06
-1.671e-06
5.45885e-06
-2.8704e-06
4.08792e-06
-4.17036e-06
2.56207e-06
-5.80356e-06
9.49816e-07
-9.38191e-06
-1.47748e-07
-1.817e-05
-2.3393e-05
1.50808e-07
1.36423e-06
1.03508e-06
4.71506e-06
2.50901e-06
6.7173e-06
4.22791e-06
7.52584e-06
5.94716e-06
7.50756e-06
7.47936e-06
6.95238e-06
8.7218e-06
6.07456e-06
9.64481e-06
5.03121e-06
1.02437e-05
3.95785e-06
1.05308e-05
2.9154e-06
1.05121e-05
1.94194e-06
1.01938e-05
1.03046e-06
9.53206e-06
1.94443e-07
8.54534e-06
-6.84289e-07
7.22591e-06
-1.55096e-06
5.62461e-06
-2.56906e-06
3.90073e-06
-4.07968e-06
2.23418e-06
-7.71536e-06
6.50625e-07
-1.65865e-05
-2.27424e-05
-5.16333e-07
1.88057e-06
1.99112e-07
3.99962e-06
1.75122e-06
5.16519e-06
3.81111e-06
5.46595e-06
5.96319e-06
5.35548e-06
7.92157e-06
4.994e-06
9.54972e-06
4.44641e-06
1.08064e-05
3.77449e-06
1.16744e-05
3.08992e-06
1.21704e-05
2.41939e-06
1.22986e-05
1.81369e-06
1.20793e-05
1.24977e-06
1.15349e-05
7.38839e-07
1.06384e-05
2.12184e-07
9.39402e-06
-3.06555e-07
7.87244e-06
-1.04749e-06
6.25942e-06
-2.46665e-06
4.4524e-06
-5.90834e-06
2.05382e-06
-1.41879e-05
-2.06886e-05
-4.17835e-06
6.05892e-06
-3.64161e-06
3.46288e-06
-1.24891e-06
2.7725e-06
1.54639e-06
2.67064e-06
4.28264e-06
2.61923e-06
6.81404e-06
2.4626e-06
9.02794e-06
2.23251e-06
1.08645e-05
1.93794e-06
1.23057e-05
1.64868e-06
1.33789e-05
1.34623e-06
1.41012e-05
1.09138e-06
1.45173e-05
8.33722e-07
1.46153e-05
6.40773e-07
1.44053e-05
4.2219e-07
1.38797e-05
2.19025e-07
1.30539e-05
-2.21682e-07
1.19175e-05
-1.33018e-06
1.01103e-05
-4.10121e-06
5.63703e-06
-9.71458e-06
-1.50516e-05
6.05892e-06
9.52179e-06
1.22943e-05
1.49649e-05
1.75842e-05
2.00468e-05
2.22793e-05
2.42172e-05
2.58659e-05
2.72121e-05
2.83035e-05
2.91372e-05
2.9778e-05
3.02002e-05
3.04192e-05
3.01975e-05
2.88674e-05
2.47661e-05
1.50516e-05
)
;

boundaryField
{
    movingWall
    {
        type            calculated;
        value           uniform 0;
    }
    fixedWalls
    {
        type            calculated;
        value           uniform 0;
    }
    frontAndBack
    {
        type            empty;
        value           nonuniform List<scalar> 0();
    }
}


// ************************************************************************* //
