/*--------------------------------*- C++ -*----------------------------------*\
| =========                 |                                                 |
| \\      /  F ield         | OpenFOAM: The Open Source CFD Toolbox           |
|  \\    /   O peration     | Version:  2212                                  |
|   \\  /    A nd           | Website:  www.openfoam.com                      |
|    \\/     M anipulation  |                                                 |
\*---------------------------------------------------------------------------*/
FoamFile
{
    version     2.0;
    format      ascii;
    arch        "LSB;label=32;scalar=64";
    class       volScalarField;
    location    "3.335";
    object      p;
}
// * * * * * * * * * * * * * * * * * * * * * * * * * * * * * * * * * * * * * //

dimensions      [0 2 -2 0 0 0 0];

internalField   nonuniform List<scalar> 
400
(
2.13882e-09
-0.000148409
-0.000521825
-0.00104562
-0.00169054
-0.00243137
-0.00310567
-0.00350854
-0.0034729
-0.00284685
-0.00148124
0.000651005
0.00324613
0.00549897
0.00654797
0.00600464
0.00415647
0.00234804
0.0013188
0.00124302
0.000116951
-5.35886e-05
-0.000362987
-0.00074229
-0.0012134
-0.00184078
-0.00263249
-0.0034403
-0.0039553
-0.00381075
-0.00273855
-0.000752719
0.00172585
0.00398419
0.00517347
0.00485184
0.00328499
0.00158869
0.000812275
0.000891285
0.000523134
0.00026218
-6.94627e-05
-0.000539957
-0.00130498
-0.00249769
-0.00408033
-0.00578568
-0.007159
-0.00768463
-0.00702253
-0.00525562
-0.00272753
-6.06105e-05
0.00192492
0.00259064
0.00191705
0.00073524
-0.000158133
-0.000168327
0.00111027
0.000712946
0.000185796
-0.000745163
-0.00235954
-0.00475719
-0.0077118
-0.0107392
-0.0132478
-0.0146853
-0.01472
-0.013388
-0.0108985
-0.00769513
-0.00446649
-0.00195101
-0.000622478
-0.000462731
-0.00104411
-0.00167651
0.00149713
0.000912824
-3.64486e-05
-0.0018554
-0.00481565
-0.00883844
-0.0134179
-0.0178481
-0.0214824
-0.0238599
-0.0247233
-0.0239546
-0.0216689
-0.0181428
-0.0138025
-0.00924632
-0.00526291
-0.0026796
-0.00195478
-0.0037536
0.00118186
0.000371025
-0.00118971
-0.00415705
-0.00866848
-0.0143352
-0.020331
-0.0258083
-0.0301602
-0.0330709
-0.0344148
-0.0340954
-0.0321873
-0.0288276
-0.0241468
-0.0183558
-0.0120461
-0.00661458
-0.00413387
-0.00622954
-0.000148022
-0.00119746
-0.00343139
-0.00753411
-0.0134228
-0.0203518
-0.027247
-0.0332296
-0.0378044
-0.0408119
-0.042264
-0.0421849
-0.040638
-0.0376846
-0.0332913
-0.0273304
-0.0199102
-0.012259
-0.00753712
-0.00748295
-0.00249503
-0.00372764
-0.00653626
-0.0115133
-0.0183516
-0.0260109
-0.0332832
-0.0393457
-0.0438459
-0.0467514
-0.0481592
-0.0481707
-0.0468656
-0.0442853
-0.0403688
-0.0348665
-0.0275034
-0.0187821
-0.0114374
-0.00773013
-0.00549618
-0.00680994
-0.00999151
-0.015484
-0.0228056
-0.0307339
-0.0380262
-0.043952
-0.048279
-0.0510531
-0.0524071
-0.0524572
-0.0512813
-0.0489327
-0.0454079
-0.0405277
-0.0338534
-0.0251963
-0.0162035
-0.00966836
-0.00860114
-0.00988812
-0.0132233
-0.0188873
-0.0263021
-0.0341861
-0.0413256
-0.0470679
-0.0512491
-0.0539414
-0.0552751
-0.0553482
-0.0542288
-0.0519847
-0.0486837
-0.0442906
-0.03846
-0.0306271
-0.0216711
-0.0138647
-0.0113001
-0.0124885
-0.0157711
-0.0213226
-0.0285407
-0.0361968
-0.0431375
-0.0487416
-0.0528536
-0.0555279
-0.0568718
-0.0569606
-0.0558506
-0.0536164
-0.0503865
-0.0462671
-0.041161
-0.0343952
-0.026443
-0.0185725
-0.013307
-0.0143117
-0.0173756
-0.02256
-0.0293456
-0.036649
-0.0433998
-0.048956
-0.0530986
-0.055829
-0.0572155
-0.0573146
-0.056174
-0.0538702
-0.0505838
-0.0465344
-0.0419308
-0.0360644
-0.0292523
-0.021755
-0.0145871
-0.0152632
-0.0178883
-0.0224903
-0.0286584
-0.0355193
-0.0420988
-0.0476965
-0.0519734
-0.0548399
-0.0563098
-0.0564168
-0.0552046
-0.052771
-0.0493219
-0.045141
-0.0407888
-0.0354075
-0.0295165
-0.0222825
-0.0152296
-0.0154515
-0.0173761
-0.0211207
-0.0264751
-0.0328046
-0.0392194
-0.0449315
-0.0494472
-0.0525463
-0.0541654
-0.0543088
-0.0530046
-0.0503756
-0.0466709
-0.0422589
-0.0377621
-0.0324544
-0.0275449
-0.01983
-0.0153588
-0.015079
-0.0160336
-0.0186088
-0.0229256
-0.028615
-0.0348531
-0.0407379
-0.0455922
-0.0490301
-0.0508831
-0.0511018
-0.0497289
-0.0468622
-0.0428177
-0.0380146
-0.033109
-0.0276821
-0.023932
-0.0142106
-0.0150946
-0.0143886
-0.0140713
-0.0151315
-0.0181986
-0.0231469
-0.0291917
-0.0352919
-0.0405722
-0.0444591
-0.0466599
-0.0470554
-0.0456757
-0.0425925
-0.0381604
-0.0328208
-0.0273202
-0.0215898
-0.0181675
-0.00400602
-0.0145254
-0.0135171
-0.0116421
-0.0109957
-0.0127419
-0.0169424
-0.0228131
-0.0291606
-0.0349299
-0.0393621
-0.0420354
-0.0427348
-0.0414595
-0.0382497
-0.0334168
-0.0273366
-0.0207356
-0.0136523
-0.00737197
0.0155217
-0.0145165
-0.0126246
-0.00870851
-0.00635702
-0.00696731
-0.0106115
-0.0164118
-0.0230409
-0.0293343
-0.0343759
-0.0376362
-0.0387806
-0.0377598
-0.0345809
-0.0293893
-0.0222105
-0.0132675
-0.00146787
0.0157052
0.0562271
-0.0118001
-0.0118847
-0.00593417
-0.00208601
-0.00203634
-0.00550463
-0.0114102
-0.0183519
-0.025135
-0.0307349
-0.0345912
-0.0362844
-0.0357227
-0.0326379
-0.0268797
-0.0176527
-0.00374653
0.0194849
0.059545
0.128859
-0.029505
-0.0107445
-0.000902735
0.00268343
0.00208339
-0.00175614
-0.00793726
-0.0151916
-0.022331
-0.0283065
-0.032534
-0.0345718
-0.0342901
-0.0312757
-0.0248886
-0.0129477
0.00885499
0.0502296
0.121833
0.225199
)
;

boundaryField
{
    movingWall
    {
        type            zeroGradient;
    }
    fixedWalls
    {
        type            zeroGradient;
    }
    frontAndBack
    {
        type            empty;
    }
}


// ************************************************************************* //
