/*--------------------------------*- C++ -*----------------------------------*\
| =========                 |                                                 |
| \\      /  F ield         | OpenFOAM: The Open Source CFD Toolbox           |
|  \\    /   O peration     | Version:  2212                                  |
|   \\  /    A nd           | Website:  www.openfoam.com                      |
|    \\/     M anipulation  |                                                 |
\*---------------------------------------------------------------------------*/
FoamFile
{
    version     2.0;
    format      ascii;
    arch        "LSB;label=32;scalar=64";
    class       surfaceScalarField;
    location    "1.015";
    object      phi;
}
// * * * * * * * * * * * * * * * * * * * * * * * * * * * * * * * * * * * * * //

dimensions      [0 3 -1 0 0 0 0];

oriented        oriented;

internalField   nonuniform List<scalar> 
760
(
-2.19714e-08
2.19714e-08
-1.1055e-07
8.85788e-08
-2.29803e-07
1.19253e-07
-3.66551e-07
1.36748e-07
-5.27312e-07
1.60761e-07
-7.23998e-07
1.96685e-07
-9.64919e-07
2.40921e-07
-1.24602e-06
2.81104e-07
-1.54069e-06
2.94667e-07
-1.79456e-06
2.53869e-07
-1.935e-06
1.40444e-07
-1.89026e-06
-4.4744e-08
-1.60805e-06
-2.82207e-07
-1.12442e-06
-4.83628e-07
-5.399e-07
-5.84524e-07
-1.30925e-08
-5.26808e-07
3.12289e-07
-3.25381e-07
3.44223e-07
-3.19344e-08
1.68334e-07
1.75889e-07
1.68334e-07
-1.3282e-07
1.54791e-07
-4.02182e-07
3.57941e-07
-7.34308e-07
4.51378e-07
-1.10991e-06
5.12348e-07
-1.53489e-06
5.85739e-07
-2.01693e-06
6.7873e-07
-2.54982e-06
7.7381e-07
-3.10185e-06
8.33131e-07
-3.60978e-06
8.02596e-07
-3.98508e-06
6.29178e-07
-4.13772e-06
2.93078e-07
-3.99407e-06
-1.88392e-07
-3.50421e-06
-7.72066e-07
-2.69643e-06
-1.29141e-06
-1.68573e-06
-1.59522e-06
-6.73639e-07
-1.5389e-06
6.86077e-08
-1.06763e-06
3.62319e-07
-3.25645e-07
2.29598e-07
3.0861e-07
3.97933e-07
-2.33325e-07
3.88116e-07
-6.53389e-07
7.78006e-07
-1.15341e-06
9.51401e-07
-1.70877e-06
1.06771e-06
-2.32149e-06
1.19846e-06
-2.99132e-06
1.34856e-06
-3.70296e-06
1.48545e-06
-4.42181e-06
1.55198e-06
-5.0918e-06
1.47259e-06
-5.63204e-06
1.16941e-06
-5.94069e-06
6.0173e-07
-5.9269e-06
-2.02175e-07
-5.49222e-06
-1.20675e-06
-4.63222e-06
-2.15141e-06
-3.40802e-06
-2.81941e-06
-1.98713e-06
-2.9598e-06
-6.81073e-07
-2.37368e-06
1.04085e-07
-1.1108e-06
2.04005e-07
2.08689e-07
6.01938e-07
-3.04682e-07
6.92798e-07
-8.3227e-07
1.30559e-06
-1.44945e-06
1.56858e-06
-2.12728e-06
1.74554e-06
-2.86771e-06
1.93889e-06
-3.6744e-06
2.15525e-06
-4.54637e-06
2.35742e-06
-5.47542e-06
2.48103e-06
-6.42671e-06
2.42388e-06
-7.30242e-06
2.04512e-06
-7.93057e-06
1.22988e-06
-8.16964e-06
3.68962e-08
-7.91884e-06
-1.45756e-06
-7.14756e-06
-2.92269e-06
-5.84435e-06
-4.12263e-06
-4.07546e-06
-4.72869e-06
-2.0945e-06
-4.35464e-06
-4.65822e-07
-2.73948e-06
1.51662e-07
-4.08795e-07
7.536e-07
-3.43462e-07
1.03626e-06
-9.32744e-07
1.89488e-06
-1.61982e-06
2.25565e-06
-2.37516e-06
2.50088e-06
-3.20844e-06
2.77218e-06
-4.14165e-06
3.08846e-06
-5.20199e-06
3.41776e-06
-6.4009e-06
3.67995e-06
-7.67978e-06
3.70275e-06
-8.87009e-06
3.23543e-06
-9.75446e-06
2.11425e-06
-1.01377e-05
4.2018e-07
-1.0081e-05
-1.51425e-06
-9.52289e-06
-3.48084e-06
-8.3897e-06
-5.25582e-06
-6.59635e-06
-6.52203e-06
-4.16796e-06
-6.78304e-06
-1.56543e-06
-5.34201e-06
-1.19369e-08
-1.96228e-06
7.41663e-07
-3.49085e-07
1.38534e-06
-9.55647e-07
2.50144e-06
-1.6692e-06
2.9692e-06
-2.46244e-06
3.29412e-06
-3.35622e-06
3.66596e-06
-4.39182e-06
4.12406e-06
-5.6094e-06
4.63534e-06
-6.99698e-06
5.06753e-06
-8.4252e-06
5.13097e-06
-9.66598e-06
4.47621e-06
-1.05325e-05
2.98078e-06
-1.09621e-05
8.49734e-07
-1.10187e-05
-1.45761e-06
-1.07396e-05
-3.75995e-06
-1.00207e-05
-5.97469e-06
-8.66405e-06
-7.87871e-06
-6.41801e-06
-9.02908e-06
-3.30682e-06
-8.4532e-06
-4.80698e-07
-4.7884e-06
2.60965e-07
-3.22571e-07
1.70792e-06
-9.03282e-07
3.08215e-06
-1.59936e-06
3.66528e-06
-2.38393e-06
4.07869e-06
-3.28206e-06
4.56409e-06
-4.33664e-06
5.17863e-06
-5.5675e-06
5.8662e-06
-6.91001e-06
6.41004e-06
-8.18705e-06
6.40801e-06
-9.19744e-06
5.48661e-06
-9.85237e-06
3.6357e-06
-1.02133e-05
1.21062e-06
-1.03316e-05
-1.33929e-06
-1.02782e-05
-3.81329e-06
-1.00281e-05
-6.22484e-06
-9.37899e-06
-8.52779e-06
-7.91798e-06
-1.04901e-05
-5.19556e-06
-1.11756e-05
-1.47355e-06
-8.51042e-06
-1.21258e-06
-2.66658e-07
1.97457e-06
-7.79533e-07
3.59503e-06
-1.41057e-06
4.29632e-06
-2.12659e-06
4.79471e-06
-2.94253e-06
5.38004e-06
-3.88372e-06
6.11981e-06
-4.93952e-06
6.922e-06
-6.01945e-06
7.48996e-06
-6.96781e-06
7.35638e-06
-7.662e-06
6.18079e-06
-8.08528e-06
4.05899e-06
-8.31961e-06
1.44495e-06
-8.42814e-06
-1.23075e-06
-8.47308e-06
-3.76836e-06
-8.52776e-06
-6.17016e-06
-8.51219e-06
-8.54336e-06
-8.0052e-06
-1.09971e-05
-6.24478e-06
-1.2936e-05
-2.7015e-06
-1.20537e-05
-3.91408e-06
-1.8747e-07
2.16204e-06
-5.95153e-07
4.00271e-06
-1.11518e-06
4.81634e-06
-1.70148e-06
5.38101e-06
-2.34801e-06
6.02657e-06
-3.05756e-06
6.82936e-06
-3.80654e-06
7.67098e-06
-4.52517e-06
8.2086e-06
-5.12611e-06
7.95732e-06
-5.56719e-06
6.62187e-06
-5.86165e-06
4.35344e-06
-6.04915e-06
1.63245e-06
-6.16355e-06
-1.11635e-06
-6.24682e-06
-3.68509e-06
-6.40688e-06
-6.0101e-06
-6.70477e-06
-8.24547e-06
-6.87081e-06
-1.08311e-05
-6.10202e-06
-1.37048e-05
-3.56854e-06
-1.45872e-05
-7.48261e-06
-9.60528e-08
2.2581e-06
-3.71636e-07
4.27829e-06
-7.45947e-07
5.19066e-06
-1.15754e-06
5.7926e-06
-1.57684e-06
6.44587e-06
-1.98745e-06
7.23997e-06
-2.37229e-06
8.05581e-06
-2.71208e-06
8.54839e-06
-2.99966e-06
8.24489e-06
-3.2559e-06
6.87811e-06
-3.5001e-06
4.59764e-06
-3.72949e-06
1.86185e-06
-3.92787e-06
-9.17972e-07
-4.09615e-06
-3.51681e-06
-4.32057e-06
-5.78568e-06
-4.73921e-06
-7.82683e-06
-5.29095e-06
-1.02793e-05
-5.25745e-06
-1.37383e-05
-3.53595e-06
-1.63087e-05
-1.10186e-05
-3.40868e-09
2.2615e-06
-1.38499e-07
4.41338e-06
-3.51967e-07
5.40412e-06
-5.69315e-07
6.00994e-06
-7.41672e-07
6.61823e-06
-8.36629e-07
7.33493e-06
-8.54217e-07
8.0734e-06
-8.28943e-07
8.52312e-06
-8.3022e-07
8.24617e-06
-9.03239e-07
6.95113e-06
-1.07095e-06
4.76535e-06
-1.3258e-06
2.1167e-06
-1.6361e-06
-6.07667e-07
-1.94637e-06
-3.20654e-06
-2.29859e-06
-5.43346e-06
-2.83624e-06
-7.28919e-06
-3.6515e-06
-9.46405e-06
-4.15408e-06
-1.32357e-05
-3.06176e-06
-1.7401e-05
-1.40803e-05
6.97967e-08
2.19171e-06
6.87807e-08
4.4144e-06
1.91841e-08
5.45372e-06
-7.89204e-09
6.03702e-06
5.52755e-08
6.55506e-06
2.38399e-07
7.15181e-06
5.4941e-07
7.76239e-06
9.31572e-07
8.14096e-06
1.26284e-06
7.91491e-06
1.42534e-06
6.78863e-06
1.36897e-06
4.82172e-06
1.12317e-06
2.3625e-06
7.04114e-07
-1.88616e-07
2.38005e-07
-2.74043e-06
-3.47252e-07
-4.8482e-06
-1.10723e-06
-6.52922e-06
-2.14787e-06
-8.42341e-06
-3.0609e-06
-1.23227e-05
-2.54045e-06
-1.79214e-05
-1.66208e-05
1.14114e-07
2.07759e-06
2.1168e-07
4.31683e-06
2.91235e-07
5.37417e-06
4.21806e-07
5.90645e-06
6.6841e-07
6.30846e-06
1.08058e-06
6.73964e-06
1.66372e-06
7.17925e-06
2.35213e-06
7.45255e-06
2.99624e-06
7.27079e-06
3.4202e-06
6.36468e-06
3.52906e-06
4.71285e-06
3.326e-06
2.56556e-06
2.87214e-06
2.65252e-07
2.19129e-06
-2.05959e-06
1.37214e-06
-4.02905e-06
3.78771e-07
-5.53585e-06
-8.67767e-07
-7.17687e-06
-2.08005e-06
-1.11104e-05
-2.03178e-06
-1.79697e-05
-1.86526e-05
1.19617e-07
1.95798e-06
2.7354e-07
4.16291e-06
4.54585e-07
5.19312e-06
7.13291e-07
5.64774e-06
1.10481e-06
5.91694e-06
1.67106e-06
6.17338e-06
2.42074e-06
6.42957e-06
3.29809e-06
6.5752e-06
4.16056e-06
6.40832e-06
4.81416e-06
5.71108e-06
5.11648e-06
4.41053e-06
5.03149e-06
2.65054e-06
4.59637e-06
7.00376e-07
3.81065e-06
-1.27387e-06
2.79379e-06
-3.01219e-06
1.60434e-06
-4.34639e-06
1.76072e-07
-5.7486e-06
-1.25428e-06
-9.68008e-06
-1.58554e-06
-1.76384e-05
-2.02381e-05
7.575e-08
1.88223e-06
2.26263e-07
4.0124e-06
4.64222e-07
4.95516e-06
8.21436e-07
5.29053e-06
1.32281e-06
5.41556e-06
1.98914e-06
5.50706e-06
2.82325e-06
5.59545e-06
3.78217e-06
5.61629e-06
4.75131e-06
5.43918e-06
5.55279e-06
4.9096e-06
6.01897e-06
3.94435e-06
6.06663e-06
2.60289e-06
5.69911e-06
1.06789e-06
4.91111e-06
-4.8587e-07
3.80286e-06
-1.90394e-06
2.48843e-06
-3.03197e-06
9.84363e-07
-4.24453e-06
-5.35136e-07
-8.16058e-06
-1.16493e-06
-1.70086e-05
-2.1403e-05
-2.12207e-08
1.90345e-06
8.05956e-08
3.91058e-06
3.40684e-07
4.69507e-06
7.69821e-07
4.86139e-06
1.34901e-06
4.83638e-06
2.07545e-06
4.78062e-06
2.94022e-06
4.73068e-06
3.90725e-06
4.64926e-06
4.89027e-06
4.45616e-06
5.74706e-06
4.05281e-06
6.31638e-06
3.37503e-06
6.48398e-06
2.4353e-06
6.20562e-06
1.34625e-06
5.49826e-06
2.21494e-07
4.40631e-06
-8.11996e-07
3.0876e-06
-1.71325e-06
1.64072e-06
-2.79766e-06
8.06313e-08
-6.60049e-06
-6.33273e-07
-1.62947e-05
-2.20363e-05
-2.5913e-07
2.16258e-06
-3.7295e-07
4.0244e-06
-7.33793e-08
4.3955e-06
4.80238e-07
4.30777e-06
1.18267e-06
4.13395e-06
1.99119e-06
3.97209e-06
2.88706e-06
3.83482e-06
3.84358e-06
3.69273e-06
4.79675e-06
3.50299e-06
5.64496e-06
3.20459e-06
6.25146e-06
2.76853e-06
6.50675e-06
2.18001e-06
6.33885e-06
1.51415e-06
5.74359e-06
8.16752e-07
4.76959e-06
1.62001e-07
3.58761e-06
-5.31263e-07
2.39327e-06
-1.60333e-06
1.23527e-06
-5.44249e-06
2.01688e-07
-1.52612e-05
-2.18346e-05
-3.61086e-07
2.52366e-06
-5.63415e-07
4.22673e-06
-3.49934e-07
4.18202e-06
1.74752e-07
3.78309e-06
8.91103e-07
3.4176e-06
1.71464e-06
3.14855e-06
2.60828e-06
2.94118e-06
3.54815e-06
2.75286e-06
4.47409e-06
2.57705e-06
5.31919e-06
2.35949e-06
5.97562e-06
2.11211e-06
6.36663e-06
1.789e-06
6.42105e-06
1.45972e-06
6.14036e-06
1.09745e-06
5.54101e-06
7.61345e-07
4.81762e-06
1.92132e-07
4.14727e-06
-9.32978e-07
3.25751e-06
-4.55273e-06
1.56041e-06
-1.35641e-05
-2.02742e-05
-3.93226e-06
6.45593e-06
-3.63387e-06
3.92834e-06
-2.18171e-06
2.72986e-06
-6.85688e-07
2.28706e-06
7.2235e-07
2.00956e-06
2.08961e-06
1.78129e-06
3.42617e-06
1.60462e-06
4.73342e-06
1.4456e-06
5.98056e-06
1.32992e-06
7.14285e-06
1.1972e-06
8.16169e-06
1.09326e-06
8.99986e-06
9.5083e-07
9.60327e-06
8.56304e-07
9.98434e-06
7.16383e-07
1.01572e-05
5.88517e-07
1.00992e-05
2.50119e-07
9.87507e-06
-7.08875e-07
9.07723e-06
-3.75488e-06
5.22171e-06
-9.70854e-06
-1.50525e-05
6.45593e-06
1.03843e-05
1.31141e-05
1.54012e-05
1.74108e-05
1.9192e-05
2.07967e-05
2.22423e-05
2.35722e-05
2.47694e-05
2.58627e-05
2.68135e-05
2.76698e-05
2.83862e-05
2.89747e-05
2.92248e-05
2.85159e-05
2.47611e-05
1.50525e-05
)
;

boundaryField
{
    movingWall
    {
        type            calculated;
        value           uniform 0;
    }
    fixedWalls
    {
        type            calculated;
        value           uniform 0;
    }
    frontAndBack
    {
        type            empty;
        value           nonuniform List<scalar> 0();
    }
}


// ************************************************************************* //
