/*--------------------------------*- C++ -*----------------------------------*\
| =========                 |                                                 |
| \\      /  F ield         | OpenFOAM: The Open Source CFD Toolbox           |
|  \\    /   O peration     | Version:  2212                                  |
|   \\  /    A nd           | Website:  www.openfoam.com                      |
|    \\/     M anipulation  |                                                 |
\*---------------------------------------------------------------------------*/
FoamFile
{
    version     2.0;
    format      ascii;
    arch        "LSB;label=32;scalar=64";
    class       volScalarField;
    location    "2.115";
    object      p;
}
// * * * * * * * * * * * * * * * * * * * * * * * * * * * * * * * * * * * * * //

dimensions      [0 2 -2 0 0 0 0];

internalField   nonuniform List<scalar> 
400
(
1.24681e-08
-0.000131851
-0.00043653
-0.000869283
-0.00140902
-0.00201941
-0.00258216
-0.00291578
-0.00284895
-0.00223961
-0.000973798
0.000958729
0.00330838
0.00537105
0.00639089
0.00601001
0.00443613
0.0028333
0.00187448
0.00177776
0.000119194
-2.96029e-05
-0.000273092
-0.000597011
-0.00100331
-0.00152097
-0.00214891
-0.0027763
-0.00315567
-0.00297616
-0.00199769
-0.000210943
0.0020234
0.00408514
0.00522079
0.00501814
0.00369027
0.00216028
0.00142502
0.00146163
0.000433089
0.000235375
-2.69676e-05
-0.000413388
-0.00103081
-0.00197947
-0.00324532
-0.00463362
-0.00577444
-0.00621961
-0.0056394
-0.00405557
-0.0017783
0.000640199
0.00246043
0.00308772
0.00249264
0.00139349
0.00053306
0.000486484
0.000862826
0.00054016
0.000148064
-0.000561813
-0.00181245
-0.00371899
-0.00615147
-0.00873002
-0.010942
-0.0122676
-0.0123566
-0.0111989
-0.00898678
-0.00611219
-0.00320039
-0.000935685
0.000219362
0.000279038
-0.000332114
-0.000936489
0.00101765
0.00057463
-0.000102799
-0.00145434
-0.00375132
-0.00701368
-0.0109055
-0.014837
-0.0181929
-0.020483
-0.0214063
-0.0208348
-0.0188471
-0.0156815
-0.0117392
-0.00760081
-0.00402605
-0.00177491
-0.00122934
-0.00290967
0.000592711
-1.32396e-05
-0.00112714
-0.00334965
-0.00690851
-0.0116288
-0.016897
-0.0219423
-0.0261239
-0.0290484
-0.0305284
-0.0304458
-0.0288258
-0.0257966
-0.0214967
-0.0161541
-0.0103613
-0.00543835
-0.00325812
-0.00529679
-0.000647309
-0.00143348
-0.0030511
-0.00618058
-0.0109223
-0.0168471
-0.0230844
-0.0287625
-0.0332917
-0.0364049
-0.0380459
-0.0382122
-0.0369415
-0.0342969
-0.0302612
-0.0247293
-0.017827
-0.0107484
-0.00647224
-0.00666065
-0.00269536
-0.00362978
-0.00570344
-0.00956819
-0.0151797
-0.0218716
-0.0285971
-0.0344721
-0.0390113
-0.0420745
-0.0436966
-0.0439511
-0.0429096
-0.040623
-0.0370496
-0.0319592
-0.0250893
-0.0169471
-0.0101933
-0.00693259
-0.00527375
-0.00628151
-0.008675
-0.0129994
-0.0190934
-0.0261271
-0.0329713
-0.0387881
-0.0431998
-0.0461541
-0.0477311
-0.0480231
-0.0471051
-0.0450402
-0.041848
-0.037368
-0.0311666
-0.0230626
-0.0146627
-0.00861826
-0.00795956
-0.00894987
-0.0114928
-0.0159914
-0.0222144
-0.0292677
-0.0360189
-0.0416891
-0.0459726
-0.0488568
-0.0504245
-0.0507478
-0.0498852
-0.0479143
-0.0449315
-0.0409266
-0.0355558
-0.0282433
-0.0198053
-0.0124069
-0.0103502
-0.0112526
-0.0137707
-0.0181942
-0.0242641
-0.0311191
-0.0376802
-0.04321
-0.0474198
-0.0502895
-0.0518771
-0.052228
-0.0513809
-0.0494152
-0.0464933
-0.0427544
-0.0381046
-0.0318383
-0.0243415
-0.0167895
-0.0122
-0.0129347
-0.015283
-0.0194051
-0.0250867
-0.0315793
-0.0379047
-0.043341
-0.0475522
-0.0504651
-0.0520976
-0.052472
-0.0516082
-0.0495782
-0.0466073
-0.0429477
-0.0388162
-0.0334519
-0.0270563
-0.0198145
-0.0134566
-0.0139182
-0.0158998
-0.0195217
-0.0246272
-0.0306374
-0.0367018
-0.0420893
-0.0463728
-0.0493862
-0.051091
-0.0514907
-0.0505694
-0.0484445
-0.0453445
-0.0415874
-0.037752
-0.0329031
-0.027397
-0.0203971
-0.0141654
-0.014273
-0.0156712
-0.018548
-0.0228898
-0.0283166
-0.034097
-0.0394705
-0.0438926
-0.0470744
-0.0488947
-0.04931
-0.0483589
-0.0461013
-0.0428133
-0.0388958
-0.0349858
-0.0302637
-0.0256785
-0.0182596
-0.014415
-0.0141449
-0.0147548
-0.0166284
-0.020021
-0.0247628
-0.0302281
-0.0356118
-0.0402355
-0.0436665
-0.0456833
-0.0461913
-0.0451945
-0.0427748
-0.0392474
-0.0350444
-0.0308222
-0.0260379
-0.0225952
-0.0132641
-0.0143241
-0.0137286
-0.0132986
-0.0139087
-0.0162008
-0.0201867
-0.025321
-0.0307381
-0.0356225
-0.0393855
-0.0416892
-0.0423658
-0.0414073
-0.0388603
-0.0350669
-0.0304612
-0.025758
-0.0207324
-0.0178506
-0.00398503
-0.0139853
-0.0131551
-0.0114378
-0.0106643
-0.0118236
-0.015078
-0.0199179
-0.0253998
-0.0305913
-0.0347573
-0.0374444
-0.0383896
-0.0375537
-0.0349862
-0.0309278
-0.0257459
-0.0201137
-0.0139345
-0.00846633
0.0143912
-0.0143016
-0.0126074
-0.00909083
-0.00694902
-0.00716144
-0.00989761
-0.0145857
-0.0202001
-0.0257482
-0.0303785
-0.033555
-0.0349099
-0.0343468
-0.0318246
-0.0274984
-0.0213964
-0.0136862
-0.00310704
0.0131231
0.0538929
-0.0119154
-0.0123146
-0.00707762
-0.00357249
-0.00316509
-0.00572162
-0.0104565
-0.0162782
-0.0221934
-0.0272694
-0.0309506
-0.0327874
-0.0326504
-0.0302693
-0.0254896
-0.0174618
-0.00495447
0.0168827
0.0561296
0.125813
-0.0296298
-0.011524
-0.00247394
0.000792335
0.000548319
-0.00238027
-0.00737275
-0.0134643
-0.0196777
-0.0250682
-0.0290658
-0.0312084
-0.0313278
-0.0289896
-0.0235229
-0.0127646
0.0075482
0.0475874
0.118592
0.222231
)
;

boundaryField
{
    movingWall
    {
        type            zeroGradient;
    }
    fixedWalls
    {
        type            zeroGradient;
    }
    frontAndBack
    {
        type            empty;
    }
}


// ************************************************************************* //
