/*--------------------------------*- C++ -*----------------------------------*\
| =========                 |                                                 |
| \\      /  F ield         | OpenFOAM: The Open Source CFD Toolbox           |
|  \\    /   O peration     | Version:  2212                                  |
|   \\  /    A nd           | Website:  www.openfoam.com                      |
|    \\/     M anipulation  |                                                 |
\*---------------------------------------------------------------------------*/
FoamFile
{
    version     2.0;
    format      ascii;
    arch        "LSB;label=32;scalar=64";
    class       surfaceScalarField;
    location    "2.115";
    object      phi;
}
// * * * * * * * * * * * * * * * * * * * * * * * * * * * * * * * * * * * * * //

dimensions      [0 3 -1 0 0 0 0];

oriented        oriented;

internalField   nonuniform List<scalar> 
760
(
1.06536e-07
-1.06537e-07
1.87333e-07
-8.07972e-08
1.79829e-07
7.50505e-09
6.17803e-08
1.18049e-07
-2.02171e-07
2.63952e-07
-6.62473e-07
4.60302e-07
-1.34757e-06
6.85098e-07
-2.20241e-06
8.54839e-07
-3.07169e-06
8.6928e-07
-3.75359e-06
6.81905e-07
-4.08205e-06
3.28457e-07
-3.96094e-06
-1.21113e-07
-3.31658e-06
-6.44357e-07
-2.24682e-06
-1.06976e-06
-9.58912e-07
-1.28791e-06
2.07413e-07
-1.16632e-06
9.05832e-07
-6.98419e-07
8.97028e-07
8.80415e-09
4.07572e-07
4.89456e-07
4.07572e-07
4.77414e-08
-1.54278e-07
-5.68771e-08
2.38216e-08
-3.98847e-07
3.49475e-07
-1.05941e-06
7.78608e-07
-2.08957e-06
1.29411e-06
-3.45171e-06
1.82244e-06
-4.97063e-06
2.20402e-06
-6.3866e-06
2.27081e-06
-7.47325e-06
1.95593e-06
-8.09673e-06
1.30538e-06
-8.19645e-06
4.28183e-07
-7.73452e-06
-5.83051e-07
-6.73885e-06
-1.64002e-06
-5.23992e-06
-2.5687e-06
-3.37381e-06
-3.15402e-06
-1.42649e-06
-3.11364e-06
1.0798e-07
-2.23289e-06
7.5381e-07
-6.37026e-07
4.72695e-07
7.70571e-07
8.80267e-07
-1.6873e-07
1.44524e-08
-6.40606e-07
4.95698e-07
-1.48481e-06
1.19368e-06
-2.75268e-06
2.04648e-06
-4.38735e-06
2.92878e-06
-6.18062e-06
3.61571e-06
-7.86068e-06
3.88408e-06
-9.22978e-06
3.63991e-06
-1.02001e-05
2.92625e-06
-1.0743e-05
1.84827e-06
-1.08155e-05
5.00654e-07
-1.04299e-05
-9.68612e-07
-9.58559e-06
-2.48432e-06
-8.23523e-06
-3.91905e-06
-6.36199e-06
-5.02726e-06
-4.06703e-06
-5.40861e-06
-1.7271e-06
-4.57282e-06
-8.04493e-08
-2.28367e-06
2.7922e-07
4.10901e-07
1.15949e-06
-4.45189e-07
4.59641e-07
-1.35883e-06
1.40934e-06
-2.67337e-06
2.50823e-06
-4.35539e-06
3.7285e-06
-6.23447e-06
4.80786e-06
-8.05631e-06
5.43755e-06
-9.61014e-06
5.43792e-06
-1.08051e-05
4.83483e-06
-1.16389e-05
3.76007e-06
-1.21307e-05
2.34011e-06
-1.22655e-05
6.35391e-07
-1.20757e-05
-1.15834e-06
-1.15455e-05
-3.01457e-06
-1.0578e-05
-4.8865e-06
-9.05398e-06
-6.55132e-06
-6.86008e-06
-7.60251e-06
-4.06116e-06
-7.37174e-06
-1.26186e-06
-5.08297e-06
1.1597e-07
-9.66933e-07
1.27546e-06
-7.20065e-07
1.17971e-06
-1.98302e-06
2.67229e-06
-3.58328e-06
4.10849e-06
-5.40263e-06
5.54785e-06
-7.22403e-06
6.62926e-06
-8.82847e-06
7.04199e-06
-1.00973e-05
6.70672e-06
-1.10149e-05
5.7525e-06
-1.16191e-05
4.36422e-06
-1.19678e-05
2.68886e-06
-1.21306e-05
7.98124e-07
-1.21199e-05
-1.169e-06
-1.19252e-05
-3.20925e-06
-1.14671e-05
-5.34465e-06
-1.05695e-05
-7.44888e-06
-8.96195e-06
-9.21008e-06
-6.38405e-06
-9.94963e-06
-2.97288e-06
-8.49414e-06
-2.36477e-07
-3.70333e-06
1.03898e-06
-8.88519e-07
2.06822e-06
-2.32393e-06
4.1077e-06
-3.98045e-06
5.76501e-06
-5.69042e-06
7.25782e-06
-7.25284e-06
8.19167e-06
-8.51258e-06
8.30173e-06
-9.41756e-06
7.6117e-06
-9.9977e-06
6.33264e-06
-1.03231e-05
4.6896e-06
-1.04836e-05
2.84937e-06
-1.05911e-05
9.05644e-07
-1.06703e-05
-1.08982e-06
-1.07183e-05
-3.1613e-06
-1.07099e-05
-5.35301e-06
-1.04938e-05
-7.66499e-06
-9.74808e-06
-9.95579e-06
-8.00369e-06
-1.1694e-05
-4.89973e-06
-1.15981e-05
-1.06175e-06
-7.54131e-06
-2.27738e-08
-9.03354e-07
2.97158e-06
-2.31233e-06
5.51667e-06
-3.83178e-06
7.28446e-06
-5.28158e-06
8.70763e-06
-6.50482e-06
9.41491e-06
-7.40491e-06
9.20182e-06
-7.97534e-06
8.18212e-06
-8.27398e-06
6.63128e-06
-8.39083e-06
4.80644e-06
-8.42292e-06
2.88147e-06
-8.46043e-06
9.43148e-07
-8.54368e-06
-1.00656e-06
-8.68821e-06
-3.01676e-06
-8.90859e-06
-5.13263e-06
-9.14454e-06
-7.42904e-06
-9.15377e-06
-9.94655e-06
-8.41838e-06
-1.24294e-05
-6.22243e-06
-1.37941e-05
-2.25239e-06
-1.15114e-05
-2.27516e-06
-7.63821e-07
3.7354e-06
-1.98369e-06
6.73654e-06
-3.24558e-06
8.54636e-06
-4.37654e-06
9.83858e-06
-5.26746e-06
1.03058e-05
-5.86938e-06
9.80374e-06
-6.20472e-06
8.51747e-06
-6.34381e-06
6.77037e-06
-6.37675e-06
4.83938e-06
-6.38515e-06
2.88987e-06
-6.41793e-06
9.75926e-07
-6.49683e-06
-9.27671e-07
-6.64625e-06
-2.86734e-06
-6.90337e-06
-4.87551e-06
-7.28647e-06
-7.04594e-06
-7.69556e-06
-9.53747e-06
-7.70041e-06
-1.24246e-05
-6.48526e-06
-1.50092e-05
-3.37185e-06
-1.46248e-05
-5.647e-06
-5.11945e-07
4.24735e-06
-1.43738e-06
7.66197e-06
-2.38586e-06
9.49484e-06
-3.19488e-06
1.06476e-05
-3.7968e-06
1.09077e-05
-4.17828e-06
1.01852e-05
-4.37591e-06
8.7151e-06
-4.45649e-06
6.85095e-06
-4.49351e-06
4.8764e-06
-4.53913e-06
2.9355e-06
-4.61054e-06
1.04733e-06
-4.71012e-06
-8.28086e-07
-4.85265e-06
-2.72481e-06
-5.07264e-06
-4.65552e-06
-5.43668e-06
-6.6819e-06
-5.95838e-06
-9.01577e-06
-6.39208e-06
-1.19909e-05
-5.97229e-06
-1.5429e-05
-3.78833e-06
-1.68087e-05
-9.43533e-06
-1.93373e-07
4.44072e-06
-7.70326e-07
8.23892e-06
-1.38844e-06
1.0113e-05
-1.8951e-06
1.11543e-05
-2.25219e-06
1.12648e-05
-2.47046e-06
1.04035e-05
-2.58871e-06
8.83335e-06
-2.65795e-06
6.9202e-06
-2.72518e-06
4.94363e-06
-2.81765e-06
3.02797e-06
-2.93835e-06
1.16803e-06
-3.08076e-06
-6.85677e-07
-3.24518e-06
-2.56039e-06
-3.44917e-06
-4.45153e-06
-3.75923e-06
-6.37184e-06
-4.27136e-06
-8.50364e-06
-4.91306e-06
-1.13492e-05
-5.04022e-06
-1.53018e-05
-3.49197e-06
-1.8357e-05
-1.29273e-05
1.2858e-07
4.31214e-06
-7.18328e-08
8.43934e-06
-3.73303e-07
1.04144e-05
-6.05997e-07
1.1387e-05
-7.46799e-07
1.14056e-05
-8.2036e-07
1.04771e-05
-8.65651e-07
8.87864e-06
-9.19196e-07
6.97374e-06
-1.00263e-06
5.02706e-06
-1.12274e-06
3.14808e-06
-1.27886e-06
1.32416e-06
-1.46825e-06
-4.96287e-07
-1.68766e-06
-2.34098e-06
-1.93566e-06
-4.20354e-06
-2.25216e-06
-6.05534e-06
-2.75125e-06
-8.00456e-06
-3.49217e-06
-1.06082e-05
-3.99067e-06
-1.48033e-05
-2.99833e-06
-1.93493e-05
-1.59256e-05
3.95175e-07
3.91696e-06
5.60167e-07
8.27434e-06
6.01364e-07
1.03732e-05
6.51524e-07
1.13368e-05
7.27012e-07
1.13301e-05
7.95901e-07
1.04082e-05
8.27174e-07
8.84737e-06
8.05945e-07
6.99497e-06
7.30847e-07
5.10216e-06
6.06554e-07
3.27237e-06
4.3284e-07
1.49787e-06
2.03905e-07
-2.67351e-07
-7.45378e-08
-2.06254e-06
-4.15811e-07
-3.86226e-06
-8.24926e-07
-5.64622e-06
-1.36363e-06
-7.46585e-06
-2.18928e-06
-9.78258e-06
-2.97022e-06
-1.40224e-05
-2.47122e-06
-1.98483e-05
-1.83969e-05
5.88017e-07
3.32895e-06
1.08921e-06
7.77315e-06
1.44411e-06
1.00183e-05
1.7758e-06
1.10051e-05
2.088e-06
1.10179e-05
2.33169e-06
1.01645e-05
2.4781e-06
8.70095e-06
2.52738e-06
6.94569e-06
2.49371e-06
5.13583e-06
2.38866e-06
3.37742e-06
2.21167e-06
1.67486e-06
1.93768e-06
6.64289e-09
1.58154e-06
-1.7064e-06
1.13504e-06
-3.41576e-06
5.95343e-07
-5.10652e-06
-1.00005e-07
-6.77051e-06
-1.00537e-06
-8.87722e-06
-1.99314e-06
-1.30346e-05
-1.96182e-06
-1.98796e-05
-2.03587e-05
6.6687e-07
2.66208e-06
1.44199e-06
6.99802e-06
2.0963e-06
9.36402e-06
2.71303e-06
1.03884e-05
3.28586e-06
1.04451e-05
3.75347e-06
9.69688e-06
4.07537e-06
8.37905e-06
4.24965e-06
6.77141e-06
4.29563e-06
5.08986e-06
4.23048e-06
3.44257e-06
4.05296e-06
1.85238e-06
3.75908e-06
3.00527e-07
3.32072e-06
-1.26804e-06
2.74654e-06
-2.84158e-06
2.03665e-06
-4.39664e-06
1.20605e-06
-5.9399e-06
1.46987e-07
-7.81816e-06
-1.08187e-06
-1.18058e-05
-1.48734e-06
-1.94742e-05
-2.1846e-05
6.06214e-07
2.05586e-06
1.52683e-06
6.07741e-06
2.42816e-06
8.46269e-06
3.33174e-06
9.4848e-06
4.20045e-06
9.57639e-06
4.95196e-06
8.94537e-06
5.52209e-06
7.80893e-06
5.89354e-06
6.39995e-06
6.07938e-06
4.90402e-06
6.09804e-06
3.42391e-06
5.9539e-06
1.99651e-06
5.63535e-06
6.19073e-07
5.1195e-06
-7.52189e-07
4.41364e-06
-2.13572e-06
3.51514e-06
-3.49814e-06
2.46003e-06
-4.88479e-06
1.19612e-06
-6.55425e-06
-2.8037e-07
-1.03293e-05
-1.00785e-06
-1.87467e-05
-2.28539e-05
4.20349e-07
1.63551e-06
1.33528e-06
5.16247e-06
2.46295e-06
7.33502e-06
3.66694e-06
8.28081e-06
4.86094e-06
8.38238e-06
5.9353e-06
7.87101e-06
6.80117e-06
6.94306e-06
7.42197e-06
5.77915e-06
7.79708e-06
4.52891e-06
7.93925e-06
3.28173e-06
7.85464e-06
2.08112e-06
7.54213e-06
9.3159e-07
6.95459e-06
-1.64652e-07
6.11895e-06
-1.30009e-06
5.02375e-06
-2.40294e-06
3.72455e-06
-3.58559e-06
2.27406e-06
-5.10375e-06
7.12213e-07
-8.76745e-06
-2.63884e-07
-1.77706e-05
-2.31177e-05
5.77052e-08
1.57781e-06
6.82598e-07
4.53758e-06
1.90299e-06
6.11463e-06
3.40407e-06
6.77974e-06
4.97529e-06
6.81116e-06
6.43536e-06
6.41095e-06
7.66233e-06
5.71609e-06
8.6034e-06
4.83807e-06
9.23677e-06
3.89555e-06
9.56748e-06
2.95102e-06
9.59304e-06
2.05557e-06
9.31931e-06
1.20532e-06
8.73595e-06
4.18704e-07
7.80941e-06
-3.73544e-07
6.57946e-06
-1.173e-06
5.09406e-06
-2.10018e-06
3.517e-06
-3.52669e-06
1.98979e-06
-7.24025e-06
5.52622e-07
-1.63334e-05
-2.25651e-05
-4.61768e-07
2.03958e-06
3.5156e-08
4.04066e-06
1.2497e-06
4.90009e-06
2.9831e-06
5.04634e-06
4.88129e-06
4.91297e-06
6.67745e-06
4.61479e-06
8.22066e-06
4.17288e-06
9.44955e-06
3.60918e-06
1.0326e-05
3.01906e-06
1.08576e-05
2.41949e-06
1.10408e-05
1.87236e-06
1.08956e-05
1.35052e-06
1.04227e-05
8.91578e-07
9.63125e-06
4.17921e-07
8.53823e-06
-7.99782e-08
7.18895e-06
-7.50907e-07
5.79077e-06
-2.1285e-06
4.18576e-06
-5.63524e-06
1.94028e-06
-1.40879e-05
-2.06248e-05
-4.12377e-06
6.16334e-06
-3.66443e-06
3.58132e-06
-1.50981e-06
2.74547e-06
9.85806e-07
2.55072e-06
3.44509e-06
2.45369e-06
5.762e-06
2.29788e-06
7.83646e-06
2.09841e-06
9.60229e-06
1.84336e-06
1.1026e-05
1.59534e-06
1.21201e-05
1.32543e-06
1.28909e-05
1.10148e-06
1.33759e-05
8.6558e-07
1.35699e-05
6.9757e-07
1.34975e-05
4.90351e-07
1.31121e-05
3.0534e-07
1.24372e-05
-7.59985e-08
1.15192e-05
-1.2105e-06
9.92191e-06
-4.03792e-06
5.55808e-06
-9.72409e-06
-1.50668e-05
6.16334e-06
9.74466e-06
1.24901e-05
1.50408e-05
1.74945e-05
1.97924e-05
2.18908e-05
2.37342e-05
2.53295e-05
2.6655e-05
2.77564e-05
2.8622e-05
2.93196e-05
2.98099e-05
3.01153e-05
3.00393e-05
2.88288e-05
2.47909e-05
1.50668e-05
)
;

boundaryField
{
    movingWall
    {
        type            calculated;
        value           uniform 0;
    }
    fixedWalls
    {
        type            calculated;
        value           uniform 0;
    }
    frontAndBack
    {
        type            empty;
        value           nonuniform List<scalar> 0();
    }
}


// ************************************************************************* //
