/*--------------------------------*- C++ -*----------------------------------*\
| =========                 |                                                 |
| \\      /  F ield         | OpenFOAM: The Open Source CFD Toolbox           |
|  \\    /   O peration     | Version:  2212                                  |
|   \\  /    A nd           | Website:  www.openfoam.com                      |
|    \\/     M anipulation  |                                                 |
\*---------------------------------------------------------------------------*/
FoamFile
{
    version     2.0;
    format      ascii;
    arch        "LSB;label=32;scalar=64";
    class       volScalarField;
    location    "1.415";
    object      p;
}
// * * * * * * * * * * * * * * * * * * * * * * * * * * * * * * * * * * * * * //

dimensions      [0 2 -2 0 0 0 0];

internalField   nonuniform List<scalar> 
400
(
-2.58696e-09
-0.000106366
-0.000280093
-0.000519275
-0.000811206
-0.00112285
-0.00139144
-0.00151562
-0.00136621
-0.000823656
0.000176183
0.00160998
0.00333615
0.00487442
0.00574341
0.00569077
0.00474492
0.00368045
0.00296694
0.00283875
0.000107383
2.66984e-07
-0.000139843
-0.000330947
-0.000568147
-0.000835524
-0.00111012
-0.00133565
-0.00139284
-0.00111165
-0.000336916
0.000972181
0.00259258
0.00412234
0.00505775
0.00509108
0.0043226
0.00325837
0.0026681
0.0026176
0.000287211
0.000132802
-1.27668e-05
-0.000227356
-0.000543187
-0.000986793
-0.00156971
-0.0022306
-0.00279114
-0.00297444
-0.00251207
-0.00133707
0.000328236
0.00210586
0.00347324
0.00398759
0.00359593
0.00275089
0.00200475
0.00188165
0.000391982
0.000193563
7.60532e-06
-0.000318236
-0.000880048
-0.00177093
-0.0030301
-0.00454678
-0.00601687
-0.00701013
-0.00714683
-0.00632524
-0.00471598
-0.00258996
-0.000408496
0.001275
0.00204766
0.00191307
0.00125614
0.000714272
0.000271199
2.02877e-05
-0.000259952
-0.000816724
-0.00184031
-0.00350367
-0.00583047
-0.00857307
-0.0112378
-0.0132599
-0.0142138
-0.0139422
-0.0125123
-0.0100985
-0.00703978
-0.00385487
-0.00120817
0.000291173
0.000435381
-0.000973494
-0.000236103
-0.000552143
-0.000993479
-0.00191246
-0.00360632
-0.00630049
-0.00992784
-0.0140171
-0.0178518
-0.0207955
-0.0224707
-0.0227148
-0.021516
-0.019041
-0.0154839
-0.0111127
-0.00649134
-0.00272943
-0.00122453
-0.00308609
-0.00122722
-0.00162088
-0.00228093
-0.00365291
-0.00612132
-0.00990021
-0.0147593
-0.0199608
-0.024606
-0.0280597
-0.0300393
-0.0304805
-0.0294458
-0.0271192
-0.0236067
-0.0188861
-0.0131002
-0.00730216
-0.0039888
-0.00465784
-0.00269093
-0.00316333
-0.004063
-0.00589148
-0.00907276
-0.0137575
-0.0195418
-0.025462
-0.0305232
-0.0341519
-0.0361694
-0.0366048
-0.0356025
-0.0333836
-0.0300948
-0.0256233
-0.0197192
-0.0128253
-0.0073329
-0.00507306
-0.00449391
-0.00502437
-0.00613475
-0.00833125
-0.0120296
-0.0173119
-0.0236559
-0.0299613
-0.035209
-0.0388955
-0.0409016
-0.04128
-0.0402059
-0.037946
-0.0347742
-0.0306925
-0.0252929
-0.0183322
-0.0112232
-0.00630908
-0.00642463
-0.00696164
-0.00821333
-0.0106268
-0.0145837
-0.02013
-0.0267136
-0.0331867
-0.0385369
-0.0422914
-0.0443298
-0.0446767
-0.0434869
-0.0410625
-0.0378189
-0.0339807
-0.0292601
-0.0229662
-0.0156596
-0.00922838
-0.00825856
-0.00873878
-0.0100335
-0.0124841
-0.0164351
-0.0219376
-0.0284879
-0.0349669
-0.0403785
-0.0442253
-0.0463361
-0.046684
-0.0453769
-0.0427292
-0.0393022
-0.0355442
-0.0314371
-0.0260953
-0.0195839
-0.0127987
-0.00980944
-0.010185
-0.0114035
-0.013703
-0.0174028
-0.0225894
-0.0288417
-0.0351555
-0.0405629
-0.0444904
-0.0466772
-0.0470496
-0.0456635
-0.0427925
-0.0392067
-0.0354492
-0.0318665
-0.0274111
-0.0219068
-0.0152798
-0.0110049
-0.0112195
-0.012221
-0.0141918
-0.0174196
-0.0220439
-0.0277528
-0.0337184
-0.0390116
-0.0429671
-0.0452171
-0.0456254
-0.0442075
-0.0413101
-0.0376298
-0.0338383
-0.030719
-0.026865
-0.022204
-0.0157067
-0.0118378
-0.0118571
-0.0125006
-0.0139516
-0.0165066
-0.0203664
-0.0253488
-0.0308013
-0.0358526
-0.0397655
-0.0420678
-0.0425504
-0.0412475
-0.038443
-0.0348229
-0.0311508
-0.0281699
-0.0246936
-0.0208642
-0.0139984
-0.0123496
-0.0121667
-0.0123302
-0.0131087
-0.0148691
-0.017862
-0.022018
-0.0268416
-0.0315446
-0.0353571
-0.0377251
-0.0383665
-0.0372779
-0.0346909
-0.0312679
-0.0277445
-0.0248179
-0.0214966
-0.0188593
-0.0103262
-0.0126386
-0.0122603
-0.0117735
-0.0117591
-0.0127043
-0.0148752
-0.0182557
-0.0224598
-0.0267951
-0.0305002
-0.032968
-0.0338423
-0.0330863
-0.0308059
-0.0276444
-0.0242423
-0.0212604
-0.0179101
-0.0163735
-0.00346872
-0.0127656
-0.012253
-0.010973
-0.0101297
-0.0103299
-0.0118388
-0.0146299
-0.0183597
-0.0224174
-0.0260722
-0.0286935
-0.0298413
-0.0293959
-0.0275477
-0.024637
-0.0211902
-0.0178009
-0.0138477
-0.0104728
0.011905
-0.0137395
-0.0122976
-0.00976046
-0.00809981
-0.00777671
-0.00891507
-0.0114136
-0.0149188
-0.0188852
-0.0226118
-0.0254856
-0.0270032
-0.0269935
-0.0254375
-0.0226285
-0.0187321
-0.013992
-0.00654645
0.00708585
0.0483151
-0.0120023
-0.0128904
-0.00907751
-0.00646492
-0.00569125
-0.00665811
-0.00909732
-0.0125896
-0.0166392
-0.0205403
-0.0237263
-0.0256237
-0.0260343
-0.0247174
-0.021707
-0.0163283
-0.00731492
0.0108204
0.0478256
0.118385
-0.0295868
-0.0126953
-0.00531599
-0.00292061
-0.00274201
-0.00405515
-0.00671874
-0.0103991
-0.0146329
-0.0187231
-0.0221258
-0.0242826
-0.0249711
-0.0237784
-0.02015
-0.0120048
0.00497691
0.0415172
0.110785
0.215037
)
;

boundaryField
{
    movingWall
    {
        type            zeroGradient;
    }
    fixedWalls
    {
        type            zeroGradient;
    }
    frontAndBack
    {
        type            empty;
    }
}


// ************************************************************************* //
