/*--------------------------------*- C++ -*----------------------------------*\
| =========                 |                                                 |
| \\      /  F ield         | OpenFOAM: The Open Source CFD Toolbox           |
|  \\    /   O peration     | Version:  2212                                  |
|   \\  /    A nd           | Website:  www.openfoam.com                      |
|    \\/     M anipulation  |                                                 |
\*---------------------------------------------------------------------------*/
FoamFile
{
    version     2.0;
    format      ascii;
    arch        "LSB;label=32;scalar=64";
    class       volVectorField;
    location    "2.31";
    object      U;
}
// * * * * * * * * * * * * * * * * * * * * * * * * * * * * * * * * * * * * * //

dimensions      [0 1 -1 0 0 0 0];

internalField   nonuniform List<vector> 
400
(
(0.00132475 -0.00137439 0)
(0.00368948 -0.0014902 0)
(0.00481937 -0.000997808 0)
(0.00378658 -0.000441854 0)
(-1.98234e-06 0.000293224 0)
(-0.00753052 0.00167332 0)
(-0.0197332 0.00417256 0)
(-0.0365012 0.0074418 0)
(-0.0556021 0.00980172 0)
(-0.0725975 0.00947174 0)
(-0.0830563 0.00636515 0)
(-0.0843966 0.00176166 0)
(-0.0756126 -0.00311286 0)
(-0.0572784 -0.00749928 0)
(-0.0328885 -0.00996955 0)
(-0.00661592 -0.00908412 0)
(0.0140604 -0.00464195 0)
(0.0216825 0.00231884 0)
(0.0146513 0.00580195 0)
(0.0039966 0.00428779 0)
(0.00111543 -0.00376032 0)
(0.00147682 -0.0026862 0)
(-0.00246909 0.00104769 0)
(-0.0123892 0.00599075 0)
(-0.030081 0.0125233 0)
(-0.0561794 0.0208676 0)
(-0.088185 0.0291618 0)
(-0.120316 0.0334801 0)
(-0.146747 0.0311449 0)
(-0.163869 0.0224937 0)
(-0.169982 0.00952309 0)
(-0.164845 -0.00548123 0)
(-0.149003 -0.0207153 0)
(-0.12305 -0.0338277 0)
(-0.0891976 -0.0412913 0)
(-0.0501574 -0.0390797 0)
(-0.0116657 -0.025034 0)
(0.0148861 -0.00200453 0)
(0.0163073 0.0145141 0)
(0.00520035 0.0135598 0)
(-0.000743406 -0.00350529 0)
(-0.00612871 0.00256196 0)
(-0.0192355 0.0135726 0)
(-0.0412446 0.0277467 0)
(-0.0728199 0.0436611 0)
(-0.110676 0.0575864 0)
(-0.148385 0.0645927 0)
(-0.180378 0.0619261 0)
(-0.203957 0.0501628 0)
(-0.218165 0.0314495 0)
(-0.222791 0.00808284 0)
(-0.218321 -0.0178505 0)
(-0.205068 -0.0442197 0)
(-0.182621 -0.0675626 0)
(-0.150749 -0.0829741 0)
(-0.109542 -0.0837667 0)
(-0.0610126 -0.0635406 0)
(-0.0133348 -0.0226081 0)
(0.0088256 0.0156714 0)
(0.00409028 0.0217449 0)
(-0.00327996 0.00275154 0)
(-0.0160937 0.0176046 0)
(-0.0393837 0.037536 0)
(-0.0714515 0.0605163 0)
(-0.110568 0.0817718 0)
(-0.150941 0.0951191 0)
(-0.18636 0.0964334 0)
(-0.213972 0.0858006 0)
(-0.2335 0.0658364 0)
(-0.245274 0.0391802 0)
(-0.249956 0.00781971 0)
(-0.248328 -0.0267981 0)
(-0.240424 -0.0625353 0)
(-0.225257 -0.0964424 0)
(-0.200959 -0.123316 0)
(-0.164962 -0.134732 0)
(-0.115108 -0.119183 0)
(-0.0536361 -0.0679208 0)
(-0.00109147 0.0018189 0)
(0.0046415 0.0261851 0)
(-0.00590126 0.0156653 0)
(-0.0253898 0.0414319 0)
(-0.0561095 0.069221 0)
(-0.0931833 0.0977114 0)
(-0.133143 0.119713 0)
(-0.169741 0.128876 0)
(-0.198759 0.123319 0)
(-0.219619 0.105463 0)
(-0.233236 0.0789246 0)
(-0.241047 0.0465581 0)
(-0.244701 0.0101043 0)
(-0.245253 -0.0295131 0)
(-0.242666 -0.0710859 0)
(-0.23627 -0.11319 0)
(-0.223468 -0.152043 0)
(-0.199741 -0.179502 0)
(-0.159398 -0.180869 0)
(-0.0982128 -0.136308 0)
(-0.0209195 -0.0379863 0)
(0.00693924 0.0251752 0)
(-0.00739438 0.033141 0)
(-0.0307593 0.070325 0)
(-0.0645738 0.103565 0)
(-0.101414 0.134056 0)
(-0.137262 0.153617 0)
(-0.166694 0.156915 0)
(-0.187541 0.14434 0)
(-0.20059 0.120023 0)
(-0.20753 0.0882948 0)
(-0.210658 0.0523354 0)
(-0.212123 0.0138987 0)
(-0.213132 -0.0264455 0)
(-0.214024 -0.0689835 0)
(-0.214832 -0.114125 0)
(-0.213465 -0.160751 0)
(-0.204834 -0.203537 0)
(-0.181005 -0.228564 0)
(-0.133704 -0.209317 0)
(-0.0590261 -0.113379 0)
(0.0053194 0.013049 0)
(-0.00716771 0.0523587 0)
(-0.030845 0.100229 0)
(-0.0635511 0.136355 0)
(-0.096386 0.166061 0)
(-0.12564 0.181315 0)
(-0.147162 0.17813 0)
(-0.160408 0.158833 0)
(-0.166953 0.128854 0)
(-0.16898 0.0931475 0)
(-0.169008 0.0551059 0)
(-0.16888 0.0163583 0)
(-0.169497 -0.0228436 0)
(-0.171507 -0.063529 0)
(-0.175554 -0.107181 0)
(-0.180972 -0.155093 0)
(-0.184009 -0.206244 0)
(-0.176635 -0.251592 0)
(-0.148904 -0.26506 0)
(-0.0946848 -0.197613 0)
(-0.00819415 -0.0145934 0)
(-0.0053059 0.070246 0)
(-0.0260241 0.1278 0)
(-0.0544652 0.165014 0)
(-0.081281 0.192277 0)
(-0.103417 0.20249 0)
(-0.118049 0.192971 0)
(-0.125712 0.167668 0)
(-0.128354 0.133052 0)
(-0.128308 0.0945135 0)
(-0.127744 0.0553425 0)
(-0.127692 0.0167449 0)
(-0.128436 -0.0214188 0)
(-0.130487 -0.0601474 0)
(-0.134733 -0.100894 0)
(-0.14185 -0.145987 0)
(-0.150434 -0.19814 0)
(-0.154189 -0.255308 0)
(-0.142599 -0.297498 0)
(-0.108467 -0.267439 0)
(-0.0291665 -0.0716539 0)
(-0.00236362 0.0841016 0)
(-0.0178095 0.150462 0)
(-0.0400436 0.187849 0)
(-0.0600915 0.211935 0)
(-0.0755943 0.217309 0)
(-0.0848746 0.202487 0)
(-0.089039 0.172591 0)
(-0.0900206 0.134781 0)
(-0.0899035 0.0946543 0)
(-0.090178 0.0551866 0)
(-0.0911019 0.0170069 0)
(-0.0925431 -0.0204705 0)
(-0.0947027 -0.0580384 0)
(-0.098262 -0.0965368 0)
(-0.104553 -0.137992 0)
(-0.114391 -0.187022 0)
(-0.124303 -0.24832 0)
(-0.123555 -0.31229 0)
(-0.104694 -0.323594 0)
(-0.0360788 -0.155463 0)
(0.00102515 0.0919508 0)
(-0.00774041 0.166572 0)
(-0.0226714 0.204298 0)
(-0.0358687 0.225604 0)
(-0.045463 0.227223 0)
(-0.0506988 0.208606 0)
(-0.0527973 0.175653 0)
(-0.0533234 0.135984 0)
(-0.0538401 0.0952575 0)
(-0.0551811 0.056026 0)
(-0.0571831 0.0183367 0)
(-0.0595798 -0.018727 0)
(-0.0623673 -0.0558027 0)
(-0.06585 -0.0931477 0)
(-0.0711764 -0.13176 0)
(-0.0802002 -0.176189 0)
(-0.0928774 -0.235668 0)
(-0.0989106 -0.312667 0)
(-0.093508 -0.360873 0)
(-0.0304178 -0.233198 0)
(0.00430872 0.092854 0)
(0.00265205 0.175092 0)
(-0.00464231 0.213981 0)
(-0.0111854 0.233178 0)
(-0.0154709 0.232186 0)
(-0.0172996 0.211424 0)
(-0.0178068 0.177157 0)
(-0.0180407 0.137058 0)
(-0.0189623 0.0965815 0)
(-0.020942 0.057933 0)
(-0.0236716 0.0208445 0)
(-0.0269394 -0.0157154 0)
(-0.0307664 -0.0523842 0)
(-0.0351538 -0.0891682 0)
(-0.0407782 -0.12613 0)
(-0.0492407 -0.166546 0)
(-0.063501 -0.221638 0)
(-0.0735525 -0.305551 0)
(-0.0803745 -0.384842 0)
(-0.0227804 -0.2968 0)
(0.00696908 0.0872238 0)
(0.0123423 0.175817 0)
(0.0125864 0.217111 0)
(0.0124761 0.23556 0)
(0.0133346 0.233501 0)
(0.0149266 0.212212 0)
(0.0162492 0.178011 0)
(0.0167123 0.138393 0)
(0.0159155 0.0985671 0)
(0.0138212 0.0606028 0)
(0.0107464 0.024248 0)
(0.00678485 -0.0115082 0)
(0.00178524 -0.0473591 0)
(-0.00414212 -0.0832962 0)
(-0.0113645 -0.119038 0)
(-0.0204093 -0.156217 0)
(-0.036706 -0.205706 0)
(-0.0492835 -0.291436 0)
(-0.0679608 -0.396795 0)
(-0.0146342 -0.349522 0)
(0.00829015 0.0762487 0)
(0.0199867 0.168893 0)
(0.0273445 0.213223 0)
(0.0332561 0.231756 0)
(0.039162 0.229686 0)
(0.0446841 0.209273 0)
(0.0487776 0.176526 0)
(0.0509785 0.138462 0)
(0.0511943 0.10001 0)
(0.0496142 0.0632249 0)
(0.0465704 0.0280521 0)
(0.0420355 -0.00642997 0)
(0.0359211 -0.0408834 0)
(0.0282146 -0.0753946 0)
(0.0183326 -0.10964 0)
(0.00716085 -0.144227 0)
(-0.0123158 -0.188682 0)
(-0.0259766 -0.272877 0)
(-0.0566377 -0.399444 0)
(-0.00654149 -0.391715 0)
(0.00775252 0.0619836 0)
(0.0243112 0.154935 0)
(0.0384804 0.202886 0)
(0.0505117 0.22289 0)
(0.0618031 0.222074 0)
(0.071986 0.203776 0)
(0.0799119 0.173596 0)
(0.0849908 0.137902 0)
(0.0871836 0.101344 0)
(0.0867686 0.0661015 0)
(0.0841142 0.0324706 0)
(0.0791928 -0.00025039 0)
(0.0718578 -0.0325324 0)
(0.0622356 -0.0648405 0)
(0.0493352 -0.0969241 0)
(0.0347238 -0.128865 0)
(0.0107034 -0.16844 0)
(-0.00284112 -0.249641 0)
(-0.0462996 -0.395754 0)
(0.00210597 -0.427058 0)
(0.00536604 0.0474904 0)
(0.0239867 0.136143 0)
(0.0435071 0.185774 0)
(0.0612383 0.206527 0)
(0.0782773 0.206994 0)
(0.094134 0.191478 0)
(0.107311 0.165007 0)
(0.116829 0.133038 0)
(0.12243 0.0997437 0)
(0.124312 0.0673049 0)
(0.12276 0.0363626 0)
(0.117975 0.00648481 0)
(0.109475 -0.0226312 0)
(0.0978739 -0.0516147 0)
(0.0813606 -0.0804585 0)
(0.0627237 -0.109861 0)
(0.0336076 -0.145594 0)
(0.0201189 -0.223926 0)
(-0.0365383 -0.388922 0)
(0.0124564 -0.456804 0)
(0.0017393 0.0355611 0)
(0.0187206 0.115113 0)
(0.0423953 0.164925 0)
(0.0659009 0.186424 0)
(0.0892704 0.188201 0)
(0.111559 0.175557 0)
(0.130965 0.153241 0)
(0.14602 0.12576 0)
(0.156089 0.0966702 0)
(0.16126 0.0680005 0)
(0.16149 0.0406331 0)
(0.157486 0.0144766 0)
(0.14804 -0.0107211 0)
(0.134653 -0.035422 0)
(0.114295 -0.0599595 0)
(0.0916965 -0.0859825 0)
(0.057394 -0.118982 0)
(0.0424829 -0.195923 0)
(-0.025526 -0.379479 0)
(0.0270376 -0.480014 0)
(-0.00312276 0.0317065 0)
(0.00630199 0.0969428 0)
(0.0289069 0.136995 0)
(0.0575709 0.15536 0)
(0.0881461 0.157642 0)
(0.118238 0.148194 0)
(0.145289 0.130939 0)
(0.167402 0.109305 0)
(0.183383 0.086166 0)
(0.193311 0.0631964 0)
(0.19651 0.0413849 0)
(0.19437 0.0207707 0)
(0.184813 0.00126513 0)
(0.170823 -0.0176928 0)
(0.147452 -0.0364647 0)
(0.122413 -0.0582789 0)
(0.0834716 -0.0904562 0)
(0.0646829 -0.170187 0)
(-0.00751054 -0.36493 0)
(0.050582 -0.488359 0)
(-0.0116687 0.0217816 0)
(-0.00797386 0.0876902 0)
(0.013079 0.117861 0)
(0.0457754 0.127809 0)
(0.082943 0.126959 0)
(0.120154 0.11914 0)
(0.154218 0.106543 0)
(0.182644 0.0908286 0)
(0.203958 0.074169 0)
(0.218688 0.0575085 0)
(0.225102 0.0420184 0)
(0.22631 0.0275383 0)
(0.21822 0.0145803 0)
(0.20731 0.00198613 0)
(0.184607 -0.0105519 0)
(0.163269 -0.028347 0)
(0.122471 -0.0602257 0)
(0.10147 -0.140678 0)
(0.0343281 -0.324754 0)
(0.0911586 -0.454857 0)
(-0.10456 0.0847463 0)
(-0.0771611 0.0701306 0)
(-0.0507082 0.0703677 0)
(-0.00239594 0.0726985 0)
(0.0467678 0.0723163 0)
(0.0956252 0.0685189 0)
(0.139885 0.062257 0)
(0.180065 0.0540513 0)
(0.211178 0.0455644 0)
(0.238712 0.0369002 0)
(0.254851 0.0292047 0)
(0.270433 0.0219843 0)
(0.272263 0.0160763 0)
(0.277671 0.0103133 0)
(0.264206 0.00419028 0)
(0.259251 -0.00674928 0)
(0.222835 -0.032279 0)
(0.212887 -0.0934986 0)
(0.148499 -0.229421 0)
(0.170293 -0.341406 0)
(0.130934 0.104676 0)
(0.160424 0.0772807 0)
(0.215239 0.0553058 0)
(0.273111 0.0430855 0)
(0.323849 0.0367029 0)
(0.373665 0.0322719 0)
(0.415787 0.0290435 0)
(0.4589 0.0256591 0)
(0.490602 0.0230583 0)
(0.524929 0.0199421 0)
(0.544198 0.0179127 0)
(0.570162 0.0150532 0)
(0.577059 0.013755 0)
(0.596348 0.0110091 0)
(0.589307 0.0101729 0)
(0.599379 0.00572892 0)
(0.565466 0.000810376 0)
(0.547304 -0.0177369 0)
(0.436825 -0.0501366 0)
(0.337472 -0.10131 0)
)
;

boundaryField
{
    movingWall
    {
        type            fixedValue;
        value           uniform (1 0 0);
    }
    fixedWalls
    {
        type            noSlip;
    }
    frontAndBack
    {
        type            empty;
    }
}


// ************************************************************************* //
