/*--------------------------------*- C++ -*----------------------------------*\
| =========                 |                                                 |
| \\      /  F ield         | OpenFOAM: The Open Source CFD Toolbox           |
|  \\    /   O peration     | Version:  2212                                  |
|   \\  /    A nd           | Website:  www.openfoam.com                      |
|    \\/     M anipulation  |                                                 |
\*---------------------------------------------------------------------------*/
FoamFile
{
    version     2.0;
    format      ascii;
    arch        "LSB;label=32;scalar=64";
    class       volScalarField;
    location    "0.225";
    object      p;
}
// * * * * * * * * * * * * * * * * * * * * * * * * * * * * * * * * * * * * * //

dimensions      [0 2 -2 0 0 0 0];

internalField   nonuniform List<scalar> 
400
(
-1.69337e-09
-2.25e-05
-8.6267e-06
3.66416e-05
0.000112641
0.000220244
0.00036022
0.000532922
0.000737897
0.000973396
0.00123587
0.00151952
0.00181579
0.00211328
0.0023978
0.00265312
0.00286234
0.00301011
0.00308376
0.00307341
2.27782e-05
-5.90531e-07
1.42023e-05
5.826e-05
0.000130926
0.000233932
0.000368531
0.000535425
0.000734516
0.000964424
0.00122196
0.00150167
0.00179562
0.00209234
0.00237761
0.00263491
0.00284696
0.00299839
0.00307564
0.00306394
4.71732e-06
-2.26655e-05
-9.72988e-06
3.18917e-05
0.000101228
0.000200462
0.000331338
0.000495136
0.000692421
0.00092255
0.00118311
0.00146937
0.00177354
0.00208423
0.00238646
0.00266208
0.00289151
0.00305672
0.00314101
0.00312516
-5.09683e-05
-8.24219e-05
-7.23981e-05
-3.41518e-05
3.12323e-05
0.000126414
0.000253792
0.000415486
0.000613073
0.000847039
0.00111611
0.00141652
0.00174135
0.00207894
0.00241307
0.00272285
0.00298451
0.00317507
0.00327285
0.00325419
-0.000143916
-0.000179413
-0.000172955
-0.000139003
-7.85732e-05
1.16111e-05
0.000134807
0.000294253
0.000492909
0.00073287
0.00101456
0.00133574
0.00169095
0.00206863
0.00245106
0.00281348
0.00312568
0.0033567
0.00347694
0.00345668
-0.000274513
-0.000314743
-0.000312763
-0.000284363
-0.000230478
-0.000147092
-2.99052e-05
0.000125722
0.000324552
0.000570883
0.000867614
0.00121492
0.00160962
0.00204151
0.00249157
0.00293009
0.00331767
0.00361077
0.0037666
0.00374553
-0.000443092
-0.000489111
-0.000492834
-0.000471761
-0.000426829
-0.000353227
-0.000245473
-9.72811e-05
9.83321e-05
0.000348537
0.000659679
0.00103605
0.00147716
0.00197773
0.00251797
0.00306289
0.00356063
0.00394828
0.00416064
0.00414056
-0.00065009
-0.000703134
-0.000714062
-0.000702629
-0.00066997
-0.000610513
-0.00051756
-0.000383017
-0.000197348
5.00464e-05
0.000370068
0.000772523
0.00126361
0.00184587
0.00250125
0.00319106
0.00384832
0.00438098
0.00468544
0.00467231
-0.000896066
-0.000957473
-0.000977267
-0.000978214
-0.000961994
-0.00092246
-0.000851822
-0.000740211
-0.000575382
-0.000342796
-2.60495e-05
0.000391708
0.000925621
0.0015977
0.0023918
0.00327266
0.00415878
0.00491649
0.00537657
0.00538991
-0.00118175
-0.00125284
-0.00128305
-0.00129924
-0.00130419
-0.00129159
-0.00125291
-0.00117682
-0.00104856
-0.000849504
-0.000556927
-0.000146128
0.00040103
0.00116248
0.00210643
0.00322495
0.00443299
0.00554313
0.00627591
0.006378
-0.00150832
-0.00159019
-0.00163174
-0.00166551
-0.00169637
-0.00171843
-0.00172307
-0.00169823
-0.00162739
-0.00148846
-0.001252
-0.000878325
-0.000310859
0.000448092
0.00150781
0.00288647
0.00452582
0.00618787
0.00741894
0.007794
-0.00187816
-0.00197121
-0.00202344
-0.0020756
-0.00213603
-0.0022002
-0.00226031
-0.00230471
-0.00231681
-0.00227361
-0.00214312
-0.00188041
-0.00142523
-0.000710647
0.000370334
0.0019458
0.00408108
0.00657346
0.00877002
0.00991686
-0.00229639
-0.00239949
-0.00245843
-0.00252641
-0.00261747
-0.00272945
-0.00285626
-0.00298805
-0.00311045
-0.0032033
-0.00323793
-0.00317243
-0.00294546
-0.00247054
-0.00161655
-0.000163874
0.00224409
0.00573868
0.00970192
0.0128018
-0.00277404
-0.00288235
-0.00293739
-0.00301253
-0.00313064
-0.00329259
-0.00349432
-0.00372875
-0.0039861
-0.00425362
-0.00451427
-0.00474354
-0.004906
-0.00495663
-0.0048303
-0.00429585
-0.00264005
0.00122538
0.0074982
0.0145778
-0.00333615
-0.00343831
-0.00346592
-0.00352699
-0.00366035
-0.00386885
-0.00414859
-0.00449462
-0.00490281
-0.00537177
-0.00590498
-0.00651326
-0.00722335
-0.0081217
-0.00943329
-0.0112455
-0.0122456
-0.0100621
-0.00242285
0.01002
-0.0040253
-0.00408148
-0.00402566
-0.00404303
-0.00417821
-0.0044277
-0.00478404
-0.00524217
-0.0058023
-0.00647468
-0.00728805
-0.00830212
-0.00963987
-0.011589
-0.0148188
-0.0200974
-0.0261835
-0.0267626
-0.0192977
-0.0014104
-0.00491
-0.00494639
-0.00472591
-0.00459785
-0.00467849
-0.00494395
-0.00536473
-0.0059236
-0.0066176
-0.00746012
-0.00849905
-0.00983557
-0.0116976
-0.0145455
-0.0192997
-0.0272362
-0.0375868
-0.0411148
-0.0338949
-0.0068315
-0.00686064
-0.00599023
-0.00507741
-0.00482394
-0.00494328
-0.00528615
-0.00580247
-0.00646405
-0.00727006
-0.00822628
-0.00939312
-0.0108746
-0.0130014
-0.0163381
-0.0214763
-0.0302903
-0.0412359
-0.0438301
-0.0292996
0.0196974
-0.00613698
-0.00801172
-0.00659594
-0.00580714
-0.00563278
-0.00586927
-0.00635659
-0.00701432
-0.00784023
-0.00880099
-0.00998357
-0.0114325
-0.0135797
-0.0168517
-0.0221613
-0.0291174
-0.0356131
-0.0280496
0.00981114
0.0890124
-0.0235025
-0.00862041
-0.00383398
-0.00316254
-0.00343568
-0.00390668
-0.00459255
-0.00543169
-0.006484
-0.00762422
-0.00905327
-0.0107968
-0.0133485
-0.0169426
-0.0214365
-0.0243006
-0.0192572
0.00806415
0.0773873
0.189213
)
;

boundaryField
{
    movingWall
    {
        type            zeroGradient;
    }
    fixedWalls
    {
        type            zeroGradient;
    }
    frontAndBack
    {
        type            empty;
    }
}


// ************************************************************************* //
