/*--------------------------------*- C++ -*----------------------------------*\
| =========                 |                                                 |
| \\      /  F ield         | OpenFOAM: The Open Source CFD Toolbox           |
|  \\    /   O peration     | Version:  2212                                  |
|   \\  /    A nd           | Website:  www.openfoam.com                      |
|    \\/     M anipulation  |                                                 |
\*---------------------------------------------------------------------------*/
FoamFile
{
    version     2.0;
    format      ascii;
    arch        "LSB;label=32;scalar=64";
    class       volScalarField;
    location    "3.91";
    object      p;
}
// * * * * * * * * * * * * * * * * * * * * * * * * * * * * * * * * * * * * * //

dimensions      [0 2 -2 0 0 0 0];

internalField   nonuniform List<scalar> 
400
(
-5.00143e-09
-0.000150053
-0.000529357
-0.00106042
-0.00171379
-0.00246557
-0.00314871
-0.00355666
-0.00352291
-0.0028943
-0.00151821
0.000633428
0.00324947
0.0055133
0.00655331
0.00598062
0.0040969
0.00226521
0.00122963
0.00115687
0.000116034
-5.66816e-05
-0.000371256
-0.000754668
-0.00123038
-0.00186671
-0.00267258
-0.00349613
-0.00402259
-0.00387987
-0.00279738
-0.00079219
0.00170741
0.00397741
0.00515973
0.00481265
0.00321101
0.00149696
0.000716925
0.000801683
0.000529625
0.0002629
-7.45024e-05
-0.000551419
-0.0013287
-0.00254299
-0.00415452
-0.0058896
-0.00728522
-0.00781845
-0.00714757
-0.00536232
-0.00281105
-0.000125316
0.00186562
0.00252109
0.00182749
0.00063303
-0.000263511
-0.000267375
0.00113195
0.000727206
0.000187777
-0.000762736
-0.00241003
-0.0048532
-0.00785802
-0.0109313
-0.0134735
-0.0149268
-0.0149588
-0.0136098
-0.0110922
-0.00785741
-0.00460254
-0.00207099
-0.000735036
-0.000572059
-0.00115342
-0.001785
0.00154202
0.000943828
-3.13736e-05
-0.00189424
-0.00491724
-0.00901365
-0.0136641
-0.0181531
-0.0218297
-0.0242309
-0.0250989
-0.0243136
-0.0219952
-0.0184265
-0.0140402
-0.00943945
-0.00541656
-0.00280323
-0.00206255
-0.00387389
0.00123918
0.000408039
-0.00119653
-0.00423626
-0.00884134
-0.0146051
-0.0206852
-0.0262285
-0.0306273
-0.0335664
-0.0349187
-0.0345849
-0.0326431
-0.0292345
-0.0244942
-0.0186373
-0.0122602
-0.00676931
-0.00425628
-0.00636393
-9.77479e-05
-0.00117365
-0.00346945
-0.00767004
-0.0136764
-0.0207167
-0.0277026
-0.0337549
-0.0383814
-0.0414232
-0.0428893
-0.042801
-0.0412215
-0.0382142
-0.0337502
-0.0277072
-0.0201993
-0.0124637
-0.00768341
-0.00760401
-0.00247356
-0.00373689
-0.00662101
-0.0117142
-0.0186847
-0.0264619
-0.0338279
-0.0399642
-0.0445228
-0.0474711
-0.0489014
-0.0489102
-0.0475746
-0.0449364
-0.0409392
-0.0353414
-0.027876
-0.0190508
-0.0116136
-0.00784447
-0.00551792
-0.00686413
-0.0101288
-0.0157479
-0.023209
-0.0312578
-0.0386458
-0.0446502
-0.0490432
-0.0518691
-0.0532544
-0.0533084
-0.0521048
-0.0496961
-0.0460831
-0.0410961
-0.0343086
-0.0255364
-0.0164336
-0.00981699
-0.00866741
-0.00998684
-0.0134081
-0.0192029
-0.0267599
-0.0347656
-0.0420031
-0.0478285
-0.0520819
-0.0548332
-0.0562049
-0.0562873
-0.0551431
-0.0528385
-0.0494449
-0.044937
-0.038985
-0.0310323
-0.0219667
-0.0140812
-0.0114003
-0.0126208
-0.0159891
-0.0216709
-0.0290313
-0.0368108
-0.0438522
-0.0495432
-0.0537315
-0.0564689
-0.0578546
-0.0579561
-0.0568235
-0.0545289
-0.0512038
-0.0469645
-0.0417303
-0.0348433
-0.0267883
-0.0188505
-0.0134247
-0.0144609
-0.017607
-0.0229172
-0.0298428
-0.0372717
-0.0441272
-0.0497735
-0.0539945
-0.0567894
-0.0582191
-0.0583316
-0.0571687
-0.0548036
-0.0514192
-0.047245
-0.0425079
-0.0365196
-0.0296133
-0.0220619
-0.0147075
-0.0154101
-0.0181107
-0.0228304
-0.0291341
-0.0361225
-0.0428115
-0.0485029
-0.0528597
-0.0557904
-0.0573022
-0.057421
-0.0561837
-0.0536853
-0.0501339
-0.0458219
-0.0413298
-0.0358253
-0.029852
-0.0225725
-0.0153432
-0.0155809
-0.0175684
-0.0214179
-0.0269001
-0.0333578
-0.0398874
-0.045698
-0.0502959
-0.0534585
-0.055117
-0.0552686
-0.0539334
-0.0512325
-0.0474176
-0.0428664
-0.0382202
-0.0327875
-0.0278163
-0.0200507
-0.0154608
-0.0151826
-0.0161793
-0.0188385
-0.0232697
-0.0290854
-0.0354443
-0.0414349
-0.0463759
-0.049878
-0.0517672
-0.0519876
-0.050577
-0.0476281
-0.0434615
-0.0385072
-0.033443
-0.0278872
-0.0240915
-0.0143092
-0.01518
-0.0144633
-0.0141607
-0.0152741
-0.018434
-0.0235026
-0.0296737
-0.035889
-0.0412636
-0.0452179
-0.0474537
-0.0478458
-0.046419
-0.0432415
-0.0386731
-0.0331681
-0.0274996
-0.021638
-0.0181384
-0.00394424
-0.0145881
-0.0135613
-0.0116691
-0.0110364
-0.0128481
-0.0171592
-0.0231603
-0.0296332
-0.035507
-0.0400136
-0.0427243
-0.0434185
-0.0420907
-0.0387747
-0.0337916
-0.0275295
-0.0207431
-0.0135059
-0.00711834
0.0157558
-0.0145444
-0.012634
-0.00867189
-0.00629353
-0.00694223
-0.0106852
-0.0166167
-0.0233791
-0.0297873
-0.034912
-0.0382147
-0.0393537
-0.0382769
-0.0349926
-0.0296451
-0.0222685
-0.0131109
-0.0011241
0.0161596
0.056615
-0.0117916
-0.0118485
-0.00581986
-0.00192566
-0.00190431
-0.00546459
-0.0115016
-0.018583
-0.02549
-0.0311805
-0.0350858
-0.0367805
-0.0361695
-0.032979
-0.0270568
-0.017623
-0.00348723
0.0199446
0.0600896
0.129317
-0.029502
-0.0106745
-0.000743553
0.0028882
0.00226284
-0.00166654
-0.00797863
-0.0153749
-0.0226422
-0.0287139
-0.032996
-0.0350404
-0.0347131
-0.0315984
-0.0250602
-0.0129244
0.00910579
0.0506653
0.122327
0.22562
)
;

boundaryField
{
    movingWall
    {
        type            zeroGradient;
    }
    fixedWalls
    {
        type            zeroGradient;
    }
    frontAndBack
    {
        type            empty;
    }
}


// ************************************************************************* //
