/*--------------------------------*- C++ -*----------------------------------*\
| =========                 |                                                 |
| \\      /  F ield         | OpenFOAM: The Open Source CFD Toolbox           |
|  \\    /   O peration     | Version:  2212                                  |
|   \\  /    A nd           | Website:  www.openfoam.com                      |
|    \\/     M anipulation  |                                                 |
\*---------------------------------------------------------------------------*/
FoamFile
{
    version     2.0;
    format      ascii;
    arch        "LSB;label=32;scalar=64";
    class       volScalarField;
    location    "3.965";
    object      p;
}
// * * * * * * * * * * * * * * * * * * * * * * * * * * * * * * * * * * * * * //

dimensions      [0 2 -2 0 0 0 0];

internalField   nonuniform List<scalar> 
400
(
2.51366e-07
-0.000149388
-0.000528708
-0.00105998
-0.00171373
-0.00246609
-0.00314971
-0.00355791
-0.00352423
-0.0028954
-0.00151863
0.000634187
0.00325135
0.0055155
0.00655451
0.00597966
0.00409371
0.00226074
0.00122497
0.00115244
0.000116777
-5.58512e-05
-0.000370517
-0.00075403
-0.00122993
-0.00186673
-0.0026734
-0.00349784
-0.00402494
-0.00388226
-0.0027991
-0.00079273
0.001708
0.00397839
0.00515984
0.00481085
0.00320697
0.00149208
0.000711982
0.000797125
0.00053112
0.000264185
-7.34254e-05
-0.000550619
-0.00132855
-0.00254409
-0.00415737
-0.00589437
-0.00729147
-0.00782519
-0.00715369
-0.00536726
-0.00281462
-0.000127919
0.00186305
0.00251762
0.0018227
0.000627625
-0.000268943
-0.000272392
0.00113451
0.000729423
0.000189393
-0.000762152
-0.00241133
-0.00485733
-0.00786551
-0.0109421
-0.0134868
-0.0149414
-0.0149732
-0.0136229
-0.0111034
-0.00786657
-0.00461008
-0.00207751
-0.00074099
-0.000577653
-0.00115892
-0.00179042
0.00154601
0.000947105
-2.94699e-05
-0.0018948
-0.00492161
-0.00902291
-0.0136786
-0.0181724
-0.0218525
-0.0242558
-0.025124
-0.0243374
-0.0220163
-0.0184444
-0.0140547
-0.00945081
-0.00542507
-0.00280955
-0.00206771
-0.00387986
0.00124394
0.000411713
-0.00119527
-0.00423924
-0.00885029
-0.0146209
-0.020708
-0.0262571
-0.0306603
-0.0336019
-0.0349547
-0.0346193
-0.0326743
-0.0292615
-0.0245165
-0.0186548
-0.0122728
-0.00677763
-0.00426224
-0.00637066
-9.33835e-05
-0.00117075
-0.00347006
-0.00767661
-0.0136909
-0.0207397
-0.0277337
-0.0337928
-0.0384243
-0.0414689
-0.0429357
-0.0428455
-0.0412624
-0.0382501
-0.0337803
-0.0277312
-0.0202169
-0.0124754
-0.00769087
-0.00760966
-0.00247092
-0.003736
-0.00662455
-0.0117251
-0.0187049
-0.0264917
-0.0338667
-0.0400105
-0.0445747
-0.0475264
-0.0489574
-0.0489645
-0.0476248
-0.0449809
-0.0409767
-0.0353716
-0.0278989
-0.0190665
-0.011623
-0.00784963
-0.00551793
-0.00686604
-0.0101358
-0.015763
-0.0232343
-0.0312935
-0.0386911
-0.0447037
-0.0491027
-0.0519324
-0.0533187
-0.0533709
-0.052163
-0.0497479
-0.0461271
-0.0411318
-0.0343363
-0.0255564
-0.0164464
-0.00982447
-0.00867019
-0.00999157
-0.0134181
-0.0192216
-0.0267891
-0.0348056
-0.0420531
-0.0478871
-0.0521469
-0.0549022
-0.056275
-0.0563555
-0.0552067
-0.0528954
-0.0494936
-0.0449768
-0.0390162
-0.0310557
-0.0219833
-0.0140929
-0.0114052
-0.0126276
-0.0160013
-0.0216918
-0.0290628
-0.0368531
-0.0439046
-0.0496042
-0.0537991
-0.0565405
-0.0579272
-0.0580266
-0.0568894
-0.0545879
-0.0512544
-0.047006
-0.0417631
-0.0348684
-0.0268072
-0.0188656
-0.0134307
-0.0144689
-0.01762
-0.0229385
-0.0298743
-0.0373138
-0.0441792
-0.0498341
-0.0540615
-0.0568604
-0.0582909
-0.0584013
-0.0572337
-0.0548617
-0.051469
-0.0472857
-0.0425398
-0.036544
-0.0296323
-0.0220781
-0.0147137
-0.0154179
-0.018123
-0.0228503
-0.0291634
-0.0361619
-0.0428605
-0.0485602
-0.0529234
-0.0558579
-0.0573706
-0.0574871
-0.0562451
-0.0537398
-0.0501802
-0.0458591
-0.0413583
-0.0358464
-0.0298686
-0.022587
-0.0153489
-0.0155875
-0.0175787
-0.0214346
-0.0269252
-0.0333921
-0.0399309
-0.0457496
-0.0503538
-0.0535202
-0.0551796
-0.0553292
-0.0539891
-0.0512814
-0.0474582
-0.042898
-0.0382427
-0.0328028
-0.0278285
-0.0200604
-0.0154658
-0.0151876
-0.0161867
-0.0188507
-0.0232888
-0.0291129
-0.0354804
-0.0414789
-0.0464262
-0.0499322
-0.0518224
-0.0520406
-0.0506255
-0.0476698
-0.0434947
-0.0385312
-0.0334577
-0.0278948
-0.0240969
-0.0143115
-0.0151839
-0.0144667
-0.0141647
-0.0152809
-0.0184459
-0.0235218
-0.0297011
-0.0359244
-0.0413053
-0.0452638
-0.0475008
-0.0478912
-0.0464598
-0.0432753
-0.0386981
-0.0331833
-0.0275054
-0.0216365
-0.018133
-0.00393739
-0.0145907
-0.0135629
-0.0116695
-0.0110373
-0.0128524
-0.0171697
-0.0231786
-0.0296594
-0.03554
-0.0400511
-0.0427636
-0.0434564
-0.0421243
-0.0388009
-0.0338086
-0.0275361
-0.0207394
-0.0134939
-0.00710066
0.0157721
-0.0145448
-0.0126334
-0.00866872
-0.00628862
-0.00693911
-0.0106874
-0.0166264
-0.0233968
-0.0298122
-0.0349419
-0.0382468
-0.0393847
-0.0383036
-0.0350125
-0.0296556
-0.0222679
-0.0130986
-0.00110167
0.0161878
0.0566393
-0.01179
-0.0118454
-0.00581248
-0.00191551
-0.00189535
-0.00546044
-0.0115048
-0.0185944
-0.0255088
-0.0312048
-0.0351128
-0.0368071
-0.0361924
-0.0329952
-0.0270633
-0.0176179
-0.00346965
0.0199729
0.0601222
0.129344
-0.0295008
-0.0106697
-0.000733724
0.00290079
0.0022744
-0.00165967
-0.00797905
-0.0153835
-0.0226585
-0.028736
-0.0330211
-0.0350654
-0.0347348
-0.0316136
-0.0250665
-0.0129197
0.0091227
0.050692
0.122357
0.225646
)
;

boundaryField
{
    movingWall
    {
        type            zeroGradient;
    }
    fixedWalls
    {
        type            zeroGradient;
    }
    frontAndBack
    {
        type            empty;
    }
}


// ************************************************************************* //
