/*--------------------------------*- C++ -*----------------------------------*\
| =========                 |                                                 |
| \\      /  F ield         | OpenFOAM: The Open Source CFD Toolbox           |
|  \\    /   O peration     | Version:  2212                                  |
|   \\  /    A nd           | Website:  www.openfoam.com                      |
|    \\/     M anipulation  |                                                 |
\*---------------------------------------------------------------------------*/
FoamFile
{
    version     2.0;
    format      ascii;
    arch        "LSB;label=32;scalar=64";
    class       volVectorField;
    location    "3.095";
    object      U;
}
// * * * * * * * * * * * * * * * * * * * * * * * * * * * * * * * * * * * * * //

dimensions      [0 1 -1 0 0 0 0];

internalField   nonuniform List<vector> 
400
(
(0.00157937 -0.00159744 0)
(0.00451457 -0.00178402 0)
(0.00609387 -0.00114024 0)
(0.00513675 -0.000534091 0)
(0.0011077 0.000219609 0)
(-0.00705233 0.00172575 0)
(-0.0203729 0.00461012 0)
(-0.0386608 0.00835895 0)
(-0.059287 0.0108674 0)
(-0.077247 0.0102375 0)
(-0.0879187 0.0066993 0)
(-0.0888554 0.00174823 0)
(-0.0791474 -0.00341632 0)
(-0.0595546 -0.00801166 0)
(-0.0337359 -0.0105839 0)
(-0.0060522 -0.00961645 0)
(0.0156704 -0.00481593 0)
(0.0235196 0.00258855 0)
(0.0157074 0.00625165 0)
(0.00422801 0.00459002 0)
(0.00154402 -0.00469429 0)
(0.0026863 -0.00364367 0)
(-0.00100667 0.000733733 0)
(-0.011673 0.00633764 0)
(-0.0311021 0.0136359 0)
(-0.0597714 0.0229392 0)
(-0.0943555 0.0319056 0)
(-0.128183 0.0360018 0)
(-0.155323 0.0328015 0)
(-0.172433 0.0231576 0)
(-0.178031 0.00930447 0)
(-0.172079 -0.00643744 0)
(-0.155148 -0.0223307 0)
(-0.12791 -0.0359204 0)
(-0.0926019 -0.0435925 0)
(-0.051937 -0.0411192 0)
(-0.0117861 -0.0261423 0)
(0.0160962 -0.00167793 0)
(0.0173432 0.0156275 0)
(0.00543945 0.0144297 0)
(-0.00038522 -0.00511423 0)
(-0.00561316 0.00133405 0)
(-0.0195565 0.0141333 0)
(-0.043646 0.0302831 0)
(-0.0782326 0.0477861 0)
(-0.118843 0.0622977 0)
(-0.158119 0.0686618 0)
(-0.190581 0.0646511 0)
(-0.214006 0.0514614 0)
(-0.227737 0.0314724 0)
(-0.23173 0.00698517 0)
(-0.226588 -0.0199785 0)
(-0.212615 -0.0472806 0)
(-0.189323 -0.0713645 0)
(-0.156439 -0.0871576 0)
(-0.11395 -0.0877003 0)
(-0.0636847 -0.0662467 0)
(-0.0138954 -0.0229917 0)
(0.00921903 0.0170621 0)
(0.00414177 0.0229885 0)
(-0.0034318 0.00115028 0)
(-0.0171481 0.0173909 0)
(-0.0423884 0.0404151 0)
(-0.0773418 0.0659925 0)
(-0.119292 0.0883337 0)
(-0.161224 0.10105 0)
(-0.196804 0.100646 0)
(-0.223915 0.0881651 0)
(-0.242722 0.066614 0)
(-0.253778 0.0386543 0)
(-0.257881 0.00615752 0)
(-0.255817 -0.0295501 0)
(-0.247531 -0.0662956 0)
(-0.231981 -0.101159 0)
(-0.207196 -0.128752 0)
(-0.170498 -0.140365 0)
(-0.119427 -0.12396 0)
(-0.0559961 -0.0703296 0)
(-0.00111494 0.00276491 0)
(0.00471818 0.0275461 0)
(-0.00645193 0.0150833 0)
(-0.0277857 0.0433866 0)
(-0.0612123 0.0748321 0)
(-0.101082 0.105559 0)
(-0.142831 0.12754 0)
(-0.179575 0.134941 0)
(-0.207723 0.127043 0)
(-0.227468 0.107163 0)
(-0.240037 0.0790856 0)
(-0.247095 0.0455845 0)
(-0.250331 0.00821077 0)
(-0.2507 -0.0322473 0)
(-0.248014 -0.0746713 0)
(-0.241657 -0.117745 0)
(-0.228861 -0.157566 0)
(-0.20501 -0.185756 0)
(-0.164154 -0.18712 0)
(-0.101735 -0.141076 0)
(-0.0219114 -0.0389367 0)
(0.00721197 0.0263793 0)
(-0.00817962 0.0344079 0)
(-0.0338655 0.0748221 0)
(-0.070512 0.111554 0)
(-0.109521 0.143411 0)
(-0.146043 0.16179 0)
(-0.174655 0.16244 0)
(-0.194138 0.147175 0)
(-0.205882 0.12085 0)
(-0.211816 0.0877875 0)
(-0.214398 0.0509923 0)
(-0.215667 0.011956 0)
(-0.216689 -0.028929 0)
(-0.217693 -0.0721493 0)
(-0.218715 -0.118142 0)
(-0.217551 -0.165727 0)
(-0.209068 -0.209435 0)
(-0.185205 -0.235094 0)
(-0.137478 -0.215597 0)
(-0.0616 -0.117388 0)
(0.00560366 0.0137325 0)
(-0.00793793 0.0556514 0)
(-0.0339428 0.107102 0)
(-0.0692126 0.146126 0)
(-0.10351 0.176196 0)
(-0.132667 0.189247 0)
(-0.152964 0.182774 0)
(-0.164823 0.160625 0)
(-0.170245 0.128775 0)
(-0.171601 0.0920233 0)
(-0.171442 0.0534505 0)
(-0.171402 0.0143438 0)
(-0.172236 -0.0252756 0)
(-0.174513 -0.0666101 0)
(-0.178767 -0.111079 0)
(-0.184284 -0.159872 0)
(-0.187328 -0.211831 0)
(-0.179921 -0.257853 0)
(-0.152093 -0.271656 0)
(-0.097633 -0.20321 0)
(-0.00871219 -0.0147544 0)
(-0.00585423 0.0753844 0)
(-0.0285661 0.136669 0)
(-0.0591307 0.176062 0)
(-0.0868691 0.202798 0)
(-0.108555 0.209985 0)
(-0.121998 0.196712 0)
(-0.12854 0.168503 0)
(-0.130413 0.132225 0)
(-0.130075 0.0929638 0)
(-0.129581 0.0535608 0)
(-0.129745 0.0148109 0)
(-0.130791 -0.0236944 0)
(-0.133202 -0.0630929 0)
(-0.137701 -0.104787 0)
(-0.144869 -0.150915 0)
(-0.153283 -0.203902 0)
(-0.156784 -0.261626 0)
(-0.144957 -0.304214 0)
(-0.110736 -0.273802 0)
(-0.030295 -0.0741645 0)
(-0.00258545 0.0906807 0)
(-0.0195296 0.160925 0)
(-0.0434094 0.199812 0)
(-0.0640528 0.22263 0)
(-0.0790801 0.224358 0)
(-0.0874475 0.205482 0)
(-0.0908528 0.172704 0)
(-0.0914024 0.133461 0)
(-0.0912345 0.0929183 0)
(-0.0916453 0.0534893 0)
(-0.0927597 0.0153368 0)
(-0.0944846 -0.0223919 0)
(-0.0970085 -0.060615 0)
(-0.100877 -0.100193 0)
(-0.107268 -0.142963 0)
(-0.116885 -0.193072 0)
(-0.126377 -0.254903 0)
(-0.12518 -0.31916 0)
(-0.106331 -0.330693 0)
(-0.0368178 -0.160541 0)
(0.00118326 0.099362 0)
(-0.008505 0.178145 0)
(-0.0246073 0.216893 0)
(-0.0382226 0.236461 0)
(-0.0475161 0.234064 0)
(-0.0522423 0.211205 0)
(-0.0539636 0.175371 0)
(-0.0543324 0.134409 0)
(-0.0549235 0.0934553 0)
(-0.0563834 0.0544087 0)
(-0.0585044 0.0168512 0)
(-0.0611107 -0.0203746 0)
(-0.0642007 -0.0580482 0)
(-0.0679992 -0.0965335 0)
(-0.0734984 -0.136737 0)
(-0.0823436 -0.182636 0)
(-0.0945061 -0.242753 0)
(-0.0998291 -0.319708 0)
(-0.0944857 -0.368011 0)
(-0.0306925 -0.23907 0)
(0.00487361 0.100407 0)
(0.0028829 0.187365 0)
(-0.00513745 0.227065 0)
(-0.0120279 0.244237 0)
(-0.0162842 0.239017 0)
(-0.0180331 0.213905 0)
(-0.0185192 0.176737 0)
(-0.0188047 0.135379 0)
(-0.0198765 0.0947382 0)
(-0.0219639 0.0563284 0)
(-0.024756 0.0194352 0)
(-0.0281458 -0.0172005 0)
(-0.0321506 -0.0543826 0)
(-0.0367572 -0.0922901 0)
(-0.0425564 -0.131009 0)
(-0.0509191 -0.173303 0)
(-0.0647114 -0.229353 0)
(-0.0738958 -0.313062 0)
(-0.0808832 -0.392291 0)
(-0.0228587 -0.303253 0)
(0.00798094 0.0941871 0)
(0.0135983 0.188268 0)
(0.0135345 0.230461 0)
(0.0131832 0.246883 0)
(0.0138494 0.240623 0)
(0.0151335 0.214982 0)
(0.0161175 0.177823 0)
(0.0162955 0.136851 0)
(0.0152433 0.0967621 0)
(0.0129961 0.0589867 0)
(0.00986319 0.0228289 0)
(0.00585109 -0.0129579 0)
(0.00080892 -0.0492778 0)
(-0.00516838 -0.0863421 0)
(-0.0124744 -0.123886 0)
(-0.0214385 -0.163211 0)
(-0.037357 -0.213951 0)
(-0.0489788 -0.299227 0)
(-0.0679785 -0.404147 0)
(-0.0145204 -0.356111 0)
(0.00966219 0.0818662 0)
(0.0222587 0.180928 0)
(0.0297097 0.22666 0)
(0.0355011 0.243418 0)
(0.0410895 0.237325 0)
(0.0460427 0.212584 0)
(0.0495065 0.176751 0)
(0.0511857 0.137148 0)
(0.0510147 0.0982611 0)
(0.0492145 0.061571 0)
(0.0460829 0.0265729 0)
(0.0415699 -0.00790274 0)
(0.0354914 -0.0428037 0)
(0.0279014 -0.0784391 0)
(0.0180851 -0.114502 0)
(0.00700773 -0.15141 0)
(-0.0122473 -0.197436 0)
(-0.0250421 -0.281068 0)
(-0.0562405 -0.406777 0)
(-0.00629393 -0.39817 0)
(0.00917886 0.0656126 0)
(0.027447 0.165779 0)
(0.0422598 0.215942 0)
(0.0544438 0.234779 0)
(0.065495 0.230438 0)
(0.0750427 0.208039 0)
(0.0821709 0.174689 0)
(0.0865217 0.137205 0)
(0.088156 0.0999448 0)
(0.0874028 0.0645888 0)
(0.0846104 0.0310071 0)
(0.0796907 -0.00181205 0)
(0.0724196 -0.0346048 0)
(0.0630161 -0.0680057 0)
(0.0502464 -0.10184 0)
(0.0357653 -0.136107 0)
(0.0118029 -0.177436 0)
(-0.00123824 -0.257957 0)
(-0.0454812 -0.402797 0)
(0.00250963 -0.433008 0)
(0.0064218 0.0488926 0)
(0.0275916 0.145092 0)
(0.0484848 0.197997 0)
(0.0667714 0.218404 0)
(0.083816 0.215959 0)
(0.0992005 0.196674 0)
(0.111631 0.167027 0)
(0.120375 0.133038 0)
(0.125329 0.098751 0)
(0.126779 0.0659478 0)
(0.125014 0.0348828 0)
(0.120181 0.00477361 0)
(0.111748 -0.0248665 0)
(0.100372 -0.0548753 0)
(0.0839188 -0.0853376 0)
(0.0653509 -0.116927 0)
(0.0360528 -0.154528 0)
(0.0222389 -0.232195 0)
(-0.0353323 -0.395479 0)
(0.0130862 -0.461851 0)
(0.00219137 0.0350384 0)
(0.0220739 0.121372 0)
(0.0481396 0.175362 0)
(0.072956 0.197548 0)
(0.0969141 0.197378 0)
(0.119234 0.181651 0)
(0.138237 0.15644 0)
(0.152678 0.126874 0)
(0.162119 0.0965523 0)
(0.16679 0.0672259 0)
(0.166673 0.0394892 0)
(0.162506 0.012934 0)
(0.15296 -0.0128368 0)
(0.139653 -0.0385475 0)
(0.119112 -0.0645684 0)
(0.0963583 -0.0925029 0)
(0.0614971 -0.127272 0)
(0.0451595 -0.203342 0)
(-0.0238179 -0.384594 0)
(0.027972 -0.483798 0)
(-0.00330118 0.0297106 0)
(0.00893193 0.10036 0)
(0.0345313 0.14529 0)
(0.0652398 0.165054 0)
(0.0971589 0.166212 0)
(0.128041 0.154408 0)
(0.155339 0.134689 0)
(0.177313 0.111075 0)
(0.192933 0.0865917 0)
(0.202521 0.0627743 0)
(0.205338 0.0403883 0)
(0.203058 0.0192732 0)
(0.193161 -0.000889602 0)
(0.179018 -0.0206975 0)
(0.155076 -0.0406232 0)
(0.129435 -0.0638175 0)
(0.0892098 -0.0974489 0)
(0.0679352 -0.176624 0)
(-0.00549522 -0.368441 0)
(0.0516013 -0.49069 0)
(-0.0132432 0.0196141 0)
(-0.00751614 0.0882241 0)
(0.0175079 0.122453 0)
(0.0532666 0.134477 0)
(0.0930214 0.133701 0)
(0.132156 0.12468 0)
(0.167378 0.110464 0)
(0.196373 0.0932454 0)
(0.2177 0.0753947 0)
(0.232343 0.0578732 0)
(0.238296 0.041683 0)
(0.239232 0.0266284 0)
(0.230396 0.0129649 0)
(0.219085 -0.000296088 0)
(0.195148 -0.0137931 0)
(0.172423 -0.0324258 0)
(0.129575 -0.0650688 0)
(0.105679 -0.144273 0)
(0.0364542 -0.325796 0)
(0.0919693 -0.455665 0)
(-0.105509 0.0831898 0)
(-0.0774064 0.0695103 0)
(-0.0489594 0.0726212 0)
(0.0021755 0.0764212 0)
(0.0543032 0.0764294 0)
(0.105702 0.0721739 0)
(0.151742 0.0650674 0)
(0.19313 0.0559846 0)
(0.224634 0.0467007 0)
(0.252336 0.0374256 0)
(0.268025 0.0291746 0)
(0.283258 0.021542 0)
(0.284116 0.0151493 0)
(0.288809 0.00902146 0)
(0.273616 0.00234028 0)
(0.267438 -0.0087748 0)
(0.229257 -0.0344173 0)
(0.216615 -0.0948359 0)
(0.149809 -0.229672 0)
(0.170591 -0.341513 0)
(0.130273 0.103992 0)
(0.158973 0.0758439 0)
(0.213168 0.0538846 0)
(0.271557 0.0421092 0)
(0.323616 0.0361993 0)
(0.375261 0.0320793 0)
(0.419038 0.0289713 0)
(0.463572 0.0256096 0)
(0.496096 0.0229539 0)
(0.53094 0.0197938 0)
(0.550227 0.0176849 0)
(0.576068 0.0147889 0)
(0.58246 0.0134023 0)
(0.601203 0.0106209 0)
(0.593212 0.00969827 0)
(0.602357 0.00528776 0)
(0.567231 0.000344436 0)
(0.547758 -0.0181376 0)
(0.436255 -0.0503633 0)
(0.337055 -0.101408 0)
)
;

boundaryField
{
    movingWall
    {
        type            fixedValue;
        value           uniform (1 0 0);
    }
    fixedWalls
    {
        type            noSlip;
    }
    frontAndBack
    {
        type            empty;
    }
}


// ************************************************************************* //
