/*--------------------------------*- C++ -*----------------------------------*\
| =========                 |                                                 |
| \\      /  F ield         | OpenFOAM: The Open Source CFD Toolbox           |
|  \\    /   O peration     | Version:  2212                                  |
|   \\  /    A nd           | Website:  www.openfoam.com                      |
|    \\/     M anipulation  |                                                 |
\*---------------------------------------------------------------------------*/
FoamFile
{
    version     2.0;
    format      ascii;
    arch        "LSB;label=32;scalar=64";
    class       volScalarField;
    location    "1.52";
    object      p;
}
// * * * * * * * * * * * * * * * * * * * * * * * * * * * * * * * * * * * * * //

dimensions      [0 2 -2 0 0 0 0];

internalField   nonuniform List<scalar> 
400
(
-3.47546e-09
-0.000106944
-0.000301264
-0.00057188
-0.000905803
-0.00127134
-0.00160001
-0.00177458
-0.00164991
-0.00109779
-4.61124e-05
0.00148914
0.00335238
0.00502079
0.00595481
0.00586862
0.00481224
0.00362901
0.00285281
0.00272372
0.000105079
-6.81821e-06
-0.000159487
-0.000368705
-0.000630977
-0.00093911
-0.00127676
-0.00158144
-0.00171114
-0.00146365
-0.000658006
0.000746261
0.00249771
0.00415719
0.00516717
0.00518543
0.00432458
0.00314969
0.00251837
0.00247848
0.000303508
0.000146022
-1.21653e-05
-0.000247511
-0.000605485
-0.00113331
-0.0018468
-0.0026609
-0.00335577
-0.00361319
-0.0031446
-0.00189379
-9.81026e-05
0.00183189
0.00332511
0.00389562
0.00348322
0.00258129
0.00180037
0.00168346
0.000454611
0.00024482
3.56768e-05
-0.000341414
-0.00101218
-0.00209138
-0.00359666
-0.00535168
-0.0069875
-0.00804761
-0.00816876
-0.00727917
-0.00555037
-0.00327262
-0.000933058
0.000887017
0.00175444
0.00166418
0.00101471
0.000448185
0.000382811
0.000108178
-0.000223636
-0.00090219
-0.0021565
-0.00414692
-0.00681656
-0.00981545
-0.0126015
-0.0146362
-0.0155492
-0.015205
-0.0136659
-0.0111172
-0.00790102
-0.00453995
-0.0017168
-6.99969e-05
0.000153433
-0.00131379
-0.000103643
-0.000460165
-0.000998848
-0.00213993
-0.00420569
-0.00734228
-0.0113334
-0.015587
-0.0193996
-0.0222284
-0.0237775
-0.0239151
-0.0226392
-0.020101
-0.0164656
-0.011973
-0.00717887
-0.00322483
-0.00160265
-0.00349659
-0.00112547
-0.00157869
-0.00238845
-0.00408464
-0.00703782
-0.0113064
-0.0164549
-0.0216505
-0.0260959
-0.0293045
-0.0310864
-0.0314158
-0.030351
-0.0280368
-0.0245315
-0.0197716
-0.0138774
-0.0079144
-0.00445889
-0.00503231
-0.00267494
-0.0032237
-0.00431732
-0.00654581
-0.0102694
-0.0154296
-0.0213821
-0.0271204
-0.0318371
-0.0351413
-0.0369407
-0.0372822
-0.0362958
-0.0341542
-0.0309404
-0.0264929
-0.0205371
-0.0135179
-0.00786225
-0.00544029
-0.00460065
-0.00521548
-0.00654684
-0.00918232
-0.013434
-0.0191539
-0.0255567
-0.0315482
-0.0363592
-0.0396816
-0.041468
-0.0417783
-0.040759
-0.0386278
-0.035585
-0.0315772
-0.0261619
-0.0191014
-0.0118381
-0.00675686
-0.00665866
-0.0072786
-0.00876019
-0.0116203
-0.0161185
-0.0220764
-0.0286593
-0.0347512
-0.0396209
-0.0429947
-0.0448179
-0.0451153
-0.044008
-0.0417485
-0.0386745
-0.0349433
-0.0302266
-0.0238413
-0.0163941
-0.00981751
-0.00859235
-0.00914995
-0.0106689
-0.0135541
-0.0180305
-0.0239463
-0.0305012
-0.0366061
-0.0415411
-0.0450102
-0.0469133
-0.0472234
-0.0460018
-0.0435467
-0.0403043
-0.0366591
-0.0325561
-0.0271136
-0.0204551
-0.013535
-0.0101989
-0.0106401
-0.0120715
-0.0147793
-0.0189938
-0.0246126
-0.0309412
-0.0369709
-0.0419609
-0.0455378
-0.0475309
-0.0478782
-0.0465167
-0.0438914
-0.040451
-0.0367764
-0.0331577
-0.0285717
-0.0229036
-0.0161423
-0.0114058
-0.0116646
-0.0128548
-0.0151952
-0.0189294
-0.0240189
-0.0299299
-0.0357713
-0.0407663
-0.0444314
-0.0465023
-0.0468633
-0.0454971
-0.0427405
-0.0391519
-0.0353809
-0.0321296
-0.0281112
-0.023273
-0.0166421
-0.0122118
-0.0122453
-0.0130343
-0.0147952
-0.0178241
-0.0221924
-0.0275281
-0.0330611
-0.0379875
-0.0417122
-0.0438687
-0.0442852
-0.0429792
-0.0402015
-0.0365646
-0.0327955
-0.0296312
-0.0259156
-0.0219113
-0.0148991
-0.0126641
-0.0124619
-0.0127089
-0.0137095
-0.0158718
-0.0193853
-0.0240241
-0.0291379
-0.0339204
-0.0376833
-0.0399613
-0.040518
-0.0393447
-0.0366605
-0.0330854
-0.0293419
-0.0261432
-0.0225465
-0.019713
-0.0109995
-0.0128651
-0.0124419
-0.0119592
-0.0120499
-0.0132868
-0.0159329
-0.019859
-0.024515
-0.0291206
-0.0329253
-0.0353765
-0.0361614
-0.0352451
-0.0327756
-0.0293396
-0.0255996
-0.0222542
-0.0186005
-0.0167605
-0.00364844
-0.012883
-0.0123046
-0.0109288
-0.0100612
-0.0104297
-0.0123313
-0.0156671
-0.0199395
-0.0244089
-0.0282954
-0.0309844
-0.0320719
-0.0314721
-0.0293308
-0.0260496
-0.0221678
-0.0183051
-0.0139328
-0.0101251
0.0124152
-0.0137086
-0.0122139
-0.00947049
-0.00766724
-0.00739879
-0.00884906
-0.0118637
-0.0159475
-0.0204138
-0.0244735
-0.0274955
-0.0289923
-0.0288117
-0.0269464
-0.0237089
-0.0192848
-0.0139143
-0.00583809
0.00837041
0.049567
-0.0118373
-0.0126299
-0.00851354
-0.00566764
-0.00489089
-0.00614331
-0.00909078
-0.013183
-0.0177847
-0.0220867
-0.0254851
-0.0274127
-0.0276843
-0.0260708
-0.022589
-0.0165654
-0.00676689
0.0121707
0.0496912
0.120125
-0.029463
-0.0123314
-0.00458895
-0.0019506
-0.00178379
-0.00338652
-0.00656073
-0.0108511
-0.0156559
-0.0201758
-0.0238174
-0.0260213
-0.0265706
-0.0250628
-0.0209376
-0.012143
0.00558088
0.0429198
0.112616
0.216789
)
;

boundaryField
{
    movingWall
    {
        type            zeroGradient;
    }
    fixedWalls
    {
        type            zeroGradient;
    }
    frontAndBack
    {
        type            empty;
    }
}


// ************************************************************************* //
