/*--------------------------------*- C++ -*----------------------------------*\
| =========                 |                                                 |
| \\      /  F ield         | OpenFOAM: The Open Source CFD Toolbox           |
|  \\    /   O peration     | Version:  2212                                  |
|   \\  /    A nd           | Website:  www.openfoam.com                      |
|    \\/     M anipulation  |                                                 |
\*---------------------------------------------------------------------------*/
FoamFile
{
    version     2.0;
    format      ascii;
    arch        "LSB;label=32;scalar=64";
    class       volVectorField;
    location    "0.285";
    object      U;
}
// * * * * * * * * * * * * * * * * * * * * * * * * * * * * * * * * * * * * * //

dimensions      [0 1 -1 0 0 0 0];

internalField   nonuniform List<vector> 
400
(
(-0.000124673 0.000118327 0)
(-0.000787436 0.000364158 0)
(-0.00192814 0.000450594 0)
(-0.00312364 0.000462609 0)
(-0.00429264 0.000455092 0)
(-0.00541584 0.000440577 0)
(-0.00647364 0.000418411 0)
(-0.00744141 0.000385286 0)
(-0.00828796 0.000337381 0)
(-0.00897475 0.000270917 0)
(-0.00945654 0.000182754 0)
(-0.00968362 7.08389e-05 0)
(-0.00960139 -6.846e-05 0)
(-0.00915939 -0.000228903 0)
(-0.00832305 -0.000402879 0)
(-0.00708195 -0.000576431 0)
(-0.00546542 -0.000726303 0)
(-0.00355975 -0.000808447 0)
(-0.00158997 -0.000724724 0)
(-0.000314769 -0.000322733 0)
(-0.000394047 0.000801602 0)
(-0.00182519 0.00175762 0)
(-0.00399918 0.00207181 0)
(-0.00624495 0.00210146 0)
(-0.00841763 0.00203786 0)
(-0.0104729 0.00193083 0)
(-0.0123659 0.00178307 0)
(-0.0140485 0.00158612 0)
(-0.0154668 0.00132902 0)
(-0.0165592 0.00100062 0)
(-0.0172575 0.000591251 0)
(-0.017493 9.53383e-05 0)
(-0.0171874 -0.000485701 0)
(-0.0162712 -0.00113638 0)
(-0.0147054 -0.00182535 0)
(-0.0124862 -0.00249814 0)
(-0.00967098 -0.0030653 0)
(-0.00640038 -0.00336338 0)
(-0.00302781 -0.00305298 0)
(-0.000689466 -0.00155256 0)
(-0.000508326 0.00202933 0)
(-0.00227022 0.00397762 0)
(-0.00487866 0.00458239 0)
(-0.00754753 0.00461651 0)
(-0.0101161 0.00444479 0)
(-0.0125361 0.00416862 0)
(-0.0147558 0.00379926 0)
(-0.0167212 0.00332489 0)
(-0.0183733 0.00272789 0)
(-0.0196451 0.00198962 0)
(-0.0204621 0.00109385 0)
(-0.0207437 3.15295e-05 0)
(-0.0204015 -0.00118955 0)
(-0.0193528 -0.00254278 0)
(-0.01754 -0.00396556 0)
(-0.0149458 -0.00534851 0)
(-0.011625 -0.00650944 0)
(-0.00773317 -0.00711986 0)
(-0.00368565 -0.00652322 0)
(-0.000848864 -0.00351716 0)
(-0.000546371 0.00338962 0)
(-0.00245111 0.00642533 0)
(-0.00526969 0.00733224 0)
(-0.00814399 0.00736129 0)
(-0.0109091 0.00706947 0)
(-0.0135213 0.00661213 0)
(-0.0159309 0.006009 0)
(-0.0180857 0.00524469 0)
(-0.0199276 0.00429415 0)
(-0.0213887 0.00312947 0)
(-0.0223893 0.0017251 0)
(-0.0228379 6.39629e-05 0)
(-0.0226261 -0.00185107 0)
(-0.0216406 -0.00398491 0)
(-0.0197851 -0.00624699 0)
(-0.0170024 -0.00846863 0)
(-0.0133202 -0.0103566 0)
(-0.00889999 -0.0113788 0)
(-0.00423508 -0.0104916 0)
(-0.000965173 -0.00575323 0)
(-0.000567379 0.00481194 0)
(-0.0025701 0.00900041 0)
(-0.00554803 0.0102241 0)
(-0.0085858 0.0102491 0)
(-0.0115163 0.0098404 0)
(-0.0143027 0.00921006 0)
(-0.0169017 0.00838624 0)
(-0.0192668 0.00734918 0)
(-0.0213447 0.00606449 0)
(-0.0230687 0.00449104 0)
(-0.0243544 0.0025866 0)
(-0.0250958 0.000316334 0)
(-0.0251575 -0.00232996 0)
(-0.0243785 -0.0053277 0)
(-0.0225954 -0.00856725 0)
(-0.0196768 -0.0118172 0)
(-0.0155905 -0.0146442 0)
(-0.0104924 -0.0162439 0)
(-0.00499021 -0.0150717 0)
(-0.00112317 -0.00830901 0)
(-0.000590071 0.00629734 0)
(-0.00269718 0.0117122 0)
(-0.00584679 0.0132751 0)
(-0.00906403 0.0133034 0)
(-0.0121796 0.0127874 0)
(-0.0151658 0.0120005 0)
(-0.0179886 0.0109801 0)
(-0.0206118 0.00970191 0)
(-0.0229912 0.00811986 0)
(-0.0250661 0.00617477 0)
(-0.0267515 0.00379904 0)
(-0.0279254 0.000926983 0)
(-0.0284242 -0.0024861 0)
(-0.0280236 -0.00645167 0)
(-0.0264566 -0.010862 0)
(-0.0234674 -0.0154288 0)
(-0.0189034 -0.0195401 0)
(-0.0128737 -0.0220072 0)
(-0.00613824 -0.0205869 0)
(-0.00136316 -0.0113599 0)
(-0.000618383 0.00785832 0)
(-0.00285001 0.0145843 0)
(-0.00620115 0.0165124 0)
(-0.00962674 0.0165525 0)
(-0.012955 0.0159409 0)
(-0.0161703 0.0150187 0)
(-0.0192518 0.0138348 0)
(-0.0221786 0.0123608 0)
(-0.0249229 0.0105381 0)
(-0.0274387 0.00828476 0)
(-0.0296484 0.00549832 0)
(-0.0314244 0.00206509 0)
(-0.0325809 -0.00212201 0)
(-0.0328168 -0.00715656 0)
(-0.0317216 -0.0129754 0)
(-0.0288412 -0.0192662 0)
(-0.0237903 -0.0252056 0)
(-0.0165224 -0.0290516 0)
(-0.00795284 -0.0275169 0)
(-0.00174232 -0.015172 0)
(-0.000653168 0.00951089 0)
(-0.00303274 0.0176457 0)
(-0.00661828 0.0199652 0)
(-0.0102798 0.0200228 0)
(-0.0138427 0.0193259 0)
(-0.0173067 0.0182915 0)
(-0.020669 0.016984 0)
(-0.0239308 0.0153736 0)
(-0.0270906 0.0133903 0)
(-0.0301304 0.0109275 0)
(-0.0329973 0.00783901 0)
(-0.0355756 0.00394123 0)
(-0.0376863 -0.000978246 0)
(-0.0389554 -0.00711224 0)
(-0.0387912 -0.0145843 0)
(-0.0364492 -0.0231326 0)
(-0.0311211 -0.0317362 0)
(-0.0223483 -0.037882 0)
(-0.0110542 -0.0366337 0)
(-0.00240588 -0.0202185 0)
(-0.000695843 0.0112731 0)
(-0.00324946 0.020928 0)
(-0.00710271 0.023662 0)
(-0.0110225 0.0237352 0)
(-0.0148308 0.0229569 0)
(-0.0185467 0.021831 0)
(-0.0221908 0.0204436 0)
(-0.0257944 0.0187692 0)
(-0.0293942 0.0167315 0)
(-0.0330193 0.0142029 0)
(-0.03667 0.010991 0)
(-0.0402875 0.00682561 0)
(-0.0437041 0.00135665 0)
(-0.0465677 -0.00577568 0)
(-0.0481452 -0.0150597 0)
(-0.0472664 -0.0264632 0)
(-0.0424336 -0.0389486 0)
(-0.0322305 -0.0490735 0)
(-0.0169902 -0.0492697 0)
(-0.00375513 -0.0275151 0)
(-0.000750242 0.0131675 0)
(-0.00351038 0.0244664 0)
(-0.00766693 0.0276289 0)
(-0.0118612 0.027701 0)
(-0.0159113 0.0268326 0)
(-0.0198603 0.0256276 0)
(-0.0237577 0.0242021 0)
(-0.0276725 0.0225441 0)
(-0.0316923 0.0205826 0)
(-0.0359148 0.0181815 0)
(-0.0404315 0.0151148 0)
(-0.0452904 0.0110293 0)
(-0.0504228 0.00541169 0)
(-0.0556697 -0.00243188 0)
(-0.06028 -0.0132627 0)
(-0.0626774 -0.0278969 0)
(-0.0603406 -0.0457887 0)
(-0.0497947 -0.0628522 0)
(-0.0292288 -0.0676703 0)
(-0.00673966 -0.0394133 0)
(-0.000824746 0.0152265 0)
(-0.00383756 0.0283044 0)
(-0.00833988 0.031891 0)
(-0.0128188 0.0319209 0)
(-0.0170894 0.0309315 0)
(-0.0212254 0.0296429 0)
(-0.0253096 0.0282099 0)
(-0.0294544 0.0266465 0)
(-0.0338069 0.0249047 0)
(-0.038552 0.0228667 0)
(-0.0439125 0.0203083 0)
(-0.050133 0.0168364 0)
(-0.0574368 0.0118044 0)
(-0.0658761 0.00420743 0)
(-0.0752669 -0.00729104 0)
(-0.0841255 -0.024657 0)
(-0.0881727 -0.0493416 0)
(-0.0798771 -0.0781289 0)
(-0.0527324 -0.09489 0)
(-0.0126801 -0.0605066 0)
(-0.000935819 0.0175035 0)
(-0.00427337 0.0325031 0)
(-0.00917793 0.0364754 0)
(-0.0139458 0.0363822 0)
(-0.0183947 0.035208 0)
(-0.0226389 0.0338035 0)
(-0.0267995 0.0323701 0)
(-0.0310316 0.0309595 0)
(-0.0355406 0.02957 0)
(-0.0406038 0.0281429 0)
(-0.0466 0.0265221 0)
(-0.0540366 0.0243769 0)
(-0.0635686 0.0210809 0)
(-0.0760159 0.0155192 0)
(-0.0921623 0.00554504 0)
(-0.111164 -0.012776 0)
(-0.126059 -0.0454145 0)
(-0.121947 -0.0936942 0)
(-0.0868922 -0.135059 0)
(-0.0209405 -0.0977232 0)
(-0.00111442 0.0200909 0)
(-0.00489432 0.0371529 0)
(-0.0102813 0.041411 0)
(-0.0153346 0.0410549 0)
(-0.0198921 0.0395868 0)
(-0.0241295 0.037997 0)
(-0.0282103 0.0365326 0)
(-0.032323 0.0352897 0)
(-0.0367127 0.0343353 0)
(-0.0417252 0.0337194 0)
(-0.0478777 0.0334508 0)
(-0.0559509 0.0334281 0)
(-0.0671212 0.0333121 0)
(-0.0832138 0.0321945 0)
(-0.106583 0.027194 0)
(-0.136696 0.00995094 0)
(-0.161669 -0.0346068 0)
(-0.158288 -0.114563 0)
(-0.116993 -0.19453 0)
(-0.0268669 -0.160141 0)
(-0.00141984 0.0231621 0)
(-0.00583805 0.0424258 0)
(-0.0118179 0.0467665 0)
(-0.0171335 0.0459017 0)
(-0.0216913 0.0439629 0)
(-0.0257679 0.0420724 0)
(-0.0295741 0.0404983 0)
(-0.0333109 0.0393696 0)
(-0.0372189 0.0388306 0)
(-0.0416438 0.0390829 0)
(-0.0471434 0.0404015 0)
(-0.0546252 0.0431104 0)
(-0.0655198 0.0474356 0)
(-0.082283 0.0527775 0)
(-0.108579 0.054526 0)
(-0.143523 0.0372813 0)
(-0.169084 -0.025101 0)
(-0.160956 -0.145352 0)
(-0.126481 -0.270208 0)
(-0.0255457 -0.254949 0)
(-0.00195591 0.0269543 0)
(-0.00733827 0.0483739 0)
(-0.0140866 0.0523433 0)
(-0.0196004 0.0506957 0)
(-0.0239678 0.0481303 0)
(-0.0276736 0.0458253 0)
(-0.0309844 0.0440305 0)
(-0.0340727 0.0428815 0)
(-0.0371017 0.0425847 0)
(-0.0402958 0.0434965 0)
(-0.0440503 0.0462055 0)
(-0.0490493 0.0515641 0)
(-0.0563495 0.0604095 0)
(-0.0680113 0.071998 0)
(-0.0880324 0.079055 0)
(-0.115667 0.0602504 0)
(-0.132395 -0.0153688 0)
(-0.12293 -0.167182 0)
(-0.11274 -0.332888 0)
(-0.0137547 -0.365076 0)
(-0.00297685 0.0320055 0)
(-0.00981761 0.0562868 0)
(-0.017416 0.0594416 0)
(-0.022888 0.0559687 0)
(-0.0268172 0.0521661 0)
(-0.0299392 0.0491567 0)
(-0.0325538 0.046941 0)
(-0.0347558 0.0455287 0)
(-0.0365514 0.0451045 0)
(-0.037906 0.0460923 0)
(-0.0387962 0.0492934 0)
(-0.0392405 0.0559315 0)
(-0.0392754 0.0671989 0)
(-0.0396301 0.082008 0)
(-0.0438733 0.0914368 0)
(-0.0534646 0.0731854 0)
(-0.0620312 -0.00306393 0)
(-0.0564129 -0.162264 0)
(-0.080868 -0.358786 0)
(0.00766343 -0.449165 0)
(-0.00474996 0.0419474 0)
(-0.0150576 0.063296 0)
(-0.0235045 0.0618382 0)
(-0.0280739 0.0577623 0)
(-0.0306863 0.0540628 0)
(-0.0327309 0.0510322 0)
(-0.0343233 0.0486264 0)
(-0.0352866 0.0468367 0)
(-0.035405 0.0458637 0)
(-0.03436 0.0460893 0)
(-0.0316659 0.0483393 0)
(-0.0265983 0.0538197 0)
(-0.0181151 0.0636763 0)
(-0.00559483 0.0774886 0)
(0.0079203 0.0879998 0)
(0.0195767 0.0741412 0)
(0.0182383 0.00686574 0)
(0.0231014 -0.139636 0)
(-0.0360508 -0.357401 0)
(0.0368388 -0.482549 0)
(-0.0024589 0.0382641 0)
(-0.0136601 0.0815978 0)
(-0.0280665 0.0798746 0)
(-0.033998 0.0687962 0)
(-0.0360155 0.0609575 0)
(-0.0361457 0.0555729 0)
(-0.0346379 0.0513553 0)
(-0.031685 0.0478668 0)
(-0.0274223 0.0452066 0)
(-0.0216164 0.0433795 0)
(-0.0139717 0.0430198 0)
(-0.00357445 0.0447621 0)
(0.0106775 0.0501701 0)
(0.0311054 0.0587513 0)
(0.0543744 0.0670127 0)
(0.0796138 0.0587542 0)
(0.0837441 0.00910843 0)
(0.0914108 -0.115036 0)
(0.0274089 -0.323206 0)
(0.0865453 -0.457665 0)
(-0.0968452 0.0980141 0)
(-0.0739543 0.0770758 0)
(-0.0638434 0.0571733 0)
(-0.0425027 0.0493684 0)
(-0.0228441 0.044017 0)
(-0.00352327 0.0395548 0)
(0.0147749 0.0358365 0)
(0.0330962 0.0326073 0)
(0.049857 0.030231 0)
(0.0677632 0.0280948 0)
(0.0833939 0.0269143 0)
(0.102553 0.0262689 0)
(0.118106 0.0278967 0)
(0.141837 0.0309696 0)
(0.153986 0.0330676 0)
(0.190107 0.0285417 0)
(0.182081 -0.00747377 0)
(0.206325 -0.0906299 0)
(0.153936 -0.235458 0)
(0.172191 -0.348277 0)
(0.136104 0.109865 0)
(0.172235 0.0878621 0)
(0.23279 0.066098 0)
(0.287898 0.0519448 0)
(0.330444 0.042739 0)
(0.367655 0.0358707 0)
(0.396211 0.0307744 0)
(0.426381 0.0263779 0)
(0.44696 0.0232959 0)
(0.474464 0.0202672 0)
(0.488901 0.0184482 0)
(0.516549 0.0164056 0)
(0.525925 0.0156226 0)
(0.555964 0.0147243 0)
(0.557682 0.0144427 0)
(0.586249 0.0118531 0)
(0.563986 0.00493453 0)
(0.562069 -0.0171432 0)
(0.457709 -0.0509703 0)
(0.345583 -0.102688 0)
)
;

boundaryField
{
    movingWall
    {
        type            fixedValue;
        value           uniform (1 0 0);
    }
    fixedWalls
    {
        type            noSlip;
    }
    frontAndBack
    {
        type            empty;
    }
}


// ************************************************************************* //
