/*--------------------------------*- C++ -*----------------------------------*\
| =========                 |                                                 |
| \\      /  F ield         | OpenFOAM: The Open Source CFD Toolbox           |
|  \\    /   O peration     | Version:  2212                                  |
|   \\  /    A nd           | Website:  www.openfoam.com                      |
|    \\/     M anipulation  |                                                 |
\*---------------------------------------------------------------------------*/
FoamFile
{
    version     2.0;
    format      ascii;
    arch        "LSB;label=32;scalar=64";
    class       volVectorField;
    location    "0.645";
    object      U;
}
// * * * * * * * * * * * * * * * * * * * * * * * * * * * * * * * * * * * * * //

dimensions      [0 1 -1 0 0 0 0];

internalField   nonuniform List<vector> 
400
(
(-0.000247653 0.000206536 0)
(-0.00150374 0.000647247 0)
(-0.003695 0.000825642 0)
(-0.0061035 0.00088603 0)
(-0.00860903 0.000930705 0)
(-0.0112202 0.000988745 0)
(-0.013948 0.00105787 0)
(-0.0167732 0.00112177 0)
(-0.0196182 0.00115159 0)
(-0.0223161 0.00110274 0)
(-0.0245813 0.000915697 0)
(-0.0259962 0.000528085 0)
(-0.0260332 -0.000100721 0)
(-0.024201 -0.000944558 0)
(-0.02031 -0.00180477 0)
(-0.0147377 -0.00237516 0)
(-0.00854437 -0.0023556 0)
(-0.00317071 -0.00166844 0)
(0.000164245 -0.000574111 0)
(0.000600083 0.000377721 0)
(-0.000830651 0.00159208 0)
(-0.00378378 0.00343328 0)
(-0.00836227 0.00418693 0)
(-0.013367 0.00448607 0)
(-0.018558 0.00467886 0)
(-0.0239032 0.00486563 0)
(-0.0293569 0.00503 0)
(-0.0348157 0.00509596 0)
(-0.0400741 0.00493895 0)
(-0.0447823 0.00438507 0)
(-0.0484187 0.00322682 0)
(-0.0503039 0.00127717 0)
(-0.0496693 -0.00152663 0)
(-0.0458181 -0.00494798 0)
(-0.0385296 -0.00826024 0)
(-0.0284762 -0.0103577 0)
(-0.0173657 -0.010182 0)
(-0.00757428 -0.00749029 0)
(-0.0011436 -0.0032771 0)
(0.000509486 0.000443985 0)
(-0.00116559 0.0042785 0)
(-0.00508813 0.00824834 0)
(-0.0109861 0.00985454 0)
(-0.0173704 0.0105254 0)
(-0.0239567 0.0109194 0)
(-0.0306986 0.0112257 0)
(-0.0375222 0.0114046 0)
(-0.0442892 0.0112946 0)
(-0.0507526 0.0106415 0)
(-0.0565112 0.00910871 0)
(-0.0609778 0.00631316 0)
(-0.0633764 0.00192871 0)
(-0.0627689 -0.00412369 0)
(-0.0582099 -0.0113742 0)
(-0.0491959 -0.0184005 0)
(-0.0363145 -0.0229093 0)
(-0.0216864 -0.0225607 0)
(-0.00871252 -0.0167328 0)
(-0.000667733 -0.00766421 0)
(0.000861875 0.000101787 0)
(-0.00130725 0.00744788 0)
(-0.00570032 0.0138547 0)
(-0.0122721 0.0163942 0)
(-0.0193539 0.0174585 0)
(-0.0266523 0.018063 0)
(-0.0341399 0.0184949 0)
(-0.0417636 0.0186945 0)
(-0.0494175 0.0184193 0)
(-0.0568999 0.0172906 0)
(-0.0638621 0.0148063 0)
(-0.0697494 0.0103807 0)
(-0.0737479 0.00346798 0)
(-0.0747234 -0.00618047 0)
(-0.0711885 -0.0180925 0)
(-0.0618014 -0.0301451 0)
(-0.0465413 -0.0384345 0)
(-0.0276774 -0.0384142 0)
(-0.00986761 -0.0283342 0)
(0.000847807 -0.0123057 0)
(0.0016828 0.000786979 0)
(-0.00133278 0.0108101 0)
(-0.00587897 0.0198079 0)
(-0.0127175 0.023331 0)
(-0.0201005 0.0248178 0)
(-0.027748 0.0256792 0)
(-0.0356774 0.0263195 0)
(-0.0439008 0.0266775 0)
(-0.0524065 0.0264512 0)
(-0.0611221 0.0251577 0)
(-0.0698632 0.0221376 0)
(-0.078248 0.0165581 0)
(-0.0855542 0.00748401 0)
(-0.090481 -0.00581573 0)
(-0.0906833 -0.023152 0)
(-0.0832102 -0.0422299 0)
(-0.0666974 -0.0570472 0)
(-0.0429375 -0.0595577 0)
(-0.0169693 -0.0450614 0)
(0.00133559 -0.0186905 0)
(0.00286145 0.0028747 0)
(-0.00128382 0.0141769 0)
(-0.00577419 0.0258395 0)
(-0.012612 0.0304007 0)
(-0.0200441 0.0323661 0)
(-0.0278172 0.0335763 0)
(-0.0360107 0.0345842 0)
(-0.0447363 0.0353625 0)
(-0.0541326 0.0355924 0)
(-0.0643441 0.0347369 0)
(-0.0755051 0.0320328 0)
(-0.0876692 0.0264262 0)
(-0.10047 0.0164239 0)
(-0.112376 0.000193104 0)
(-0.119882 -0.0232664 0)
(-0.117638 -0.051992 0)
(-0.102398 -0.0775971 0)
(-0.0750304 -0.0874219 0)
(-0.0384134 -0.0718049 0)
(-0.00351657 -0.0313538 0)
(0.0041995 0.00509096 0)
(-0.00118068 0.0174067 0)
(-0.00546334 0.0317418 0)
(-0.0121025 0.0373924 0)
(-0.0193863 0.0399055 0)
(-0.0270905 0.0415793 0)
(-0.0353601 0.0431573 0)
(-0.0444253 0.0446991 0)
(-0.0546152 0.0459435 0)
(-0.0663678 0.0464008 0)
(-0.0802855 0.0453416 0)
(-0.0971733 0.0416102 0)
(-0.117431 0.0329323 0)
(-0.139072 0.0152416 0)
(-0.156143 -0.0154933 0)
(-0.160855 -0.0573724 0)
(-0.149734 -0.0986901 0)
(-0.122644 -0.121844 0)
(-0.0778616 -0.112702 0)
(-0.0218697 -0.0594689 0)
(0.00440819 0.00373417 0)
(-0.00103421 0.0203899 0)
(-0.00498593 0.0373487 0)
(-0.0112568 0.0441244 0)
(-0.0182009 0.0472418 0)
(-0.0256119 0.0494795 0)
(-0.0336869 0.0518194 0)
(-0.042767 0.0544777 0)
(-0.0533794 0.0573566 0)
(-0.0662797 0.0601715 0)
(-0.0825714 0.0624 0)
(-0.103881 0.0627829 0)
(-0.131342 0.0575711 0)
(-0.16183 0.0387945 0)
(-0.185703 -0.00161927 0)
(-0.194911 -0.0606761 0)
(-0.189544 -0.120094 0)
(-0.168256 -0.161219 0)
(-0.125246 -0.168575 0)
(-0.0602133 -0.115486 0)
(0.000323174 -0.0100917 0)
(-0.000854149 0.0230375 0)
(-0.00437242 0.042518 0)
(-0.0101198 0.0504227 0)
(-0.0165229 0.0541588 0)
(-0.0233677 0.0569993 0)
(-0.0308665 0.06021 0)
(-0.0394222 0.0642339 0)
(-0.0496904 0.0692489 0)
(-0.0626262 0.0753253 0)
(-0.0795703 0.0821883 0)
(-0.102505 0.0879931 0)
(-0.132729 0.086309 0)
(-0.165575 0.0647304 0)
(-0.189285 0.0135796 0)
(-0.198038 -0.0605675 0)
(-0.197867 -0.135321 0)
(-0.187245 -0.195935 0)
(-0.158288 -0.228265 0)
(-0.103982 -0.19351 0)
(-0.0144557 -0.043632 0)
(-0.00065601 0.0252822 0)
(-0.00366834 0.0471296 0)
(-0.00876117 0.0561183 0)
(-0.0144236 0.0604155 0)
(-0.0203986 0.063789 0)
(-0.0268599 0.0678185 0)
(-0.034182 0.0732137 0)
(-0.0429911 0.0804772 0)
(-0.0541709 0.0900505 0)
(-0.0688129 0.101689 0)
(-0.0885059 0.112316 0)
(-0.114244 0.11261 0)
(-0.140914 0.0877452 0)
(-0.158165 0.0295021 0)
(-0.163983 -0.0519046 0)
(-0.167481 -0.13493 0)
(-0.167337 -0.20973 0)
(-0.155841 -0.269262 0)
(-0.12145 -0.271405 0)
(-0.0337434 -0.116744 0)
(-0.000465886 0.0270935 0)
(-0.00295161 0.0511019 0)
(-0.00730849 0.0610612 0)
(-0.0120636 0.0657657 0)
(-0.0168828 0.0694621 0)
(-0.0218456 0.0740411 0)
(-0.0271969 0.0804562 0)
(-0.0333435 0.0894636 0)
(-0.0408045 0.10172 0)
(-0.0500794 0.116795 0)
(-0.0620963 0.130391 0)
(-0.0780617 0.131338 0)
(-0.0944431 0.104404 0)
(-0.10425 0.0436019 0)
(-0.107511 -0.0386997 0)
(-0.113128 -0.122737 0)
(-0.121302 -0.201891 0)
(-0.12427 -0.281015 0)
(-0.11095 -0.329786 0)
(-0.0364203 -0.220168 0)
(-0.000324738 0.0285039 0)
(-0.00234597 0.0544318 0)
(-0.00596864 0.0651721 0)
(-0.00972004 0.0700227 0)
(-0.0131756 0.0736859 0)
(-0.0162977 0.0783304 0)
(-0.0191515 0.0850687 0)
(-0.0218335 0.0947489 0)
(-0.0243877 0.108032 0)
(-0.0267416 0.124335 0)
(-0.0293198 0.138832 0)
(-0.0339515 0.140124 0)
(-0.0397562 0.113713 0)
(-0.0437252 0.0539515 0)
(-0.0475824 -0.0263898 0)
(-0.055874 -0.108525 0)
(-0.0712436 -0.184978 0)
(-0.0851895 -0.271146 0)
(-0.090605 -0.354954 0)
(-0.0238476 -0.296163 0)
(-0.000289565 0.0296294 0)
(-0.00202056 0.0571885 0)
(-0.00503077 0.0683937 0)
(-0.00778854 0.07302 0)
(-0.00979372 0.0762032 0)
(-0.0109284 0.0803232 0)
(-0.0111162 0.0865405 0)
(-0.0101967 0.0956379 0)
(-0.00780388 0.108057 0)
(-0.00353402 0.123326 0)
(0.00261115 0.137193 0)
(0.00868462 0.13911 0)
(0.0126318 0.115281 0)
(0.0140446 0.0596988 0)
(0.00829978 -0.0160379 0)
(-0.002729 -0.0921318 0)
(-0.0247782 -0.163276 0)
(-0.0473661 -0.251488 0)
(-0.0712946 -0.364309 0)
(-0.0126841 -0.349581 0)
(-0.000455316 0.030754 0)
(-0.00222945 0.0597311 0)
(-0.00486049 0.0710438 0)
(-0.00670395 0.0749442 0)
(-0.00727365 0.0770835 0)
(-0.00646451 0.0800428 0)
(-0.00414824 0.0849233 0)
(-0.000104913 0.0923038 0)
(0.00635396 0.102506 0)
(0.0159676 0.11496 0)
(0.0287177 0.12656 0)
(0.0425607 0.129005 0)
(0.0539119 0.110284 0)
(0.0596916 0.0633975 0)
(0.0555633 -0.00422828 0)
(0.0440129 -0.0725967 0)
(0.015225 -0.13538 0)
(-0.0119659 -0.219851 0)
(-0.0536038 -0.359456 0)
(-0.00106078 -0.391452 0)
(-0.000945585 0.0322294 0)
(-0.0033036 0.0621077 0)
(-0.00599037 0.0725826 0)
(-0.0070843 0.0752054 0)
(-0.00624213 0.0759665 0)
(-0.00360114 0.0774115 0)
(0.000860066 0.0804665 0)
(0.00748693 0.0855628 0)
(0.0168837 0.0928515 0)
(0.02969 0.101598 0)
(0.0460425 0.109554 0)
(0.0642169 0.111125 0)
(0.0802246 0.0975419 0)
(0.0895932 0.0616619 0)
(0.0877422 0.00768935 0)
(0.0761367 -0.0515417 0)
(0.0434436 -0.10617 0)
(0.0160178 -0.187372 0)
(-0.0411003 -0.351676 0)
(0.0104696 -0.424207 0)
(-0.00201436 0.0347135 0)
(-0.00558777 0.0661518 0)
(-0.00865322 0.0757037 0)
(-0.00909341 0.0758531 0)
(-0.00691004 0.0741706 0)
(-0.00264069 0.0734206 0)
(0.00362679 0.0742626 0)
(0.0121676 0.0768097 0)
(0.0233787 0.0808993 0)
(0.0377063 0.0858769 0)
(0.055179 0.0901217 0)
(0.0745637 0.0901401 0)
(0.0924199 0.08055 0)
(0.104358 0.0555569 0)
(0.104435 0.0166403 0)
(0.0939413 -0.0301157 0)
(0.0607382 -0.0746218 0)
(0.0369384 -0.154385 0)
(-0.0310732 -0.344932 0)
(0.0244637 -0.453808 0)
(-0.00403615 0.0426133 0)
(-0.0118743 0.069703 0)
(-0.0158568 0.0728529 0)
(-0.0144162 0.0708139 0)
(-0.00983828 0.0680367 0)
(-0.00351823 0.0660386 0)
(0.00438663 0.0652828 0)
(0.0142649 0.065678 0)
(0.0265052 0.0670993 0)
(0.0413562 0.0690078 0)
(0.0586706 0.0704174 0)
(0.0774868 0.0692536 0)
(0.0950076 0.062792 0)
(0.107999 0.0470506 0)
(0.109183 0.0222506 0)
(0.100901 -0.0100811 0)
(0.0701044 -0.0458942 0)
(0.0528534 -0.127071 0)
(-0.0170912 -0.336907 0)
(0.0463021 -0.469503 0)
(-0.00316712 0.0368771 0)
(-0.0107911 0.0835155 0)
(-0.0196762 0.0853029 0)
(-0.0200678 0.0754667 0)
(-0.0155406 0.0675767 0)
(-0.00865611 0.0623736 0)
(0.000318129 0.0588391 0)
(0.0114905 0.0564062 0)
(0.0249351 0.0549602 0)
(0.0405608 0.0539567 0)
(0.0578766 0.0531588 0)
(0.0763808 0.0510582 0)
(0.0931335 0.0470591 0)
(0.107854 0.0382273 0)
(0.111233 0.0251914 0)
(0.11051 0.00493407 0)
(0.0856305 -0.0256942 0)
(0.0772534 -0.111791 0)
(0.0197562 -0.314009 0)
(0.0860583 -0.446986 0)
(-0.0978855 0.0962153 0)
(-0.0738751 0.0762996 0)
(-0.0619796 0.0584682 0)
(-0.0375503 0.0506904 0)
(-0.0147704 0.0450745 0)
(0.00761981 0.0405422 0)
(0.0289281 0.0368977 0)
(0.0509555 0.0339133 0)
(0.0715809 0.0319201 0)
(0.0943631 0.0301803 0)
(0.114015 0.0292651 0)
(0.137888 0.0278503 0)
(0.153783 0.0267691 0)
(0.1763 0.0239891 0)
(0.181015 0.0197052 0)
(0.197131 0.0092151 0)
(0.175554 -0.01641 0)
(0.181933 -0.0825944 0)
(0.134978 -0.226713 0)
(0.167404 -0.339208 0)
(0.135274 0.109246 0)
(0.170923 0.0865798 0)
(0.230712 0.0649323 0)
(0.28618 0.0509337 0)
(0.329074 0.041903 0)
(0.36691 0.0350913 0)
(0.396028 0.0300932 0)
(0.426534 0.0257003 0)
(0.448216 0.0226767 0)
(0.475866 0.0196128 0)
(0.491839 0.0179242 0)
(0.518821 0.0155846 0)
(0.528843 0.0148653 0)
(0.555224 0.0127393 0)
(0.555166 0.0124866 0)
(0.575292 0.00859287 0)
(0.548989 0.00403002 0)
(0.53937 -0.01481 0)
(0.437232 -0.0473018 0)
(0.338847 -0.0994454 0)
)
;

boundaryField
{
    movingWall
    {
        type            fixedValue;
        value           uniform (1 0 0);
    }
    fixedWalls
    {
        type            noSlip;
    }
    frontAndBack
    {
        type            empty;
    }
}


// ************************************************************************* //
