/*--------------------------------*- C++ -*----------------------------------*\
| =========                 |                                                 |
| \\      /  F ield         | OpenFOAM: The Open Source CFD Toolbox           |
|  \\    /   O peration     | Version:  2212                                  |
|   \\  /    A nd           | Website:  www.openfoam.com                      |
|    \\/     M anipulation  |                                                 |
\*---------------------------------------------------------------------------*/
FoamFile
{
    version     2.0;
    format      ascii;
    arch        "LSB;label=32;scalar=64";
    class       surfaceScalarField;
    location    "3.485";
    object      phi;
}
// * * * * * * * * * * * * * * * * * * * * * * * * * * * * * * * * * * * * * //

dimensions      [0 3 -1 0 0 0 0];

oriented        oriented;

internalField   nonuniform List<scalar> 
760
(
1.50597e-07
-1.50598e-07
2.81968e-07
-1.31371e-07
2.95804e-07
-1.38366e-08
1.70161e-07
1.25644e-07
-1.29749e-07
2.99909e-07
-6.65871e-07
5.36122e-07
-1.46952e-06
8.03648e-07
-2.45724e-06
9.87717e-07
-3.43288e-06
9.75641e-07
-4.16748e-06
7.34603e-07
-4.49426e-06
3.26785e-07
-4.31668e-06
-1.77581e-07
-3.5757e-06
-7.40981e-07
-2.38243e-06
-1.19327e-06
-9.63032e-07
-1.4194e-06
3.12372e-07
-1.27541e-06
1.05623e-06
-7.43862e-07
1.01212e-06
4.41119e-08
4.53454e-07
5.58669e-07
4.53454e-07
1.15956e-07
-2.66554e-07
5.8744e-08
-7.41588e-08
-3.10229e-07
3.55136e-07
-1.07913e-06
8.94544e-07
-2.29286e-06
1.51364e-06
-3.87494e-06
2.11821e-06
-5.58317e-06
2.51188e-06
-7.11062e-06
2.51516e-06
-8.23332e-06
2.09835e-06
-8.84001e-06
1.3413e-06
-8.88273e-06
3.69503e-07
-8.33762e-06
-7.22697e-07
-7.23556e-06
-1.84304e-06
-5.60809e-06
-2.82073e-06
-3.59658e-06
-3.43091e-06
-1.50161e-06
-3.37038e-06
1.5384e-07
-2.39931e-06
8.37745e-07
-6.39792e-07
5.16864e-07
8.7955e-07
9.70318e-07
-1.33487e-07
-1.33067e-07
-6.3728e-07
4.29634e-07
-1.6126e-06
1.33046e-06
-3.10069e-06
2.38263e-06
-4.98249e-06
3.39544e-06
-6.96833e-06
4.10406e-06
-8.74803e-06
4.29157e-06
-1.01404e-05
3.90749e-06
-1.10913e-05
3.04932e-06
-1.15925e-05
1.84249e-06
-1.15949e-05
3.71833e-07
-1.11469e-05
-1.1707e-06
-1.02306e-05
-2.75926e-06
-8.79184e-06
-4.25953e-06
-6.80961e-06
-5.41314e-06
-4.37147e-06
-5.80852e-06
-1.87198e-06
-4.8988e-06
-9.38708e-08
-2.4179e-06
2.90897e-07
4.94782e-07
1.26121e-06
-4.9574e-07
3.62673e-07
-1.53973e-06
1.47362e-06
-3.07085e-06
2.86157e-06
-4.99777e-06
4.30955e-06
-7.06951e-06
5.46719e-06
-8.98427e-06
6.01882e-06
-1.05396e-05
5.8469e-06
-1.16896e-05
5.05747e-06
-1.24609e-05
3.82067e-06
-1.28884e-05
2.26998e-06
-1.2959e-05
4.42433e-07
-1.27278e-05
-1.4019e-06
-1.21585e-05
-3.32854e-06
-1.11493e-05
-5.26877e-06
-9.56883e-06
-6.99361e-06
-7.29267e-06
-8.08468e-06
-4.35913e-06
-7.83235e-06
-1.3711e-06
-5.40592e-06
1.17416e-07
-9.93736e-07
1.37863e-06
-8.46418e-07
1.20909e-06
-2.31848e-06
2.94569e-06
-4.1553e-06
4.69839e-06
-6.16956e-06
6.32381e-06
-8.08684e-06
7.38447e-06
-9.68538e-06
7.61735e-06
-1.08851e-05
7.04664e-06
-1.171e-05
5.88239e-06
-1.22215e-05
4.33213e-06
-1.24927e-05
2.5412e-06
-1.26136e-05
5.63339e-07
-1.2575e-05
-1.44052e-06
-1.23664e-05
-3.53714e-06
-1.19077e-05
-5.72744e-06
-1.10121e-05
-7.88924e-06
-9.39211e-06
-9.70466e-06
-6.75182e-06
-1.04726e-05
-3.19212e-06
-8.96563e-06
-2.62293e-07
-3.92356e-06
1.11634e-06
-1.06299e-06
2.27208e-06
-2.72751e-06
4.61021e-06
-4.58781e-06
6.55869e-06
-6.41832e-06
8.15432e-06
-7.99754e-06
8.96369e-06
-9.19233e-06
8.81214e-06
-9.99463e-06
7.84894e-06
-1.04676e-05
6.35532e-06
-1.07014e-05
4.56593e-06
-1.07972e-05
2.63704e-06
-1.08772e-05
6.43304e-07
-1.09336e-05
-1.38411e-06
-1.09801e-05
-3.49066e-06
-1.0986e-05
-5.72148e-06
-1.07954e-05
-8.07985e-06
-1.00794e-05
-1.04207e-05
-8.34599e-06
-1.2206e-05
-5.18634e-06
-1.21253e-05
-1.14798e-06
-7.96193e-06
-3.16414e-08
-1.08382e-06
3.3559e-06
-2.69908e-06
6.22547e-06
-4.36813e-06
8.22774e-06
-5.88195e-06
9.66814e-06
-7.08105e-06
1.01628e-05
-7.89963e-06
9.63072e-06
-8.37149e-06
8.3208e-06
-8.58203e-06
6.56586e-06
-8.63538e-06
4.61928e-06
-8.63115e-06
2.63281e-06
-8.65548e-06
6.67626e-07
-8.73021e-06
-1.30938e-06
-8.87503e-06
-3.34584e-06
-9.10037e-06
-5.49614e-06
-9.34583e-06
-7.8344e-06
-9.37511e-06
-1.03914e-05
-8.6669e-06
-1.29142e-05
-6.47051e-06
-1.43217e-05
-2.39517e-06
-1.20373e-05
-2.42681e-06
-9.11692e-07
4.2676e-06
-2.29525e-06
7.60903e-06
-3.65962e-06
9.5921e-06
-4.82191e-06
1.08304e-05
-5.68017e-06
1.10211e-05
-6.21415e-06
1.01647e-05
-6.47778e-06
8.58443e-06
-6.56103e-06
6.64912e-06
-6.56155e-06
4.6198e-06
-6.55546e-06
2.62672e-06
-6.58222e-06
6.94381e-07
-6.66088e-06
-1.23073e-06
-6.81394e-06
-3.19277e-06
-7.07238e-06
-5.2377e-06
-7.45108e-06
-7.4557e-06
-7.85283e-06
-9.98968e-06
-7.86081e-06
-1.29062e-05
-6.65769e-06
-1.55248e-05
-3.5437e-06
-1.51513e-05
-5.97051e-06
-6.07617e-07
4.87521e-06
-1.6488e-06
8.65021e-06
-2.66507e-06
1.06084e-05
-3.49135e-06
1.16567e-05
-4.07072e-06
1.16004e-05
-4.41075e-06
1.05047e-05
-4.56817e-06
8.74185e-06
-4.6211e-06
6.70204e-06
-4.64344e-06
4.64214e-06
-4.68146e-06
2.66474e-06
-4.74707e-06
7.59999e-07
-4.8481e-06
-1.1297e-06
-4.99597e-06
-3.0449e-06
-5.22117e-06
-5.0125e-06
-5.57956e-06
-7.0973e-06
-6.08102e-06
-9.48822e-06
-6.49739e-06
-1.24899e-05
-6.08168e-06
-1.59405e-05
-3.88993e-06
-1.7343e-05
-9.86045e-06
-2.24525e-07
5.09974e-06
-8.71344e-07
9.29703e-06
-1.53168e-06
1.12687e-05
-2.05242e-06
1.21775e-05
-2.40448e-06
1.19525e-05
-2.61073e-06
1.0711e-05
-2.71856e-06
8.84968e-06
-2.78127e-06
6.76476e-06
-2.84471e-06
4.70559e-06
-2.93208e-06
2.75211e-06
-3.0464e-06
8.7432e-07
-3.18791e-06
-9.88195e-07
-3.35793e-06
-2.87488e-06
-3.57092e-06
-4.79951e-06
-3.88149e-06
-6.78673e-06
-4.37173e-06
-8.99798e-06
-4.98054e-06
-1.1881e-05
-5.09486e-06
-1.58262e-05
-3.53866e-06
-1.88992e-05
-1.33991e-05
1.61136e-07
4.9386e-06
-6.60828e-08
9.52425e-06
-3.92927e-07
1.15955e-05
-6.39051e-07
1.24236e-05
-7.89407e-07
1.21028e-05
-8.74566e-07
1.07961e-05
-9.34134e-07
8.90924e-06
-1.00034e-06
6.83096e-06
-1.08998e-06
4.79523e-06
-1.21044e-06
2.87256e-06
-1.36338e-06
1.02726e-06
-1.55078e-06
-8.00787e-07
-1.77212e-06
-2.65354e-06
-2.02736e-06
-4.54427e-06
-2.3478e-06
-6.4663e-06
-2.83066e-06
-8.51511e-06
-3.53497e-06
-1.11767e-05
-4.01194e-06
-1.53492e-05
-3.01677e-06
-1.98944e-05
-1.64159e-05
4.88869e-07
4.44973e-06
6.836e-07
9.32952e-06
7.26612e-07
1.15525e-05
7.63158e-07
1.2387e-05
8.09814e-07
1.20562e-05
8.40196e-07
1.07658e-05
8.33518e-07
8.91592e-06
7.81303e-07
6.88318e-06
6.86002e-07
4.89053e-06
5.50557e-07
3.00801e-06
3.71432e-07
1.20638e-06
1.42706e-07
-5.72061e-07
-1.38396e-07
-2.37244e-06
-4.78754e-07
-4.20391e-06
-8.85924e-07
-6.05913e-06
-1.41061e-06
-7.99042e-06
-2.2005e-06
-1.03869e-05
-2.95732e-06
-1.45924e-05
-2.46286e-06
-2.03888e-05
-1.88787e-05
7.35605e-07
3.71413e-06
1.32168e-06
8.74344e-06
1.70847e-06
1.11658e-05
2.0349e-06
1.20606e-05
2.3072e-06
1.17839e-05
2.49283e-06
1.05801e-05
2.58167e-06
8.82709e-06
2.58432e-06
6.88052e-06
2.51634e-06
4.95851e-06
2.38731e-06
3.13704e-06
2.19206e-06
1.40163e-06
1.91714e-06
-2.97139e-07
1.5611e-06
-2.0164e-06
1.11868e-06
-3.76149e-06
5.83599e-07
-5.52405e-06
-1.00048e-07
-7.30678e-06
-9.7539e-07
-9.51151e-06
-1.93966e-06
-1.36281e-05
-1.9349e-06
-2.03936e-05
-2.08136e-05
8.44866e-07
2.86926e-06
1.76394e-06
7.82437e-06
2.49314e-06
1.04365e-05
3.12633e-06
1.14274e-05
3.66931e-06
1.12409e-05
4.07652e-06
1.01729e-05
4.32985e-06
8.57376e-06
4.44284e-06
6.76754e-06
4.44003e-06
4.96131e-06
4.33885e-06
3.23823e-06
4.13908e-06
1.6014e-06
3.81564e-06
2.62987e-08
3.37839e-06
-1.57915e-06
2.80717e-06
-3.19026e-06
2.10067e-06
-4.81756e-06
1.27345e-06
-6.47955e-06
2.30191e-07
-8.46825e-06
-9.90218e-07
-1.24077e-05
-1.44238e-06
-1.99414e-05
-2.2256e-05
7.80736e-07
2.08853e-06
1.89986e-06
6.70525e-06
2.92303e-06
9.41337e-06
3.88317e-06
1.04673e-05
4.75098e-06
1.03731e-05
5.45851e-06
9.46538e-06
5.96446e-06
8.06781e-06
6.27097e-06
6.46104e-06
6.40017e-06
4.8321e-06
6.3726e-06
3.2658e-06
6.18966e-06
1.78433e-06
5.84485e-06
3.71117e-07
5.31394e-06
-1.04824e-06
4.59874e-06
-2.47506e-06
3.69153e-06
-3.91035e-06
2.62012e-06
-5.40814e-06
1.33773e-06
-7.18586e-06
-1.83523e-07
-1.08864e-05
-9.34727e-07
-1.91902e-05
-2.31907e-05
5.57785e-07
1.53074e-06
1.70656e-06
5.55648e-06
3.01785e-06
8.10208e-06
4.34696e-06
9.13815e-06
5.59672e-06
9.12334e-06
6.66731e-06
8.39479e-06
7.49139e-06
7.24372e-06
8.05506e-06
5.89737e-06
8.37118e-06
4.51598e-06
8.45839e-06
3.17859e-06
8.32467e-06
1.91806e-06
7.96912e-06
7.26663e-07
7.34931e-06
-4.28428e-07
6.48171e-06
-1.60747e-06
5.35366e-06
-2.78229e-06
4.0069e-06
-4.06139e-06
2.50387e-06
-5.68283e-06
9.05933e-07
-9.28851e-06
-1.68261e-07
-1.8116e-05
-2.3359e-05
1.40544e-07
1.3902e-06
9.96412e-07
4.70061e-06
2.44183e-06
6.65666e-06
4.1343e-06
7.44568e-06
5.83186e-06
7.42578e-06
7.34753e-06
6.87912e-06
8.57701e-06
6.01424e-06
9.48946e-06
4.98493e-06
1.00796e-05
3.92583e-06
1.03606e-05
2.89757e-06
1.0339e-05
1.93969e-06
1.00217e-05
1.04392e-06
9.37031e-06
2.22996e-07
8.39653e-06
-6.33681e-07
7.09853e-06
-1.4843e-06
5.52573e-06
-2.48859e-06
3.83427e-06
-3.99137e-06
2.1943e-06
-7.64854e-06
6.35158e-07
-1.65569e-05
-2.27239e-05
-5.09208e-07
1.8994e-06
1.83007e-07
4.0084e-06
1.69982e-06
5.13984e-06
3.72313e-06
5.42237e-06
5.843e-06
5.30591e-06
7.77606e-06
4.94606e-06
9.38442e-06
4.40588e-06
1.06262e-05
3.74312e-06
1.14829e-05
3.06912e-06
1.19722e-05
2.40825e-06
1.20991e-05
1.81281e-06
1.18848e-05
1.25825e-06
1.13487e-05
7.59079e-07
1.04702e-05
2.44795e-07
9.25382e-06
-2.67882e-07
7.76495e-06
-9.99716e-07
6.18978e-06
-2.4162e-06
4.41484e-06
-5.8736e-06
2.03819e-06
-1.41802e-05
-2.06857e-05
-4.17076e-06
6.07017e-06
-3.6394e-06
3.47704e-06
-1.2711e-06
2.77154e-06
1.49201e-06
2.65926e-06
4.19616e-06
2.60176e-06
6.69896e-06
2.44326e-06
8.88995e-06
2.21489e-06
1.07095e-05
1.92356e-06
1.21399e-05
1.63875e-06
1.32077e-05
1.34046e-06
1.39301e-05
1.0904e-06
1.43513e-05
8.37038e-07
1.44613e-05
6.49081e-07
1.42725e-05
4.33586e-07
1.37712e-05
2.33462e-07
1.29718e-05
-2.00307e-07
1.18689e-05
-1.31333e-06
1.00904e-05
-4.09514e-06
5.62888e-06
-9.71869e-06
-1.50568e-05
6.07017e-06
9.5472e-06
1.23187e-05
1.4978e-05
1.75798e-05
2.0023e-05
2.22379e-05
2.41615e-05
2.58002e-05
2.71407e-05
2.82311e-05
2.90681e-05
2.97172e-05
3.01508e-05
3.03843e-05
3.01839e-05
2.88706e-05
2.47755e-05
1.50568e-05
)
;

boundaryField
{
    movingWall
    {
        type            calculated;
        value           uniform 0;
    }
    fixedWalls
    {
        type            calculated;
        value           uniform 0;
    }
    frontAndBack
    {
        type            empty;
        value           nonuniform List<scalar> 0();
    }
}


// ************************************************************************* //
