/*--------------------------------*- C++ -*----------------------------------*\
| =========                 |                                                 |
| \\      /  F ield         | OpenFOAM: The Open Source CFD Toolbox           |
|  \\    /   O peration     | Version:  2212                                  |
|   \\  /    A nd           | Website:  www.openfoam.com                      |
|    \\/     M anipulation  |                                                 |
\*---------------------------------------------------------------------------*/
FoamFile
{
    version     2.0;
    format      ascii;
    arch        "LSB;label=32;scalar=64";
    class       volVectorField;
    location    "3.485";
    object      U;
}
// * * * * * * * * * * * * * * * * * * * * * * * * * * * * * * * * * * * * * //

dimensions      [0 1 -1 0 0 0 0];

internalField   nonuniform List<vector> 
400
(
(0.00162593 -0.00163724 0)
(0.00466126 -0.00183379 0)
(0.00631906 -0.00116859 0)
(0.00538104 -0.000553499 0)
(0.00131816 0.000203513 0)
(-0.00695092 0.00173242 0)
(-0.0204754 0.00468927 0)
(-0.0390463 0.00852701 0)
(-0.059953 0.0110574 0)
(-0.0780753 0.0103639 0)
(-0.0887599 0.00674246 0)
(-0.0895956 0.00172896 0)
(-0.0796933 -0.00348438 0)
(-0.0598585 -0.0081091 0)
(-0.0337819 -0.0106897 0)
(-0.00586339 -0.00969858 0)
(0.0160128 -0.00482277 0)
(0.0238641 0.00265035 0)
(0.0158891 0.00633386 0)
(0.00426385 0.0046405 0)
(0.00162144 -0.0048609 0)
(0.00289433 -0.00381764 0)
(-0.000752459 0.000668096 0)
(-0.011533 0.00638545 0)
(-0.0312628 0.0138241 0)
(-0.0604001 0.0233127 0)
(-0.0954681 0.0324145 0)
(-0.129624 0.0364729 0)
(-0.156906 0.0331045 0)
(-0.174011 0.0232624 0)
(-0.179499 0.0092356 0)
(-0.173379 -0.00664286 0)
(-0.156226 -0.0226491 0)
(-0.128737 -0.0363062 0)
(-0.0931529 -0.0439905 0)
(-0.0521904 -0.0414443 0)
(-0.0117546 -0.0262817 0)
(0.0163409 -0.00157337 0)
(0.0175294 0.0158369 0)
(0.00547776 0.0145781 0)
(-0.000325232 -0.00540589 0)
(-0.00552446 0.00110538 0)
(-0.0196042 0.0142148 0)
(-0.0440567 0.0307148 0)
(-0.0791943 0.0485257 0)
(-0.120341 0.0631807 0)
(-0.159962 0.0694578 0)
(-0.19257 0.0652024 0)
(-0.216006 0.0517258 0)
(-0.229659 0.0314664 0)
(-0.233522 0.00674311 0)
(-0.228232 -0.0204246 0)
(-0.214095 -0.0478936 0)
(-0.190615 -0.0720879 0)
(-0.157511 -0.0879108 0)
(-0.114756 -0.088365 0)
(-0.0641491 -0.0666589 0)
(-0.0139669 -0.0229812 0)
(0.00929422 0.0173367 0)
(0.00414786 0.0232047 0)
(-0.00345552 0.000857831 0)
(-0.017328 0.0173442 0)
(-0.0429136 0.0409096 0)
(-0.0783991 0.0669706 0)
(-0.120912 0.0895638 0)
(-0.163216 0.102226 0)
(-0.198928 0.101538 0)
(-0.226027 0.0886971 0)
(-0.244742 0.0668023 0)
(-0.255669 0.0385408 0)
(-0.259639 0.00578034 0)
(-0.257452 -0.0301627 0)
(-0.249047 -0.0670978 0)
(-0.233377 -0.102112 0)
(-0.208453 -0.129791 0)
(-0.171581 -0.141384 0)
(-0.120243 -0.124777 0)
(-0.0564189 -0.0706978 0)
(-0.00110568 0.00297213 0)
(0.00473326 0.0277893 0)
(-0.00654913 0.0149767 0)
(-0.0282121 0.0437313 0)
(-0.0621347 0.0758367 0)
(-0.102555 0.107019 0)
(-0.144722 0.129086 0)
(-0.18162 0.136237 0)
(-0.209724 0.127922 0)
(-0.22934 0.10762 0)
(-0.241746 0.079176 0)
(-0.248657 0.0453738 0)
(-0.251777 0.00775032 0)
(-0.252055 -0.0329131 0)
(-0.24928 -0.0755041 0)
(-0.242865 -0.118732 0)
(-0.230009 -0.158682 0)
(-0.206087 -0.186947 0)
(-0.165094 -0.188261 0)
(-0.102411 -0.141918 0)
(-0.0220876 -0.0390815 0)
(0.00727141 0.026605 0)
(-0.00832394 0.0346383 0)
(-0.0344347 0.0756384 0)
(-0.0716179 0.113031 0)
(-0.111092 0.145228 0)
(-0.147863 0.163508 0)
(-0.176467 0.163745 0)
(-0.195815 0.147976 0)
(-0.207391 0.1212 0)
(-0.213172 0.0877731 0)
(-0.215646 0.0506968 0)
(-0.216836 0.0114409 0)
(-0.217786 -0.0296117 0)
(-0.218717 -0.0729757 0)
(-0.219687 -0.119095 0)
(-0.21848 -0.166795 0)
(-0.209964 -0.210603 0)
(-0.186056 -0.236325 0)
(-0.138223 -0.216761 0)
(-0.0621054 -0.118142 0)
(0.00566771 0.0138504 0)
(-0.00808535 0.0562602 0)
(-0.0345279 0.108375 0)
(-0.0702988 0.147987 0)
(-0.104951 0.178252 0)
(-0.134229 0.191039 0)
(-0.154449 0.184032 0)
(-0.166174 0.161327 0)
(-0.171475 0.129019 0)
(-0.172761 0.091917 0)
(-0.172578 0.0530764 0)
(-0.172519 0.0137521 0)
(-0.17331 -0.0260485 0)
(-0.175521 -0.0675417 0)
(-0.179685 -0.112126 0)
(-0.185105 -0.160993 0)
(-0.188063 -0.212994 0)
(-0.180597 -0.259059 0)
(-0.152725 -0.272892 0)
(-0.0982185 -0.204273 0)
(-0.00882538 -0.0147942 0)
(-0.0059646 0.0763483 0)
(-0.0290604 0.138339 0)
(-0.0600498 0.178223 0)
(-0.0880485 0.205026 0)
(-0.109793 0.211817 0)
(-0.123164 0.197927 0)
(-0.129631 0.169137 0)
(-0.131473 0.132413 0)
(-0.131161 0.0928247 0)
(-0.130713 0.0531601 0)
(-0.130892 0.0141736 0)
(-0.131914 -0.0245533 0)
(-0.134267 -0.0641516 0)
(-0.138664 -0.105997 0)
(-0.145693 -0.152207 0)
(-0.153955 -0.205198 0)
(-0.157332 -0.262891 0)
(-0.145417 -0.305487 0)
(-0.111169 -0.275016 0)
(-0.0305296 -0.074688 0)
(-0.002635 0.0919309 0)
(-0.019872 0.162922 0)
(-0.0440828 0.202205 0)
(-0.0649157 0.224984 0)
(-0.0799836 0.226224 0)
(-0.0883217 0.206687 0)
(-0.0917239 0.173332 0)
(-0.0923195 0.133671 0)
(-0.0922363 0.0928232 0)
(-0.0927166 0.0531279 0)
(-0.0938534 0.0147083 0)
(-0.0955616 -0.0232841 0)
(-0.0980387 -0.0617476 0)
(-0.101819 -0.101523 0)
(-0.108075 -0.144421 0)
(-0.117514 -0.194545 0)
(-0.126838 -0.256287 0)
(-0.125501 -0.320484 0)
(-0.106637 -0.332052 0)
(-0.0369611 -0.16158 0)
(0.00120933 0.100783 0)
(-0.00865724 0.180376 0)
(-0.0249864 0.219451 0)
(-0.0387335 0.238921 0)
(-0.0480705 0.235997 0)
(-0.0528181 0.212465 0)
(-0.0545964 0.176066 0)
(-0.0550591 0.134702 0)
(-0.0557567 0.093441 0)
(-0.0572859 0.0541003 0)
(-0.0594277 0.0162349 0)
(-0.0620252 -0.0212916 0)
(-0.0650849 -0.0592377 0)
(-0.068823 -0.0979606 0)
(-0.0742207 -0.13835 0)
(-0.0829036 -0.184312 0)
(-0.0948801 -0.244311 0)
(-0.100011 -0.321092 0)
(-0.0946578 -0.369366 0)
(-0.0307418 -0.240228 0)
(0.00498454 0.101858 0)
(0.00293904 0.189732 0)
(-0.00520092 0.229737 0)
(-0.012172 0.246783 0)
(-0.0164781 0.241026 0)
(-0.0182875 0.215249 0)
(-0.0188655 0.177529 0)
(-0.019262 0.135772 0)
(-0.0204394 0.0948089 0)
(-0.0225915 0.0560733 0)
(-0.025409 0.0188381 0)
(-0.0288054 -0.0181259 0)
(-0.0327989 -0.0556036 0)
(-0.0373697 -0.0937715 0)
(-0.0431087 -0.132721 0)
(-0.051354 -0.175148 0)
(-0.0649899 -0.231107 0)
(-0.0739626 -0.314566 0)
(-0.0809638 -0.393709 0)
(-0.0228719 -0.304511 0)
(0.00818299 0.0955162 0)
(0.0138724 0.190654 0)
(0.0137949 0.233175 0)
(0.0134256 0.249485 0)
(0.0140565 0.242721 0)
(0.0152663 0.216445 0)
(0.0161435 0.178746 0)
(0.0162077 0.137364 0)
(0.0150561 0.0969242 0)
(0.0127437 0.0587905 0)
(0.00957124 0.0222625 0)
(0.00552799 -0.0138756 0)
(0.000473053 -0.0505127 0)
(-0.00549083 -0.0878597 0)
(-0.012777 -0.125658 0)
(-0.0216753 -0.16517 0)
(-0.0374891 -0.215856 0)
(-0.0489039 -0.300798 0)
(-0.0679576 -0.40553 0)
(-0.0144962 -0.35737 0)
(0.00993464 0.0829149 0)
(0.0227428 0.183195 0)
(0.0302844 0.229341 0)
(0.0361235 0.24604 0)
(0.0417102 0.239497 0)
(0.0466044 0.214156 0)
(0.0499723 0.177786 0)
(0.0515514 0.137756 0)
(0.0512962 0.0984952 0)
(0.049436 0.0614304 0)
(0.0462525 0.0260511 0)
(0.0416858 -0.00878301 0)
(0.0355593 -0.0440239 0)
(0.0279494 -0.0799586 0)
(0.0181086 -0.116288 0)
(0.00703484 -0.153423 0)
(-0.0121912 -0.199456 0)
(-0.0248263 -0.282719 0)
(-0.0561349 -0.408146 0)
(-0.00624518 -0.399381 0)
(0.00945626 0.066253 0)
(0.028092 0.167765 0)
(0.043117 0.218472 0)
(0.0554358 0.237345 0)
(0.0665499 0.232649 0)
(0.0760882 0.209716 0)
(0.0831592 0.17585 0)
(0.0874391 0.137928 0)
(0.0890093 0.100277 0)
(0.0882017 0.0645344 0)
(0.0853695 0.0305679 0)
(0.0803574 -0.0026427 0)
(0.0729948 -0.0357799 0)
(0.0635277 -0.0694755 0)
(0.0506719 -0.103574 0)
(0.0361291 -0.138082 0)
(0.0121095 -0.179466 0)
(-0.00087401 -0.259602 0)
(-0.0452899 -0.404084 0)
(0.00258821 -0.434092 0)
(0.00661821 0.0490876 0)
(0.0283014 0.146652 0)
(0.0495456 0.200266 0)
(0.0680637 0.220833 0)
(0.085252 0.218133 0)
(0.100702 0.198385 0)
(0.113142 0.168249 0)
(0.121867 0.133821 0)
(0.126793 0.0991387 0)
(0.128203 0.0659529 0)
(0.126389 0.0345167 0)
(0.121457 0.00402683 0)
(0.112925 -0.0259322 0)
(0.10143 -0.0562231 0)
(0.0848057 -0.0869388 0)
(0.0660976 -0.118768 0)
(0.0366455 -0.15647 0)
(0.0227048 -0.233784 0)
(-0.0350705 -0.396653 0)
(0.0132069 -0.462739 0)
(0.00226427 0.0348728 0)
(0.0226929 0.122384 0)
(0.0492676 0.177202 0)
(0.0744483 0.199686 0)
(0.0986683 0.199398 0)
(0.121167 0.18332 0)
(0.140279 0.157689 0)
(0.154774 0.127716 0)
(0.164233 0.097018 0)
(0.168887 0.0673297 0)
(0.168717 0.039249 0)
(0.16445 0.0123646 0)
(0.154754 -0.0136978 0)
(0.141271 -0.0396832 0)
(0.120482 -0.0659466 0)
(0.097506 -0.0940966 0)
(0.0623967 -0.128988 0)
(0.0457178 -0.204703 0)
(-0.0234723 -0.385466 0)
(0.0281497 -0.484431 0)
(-0.00335178 0.0292798 0)
(0.00937644 0.100822 0)
(0.0355535 0.146655 0)
(0.0667226 0.1668 0)
(0.0990165 0.167941 0)
(0.1302 0.155887 0)
(0.157721 0.135825 0)
(0.179847 0.111853 0)
(0.19555 0.0870292 0)
(0.205175 0.0628917 0)
(0.207951 0.0402027 0)
(0.2056 0.0188143 0)
(0.195513 -0.0016126 0)
(0.181153 -0.0216355 0)
(0.156899 -0.0417414 0)
(0.130951 -0.0650831 0)
(0.0903523 -0.0988251 0)
(0.0685584 -0.177768 0)
(-0.00512112 -0.369022 0)
(0.0517861 -0.491056 0)
(-0.013544 0.0191831 0)
(-0.00751619 0.0882123 0)
(0.0181863 0.123152 0)
(0.0545286 0.135604 0)
(0.0948269 0.134948 0)
(0.13443 0.125828 0)
(0.170015 0.1114 0)
(0.199281 0.0939297 0)
(0.220759 0.0758191 0)
(0.235492 0.0580532 0)
(0.241401 0.0416207 0)
(0.242257 0.0263584 0)
(0.233184 0.0124831 0)
(0.221654 -0.000920607 0)
(0.197329 -0.0145638 0)
(0.17419 -0.0332805 0)
(0.130874 -0.0659744 0)
(0.106417 -0.144879 0)
(0.0368164 -0.32594 0)
(0.0921082 -0.45577 0)
(-0.105707 0.0828896 0)
(-0.0775407 0.0693169 0)
(-0.0487952 0.0729278 0)
(0.0028199 0.077008 0)
(0.0554889 0.0771334 0)
(0.107397 0.0728569 0)
(0.153852 0.065643 0)
(0.195576 0.0564191 0)
(0.227267 0.0469766 0)
(0.255085 0.0375555 0)
(0.270738 0.0291576 0)
(0.285895 0.0214092 0)
(0.286534 0.0149046 0)
(0.290997 0.00870417 0)
(0.275404 0.00193799 0)
(0.268885 -0.00918056 0)
(0.230334 -0.0348032 0)
(0.217191 -0.0950499 0)
(0.149989 -0.229703 0)
(0.170631 -0.341511 0)
(0.130154 0.103892 0)
(0.158717 0.0756014 0)
(0.212778 0.0536294 0)
(0.27122 0.0419232 0)
(0.323486 0.0360937 0)
(0.375444 0.0320338 0)
(0.419536 0.0289542 0)
(0.464362 0.0256009 0)
(0.497088 0.022936 0)
(0.532066 0.019764 0)
(0.551389 0.0176366 0)
(0.577204 0.0147275 0)
(0.58349 0.0133227 0)
(0.602088 0.0105312 0)
(0.593888 0.00959626 0)
(0.602822 0.00519526 0)
(0.567466 0.000258502 0)
(0.54776 -0.0182036 0)
(0.436105 -0.0503915 0)
(0.336967 -0.101412 0)
)
;

boundaryField
{
    movingWall
    {
        type            fixedValue;
        value           uniform (1 0 0);
    }
    fixedWalls
    {
        type            noSlip;
    }
    frontAndBack
    {
        type            empty;
    }
}


// ************************************************************************* //
