/*--------------------------------*- C++ -*----------------------------------*\
| =========                 |                                                 |
| \\      /  F ield         | OpenFOAM: The Open Source CFD Toolbox           |
|  \\    /   O peration     | Version:  2212                                  |
|   \\  /    A nd           | Website:  www.openfoam.com                      |
|    \\/     M anipulation  |                                                 |
\*---------------------------------------------------------------------------*/
FoamFile
{
    version     2.0;
    format      ascii;
    arch        "LSB;label=32;scalar=64";
    class       surfaceScalarField;
    location    "4.23";
    object      phi;
}
// * * * * * * * * * * * * * * * * * * * * * * * * * * * * * * * * * * * * * //

dimensions      [0 3 -1 0 0 0 0];

oriented        oriented;

internalField   nonuniform List<scalar> 
760
(
1.54031e-07
-1.5403e-07
2.892e-07
-1.35169e-07
3.04533e-07
-1.53335e-08
1.78375e-07
1.26158e-07
-1.24166e-07
3.02542e-07
-6.6624e-07
5.42073e-07
-1.47957e-06
8.13331e-07
-2.47826e-06
9.98685e-07
-3.46248e-06
9.84226e-07
-4.20069e-06
7.3821e-07
-4.52601e-06
3.25323e-07
-4.34138e-06
-1.84634e-07
-3.58958e-06
-7.51796e-07
-2.38367e-06
-1.20592e-06
-9.52314e-07
-1.43135e-06
3.31204e-07
-1.28352e-06
1.07526e-06
-7.4406e-07
1.02445e-06
5.0818e-08
4.57991e-07
5.66455e-07
4.57991e-07
1.21526e-07
-2.75556e-07
6.83213e-08
-8.19646e-08
-3.02603e-07
3.5559e-07
-1.07984e-06
9.03395e-07
-2.3081e-06
1.5308e-06
-3.90809e-06
2.14207e-06
-5.63223e-06
2.53747e-06
-7.16971e-06
2.53617e-06
-8.29645e-06
2.11096e-06
-8.90229e-06
1.34405e-06
-8.93989e-06
3.62926e-07
-8.38629e-06
-7.38231e-07
-7.27258e-06
-1.8655e-06
-5.63125e-06
-2.84726e-06
-3.6052e-06
-3.4574e-06
-1.49756e-06
-3.39116e-06
1.6666e-07
-2.40828e-06
8.49518e-07
-6.32041e-07
5.21939e-07
8.94035e-07
9.7993e-07
-1.30127e-07
-1.45429e-07
-6.35912e-07
4.2382e-07
-1.62129e-06
1.34097e-06
-3.12695e-06
2.40906e-06
-5.02922e-06
3.43306e-06
-7.03226e-06
4.14511e-06
-8.82295e-06
4.32816e-06
-1.02212e-05
3.93437e-06
-1.11746e-05
3.06438e-06
-1.16754e-05
1.84486e-06
-1.16728e-05
3.60346e-07
-1.12187e-05
-1.19228e-06
-1.02936e-05
-2.79066e-06
-8.8429e-06
-4.29794e-06
-6.84633e-06
-5.45397e-06
-4.39213e-06
-5.84535e-06
-1.87783e-06
-4.92259e-06
-9.05505e-08
-2.41932e-06
2.92876e-07
5.10608e-07
1.27281e-06
-4.99105e-07
3.53675e-07
-1.55304e-06
1.47775e-06
-3.10156e-06
2.8895e-06
-5.04909e-06
4.35658e-06
-7.1388e-06
5.52278e-06
-9.0655e-06
6.0718e-06
-1.06273e-05
5.89e-06
-1.17809e-05
5.08791e-06
-1.25538e-05
3.83733e-06
-1.29811e-05
2.27212e-06
-1.30484e-05
4.27674e-07
-1.28129e-05
-1.42778e-06
-1.22369e-05
-3.36674e-06
-1.12182e-05
-5.31657e-06
-9.62578e-06
-7.04641e-06
-7.33482e-06
-8.13631e-06
-4.38343e-06
-7.87397e-06
-1.37643e-06
-5.42632e-06
1.18954e-07
-9.84774e-07
1.39176e-06
-8.56233e-07
1.20991e-06
-2.34526e-06
2.96678e-06
-4.20223e-06
4.74647e-06
-6.23488e-06
6.38922e-06
-8.16486e-06
7.45276e-06
-9.77035e-06
7.6773e-06
-1.09737e-05
7.0934e-06
-1.18008e-05
5.91497e-06
-1.23134e-05
4.34993e-06
-1.25847e-05
2.54338e-06
-1.27052e-05
5.48239e-07
-1.26633e-05
-1.46971e-06
-1.24492e-05
-3.58082e-06
-1.19833e-05
-5.78245e-06
-1.10789e-05
-7.95088e-06
-9.44787e-06
-9.76732e-06
-6.7921e-06
-1.05297e-05
-3.21081e-06
-9.00762e-06
-2.62227e-07
-3.93335e-06
1.12953e-06
-1.0776e-06
2.28751e-06
-2.76164e-06
4.65082e-06
-4.6408e-06
6.62563e-06
-6.48559e-06
8.23401e-06
-8.07316e-06
9.04033e-06
-9.27206e-06
8.8762e-06
-1.00769e-05
7.89827e-06
-1.05523e-05
6.39033e-06
-1.07886e-05
4.58627e-06
-1.08866e-05
2.64135e-06
-1.09681e-05
6.29751e-07
-1.10221e-05
-1.41576e-06
-1.10634e-05
-3.53948e-06
-1.10621e-05
-5.78374e-06
-1.08633e-05
-8.14972e-06
-1.01388e-05
-1.04918e-05
-8.39526e-06
-1.22733e-05
-5.21951e-06
-1.21834e-05
-1.15458e-06
-7.99828e-06
-2.50475e-08
-1.09986e-06
3.38737e-06
-2.73391e-06
6.28487e-06
-4.41852e-06
8.31024e-06
-5.9431e-06
9.75858e-06
-7.14804e-06
1.02453e-05
-7.9699e-06
9.69806e-06
-8.44501e-06
8.37338e-06
-8.65988e-06
6.6052e-06
-8.71858e-06
4.64497e-06
-8.71951e-06
2.64228e-06
-8.74698e-06
6.5722e-07
-8.82083e-06
-1.34191e-06
-8.9607e-06
-3.39961e-06
-9.17733e-06
-5.56711e-06
-9.41218e-06
-7.91487e-06
-9.43157e-06
-1.04724e-05
-8.7154e-06
-1.29894e-05
-6.50876e-06
-1.439e-05
-2.41182e-06
-1.20952e-05
-2.43687e-06
-9.25809e-07
4.31318e-06
-2.32533e-06
7.68439e-06
-3.70187e-06
9.68679e-06
-4.87222e-06
1.09289e-05
-5.73518e-06
1.11082e-05
-6.27269e-06
1.02356e-05
-6.54071e-06
8.6414e-06
-6.62999e-06
6.69448e-06
-6.6376e-06
4.65258e-06
-6.63818e-06
2.64287e-06
-6.66935e-06
6.88385e-07
-6.74903e-06
-1.26222e-06
-6.89877e-06
-3.24988e-06
-7.14896e-06
-5.31692e-06
-7.51535e-06
-7.54848e-06
-7.90397e-06
-1.00838e-05
-7.90194e-06
-1.29915e-05
-6.69173e-06
-1.56002e-05
-3.56877e-06
-1.52182e-05
-6.00564e-06
-6.17675e-07
4.93085e-06
-1.67096e-06
8.73767e-06
-2.69618e-06
1.0712e-05
-3.52849e-06
1.17612e-05
-4.11186e-06
1.16916e-05
-4.45547e-06
1.05792e-05
-4.61739e-06
8.80332e-06
-4.67612e-06
6.75321e-06
-4.70494e-06
4.6814e-06
-4.74889e-06
2.68682e-06
-4.81903e-06
7.58524e-07
-4.92251e-06
-1.15875e-06
-5.06979e-06
-3.10259e-06
-5.29003e-06
-5.09668e-06
-5.63815e-06
-7.20036e-06
-6.12563e-06
-9.59631e-06
-6.52999e-06
-1.25871e-05
-6.10788e-06
-1.60223e-05
-3.90943e-06
-1.74166e-05
-9.91507e-06
-2.28911e-07
5.15976e-06
-8.83532e-07
9.39229e-06
-1.54979e-06
1.13783e-05
-2.07466e-06
1.22861e-05
-2.42984e-06
1.20468e-05
-2.6391e-06
1.07884e-05
-2.75037e-06
8.91458e-06
-2.81708e-06
6.81993e-06
-2.88469e-06
4.74901e-06
-2.97594e-06
2.77807e-06
-3.09387e-06
8.76458e-07
-3.23857e-06
-1.01405e-06
-3.41069e-06
-2.93047e-06
-3.62322e-06
-4.88415e-06
-3.92817e-06
-6.89541e-06
-4.4071e-06
-9.11737e-06
-5.00355e-06
-1.19907e-05
-5.11097e-06
-1.59149e-05
-3.5499e-06
-1.89777e-05
-1.3465e-05
1.63067e-07
4.99669e-06
-6.76976e-08
9.62306e-06
-3.97721e-07
1.17083e-05
-6.4606e-07
1.25344e-05
-7.98212e-07
1.21989e-05
-8.85082e-07
1.08753e-05
-9.46249e-07
8.97575e-06
-1.01385e-06
6.88753e-06
-1.10474e-06
4.8399e-06
-1.22666e-06
2.89999e-06
-1.38186e-06
1.03166e-06
-1.57256e-06
-8.2336e-07
-1.79785e-06
-2.70518e-06
-2.05639e-06
-4.62561e-06
-2.37706e-06
-6.57474e-06
-2.8537e-06
-8.64073e-06
-3.54807e-06
-1.12963e-05
-4.01918e-06
-1.54438e-05
-3.02176e-06
-1.99751e-05
-1.64867e-05
4.96909e-07
4.49978e-06
6.93866e-07
9.4261e-06
7.37122e-07
1.1665e-05
7.73248e-07
1.24983e-05
8.19072e-07
1.21531e-05
8.48839e-07
1.08455e-05
8.42363e-07
8.98222e-06
7.9122e-07
6.93867e-06
6.97092e-07
4.93403e-06
5.62135e-07
3.03495e-06
3.81905e-07
1.21189e-06
1.5018e-07
-5.91635e-07
-1.35214e-07
-2.41978e-06
-4.81095e-07
-4.27973e-06
-8.92946e-07
-6.16289e-06
-1.41752e-06
-8.11615e-06
-2.20195e-06
-1.05119e-05
-2.95525e-06
-1.46905e-05
-2.4617e-06
-2.04686e-05
-1.89484e-05
7.4943e-07
3.75035e-06
1.3432e-06
8.83233e-06
1.73383e-06
1.12744e-05
2.06204e-06
1.21701e-05
2.33463e-06
1.18805e-05
2.52057e-06
1.06596e-05
2.61091e-06
8.89188e-06
2.61632e-06
6.93326e-06
2.55153e-06
4.99882e-06
2.42461e-06
3.16187e-06
2.22922e-06
1.40728e-06
1.95151e-06
-3.13929e-07
1.59073e-06
-2.059e-06
1.14181e-06
-3.83082e-06
5.99439e-07
-5.62051e-06
-8.97819e-08
-7.42693e-06
-9.64269e-07
-9.63738e-06
-1.92778e-06
-1.3727e-05
-1.92929e-06
-2.04671e-05
-2.08777e-05
8.62232e-07
2.88812e-06
1.79481e-06
7.89975e-06
2.5321e-06
1.05371e-05
3.16996e-06
1.15322e-05
3.71536e-06
1.13351e-05
4.12429e-06
1.02507e-05
4.38006e-06
8.63611e-06
4.49654e-06
6.81677e-06
4.49756e-06
4.9978e-06
4.39939e-06
3.26004e-06
4.20088e-06
1.60579e-06
3.87386e-06
1.30867e-08
3.43242e-06
-1.61755e-06
2.85406e-06
-3.25246e-06
2.13839e-06
-4.90485e-06
1.30207e-06
-6.59061e-06
2.5246e-07
-8.58777e-06
-9.71136e-07
-1.25034e-05
-1.43334e-06
-2.00049e-05
-2.23111e-05
7.981e-07
2.09002e-06
1.93628e-06
6.76157e-06
2.97224e-06
9.50117e-06
3.94064e-06
1.05638e-05
4.81377e-06
1.0462e-05
5.52499e-06
9.53945e-06
6.03447e-06
8.12663e-06
6.34503e-06
6.50621e-06
6.47836e-06
4.86448e-06
6.45387e-06
3.28453e-06
6.27159e-06
1.78807e-06
5.92633e-06
3.58347e-07
5.39044e-06
-1.08167e-06
4.66759e-06
-2.5296e-06
3.74976e-06
-3.98702e-06
2.66498e-06
-5.50584e-06
1.37003e-06
-7.29282e-06
-1.65564e-07
-1.09678e-05
-9.2138e-07
-1.92491e-05
-2.32325e-05
5.71291e-07
1.51873e-06
1.7425e-06
5.59036e-06
3.07204e-06
8.17163e-06
4.41553e-06
9.22034e-06
5.67564e-06
9.20189e-06
6.75345e-06
8.46164e-06
7.58308e-06
7.29701e-06
8.15164e-06
5.93765e-06
8.47207e-06
4.54405e-06
8.56228e-06
3.19432e-06
8.42968e-06
1.92067e-06
8.07254e-06
7.15493e-07
7.44763e-06
-4.56765e-07
6.57143e-06
-1.6534e-06
5.43088e-06
-2.84647e-06
4.06686e-06
-4.14181e-06
2.54731e-06
-5.77326e-06
9.38906e-07
-9.3594e-06
-1.52801e-07
-1.81574e-05
-2.33853e-05
1.48521e-07
1.37021e-06
1.02636e-06
4.71251e-06
2.49362e-06
6.70438e-06
4.20606e-06
7.5079e-06
5.91964e-06
7.48831e-06
7.44711e-06
6.93417e-06
8.68549e-06
6.05863e-06
9.60494e-06
5.0182e-06
1.02008e-05
3.94822e-06
1.04856e-05
2.90952e-06
1.04657e-05
1.9405e-06
1.01476e-05
1.03362e-06
9.48885e-06
2.01997e-07
8.50606e-06
-6.7061e-07
7.19288e-06
-1.5333e-06
5.59953e-06
-2.54846e-06
3.88425e-06
-4.05799e-06
2.22446e-06
-7.69961e-06
6.46885e-07
-1.65798e-05
-2.27384e-05
-5.14666e-07
1.88488e-06
1.95796e-07
4.00205e-06
1.74008e-06
5.1601e-06
3.79149e-06
5.45649e-06
5.93565e-06
5.34415e-06
7.88734e-06
4.98247e-06
9.50987e-06
4.43611e-06
1.0762e-05
3.76605e-06
1.16263e-05
3.08392e-06
1.21199e-05
2.41589e-06
1.22474e-05
1.81299e-06
1.20293e-05
1.25173e-06
1.14873e-05
7.44064e-07
1.05959e-05
2.20775e-07
9.35915e-06
-2.96569e-07
7.84623e-06
-1.03554e-06
6.24277e-06
-2.45453e-06
4.44357e-06
-5.90042e-06
2.05016e-06
-1.41864e-05
-2.06882e-05
-4.17648e-06
6.06135e-06
-3.64054e-06
3.46612e-06
-1.25303e-06
2.77258e-06
1.5351e-06
2.66837e-06
4.26382e-06
2.61542e-06
6.78816e-06
2.45813e-06
8.99604e-06
2.22823e-06
1.08278e-05
1.93427e-06
1.22657e-05
1.64602e-06
1.3337e-05
1.3446e-06
1.4059e-05
1.091e-06
1.44762e-05
8.34519e-07
1.45774e-05
6.42905e-07
1.4373e-05
4.25138e-07
1.38538e-05
2.22671e-07
1.30347e-05
-2.16481e-07
1.19065e-05
-1.32626e-06
1.0106e-05
-4.09997e-06
5.63527e-06
-9.71568e-06
-1.50529e-05
6.06135e-06
9.52747e-06
1.23001e-05
1.49684e-05
1.75838e-05
2.0042e-05
2.22702e-05
2.42045e-05
2.58505e-05
2.71951e-05
2.82861e-05
2.91206e-05
2.97635e-05
3.01887e-05
3.04113e-05
3.01948e-05
2.88686e-05
2.47686e-05
1.50529e-05
)
;

boundaryField
{
    movingWall
    {
        type            calculated;
        value           uniform 0;
    }
    fixedWalls
    {
        type            calculated;
        value           uniform 0;
    }
    frontAndBack
    {
        type            empty;
        value           nonuniform List<scalar> 0();
    }
}


// ************************************************************************* //
