/*--------------------------------*- C++ -*----------------------------------*\
| =========                 |                                                 |
| \\      /  F ield         | OpenFOAM: The Open Source CFD Toolbox           |
|  \\    /   O peration     | Version:  2212                                  |
|   \\  /    A nd           | Website:  www.openfoam.com                      |
|    \\/     M anipulation  |                                                 |
\*---------------------------------------------------------------------------*/
FoamFile
{
    version     2.0;
    format      ascii;
    arch        "LSB;label=32;scalar=64";
    class       volVectorField;
    location    "0.915";
    object      U;
}
// * * * * * * * * * * * * * * * * * * * * * * * * * * * * * * * * * * * * * //

dimensions      [0 1 -1 0 0 0 0];

internalField   nonuniform List<vector> 
400
(
(-0.000136059 2.40114e-05 0)
(-0.0013879 0.000539542 0)
(-0.00384235 0.000754814 0)
(-0.00659729 0.000836326 0)
(-0.00959317 0.000949385 0)
(-0.0129786 0.00115056 0)
(-0.0169024 0.00144195 0)
(-0.0214115 0.00178004 0)
(-0.0263141 0.00204853 0)
(-0.0310265 0.00204396 0)
(-0.0345282 0.00153385 0)
(-0.0355127 0.00039187 0)
(-0.0328124 -0.00126098 0)
(-0.0261172 -0.00295465 0)
(-0.0165733 -0.00392892 0)
(-0.00621637 -0.00363724 0)
(0.00217723 -0.00216769 0)
(0.00592466 1.7818e-06 0)
(0.00469794 0.00149996 0)
(0.00152815 0.00141133 0)
(-0.00101732 0.00157973 0)
(-0.0048736 0.00395862 0)
(-0.0110504 0.00498556 0)
(-0.0179368 0.00551776 0)
(-0.0253785 0.00611663 0)
(-0.0335234 0.00693207 0)
(-0.0424063 0.00787035 0)
(-0.0517853 0.00862847 0)
(-0.0609623 0.00866724 0)
(-0.0686931 0.00728833 0)
(-0.0733643 0.00393632 0)
(-0.073404 -0.00139125 0)
(-0.0677263 -0.00790194 0)
(-0.0560635 -0.0138824 0)
(-0.0398418 -0.0172193 0)
(-0.0215861 -0.0161994 0)
(-0.00490771 -0.0106066 0)
(0.00508741 -0.0025205 0)
(0.00599501 0.004038 0)
(0.00221369 0.00478801 0)
(-0.00172244 0.0053662 0)
(-0.00756731 0.0108573 0)
(-0.0164291 0.0132044 0)
(-0.0261686 0.0145345 0)
(-0.0365848 0.0158819 0)
(-0.0477729 0.0174293 0)
(-0.0596237 0.0188572 0)
(-0.0717314 0.0194798 0)
(-0.0833128 0.0183208 0)
(-0.0931995 0.0143198 0)
(-0.0999638 0.006779 0)
(-0.102083 -0.00409714 0)
(-0.0980538 -0.0169328 0)
(-0.0866457 -0.0289796 0)
(-0.0684021 -0.0367797 0)
(-0.0450313 -0.0368058 0)
(-0.0202771 -0.0271139 0)
(-0.000977874 -0.0104523 0)
(0.00555546 0.00492471 0)
(0.00254537 0.0087469 0)
(-0.00214712 0.0103545 0)
(-0.00926047 0.0196161 0)
(-0.0198452 0.023463 0)
(-0.0313725 0.0256734 0)
(-0.043634 0.0278066 0)
(-0.0567407 0.0300597 0)
(-0.0706225 0.031918 0)
(-0.0850797 0.0324634 0)
(-0.0998154 0.0305258 0)
(-0.114271 0.0247866 0)
(-0.127155 0.0140473 0)
(-0.136035 -0.00200733 0)
(-0.137818 -0.0217492 0)
(-0.129815 -0.0421064 0)
(-0.111889 -0.0578626 0)
(-0.0845214 -0.0633196 0)
(-0.050325 -0.0533027 0)
(-0.0162015 -0.0275823 0)
(0.00327194 0.00125821 0)
(0.00307655 0.0124669 0)
(-0.00231231 0.0160381 0)
(-0.0100289 0.0294674 0)
(-0.0214943 0.0349324 0)
(-0.0339715 0.0380969 0)
(-0.047299 0.0411231 0)
(-0.0617223 0.0443049 0)
(-0.0774518 0.0471086 0)
(-0.0948668 0.0486589 0)
(-0.114562 0.0477815 0)
(-0.13654 0.0425364 0)
(-0.158396 0.0299814 0)
(-0.174943 0.00789544 0)
(-0.182129 -0.0218683 0)
(-0.178317 -0.0537031 0)
(-0.163094 -0.0811188 0)
(-0.135494 -0.0970043 0)
(-0.0955155 -0.0927161 0)
(-0.046392 -0.0618123 0)
(-0.00356265 -0.0123517 0)
(0.00427695 0.0149231 0)
(-0.00224342 0.0219165 0)
(-0.00997052 0.0397293 0)
(-0.0215892 0.0469418 0)
(-0.0343263 0.0511961 0)
(-0.0481049 0.055372 0)
(-0.06339 0.0600324 0)
(-0.0807992 0.0648621 0)
(-0.101346 0.0691799 0)
(-0.12625 0.0713996 0)
(-0.155125 0.0675773 0)
(-0.183329 0.0517212 0)
(-0.203431 0.0206809 0)
(-0.212296 -0.0209581 0)
(-0.212014 -0.0649008 0)
(-0.202204 -0.105404 0)
(-0.1805 -0.135273 0)
(-0.143656 -0.143771 0)
(-0.0889359 -0.117225 0)
(-0.0227822 -0.0467172 0)
(0.00510261 0.0131087 0)
(-0.00196751 0.0275173 0)
(-0.00917425 0.049756 0)
(-0.0202866 0.0588493 0)
(-0.0326241 0.0643647 0)
(-0.0461734 0.070019 0)
(-0.0615822 0.0768245 0)
(-0.0797567 0.0847899 0)
(-0.101982 0.0931088 0)
(-0.129357 0.098724 0)
(-0.160158 0.0947385 0)
(-0.187668 0.0733922 0)
(-0.204819 0.0335645 0)
(-0.212182 -0.0170404 0)
(-0.214523 -0.0702086 0)
(-0.210685 -0.121217 0)
(-0.199309 -0.16524 0)
(-0.174528 -0.192574 0)
(-0.128963 -0.184683 0)
(-0.0603217 -0.113502 0)
(0.0013445 -0.000569715 0)
(-0.00151873 0.0324204 0)
(-0.00773368 0.0589504 0)
(-0.0177166 0.0700188 0)
(-0.0289534 0.0769055 0)
(-0.0413876 0.0842234 0)
(-0.0556499 0.0935106 0)
(-0.0725814 0.104968 0)
(-0.0931947 0.117133 0)
(-0.118042 0.124943 0)
(-0.144521 0.119249 0)
(-0.165864 0.0924768 0)
(-0.177397 0.0462959 0)
(-0.182015 -0.00953002 0)
(-0.184861 -0.066791 0)
(-0.185199 -0.122023 0)
(-0.183808 -0.174671 0)
(-0.174668 -0.220267 0)
(-0.147888 -0.241061 0)
(-0.0966032 -0.193943 0)
(-0.013395 -0.032014 0)
(-0.000947793 0.0362778 0)
(-0.00578465 0.0667738 0)
(-0.0140777 0.0798104 0)
(-0.023514 0.0880009 0)
(-0.0338507 0.0968029 0)
(-0.045462 0.108227 0)
(-0.058838 0.122467 0)
(-0.0745581 0.137203 0)
(-0.0930162 0.145735 0)
(-0.111931 0.137771 0)
(-0.125874 0.106581 0)
(-0.132455 0.0559023 0)
(-0.135263 -0.00287217 0)
(-0.137671 -0.0608358 0)
(-0.139895 -0.115526 0)
(-0.144371 -0.168672 0)
(-0.147618 -0.223738 0)
(-0.138487 -0.271375 0)
(-0.107705 -0.262475 0)
(-0.0318469 -0.0967334 0)
(-0.000329936 0.0388521 0)
(-0.00354325 0.0727949 0)
(-0.00972631 0.0876558 0)
(-0.0167977 0.0968629 0)
(-0.024235 0.106567 0)
(-0.0320186 0.119158 0)
(-0.0402222 0.134784 0)
(-0.0491109 0.150552 0)
(-0.0593964 0.158937 0)
(-0.0700593 0.149388 0)
(-0.0778692 0.11593 0)
(-0.0820039 0.0628912 0)
(-0.0849865 0.00203534 0)
(-0.0883443 -0.0568268 0)
(-0.092479 -0.110616 0)
(-0.0998205 -0.160332 0)
(-0.110576 -0.215462 0)
(-0.113656 -0.280391 0)
(-0.0996063 -0.312918 0)
(-0.0344355 -0.183448 0)
(0.000240531 0.0400642 0)
(-0.00130203 0.0767452 0)
(-0.00518457 0.0931277 0)
(-0.00959907 0.102887 0)
(-0.013744 0.112668 0)
(-0.0171926 0.125172 0)
(-0.019645 0.140612 0)
(-0.0211226 0.155998 0)
(-0.0228302 0.164116 0)
(-0.0252636 0.154705 0)
(-0.0275623 0.121847 0)
(-0.0301396 0.0695126 0)
(-0.0341436 0.0087004 0)
(-0.0399106 -0.0508722 0)
(-0.0466701 -0.104044 0)
(-0.0562888 -0.149993 0)
(-0.0726422 -0.200641 0)
(-0.084763 -0.274114 0)
(-0.0855702 -0.340888 0)
(-0.025773 -0.253499 0)
(0.00065555 0.0400297 0)
(0.000588462 0.0786318 0)
(-0.00107229 0.096165 0)
(-0.00283933 0.105935 0)
(-0.00373305 0.114901 0)
(-0.00301192 0.126028 0)
(-0.000198463 0.139758 0)
(0.00507757 0.153657 0)
(0.0115109 0.161376 0)
(0.0170114 0.153577 0)
(0.0204919 0.123835 0)
(0.0206398 0.0750316 0)
(0.0166928 0.0169249 0)
(0.00843548 -0.0412348 0)
(-0.00210433 -0.0926491 0)
(-0.0150605 -0.135524 0)
(-0.0368616 -0.180722 0)
(-0.056197 -0.25843 0)
(-0.0714554 -0.35528 0)
(-0.0173685 -0.308733 0)
(0.000822748 0.0390666 0)
(0.00182182 0.0786798 0)
(0.00199623 0.0967595 0)
(0.00252304 0.105961 0)
(0.00447467 0.113414 0)
(0.00872782 0.122243 0)
(0.0159184 0.133099 0)
(0.0264106 0.144371 0)
(0.0391084 0.150954 0)
(0.0513555 0.145258 0)
(0.0605658 0.120785 0)
(0.0644684 0.0784412 0)
(0.0620116 0.0258688 0)
(0.0531077 -0.028986 0)
(0.0388534 -0.0778378 0)
(0.020883 -0.117289 0)
(-0.00680863 -0.156724 0)
(-0.0305338 -0.234799 0)
(-0.0590351 -0.357162 0)
(-0.0084594 -0.35267 0)
(0.00064938 0.0377478 0)
(0.00205423 0.0776609 0)
(0.00349023 0.0957756 0)
(0.00587952 0.10391 0)
(0.0101581 0.109293 0)
(0.0170869 0.115243 0)
(0.0272707 0.122554 0)
(0.041017 0.130159 0)
(0.057533 0.134542 0)
(0.074364 0.130152 0)
(0.088225 0.111331 0)
(0.0959762 0.0771599 0)
(0.0960464 0.0328479 0)
(0.0877404 -0.0151063 0)
(0.071449 -0.0590927 0)
(0.0499562 -0.0946839 0)
(0.0169103 -0.129058 0)
(-0.00779886 -0.207023 0)
(-0.048928 -0.353083 0)
(0.000190132 -0.388908 0)
(3.31782e-05 0.036725 0)
(0.000929338 0.0759746 0)
(0.00276061 0.0927424 0)
(0.0065047 0.0990928 0)
(0.0127093 0.102241 0)
(0.0216889 0.105337 0)
(0.0337534 0.109219 0)
(0.0490653 0.11318 0)
(0.0670841 0.114962 0)
(0.0859308 0.110895 0)
(0.102458 0.0968635 0)
(0.113214 0.0711345 0)
(0.115622 0.0365194 0)
(0.109102 -0.00214372 0)
(0.0928337 -0.0388273 0)
(0.0700122 -0.0694268 0)
(0.0338531 -0.0989091 0)
(0.0125578 -0.176408 0)
(-0.0404645 -0.346983 0)
(0.010121 -0.42228 0)
(-0.0012286 0.0367412 0)
(-0.00164299 0.0756433 0)
(-4.33774e-05 0.0911782 0)
(0.004604 0.0948069 0)
(0.0123232 0.0948344 0)
(0.0228111 0.094746 0)
(0.0360221 0.0953413 0)
(0.0518796 0.0960822 0)
(0.0699181 0.0954877 0)
(0.0888019 0.0912499 0)
(0.105966 0.0807638 0)
(0.118362 0.0624513 0)
(0.122711 0.0375234 0)
(0.118411 0.00916479 0)
(0.103327 -0.0189033 0)
(0.0813939 -0.0436874 0)
(0.0453086 -0.0694321 0)
(0.0302789 -0.148082 0)
(-0.0324469 -0.343261 0)
(0.0234162 -0.452161 0)
(-0.0036222 0.0427551 0)
(-0.00891211 0.0756528 0)
(-0.00857769 0.0836486 0)
(-0.0019723 0.084234 0)
(0.00839235 0.0824767 0)
(0.021027 0.0805774 0)
(0.0355236 0.079176 0)
(0.0517597 0.077952 0)
(0.0693529 0.0760313 0)
(0.0873686 0.0720443 0)
(0.103864 0.0645828 0)
(0.116548 0.0525118 0)
(0.122123 0.0364426 0)
(0.120016 0.0179089 0)
(0.106937 -0.000805612 0)
(0.0883055 -0.0193269 0)
(0.0557401 -0.0432582 0)
(0.0472684 -0.124055 0)
(-0.0185039 -0.337306 0)
(0.0451504 -0.469754 0)
(-0.00378268 0.0356814 0)
(-0.00917261 0.0854162 0)
(-0.0131968 0.0908172 0)
(-0.00799937 0.0831612 0)
(0.0025543 0.0758451 0)
(0.0155939 0.0705531 0)
(0.0304735 0.0666438 0)
(0.0467995 0.0633765 0)
(0.0641607 0.0602847 0)
(0.0817238 0.0563504 0)
(0.0978711 0.0512012 0)
(0.111524 0.0437728 0)
(0.119052 0.0348999 0)
(0.122098 0.0244599 0)
(0.113878 0.0140363 0)
(0.105331 -2.25563e-05 0)
(0.0784059 -0.0256496 0)
(0.0749066 -0.111711 0)
(0.0198374 -0.314356 0)
(0.085647 -0.446787 0)
(-0.0983193 0.094999 0)
(-0.073352 0.076206 0)
(-0.0589842 0.0601375 0)
(-0.0310316 0.053154 0)
(-0.0043404 0.047888 0)
(0.0219973 0.0435812 0)
(0.0470422 0.0401114 0)
(0.0725202 0.0370847 0)
(0.0958802 0.0347979 0)
(0.120636 0.0322745 0)
(0.140568 0.0300019 0)
(0.16298 0.0268567 0)
(0.175243 0.0239372 0)
(0.192287 0.020306 0)
(0.190625 0.0164076 0)
(0.201067 0.00759321 0)
(0.176029 -0.016641 0)
(0.183014 -0.0828036 0)
(0.136147 -0.227254 0)
(0.167371 -0.339553 0)
(0.134816 0.108454 0)
(0.169527 0.0853921 0)
(0.228855 0.0637617 0)
(0.284705 0.049959 0)
(0.328558 0.0411793 0)
(0.367725 0.0346232 0)
(0.398315 0.0298756 0)
(0.430417 0.0256908 0)
(0.453606 0.0228334 0)
(0.482547 0.0198538 0)
(0.499392 0.0181487 0)
(0.526497 0.0156836 0)
(0.535932 0.0147895 0)
(0.560897 0.0124915 0)
(0.558935 0.0122558 0)
(0.577199 0.00845108 0)
(0.549553 0.00408141 0)
(0.539642 -0.0148821 0)
(0.437457 -0.0476735 0)
(0.338973 -0.0994294 0)
)
;

boundaryField
{
    movingWall
    {
        type            fixedValue;
        value           uniform (1 0 0);
    }
    fixedWalls
    {
        type            noSlip;
    }
    frontAndBack
    {
        type            empty;
    }
}


// ************************************************************************* //
