/*--------------------------------*- C++ -*----------------------------------*\
| =========                 |                                                 |
| \\      /  F ield         | OpenFOAM: The Open Source CFD Toolbox           |
|  \\    /   O peration     | Version:  2212                                  |
|   \\  /    A nd           | Website:  www.openfoam.com                      |
|    \\/     M anipulation  |                                                 |
\*---------------------------------------------------------------------------*/
FoamFile
{
    version     2.0;
    format      ascii;
    arch        "LSB;label=32;scalar=64";
    class       volScalarField;
    location    "4.36";
    object      p;
}
// * * * * * * * * * * * * * * * * * * * * * * * * * * * * * * * * * * * * * //

dimensions      [0 2 -2 0 0 0 0];

internalField   nonuniform List<scalar> 
400
(
-2.03137e-07
-0.000150748
-0.000532185
-0.00106602
-0.00172272
-0.00247881
-0.00316549
-0.00357554
-0.00354265
-0.00291318
-0.00153336
0.000625059
0.00324765
0.00551336
0.00654738
0.00596157
0.00406418
0.00222453
0.00118745
0.00111605
0.0001158
-5.76981e-05
-0.000374231
-0.000759388
-0.00123708
-0.00187694
-0.00268824
-0.00351782
-0.00404874
-0.00390677
-0.00282054
-0.000808531
0.00169775
0.00396998
0.00514714
0.00478855
0.00317322
0.00145358
0.000672866
0.000759925
0.000532322
0.000263521
-7.60849e-05
-0.000555548
-0.00133756
-0.00256021
-0.00418326
-0.00593068
-0.00733578
-0.00787226
-0.00719783
-0.00540566
-0.00284624
-0.000154725
0.0018365
0.0024867
0.00178506
0.000586454
-0.000310739
-0.000312171
0.0011404
0.000733027
0.000189169
-0.000768574
-0.00242852
-0.00489013
-0.00791651
-0.0110105
-0.0135681
-0.0150286
-0.0150592
-0.0137029
-0.0111737
-0.00792661
-0.00466182
-0.00212413
-0.000784962
-0.00062021
-0.00120146
-0.00183278
0.0015593
0.000956185
-2.83112e-05
-0.00190768
-0.0049558
-0.00908379
-0.0137671
-0.018285
-0.0219826
-0.0243952
-0.0252643
-0.0244703
-0.022136
-0.018548
-0.0141417
-0.00952204
-0.00548242
-0.00285638
-0.00210918
-0.00392578
0.00126144
0.000422999
-0.00119762
-0.00426553
-0.00890978
-0.0147179
-0.0208403
-0.0264186
-0.0308424
-0.0337951
-0.0351493
-0.0348052
-0.0328443
-0.0294109
-0.024643
-0.0187571
-0.0123512
-0.00683516
-0.00430857
-0.00642125
-7.79343e-05
-0.00116357
-0.00348269
-0.00772283
-0.0137808
-0.0208754
-0.0279104
-0.0340025
-0.0386577
-0.0417157
-0.0431846
-0.0430855
-0.0414842
-0.0384469
-0.0339479
-0.0278677
-0.0203219
-0.0125507
-0.0077455
-0.00765515
-0.0024649
-0.00373985
-0.0066534
-0.0117952
-0.0188265
-0.026665
-0.0340854
-0.0402663
-0.0448581
-0.0478265
-0.0492617
-0.0492601
-0.0479
-0.0452263
-0.0411866
-0.0355437
-0.0280335
-0.0191645
-0.0116884
-0.00789332
-0.00552666
-0.0068855
-0.0101837
-0.0158573
-0.0233852
-0.0315004
-0.0389475
-0.0450014
-0.0494324
-0.0522826
-0.0536755
-0.0537193
-0.0524888
-0.0500399
-0.0463777
-0.0413382
-0.0345
-0.0256792
-0.016531
-0.00988091
-0.00869462
-0.010027
-0.0134838
-0.0193365
-0.0269637
-0.0350393
-0.0423397
-0.048219
-0.0525146
-0.0552934
-0.0566745
-0.0567466
-0.0555738
-0.0532255
-0.0497778
-0.0452115
-0.0392037
-0.0312002
-0.0220899
-0.0141728
-0.011442
-0.0126756
-0.0160799
-0.0218203
-0.0292522
-0.0371034
-0.0442106
-0.0499585
-0.0541918
-0.0569588
-0.0583547
-0.0584456
-0.057283
-0.0549421
-0.0515596
-0.0472582
-0.0419647
-0.0350259
-0.0269291
-0.0189652
-0.0134742
-0.0145234
-0.0177044
-0.0230712
-0.030067
-0.0375679
-0.0444907
-0.0501957
-0.0544632
-0.0572886
-0.0587288
-0.0588304
-0.0576362
-0.0552229
-0.051779
-0.0475402
-0.0427415
-0.0367012
-0.0297569
-0.0221851
-0.0147588
-0.0154722
-0.0182045
-0.0229766
-0.0293465
-0.0364053
-0.0431614
-0.0489121
-0.0533163
-0.0562779
-0.0578005
-0.0579078
-0.0566381
-0.05409
-0.0504774
-0.0460988
-0.0415435
-0.0359871
-0.0299811
-0.0226852
-0.0153923
-0.0156362
-0.0176494
-0.021544
-0.0270858
-0.0336098
-0.0402051
-0.0460748
-0.0507204
-0.0539144
-0.0555841
-0.0557254
-0.054356
-0.0516037
-0.0477256
-0.0431061
-0.0383941
-0.0329105
-0.0279159
-0.020132
-0.0155055
-0.0152278
-0.0162408
-0.0189342
-0.0234153
-0.0292912
-0.0357131
-0.0417625
-0.0467517
-0.0502857
-0.0521858
-0.0523941
-0.0509517
-0.0479503
-0.043718
-0.038693
-0.0335616
-0.0279552
-0.0241439
-0.0143396
-0.015218
-0.0144973
-0.0141996
-0.0153326
-0.0185296
-0.0236503
-0.0298811
-0.0361548
-0.0415784
-0.0455662
-0.0478147
-0.0481966
-0.0467367
-0.0435052
-0.0388688
-0.0332904
-0.0275535
-0.0216419
-0.0181154
-0.00391117
-0.0146171
-0.0135836
-0.0116839
-0.0110541
-0.012889
-0.0172435
-0.0233007
-0.0298317
-0.0357564
-0.0402989
-0.0430253
-0.0437117
-0.0423524
-0.038981
-0.0339278
-0.0275886
-0.020729
-0.0134348
-0.00701017
0.0158537
-0.0145597
-0.012643
-0.00866301
-0.00627159
-0.0069312
-0.0107099
-0.0166939
-0.0235142
-0.0299752
-0.0351387
-0.03846
-0.0395933
-0.0384863
-0.0351512
-0.029734
-0.0222758
-0.0130356
-0.000980593
0.0163401
0.0567678
-0.0117929
-0.0118413
-0.00578347
-0.00186842
-0.00185274
-0.00544434
-0.0115319
-0.0186716
-0.0256333
-0.0313655
-0.035293
-0.0369869
-0.036351
-0.0331112
-0.0271173
-0.0175991
-0.00337567
0.0201284
0.0603003
0.129492
-0.0295073
-0.0106564
-0.000691183
0.00296159
0.00233188
-0.00162769
-0.00798948
-0.0154441
-0.0227672
-0.0288825
-0.0331895
-0.0352356
-0.0348856
-0.0317245
-0.0251207
-0.0129055
0.00921148
0.0508375
0.122517
0.22578
)
;

boundaryField
{
    movingWall
    {
        type            zeroGradient;
    }
    fixedWalls
    {
        type            zeroGradient;
    }
    frontAndBack
    {
        type            empty;
    }
}


// ************************************************************************* //
