/*--------------------------------*- C++ -*----------------------------------*\
| =========                 |                                                 |
| \\      /  F ield         | OpenFOAM: The Open Source CFD Toolbox           |
|  \\    /   O peration     | Version:  2212                                  |
|   \\  /    A nd           | Website:  www.openfoam.com                      |
|    \\/     M anipulation  |                                                 |
\*---------------------------------------------------------------------------*/
FoamFile
{
    version     2.0;
    format      ascii;
    arch        "LSB;label=32;scalar=64";
    class       surfaceScalarField;
    location    "3.005";
    object      phi;
}
// * * * * * * * * * * * * * * * * * * * * * * * * * * * * * * * * * * * * * //

dimensions      [0 3 -1 0 0 0 0];

oriented        oriented;

internalField   nonuniform List<scalar> 
760
(
1.44645e-07
-1.44644e-07
2.69451e-07
-1.24806e-07
2.8045e-07
-1.09993e-08
1.55568e-07
1.24882e-07
-1.39785e-07
2.95353e-07
-6.65601e-07
5.25815e-07
-1.45265e-06
7.87046e-07
-2.42174e-06
9.6909e-07
-3.38288e-06
9.61142e-07
-4.11114e-06
7.28258e-07
-4.43954e-06
3.28404e-07
-4.27177e-06
-1.67766e-07
-3.54616e-06
-7.25616e-07
-2.37134e-06
-1.17481e-06
-9.70331e-07
-1.40101e-06
2.91202e-07
-1.26153e-06
1.03169e-06
-7.40489e-07
9.95095e-07
3.65959e-08
4.47009e-07
5.48087e-07
4.47009e-07
1.06804e-07
-2.51449e-07
4.30859e-08
-6.10875e-08
-3.22315e-07
3.54402e-07
-1.07684e-06
8.7941e-07
-2.26559e-06
1.4841e-06
-3.81707e-06
2.0773e-06
-5.49856e-06
2.46854e-06
-7.00992e-06
2.48045e-06
-8.12708e-06
2.0783e-06
-8.73606e-06
1.33724e-06
-8.78737e-06
3.79709e-07
-8.25508e-06
-7.00051e-07
-7.1697e-06
-1.811e-06
-5.56196e-06
-2.78255e-06
-3.57185e-06
-3.39113e-06
-1.4972e-06
-3.33619e-06
1.42518e-07
-2.3802e-06
8.23901e-07
-6.44787e-07
5.10301e-07
8.61687e-07
9.5731e-07
-1.38351e-07
-1.13097e-07
-6.37916e-07
4.38477e-07
-1.59573e-06
1.31222e-06
-3.05374e-06
2.33742e-06
-4.90082e-06
3.33117e-06
-6.85826e-06
4.03474e-06
-8.62145e-06
4.23173e-06
-1.00074e-05
3.86641e-06
-1.09584e-05
3.02925e-06
-1.14637e-05
1.84261e-06
-1.14762e-05
3.92189e-07
-1.1038e-05
-1.13824e-06
-1.0134e-05
-2.71498e-06
-8.71053e-06
-4.20605e-06
-6.74673e-06
-5.35492e-06
-4.33099e-06
-5.75193e-06
-1.85475e-06
-4.85644e-06
-9.41804e-08
-2.40535e-06
2.88911e-07
4.78596e-07
1.24622e-06
-4.89107e-07
3.7601e-07
-1.51547e-06
1.46484e-06
-3.01687e-06
2.81362e-06
-4.90911e-06
4.22966e-06
-6.95154e-06
5.3736e-06
-8.8491e-06
5.9323e-06
-1.03989e-05
5.78152e-06
-1.15501e-05
5.01762e-06
-1.23264e-05
3.80549e-06
-1.27607e-05
2.27694e-06
-1.28405e-05
4.72049e-07
-1.26168e-05
-1.36197e-06
-1.20559e-05
-3.27587e-06
-1.10564e-05
-5.20559e-06
-9.48801e-06
-6.9233e-06
-7.22783e-06
-8.01211e-06
-4.31691e-06
-7.76736e-06
-1.35759e-06
-5.36468e-06
1.16384e-07
-9.95376e-07
1.36261e-06
-8.29269e-07
1.20528e-06
-2.27256e-06
2.90813e-06
-4.07588e-06
4.61694e-06
-6.0605e-06
6.21428e-06
-7.95957e-06
7.27267e-06
-9.55238e-06
7.52512e-06
-1.07549e-05
6.98404e-06
-1.15868e-05
5.84954e-06
-1.2107e-05
4.32568e-06
-1.23871e-05
2.55698e-06
-1.25138e-05
5.98768e-07
-1.24816e-05
-1.39411e-06
-1.22789e-05
-3.47866e-06
-1.18249e-05
-5.65953e-06
-1.0934e-05
-7.81423e-06
-9.32082e-06
-9.62526e-06
-6.69448e-06
-1.03937e-05
-3.16055e-06
-8.8986e-06
-2.59759e-07
-3.89617e-06
1.10285e-06
-1.03867e-06
2.24395e-06
-2.67109e-06
4.54055e-06
-4.50123e-06
6.44708e-06
-6.31065e-06
8.0237e-06
-7.88103e-06
8.84304e-06
-9.07713e-06
8.72122e-06
-9.88612e-06
7.79302e-06
-1.03675e-05
6.33098e-06
-1.06096e-05
4.56771e-06
-1.07123e-05
2.65975e-06
-1.07964e-05
6.82814e-07
-1.08591e-05
-1.33139e-06
-1.09107e-05
-3.42702e-06
-1.09206e-05
-5.6497e-06
-1.07323e-05
-8.00253e-06
-1.00174e-05
-1.03401e-05
-8.28751e-06
-1.21236e-05
-5.1408e-06
-1.20453e-05
-1.13579e-06
-7.90117e-06
-3.29425e-08
-1.05814e-06
3.30209e-06
-2.64363e-06
6.12604e-06
-4.28907e-06
8.09251e-06
-5.78871e-06
9.52334e-06
-6.98401e-06
1.00383e-05
-7.80576e-06
9.54298e-06
-8.28328e-06
8.27054e-06
-8.4991e-06
6.54679e-06
-8.55615e-06
4.62476e-06
-8.55447e-06
2.65807e-06
-8.58111e-06
7.09457e-07
-8.66056e-06
-1.25194e-06
-8.81122e-06
-3.27636e-06
-9.04309e-06
-5.41783e-06
-9.29444e-06
-7.75118e-06
-9.3271e-06
-1.03074e-05
-8.61969e-06
-1.2831e-05
-6.42743e-06
-1.42376e-05
-2.37218e-06
-1.19564e-05
-2.40512e-06
-8.90058e-07
4.19215e-06
-2.2493e-06
7.48529e-06
-3.59615e-06
9.43936e-06
-4.74886e-06
1.06761e-05
-5.6047e-06
1.08942e-05
-6.14013e-06
1.00784e-05
-6.40562e-06
8.53603e-06
-6.48932e-06
6.63049e-06
-6.48901e-06
4.62445e-06
-6.48222e-06
2.65128e-06
-6.51013e-06
7.37365e-07
-6.59202e-06
-1.17005e-06
-6.75043e-06
-3.11794e-06
-7.01643e-06
-5.15184e-06
-7.40417e-06
-7.36345e-06
-7.81431e-06
-9.89729e-06
-7.82702e-06
-1.28183e-05
-6.62541e-06
-1.54392e-05
-3.51415e-06
-1.50677e-05
-5.91927e-06
-5.93161e-07
4.78531e-06
-1.61673e-06
8.50885e-06
-2.62075e-06
1.04434e-05
-3.44013e-06
1.14954e-05
-4.01664e-06
1.14707e-05
-4.35538e-06
1.04172e-05
-4.51101e-06
8.69166e-06
-4.56111e-06
6.68059e-06
-4.58051e-06
4.64384e-06
-4.61702e-06
2.68779e-06
-4.68339e-06
8.03741e-07
-4.78665e-06
-1.06679e-06
-4.93849e-06
-2.9661e-06
-5.16965e-06
-4.92068e-06
-5.53676e-06
-6.99633e-06
-6.04886e-06
-9.38519e-06
-6.47334e-06
-1.23939e-05
-6.05998e-06
-1.58526e-05
-3.87152e-06
-1.72561e-05
-9.79079e-06
-2.19484e-07
5.00479e-06
-8.5565e-07
9.14502e-06
-1.50837e-06
1.10961e-05
-2.02415e-06
1.20112e-05
-2.37263e-06
1.18192e-05
-2.57528e-06
1.06198e-05
-2.67888e-06
8.79526e-06
-2.7372e-06
6.73891e-06
-2.79719e-06
4.70383e-06
-2.88307e-06
2.77366e-06
-2.99786e-06
9.18537e-07
-3.14077e-06
-9.23883e-07
-3.31297e-06
-2.7939e-06
-3.52917e-06
-4.70448e-06
-3.84573e-06
-6.67978e-06
-4.34575e-06
-8.88517e-06
-4.9647e-06
-1.17749e-05
-5.0836e-06
-1.57337e-05
-3.52994e-06
-1.88098e-05
-1.33207e-05
1.56465e-07
4.84833e-06
-6.72549e-08
9.36874e-06
-3.90237e-07
1.14191e-05
-6.33391e-07
1.22544e-05
-7.80373e-07
1.19662e-05
-8.61064e-07
1.07005e-05
-9.15429e-07
8.84963e-06
-9.76831e-07
6.80031e-06
-1.06302e-06
4.79001e-06
-1.18171e-06
2.89236e-06
-1.3342e-06
1.07102e-06
-1.52179e-06
-7.36292e-07
-1.74372e-06
-2.57197e-06
-1.99992e-06
-4.44828e-06
-2.3228e-06
-6.35689e-06
-2.81231e-06
-8.39566e-06
-3.52593e-06
-1.10613e-05
-4.00791e-06
-1.52517e-05
-3.0136e-06
-1.98041e-05
-1.63343e-05
4.74827e-07
4.3735e-06
6.64248e-07
9.17932e-06
7.05431e-07
1.13779e-05
7.42437e-07
1.22174e-05
7.92257e-07
1.19163e-05
8.27785e-07
1.0665e-05
8.26743e-07
8.85067e-06
7.79526e-07
6.84753e-06
6.87971e-07
4.88157e-06
5.5527e-07
3.02506e-06
3.78243e-07
1.24805e-06
1.50945e-07
-5.08993e-07
-1.28992e-07
-2.29203e-06
-4.68475e-07
-4.1088e-06
-8.75564e-07
-5.9498e-06
-1.40327e-06
-7.86795e-06
-2.2e-06
-1.02646e-05
-2.96099e-06
-1.44907e-05
-2.46512e-06
-2.03e-05
-1.87994e-05
7.13239e-07
3.66026e-06
1.2854e-06
8.60716e-06
1.6648e-06
1.09985e-05
1.98827e-06
1.18939e-05
2.26213e-06
1.16425e-05
2.45219e-06
1.04749e-05
2.54617e-06
8.75669e-06
2.55345e-06
6.84025e-06
2.4895e-06
4.94552e-06
2.3643e-06
3.15026e-06
2.17334e-06
1.43901e-06
1.90221e-06
-2.37859e-07
1.54909e-06
-1.93892e-06
1.10928e-06
-3.66898e-06
5.76808e-07
-5.41733e-06
-1.05749e-07
-7.18539e-06
-9.84909e-07
-9.3854e-06
-1.95162e-06
-1.3524e-05
-1.94084e-06
-2.03108e-05
-2.07403e-05
8.18007e-07
2.84226e-06
1.71439e-06
7.71078e-06
2.42942e-06
1.02835e-05
3.05479e-06
1.12685e-05
3.59546e-06
1.11018e-05
4.00439e-06
1.0066e-05
4.2612e-06
8.49987e-06
4.37806e-06
6.72339e-06
4.37936e-06
4.94422e-06
4.28264e-06
3.24698e-06
4.08732e-06
1.63433e-06
3.77296e-06
7.65013e-08
3.34028e-06
-1.50624e-06
2.77441e-06
-3.10312e-06
2.07344e-06
-4.71636e-06
1.25107e-06
-6.36303e-06
2.10211e-07
-8.34454e-06
-1.00907e-06
-1.23047e-05
-1.45157e-06
-1.98683e-05
-2.21919e-05
7.5483e-07
2.08743e-06
1.84353e-06
6.62208e-06
2.84537e-06
9.28162e-06
3.79164e-06
1.03223e-05
4.65173e-06
1.02417e-05
5.35658e-06
9.36112e-06
5.86293e-06
7.99353e-06
6.17137e-06
6.41495e-06
6.30378e-06
4.8118e-06
6.28109e-06
3.26968e-06
6.10554e-06
1.80987e-06
5.76699e-06
4.1505e-07
5.24513e-06
-9.84378e-07
4.53893e-06
-2.39692e-06
3.64114e-06
-3.81857e-06
2.58016e-06
-5.30205e-06
1.30718e-06
-7.07156e-06
-2.01899e-07
-1.07956e-05
-9.48489e-07
-1.91217e-05
-2.31403e-05
5.38234e-07
1.54919e-06
1.65272e-06
5.50759e-06
2.93492e-06
7.99942e-06
4.24093e-06
9.01627e-06
5.47474e-06
9.00789e-06
6.53605e-06
8.29982e-06
7.35586e-06
7.17372e-06
7.9186e-06
5.85221e-06
8.23652e-06
4.49388e-06
8.32837e-06
3.17783e-06
8.2018e-06
1.93644e-06
7.85564e-06
7.61204e-07
7.24744e-06
-3.76178e-07
6.39273e-06
-1.5422e-06
5.27857e-06
-2.70441e-06
3.94801e-06
-3.97148e-06
2.45985e-06
-5.5834e-06
8.71193e-07
-9.20696e-06
-1.8492e-07
-1.80656e-05
-2.33253e-05
1.29415e-07
1.41978e-06
9.53071e-07
4.68393e-06
2.3652e-06
6.58729e-06
4.02691e-06
7.35456e-06
5.70008e-06
7.33472e-06
7.19899e-06
6.8009e-06
8.41808e-06
5.95463e-06
9.32512e-06
4.94517e-06
9.91386e-06
3.90514e-06
1.01976e-05
2.89411e-06
1.01817e-05
1.95228e-06
9.87306e-06
1.06989e-06
9.23781e-06
2.59077e-07
8.27832e-06
-5.82712e-07
6.99895e-06
-1.42504e-06
5.44767e-06
-2.4202e-06
3.77999e-06
-3.91571e-06
2.16063e-06
-7.58761e-06
6.21799e-07
-1.65267e-05
-2.27035e-05
-5.00875e-07
1.92065e-06
1.65303e-07
4.01776e-06
1.64199e-06
5.1106e-06
3.62376e-06
5.37279e-06
5.70805e-06
5.25043e-06
7.61461e-06
4.89434e-06
9.20468e-06
4.36456e-06
1.04356e-05
3.71429e-06
1.12872e-05
3.05348e-06
1.17775e-05
2.40384e-06
1.19108e-05
1.81893e-06
1.17082e-05
1.27251e-06
1.1185e-05
7.82323e-07
1.03258e-05
2.76465e-07
9.13432e-06
-2.33563e-07
7.67232e-06
-9.58204e-07
6.12806e-06
-2.37145e-06
4.38039e-06
-5.83993e-06
2.02361e-06
-1.417e-05
-2.06799e-05
-4.16222e-06
6.08287e-06
-3.63717e-06
3.49271e-06
-1.29653e-06
2.76996e-06
1.43025e-06
2.64601e-06
4.09878e-06
2.5819e-06
6.57115e-06
2.42196e-06
8.73947e-06
2.19625e-06
1.05445e-05
1.90931e-06
1.1968e-05
1.62992e-06
1.30354e-05
1.33644e-06
1.37631e-05
1.09128e-06
1.41938e-05
8.41739e-07
1.43184e-05
6.57727e-07
1.41507e-05
4.44179e-07
1.3671e-05
2.46117e-07
1.28942e-05
-1.81395e-07
1.18206e-05
-1.29786e-06
1.00688e-05
-4.0881e-06
5.61986e-06
-9.72102e-06
-1.506e-05
6.08287e-06
9.57558e-06
1.23455e-05
1.49915e-05
1.75735e-05
1.99954e-05
2.21917e-05
2.4101e-05
2.57309e-05
2.70673e-05
2.81586e-05
2.90004e-05
2.96581e-05
3.01023e-05
3.03484e-05
3.0167e-05
2.88691e-05
2.4781e-05
1.506e-05
)
;

boundaryField
{
    movingWall
    {
        type            calculated;
        value           uniform 0;
    }
    fixedWalls
    {
        type            calculated;
        value           uniform 0;
    }
    frontAndBack
    {
        type            empty;
        value           nonuniform List<scalar> 0();
    }
}


// ************************************************************************* //
