/*--------------------------------*- C++ -*----------------------------------*\
| =========                 |                                                 |
| \\      /  F ield         | OpenFOAM: The Open Source CFD Toolbox           |
|  \\    /   O peration     | Version:  2212                                  |
|   \\  /    A nd           | Website:  www.openfoam.com                      |
|    \\/     M anipulation  |                                                 |
\*---------------------------------------------------------------------------*/
FoamFile
{
    version     2.0;
    format      ascii;
    arch        "LSB;label=32;scalar=64";
    class       volVectorField;
    location    "3.005";
    object      U;
}
// * * * * * * * * * * * * * * * * * * * * * * * * * * * * * * * * * * * * * //

dimensions      [0 1 -1 0 0 0 0];

internalField   nonuniform List<vector> 
400
(
(0.00156505 -0.00158505 0)
(0.00446994 -0.00176875 0)
(0.00602598 -0.00113135 0)
(0.00506389 -0.000527541 0)
(0.00104666 0.000224978 0)
(-0.00707704 0.00172286 0)
(-0.0203293 0.00458268 0)
(-0.0385209 0.00830152 0)
(-0.0590497 0.0108021 0)
(-0.0769518 0.0101936 0)
(-0.0876197 0.00668541 0)
(-0.0885962 0.00175776 0)
(-0.0789637 -0.00338837 0)
(-0.0594632 -0.00797353 0)
(-0.0337401 -0.0105445 0)
(-0.00613895 -0.00958823 0)
(0.0155349 -0.00481792 0)
(0.0233918 0.00256422 0)
(0.0156435 0.00622172 0)
(0.00421626 0.00457262 0)
(0.00152094 -0.00464368 0)
(0.00262564 -0.00359219 0)
(-0.00107723 0.000751297 0)
(-0.0117027 0.00631984 0)
(-0.0310321 0.0135727 0)
(-0.0595482 0.0228151 0)
(-0.0939711 0.031735 0)
(-0.127683 0.0358394 0)
(-0.154768 0.0326931 0)
(-0.171874 0.0231191 0)
(-0.177509 0.00933103 0)
(-0.171618 -0.00635833 0)
(-0.15477 -0.0222089 0)
(-0.127628 -0.0357755 0)
(-0.092423 -0.0434479 0)
(-0.0518674 -0.0410078 0)
(-0.0118145 -0.0261036 0)
(0.016 -0.00172532 0)
(0.0172758 0.0155493 0)
(0.00542683 0.0143778 0)
(-0.0004017 -0.00502826 0)
(-0.00563335 0.00139635 0)
(-0.0195277 0.0140979 0)
(-0.0434974 0.0301387 0)
(-0.0779064 0.0475442 0)
(-0.118342 0.0620056 0)
(-0.157495 0.0683881 0)
(-0.189891 0.0644487 0)
(-0.213295 0.0513538 0)
(-0.227038 0.0314635 0)
(-0.23107 0.00706829 0)
(-0.225978 -0.0198144 0)
(-0.212066 -0.0470513 0)
(-0.188848 -0.0710956 0)
(-0.15605 -0.0868841 0)
(-0.113665 -0.0874695 0)
(-0.0635276 -0.0661169 0)
(-0.0138793 -0.0230174 0)
(0.00919384 0.0169559 0)
(0.0041423 0.0229133 0)
(-0.00342191 0.00123072 0)
(-0.0170838 0.0173895 0)
(-0.0422109 0.0402457 0)
(-0.0769947 0.0656737 0)
(-0.118764 0.0879313 0)
(-0.160565 0.10065 0)
(-0.196078 0.100321 0)
(-0.223163 0.0879478 0)
(-0.241975 0.0665152 0)
(-0.253059 0.0386717 0)
(-0.257201 0.00628414 0)
(-0.25518 -0.0293236 0)
(-0.24694 -0.0659897 0)
(-0.231441 -0.100795 0)
(-0.206713 -0.128363 0)
(-0.170089 -0.139997 0)
(-0.119126 -0.123682 0)
(-0.0558488 -0.0702237 0)
(-0.00111772 0.00267811 0)
(0.00471668 0.0274634 0)
(-0.00641937 0.0151006 0)
(-0.0276464 0.0432588 0)
(-0.060916 0.0745011 0)
(-0.100613 0.105085 0)
(-0.142221 0.127026 0)
(-0.178894 0.13448 0)
(-0.207021 0.126694 0)
(-0.226775 0.106946 0)
(-0.239374 0.0790022 0)
(-0.246472 0.0456264 0)
(-0.249746 0.00836678 0)
(-0.250153 -0.0319933 0)
(-0.247505 -0.0743403 0)
(-0.241177 -0.117351 0)
(-0.228408 -0.157131 0)
(-0.204591 -0.185306 0)
(-0.163794 -0.186708 0)
(-0.101484 -0.140789 0)
(-0.0218522 -0.038904 0)
(0.00719251 0.0263033 0)
(-0.00813358 0.0343178 0)
(-0.0336854 0.0745456 0)
(-0.070165 0.111073 0)
(-0.109027 0.142818 0)
(-0.14546 0.161203 0)
(-0.174046 0.161949 0)
(-0.193537 0.146823 0)
(-0.205309 0.120647 0)
(-0.211281 0.0877284 0)
(-0.2139 0.0510627 0)
(-0.215204 0.0121378 0)
(-0.216262 -0.0286594 0)
(-0.217302 -0.0718117 0)
(-0.218349 -0.117754 0)
(-0.217201 -0.165302 0)
(-0.208728 -0.208984 0)
(-0.184881 -0.234634 0)
(-0.137196 -0.215176 0)
(-0.0614153 -0.117125 0)
(0.00558028 0.0136953 0)
(-0.00789251 0.0554433 0)
(-0.0337621 0.106684 0)
(-0.0688789 0.145524 0)
(-0.103066 0.175519 0)
(-0.132172 0.18862 0)
(-0.152468 0.182275 0)
(-0.164345 0.160284 0)
(-0.169792 0.128594 0)
(-0.171174 0.0919931 0)
(-0.171036 0.0535547 0)
(-0.171021 0.0145626 0)
(-0.171886 -0.0249665 0)
(-0.174195 -0.066233 0)
(-0.17848 -0.110661 0)
(-0.184025 -0.159437 0)
(-0.187087 -0.211393 0)
(-0.179687 -0.25741 0)
(-0.151864 -0.271205 0)
(-0.0974153 -0.202822 0)
(-0.0086718 -0.0147348 0)
(-0.00582193 0.0750681 0)
(-0.0284183 0.136129 0)
(-0.0588572 0.175367 0)
(-0.0865186 0.202062 0)
(-0.10818 0.209332 0)
(-0.121629 0.196211 0)
(-0.128184 0.168172 0)
(-0.130071 0.132059 0)
(-0.129744 0.092952 0)
(-0.129262 0.0536876 0)
(-0.129444 0.0150585 0)
(-0.130513 -0.0233489 0)
(-0.132946 -0.0626738 0)
(-0.137471 -0.104323 0)
(-0.144668 -0.150437 0)
(-0.153111 -0.203438 0)
(-0.156632 -0.261183 0)
(-0.144816 -0.303768 0)
(-0.110588 -0.273367 0)
(-0.0302046 -0.0739671 0)
(-0.00257337 0.0902805 0)
(-0.0194332 0.160288 0)
(-0.0432204 0.199049 0)
(-0.0638152 0.221856 0)
(-0.078833 0.223691 0)
(-0.0872082 0.204982 0)
(-0.0906212 0.172377 0)
(-0.0911783 0.1333 0)
(-0.0910181 0.0929123 0)
(-0.0914432 0.0536262 0)
(-0.0925781 0.0155979 0)
(-0.0943217 -0.022033 0)
(-0.0968557 -0.0601852 0)
(-0.100731 -0.0997144 0)
(-0.107132 -0.142459 0)
(-0.116771 -0.192577 0)
(-0.126287 -0.254446 0)
(-0.125112 -0.318721 0)
(-0.106248 -0.330226 0)
(-0.0367675 -0.16016 0)
(0.00117128 0.098917 0)
(-0.0084706 0.177445 0)
(-0.0245165 0.216088 0)
(-0.0381077 0.235664 0)
(-0.0474023 0.233387 0)
(-0.0521362 0.2107 0)
(-0.0538629 0.175041 0)
(-0.0542387 0.134248 0)
(-0.054841 0.0934548 0)
(-0.0563207 0.0545572 0)
(-0.0584649 0.0171244 0)
(-0.0610863 -0.0200115 0)
(-0.0641746 -0.0576267 0)
(-0.0679585 -0.096068 0)
(-0.0734421 -0.136236 0)
(-0.0822888 -0.182121 0)
(-0.0944677 -0.242276 0)
(-0.0998217 -0.319281 0)
(-0.0944585 -0.367574 0)
(-0.0306854 -0.238672 0)
(0.00483557 0.099961 0)
(0.00285277 0.186634 0)
(-0.00514579 0.226238 0)
(-0.0120334 0.243431 0)
(-0.0162992 0.23834 0)
(-0.0180578 0.213402 0)
(-0.0185505 0.176411 0)
(-0.0188455 0.135224 0)
(-0.0199311 0.0947491 0)
(-0.0220381 0.0564917 0)
(-0.0248484 0.0197195 0)
(-0.0282455 -0.0168386 0)
(-0.0322377 -0.05398 0)
(-0.0368169 -0.091858 0)
(-0.0425821 -0.130539 0)
(-0.0509243 -0.172792 0)
(-0.0647148 -0.228856 0)
(-0.0739292 -0.312624 0)
(-0.080888 -0.391858 0)
(-0.0228644 -0.30285 0)
(0.00791718 0.0937872 0)
(0.0135043 0.187545 0)
(0.0134304 0.22964 0)
(0.0130614 0.246084 0)
(0.0137086 0.239951 0)
(0.0149791 0.214481 0)
(0.0159539 0.177498 0)
(0.0161222 0.136701 0)
(0.0150596 0.0967822 0)
(0.012803 0.0591609 0)
(0.00966659 0.0231207 0)
(0.00566173 -0.0125975 0)
(0.00064308 -0.048891 0)
(-0.00530149 -0.0859447 0)
(-0.0125677 -0.123457 0)
(-0.0215006 -0.162725 0)
(-0.0374018 -0.213452 0)
(-0.0490499 -0.298797 0)
(-0.0680108 -0.403748 0)
(-0.0145372 -0.355731 0)
(0.00958024 0.0815563 0)
(0.0221081 0.180252 0)
(0.0295213 0.225865 0)
(0.0352779 0.24264 0)
(0.0408377 0.236668 0)
(0.0457718 0.212094 0)
(0.0492232 0.176436 0)
(0.0508932 0.137007 0)
(0.0507175 0.0982879 0)
(0.0489211 0.0617469 0)
(0.0458052 0.0268598 0)
(0.0413192 -0.00755638 0)
(0.0352759 -0.0424355 0)
(0.0277215 -0.0780701 0)
(0.0179457 -0.11411 0)
(0.00690043 -0.150953 0)
(-0.0123278 -0.196935 0)
(-0.0251401 -0.280631 0)
(-0.056289 -0.406395 0)
(-0.00631461 -0.397822 0)
(0.0090972 0.0654256 0)
(0.0272568 0.165194 0)
(0.0420022 0.215207 0)
(0.0541322 0.234043 0)
(0.0651419 0.229806 0)
(0.0746619 0.207561 0)
(0.0817734 0.174379 0)
(0.086116 0.137061 0)
(0.0877528 0.0999588 0)
(0.0870165 0.064743 0)
(0.0842538 0.0312663 0)
(0.0793823 -0.0014901 0)
(0.0721624 -0.0342642 0)
(0.062799 -0.067667 0)
(0.0500689 -0.101484 0)
(0.0356156 -0.135688 0)
(0.0116813 -0.176956 0)
(-0.00136045 -0.257532 0)
(-0.0455442 -0.402445 0)
(0.00248345 -0.432704 0)
(0.0063639 0.048835 0)
(0.0273884 0.144632 0)
(0.0481833 0.197342 0)
(0.0663984 0.217722 0)
(0.0833884 0.215364 0)
(0.0987346 0.196222 0)
(0.111141 0.166732 0)
(0.119875 0.132897 0)
(0.124834 0.0987535 0)
(0.126308 0.0660749 0)
(0.124586 0.0351031 0)
(0.11981 0.0050536 0)
(0.111432 -0.0245684 0)
(0.100105 -0.054574 0)
(0.0836969 -0.0850173 0)
(0.0651537 -0.116544 0)
(0.0358845 -0.154072 0)
(0.0221072 -0.231784 0)
(-0.0354058 -0.395159 0)
(0.0130514 -0.461605 0)
(0.00216922 0.0350851 0)
(0.021897 0.121067 0)
(0.047825 0.174829 0)
(0.0725428 0.196952 0)
(0.0964259 0.196838 0)
(0.118689 0.181227 0)
(0.137656 0.156152 0)
(0.15208 0.126722 0)
(0.161526 0.0965239 0)
(0.166222 0.067304 0)
(0.166153 0.0396473 0)
(0.162046 0.0131425 0)
(0.152566 -0.0126057 0)
(0.139313 -0.0383007 0)
(0.118824 -0.0642938 0)
(0.096097 -0.0921701 0)
(0.061268 -0.126865 0)
(0.0450124 -0.202987 0)
(-0.0239095 -0.384356 0)
(0.0279239 -0.483622 0)
(-0.00328643 0.0298327 0)
(0.00880247 0.100205 0)
(0.0342465 0.14488 0)
(0.0648357 0.164558 0)
(0.0966583 0.165748 0)
(0.127461 0.154036 0)
(0.154704 0.134431 0)
(0.176646 0.110931 0)
(0.192261 0.086552 0)
(0.201865 0.0628218 0)
(0.204724 0.0405026 0)
(0.202492 0.0194304 0)
(0.192664 -0.000703546 0)
(0.178577 -0.0204944 0)
(0.154693 -0.0403939 0)
(0.129091 -0.0635444 0)
(0.0889209 -0.0971123 0)
(0.0677719 -0.176315 0)
(-0.00559385 -0.368279 0)
(0.0515521 -0.490587 0)
(-0.013154 0.0197379 0)
(-0.00752403 0.0882117 0)
(0.0173014 0.122233 0)
(0.052902 0.134146 0)
(0.0925152 0.133354 0)
(0.131531 0.12438 0)
(0.166666 0.110237 0)
(0.195606 0.0930983 0)
(0.216916 0.0753247 0)
(0.231561 0.0578686 0)
(0.237551 0.0417332 0)
(0.238531 0.0267156 0)
(0.229766 0.013085 0)
(0.218507 -0.000158538 0)
(0.194647 -0.0136256 0)
(0.171992 -0.0322309 0)
(0.129232 -0.0648385 0)
(0.105473 -0.144109 0)
(0.0363529 -0.325758 0)
(0.0919322 -0.455635 0)
(-0.105455 0.0832744 0)
(-0.0773821 0.0695492 0)
(-0.0490301 0.0725091 0)
(0.0019637 0.0762341 0)
(0.0539402 0.0762181 0)
(0.105202 0.0719787 0)
(0.151137 0.064911 0)
(0.192449 0.0558735 0)
(0.223921 0.0466368 0)
(0.251612 0.0374016 0)
(0.267329 0.0291866 0)
(0.282597 0.0215782 0)
(0.283521 0.0152082 0)
(0.288271 0.0090936 0)
(0.273167 0.00243435 0)
(0.267057 -0.00867494 0)
(0.228954 -0.0343124 0)
(0.21644 -0.0947737 0)
(0.149753 -0.229662 0)
(0.170582 -0.341511 0)
(0.130308 0.104027 0)
(0.15905 0.0759205 0)
(0.213281 0.0539609 0)
(0.271648 0.0421624 0)
(0.32364 0.0362277 0)
(0.375191 0.0320903 0)
(0.41888 0.0289748 0)
(0.463336 0.0256114 0)
(0.495811 0.0229588 0)
(0.530626 0.0198023 0)
(0.549912 0.0176984 0)
(0.575767 0.0148054 0)
(0.582191 0.0134229 0)
(0.600972 0.0106435 0)
(0.59303 0.00972421 0)
(0.602226 0.00531276 0)
(0.567155 0.000369749 0)
(0.547743 -0.0181161 0)
(0.436289 -0.0503532 0)
(0.33708 -0.101406 0)
)
;

boundaryField
{
    movingWall
    {
        type            fixedValue;
        value           uniform (1 0 0);
    }
    fixedWalls
    {
        type            noSlip;
    }
    frontAndBack
    {
        type            empty;
    }
}


// ************************************************************************* //
