/*--------------------------------*- C++ -*----------------------------------*\
| =========                 |                                                 |
| \\      /  F ield         | OpenFOAM: The Open Source CFD Toolbox           |
|  \\    /   O peration     | Version:  2212                                  |
|   \\  /    A nd           | Website:  www.openfoam.com                      |
|    \\/     M anipulation  |                                                 |
\*---------------------------------------------------------------------------*/
FoamFile
{
    version     2.0;
    format      ascii;
    arch        "LSB;label=32;scalar=64";
    class       volScalarField;
    location    "2.81";
    object      p;
}
// * * * * * * * * * * * * * * * * * * * * * * * * * * * * * * * * * * * * * //

dimensions      [0 2 -2 0 0 0 0];

internalField   nonuniform List<scalar> 
400
(
2.2793e-08
-0.000144594
-0.000504512
-0.00101053
-0.00163427
-0.00234841
-0.00300082
-0.00339087
-0.0033503
-0.00272971
-0.00138766
0.000700328
0.00324619
0.00546957
0.0065311
0.00604375
0.00426655
0.00250426
0.00148633
0.00140338
0.000117262
-4.81344e-05
-0.000345496
-0.000713865
-0.00117191
-0.00177658
-0.00253448
-0.00330547
-0.00379346
-0.00364386
-0.00259437
-0.000652403
0.00177698
0.00400431
0.00520084
0.00492528
0.00342509
0.00176268
0.000991437
0.00105799
0.000505933
0.000257404
-6.09797e-05
-0.00051502
-0.00124973
-0.0023914
-0.00390662
-0.00554235
-0.00686294
-0.00737008
-0.00672751
-0.00500193
-0.0025271
9.34213e-05
0.00205795
0.00273336
0.00209049
0.000927921
3.77476e-05
1.54407e-05
0.0010601
0.000678738
0.000178582
-0.000707762
-0.00224675
-0.00453956
-0.00737704
-0.0102963
-0.0127264
-0.0141285
-0.0141716
-0.0128793
-0.0104538
-0.00732352
-0.00416064
-0.00169371
-0.000397566
-0.000258232
-0.000846427
-0.00147726
0.00140129
0.000845997
-4.81262e-05
-0.00177133
-0.00459168
-0.0084462
-0.0128599
-0.0171525
-0.0206926
-0.0230238
-0.0238866
-0.0231619
-0.0209523
-0.0175209
-0.0132836
-0.00883213
-0.00494821
-0.00244485
-0.00176337
-0.00353492
0.00106594
0.000297097
-0.00117199
-0.00398451
-0.00829003
-0.0137362
-0.0195364
-0.0248656
-0.0291239
-0.0319928
-0.0333424
-0.0330745
-0.0312488
-0.0279935
-0.023433
-0.0177765
-0.0116119
-0.00631562
-0.00391282
-0.00599014
-0.000241876
-0.00123707
-0.00334324
-0.00723963
-0.0128726
-0.0195511
-0.026241
-0.032078
-0.0365666
-0.0395404
-0.0410055
-0.0409817
-0.0395223
-0.0366812
-0.0324199
-0.0266078
-0.0193517
-0.0118682
-0.00727063
-0.00727676
-0.00252226
-0.00369262
-0.00634712
-0.011083
-0.0176382
-0.0250366
-0.0321054
-0.0380284
-0.0424483
-0.0453252
-0.04675
-0.0468188
-0.045605
-0.0431439
-0.039369
-0.0340248
-0.0268321
-0.0182926
-0.0111214
-0.00753577
-0.00542995
-0.00667879
-0.00969282
-0.0149271
-0.0219562
-0.029625
-0.03672
-0.0425124
-0.0467635
-0.0495128
-0.0508874
-0.0509974
-0.0499154
-0.047689
-0.0443106
-0.0395942
-0.0330918
-0.0246151
-0.0158027
-0.00940813
-0.00844225
-0.00966513
-0.0128298
-0.0182325
-0.0253573
-0.0329891
-0.0399387
-0.0455534
-0.0496638
-0.0523371
-0.0536974
-0.0538349
-0.0528101
-0.0506863
-0.047529
-0.0432992
-0.0376396
-0.0299777
-0.0211804
-0.0134922
-0.0110732
-0.0121986
-0.0153155
-0.0206128
-0.0275507
-0.0349634
-0.0417206
-0.0472021
-0.0512487
-0.0539104
-0.0552877
-0.0554457
-0.0544309
-0.0523127
-0.0492195
-0.0452573
-0.0403188
-0.0337139
-0.025897
-0.0181147
-0.0130458
-0.0139907
-0.0168988
-0.0218451
-0.0283656
-0.0354341
-0.042005
-0.047441
-0.0515209
-0.0542429
-0.0556675
-0.0558396
-0.0547943
-0.0526039
-0.0494464
-0.0455474
-0.0411073
-0.0353957
-0.0286999
-0.0212666
-0.0143211
-0.0149492
-0.0174354
-0.0218216
-0.027743
-0.0343765
-0.0407756
-0.0462501
-0.0504622
-0.0533193
-0.0548277
-0.0550092
-0.0538939
-0.0515723
-0.0482494
-0.0442157
-0.0400268
-0.0348008
-0.0290087
-0.0218267
-0.0149781
-0.0151733
-0.0169859
-0.0205449
-0.0256748
-0.0317842
-0.0380143
-0.043594
-0.0480358
-0.0511182
-0.0527708
-0.0529843
-0.0517809
-0.0492673
-0.045693
-0.0414325
-0.0371091
-0.0319607
-0.0271255
-0.0194749
-0.0151325
-0.0148524
-0.0157347
-0.0181654
-0.0222868
-0.027764
-0.033809
-0.0395452
-0.0443086
-0.0477162
-0.0495945
-0.0498832
-0.0486082
-0.0458645
-0.0419635
-0.0373268
-0.0326087
-0.0273506
-0.0236635
-0.0140272
-0.0149035
-0.0142188
-0.0138791
-0.0148496
-0.01776
-0.0225064
-0.0283465
-0.0342766
-0.0394425
-0.043279
-0.0454904
-0.0459485
-0.0446719
-0.0417246
-0.0374561
-0.0323064
-0.0270122
-0.0214623
-0.01816
-0.00405317
-0.0143807
-0.013408
-0.0115677
-0.0108983
-0.0125304
-0.0165402
-0.0221935
-0.0283459
-0.0339728
-0.0383291
-0.0409939
-0.0417451
-0.0405728
-0.0375172
-0.0328733
-0.0270154
-0.0206554
-0.0137948
-0.00769508
0.0152114
-0.0144388
-0.0125844
-0.00875458
-0.00644762
-0.00698367
-0.0104485
-0.0160217
-0.0224337
-0.0285581
-0.0334983
-0.0367307
-0.0379182
-0.0370022
-0.0339777
-0.028993
-0.022072
-0.0134241
-0.00191109
0.0150602
0.0556636
-0.0117913
-0.011936
-0.00612994
-0.00235514
-0.00224087
-0.0055332
-0.011204
-0.0179118
-0.0245048
-0.0299837
-0.0337951
-0.0355167
-0.0350503
-0.0321267
-0.0265953
-0.0176494
-0.0040696
0.0188463
0.0587405
0.128166
-0.0294947
-0.0108655
-0.00118467
0.00233162
0.00179396
-0.00187089
-0.00781514
-0.0148288
-0.0217683
-0.027611
-0.0317817
-0.0338389
-0.033647
-0.0307884
-0.024616
-0.0129477
0.00852456
0.049609
0.121096
0.224547
)
;

boundaryField
{
    movingWall
    {
        type            zeroGradient;
    }
    fixedWalls
    {
        type            zeroGradient;
    }
    frontAndBack
    {
        type            empty;
    }
}


// ************************************************************************* //
