/*--------------------------------*- C++ -*----------------------------------*\
| =========                 |                                                 |
| \\      /  F ield         | OpenFOAM: The Open Source CFD Toolbox           |
|  \\    /   O peration     | Version:  2212                                  |
|   \\  /    A nd           | Website:  www.openfoam.com                      |
|    \\/     M anipulation  |                                                 |
\*---------------------------------------------------------------------------*/
FoamFile
{
    version     2.0;
    format      ascii;
    arch        "LSB;label=32;scalar=64";
    class       volScalarField;
    location    "4.595";
    object      p;
}
// * * * * * * * * * * * * * * * * * * * * * * * * * * * * * * * * * * * * * //

dimensions      [0 2 -2 0 0 0 0];

internalField   nonuniform List<scalar> 
400
(
-7.49125e-08
-0.000150505
-0.000532421
-0.00106693
-0.00172446
-0.0024817
-0.00316932
-0.00357989
-0.00354711
-0.00291723
-0.00153608
0.00062461
0.00324928
0.00551538
0.006547
0.00595629
0.00405389
0.00221128
0.00117356
0.0011026
0.000116092
-5.75327e-05
-0.000374527
-0.000760034
-0.00123813
-0.0018789
-0.00269171
-0.00352303
-0.00405519
-0.00391331
-0.00282575
-0.000811468
0.00169694
0.00396967
0.00514465
0.00478161
0.0031611
0.00143934
0.000658279
0.000746137
0.000533591
0.000264192
-7.59789e-05
-0.00055604
-0.00133931
-0.00256435
-0.00419079
-0.00594187
-0.00734982
-0.00788727
-0.00721168
-0.00541723
-0.00285517
-0.000161999
0.00182878
0.00247642
0.00177129
0.000570847
-0.000326682
-0.000327145
0.00114351
0.000735354
0.000190198
-0.000769632
-0.0024333
-0.00490039
-0.00793324
-0.0110335
-0.0135961
-0.0150591
-0.0150895
-0.0137309
-0.0111981
-0.0079471
-0.00467947
-0.0021405
-0.00080115
-0.000636498
-0.00121801
-0.00184897
0.00156537
0.0009607
-2.66894e-05
-0.00191112
-0.00496685
-0.00910439
-0.0137977
-0.0183248
-0.0220296
-0.0244467
-0.025317
-0.0245208
-0.0221816
-0.0185872
-0.0141743
-0.00954856
-0.00550392
-0.00287427
-0.00212526
-0.00394356
0.00126933
0.000428542
-0.00119719
-0.00427391
-0.00893024
-0.0147519
-0.0208876
-0.0264776
-0.0309108
-0.0338698
-0.0352265
-0.0348805
-0.0329138
-0.029472
-0.0246941
-0.0187978
-0.0123818
-0.00685742
-0.00432651
-0.00644131
-7.05631e-05
-0.00115937
-0.00348601
-0.00773868
-0.0138128
-0.0209243
-0.0279751
-0.0340813
-0.0387481
-0.0418145
-0.0432872
-0.0431869
-0.0415794
-0.0385319
-0.0340199
-0.0279255
-0.0203652
-0.0125809
-0.00776698
-0.00767324
-0.00246089
-0.00373965
-0.00666278
-0.0118202
-0.0188706
-0.0267286
-0.0341671
-0.0403643
-0.0449702
-0.0479493
-0.0493903
-0.0493884
-0.0480219
-0.0453364
-0.0412808
-0.0356201
-0.028092
-0.0192057
-0.0117149
-0.00791025
-0.00552814
-0.00689116
-0.0102003
-0.0158917
-0.0234409
-0.0315774
-0.0390444
-0.0451169
-0.0495644
-0.0524277
-0.0538283
-0.0538729
-0.052636
-0.0501738
-0.0464932
-0.0414328
-0.0345739
-0.0257331
-0.0165665
-0.00990319
-0.00870207
-0.0100388
-0.0135074
-0.019379
-0.0270289
-0.0351271
-0.042449
-0.0483486
-0.0526627
-0.0554565
-0.0568468
-0.0569207
-0.0557414
-0.0533789
-0.0499111
-0.0453215
-0.0392907
-0.0312657
-0.0221365
-0.0142061
-0.0114542
-0.0126921
-0.0161086
-0.0218683
-0.0293235
-0.0371983
-0.044328
-0.0500975
-0.0543504
-0.0571334
-0.0585395
-0.0586327
-0.0574638
-0.0551082
-0.0517043
-0.047378
-0.0420596
-0.0350988
-0.026984
-0.0190086
-0.0134891
-0.0145425
-0.0177354
-0.0231212
-0.0301401
-0.0376649
-0.0446108
-0.0503379
-0.0546254
-0.0574673
-0.0589179
-0.0590219
-0.0578213
-0.0553928
-0.0519267
-0.0476618
-0.0428372
-0.0367746
-0.0298137
-0.0222328
-0.0147742
-0.0154913
-0.0182346
-0.0230244
-0.0294165
-0.0364989
-0.0432781
-0.0490509
-0.053475
-0.0564528
-0.0579856
-0.0580951
-0.0568185
-0.0542547
-0.0506192
-0.0462134
-0.0416313
-0.0360528
-0.0300325
-0.0227291
-0.0154069
-0.0156531
-0.0176753
-0.0215855
-0.0271477
-0.0336944
-0.0403123
-0.0462038
-0.0508689
-0.0540785
-0.0557577
-0.0559008
-0.0545238
-0.0517549
-0.0478531
-0.0432054
-0.0384656
-0.03296
-0.0279553
-0.0201634
-0.0155186
-0.0152412
-0.0162602
-0.0189657
-0.0234643
-0.0293612
-0.0358052
-0.0418759
-0.0468842
-0.0504332
-0.052342
-0.0525509
-0.0511005
-0.0480816
-0.0438242
-0.03877
-0.0336098
-0.0279816
-0.0241637
-0.01435
-0.0152289
-0.0145069
-0.0142111
-0.0153515
-0.0185619
-0.0237011
-0.0299531
-0.0362479
-0.0416906
-0.045693
-0.0479497
-0.0483317
-0.0468626
-0.0436124
-0.0389496
-0.0333406
-0.0275744
-0.0216415
-0.0181038
-0.00389545
-0.014625
-0.0135891
-0.011687
-0.0110585
-0.0129022
-0.0172724
-0.0233497
-0.0299019
-0.0358459
-0.0404033
-0.0431379
-0.0438242
-0.0424555
-0.0390643
-0.0339836
-0.0276122
-0.0207214
-0.013403
-0.00696342
0.0158957
-0.0145628
-0.012644
-0.00865762
-0.00626174
-0.00692559
-0.0107174
-0.0167203
-0.0235618
-0.0300424
-0.0352213
-0.0385513
-0.0396846
-0.0385679
-0.0352142
-0.0297696
-0.0222777
-0.0130026
-0.000919263
0.016416
0.0568317
-0.0117912
-0.0118365
-0.00576818
-0.00184574
-0.00183231
-0.00543533
-0.0115412
-0.018702
-0.025684
-0.0314323
-0.0353693
-0.0370645
-0.0364207
-0.0331628
-0.0271408
-0.0175881
-0.00332813
0.0202057
0.0603878
0.129564
-0.029507
-0.0106477
-0.000670131
0.00299014
0.00235876
-0.00161175
-0.0079915
-0.0154672
-0.022811
-0.028943
-0.0332602
-0.0353085
-0.0349512
-0.0317731
-0.0251438
-0.0128966
0.00925611
0.0509094
0.122596
0.225846
)
;

boundaryField
{
    movingWall
    {
        type            zeroGradient;
    }
    fixedWalls
    {
        type            zeroGradient;
    }
    frontAndBack
    {
        type            empty;
    }
}


// ************************************************************************* //
