/*--------------------------------*- C++ -*----------------------------------*\
| =========                 |                                                 |
| \\      /  F ield         | OpenFOAM: The Open Source CFD Toolbox           |
|  \\    /   O peration     | Version:  2212                                  |
|   \\  /    A nd           | Website:  www.openfoam.com                      |
|    \\/     M anipulation  |                                                 |
\*---------------------------------------------------------------------------*/
FoamFile
{
    version     2.0;
    format      ascii;
    arch        "LSB;label=32;scalar=64";
    class       volScalarField;
    location    "4.78";
    object      p;
}
// * * * * * * * * * * * * * * * * * * * * * * * * * * * * * * * * * * * * * //

dimensions      [0 2 -2 0 0 0 0];

internalField   nonuniform List<scalar> 
400
(
-5.93309e-09
-0.000150524
-0.000532817
-0.0010678
-0.00172589
-0.00248389
-0.00317213
-0.00358303
-0.00355033
-0.00292017
-0.00153819
0.000623895
0.00324972
0.00551578
0.00654551
0.00595139
0.00404573
0.00220132
0.00116334
0.00109274
0.000116124
-5.76347e-05
-0.000374959
-0.000760745
-0.00123915
-0.00188053
-0.0026943
-0.0035267
-0.00405964
-0.00391779
-0.0028294
-0.000813719
0.0016959
0.00396865
0.00514187
0.0047757
0.00315176
0.00142878
0.000647609
0.000736068
0.0005341
0.000264334
-7.61999e-05
-0.000556667
-0.00134074
-0.00256728
-0.00419586
-0.00594931
-0.00735914
-0.00789727
-0.00722094
-0.00542507
-0.00286143
-0.000167401
0.0018228
0.00246855
0.00176107
0.000559519
-0.000338128
-0.000337907
0.00114502
0.0007364
0.000190481
-0.0007706
-0.00243654
-0.00490707
-0.00794411
-0.0110486
-0.0136147
-0.0150795
-0.0151099
-0.0137498
-0.0112146
-0.00796121
-0.00469187
-0.00215216
-0.000812711
-0.000648067
-0.00122972
-0.00186038
0.00156852
0.000962948
-2.61129e-05
-0.00191353
-0.00497394
-0.00911759
-0.0138176
-0.0183512
-0.0220614
-0.0244818
-0.0253531
-0.0245553
-0.0222128
-0.0186141
-0.0141967
-0.00956687
-0.00551884
-0.00288671
-0.00213645
-0.00395584
0.00127346
0.000431303
-0.00119741
-0.00427941
-0.00894327
-0.0147739
-0.0209189
-0.0265175
-0.0309578
-0.0339216
-0.0352801
-0.0349326
-0.0329618
-0.029514
-0.0247291
-0.0188257
-0.0124028
-0.00687264
-0.00433876
-0.00645496
-6.68555e-05
-0.00115752
-0.0034886
-0.0077489
-0.0138333
-0.0209562
-0.0280186
-0.0341353
-0.038811
-0.0418835
-0.0433589
-0.0432573
-0.0416452
-0.0385902
-0.034069
-0.0279646
-0.0203946
-0.0126013
-0.00778149
-0.00768549
-0.00245932
-0.00374034
-0.00666921
-0.0118362
-0.0188991
-0.0267705
-0.0342224
-0.040432
-0.0450484
-0.0480352
-0.0494799
-0.0494773
-0.0481056
-0.0454112
-0.0413443
-0.0356714
-0.0281311
-0.0192333
-0.0117326
-0.00792164
-0.00553001
-0.00689554
-0.0102113
-0.0159138
-0.023477
-0.0316284
-0.0391103
-0.0451967
-0.0496563
-0.0525286
-0.0539339
-0.0539782
-0.0527359
-0.0502638
-0.0465702
-0.0414955
-0.0346226
-0.0257686
-0.01659
-0.00991805
-0.00870768
-0.010047
-0.0135228
-0.0194063
-0.0270712
-0.0351852
-0.042523
-0.0484376
-0.0527649
-0.0555686
-0.0569644
-0.0570383
-0.0558536
-0.0534806
-0.0499987
-0.0453933
-0.0393471
-0.0313083
-0.0221669
-0.014228
-0.0114628
-0.0127034
-0.0161273
-0.0218992
-0.0293696
-0.0372607
-0.0444067
-0.0501917
-0.0544583
-0.0572517
-0.0586636
-0.0587571
-0.0575827
-0.0552164
-0.0517978
-0.0474549
-0.0421203
-0.0351453
-0.0270191
-0.0190366
-0.0134993
-0.0145555
-0.0177556
-0.0231531
-0.0301871
-0.037728
-0.0446901
-0.0504327
-0.0547338
-0.0575861
-0.0590426
-0.0591469
-0.0579408
-0.0555014
-0.0520205
-0.0477385
-0.0428973
-0.0368207
-0.0298496
-0.0222632
-0.0147849
-0.0155042
-0.0182541
-0.0230548
-0.029461
-0.0365588
-0.0433539
-0.0491416
-0.053579
-0.0565669
-0.0581053
-0.058215
-0.0569328
-0.0543581
-0.0507077
-0.0462846
-0.0416857
-0.0360933
-0.0300645
-0.0227567
-0.0154171
-0.0156646
-0.0176923
-0.0216118
-0.0271867
-0.0337477
-0.0403805
-0.0462864
-0.0509642
-0.0541834
-0.0558679
-0.0560112
-0.0546283
-0.0518483
-0.0479313
-0.0432662
-0.038509
-0.0329901
-0.0279794
-0.0201828
-0.0155279
-0.0152507
-0.0162731
-0.0189858
-0.0234949
-0.0294046
-0.0358626
-0.0419471
-0.0469675
-0.0505257
-0.0524393
-0.0526477
-0.0511917
-0.0481615
-0.0438885
-0.0388164
-0.0336387
-0.0279972
-0.0241756
-0.0143564
-0.0152368
-0.014514
-0.0142194
-0.0153639
-0.0185821
-0.0237325
-0.0299974
-0.0363055
-0.04176
-0.0457713
-0.0480327
-0.0484142
-0.046939
-0.0436771
-0.0389982
-0.0333706
-0.0275868
-0.0216408
-0.0180965
-0.00388597
-0.0146311
-0.0135938
-0.0116902
-0.0110623
-0.012911
-0.0172905
-0.0233799
-0.029945
-0.0359008
-0.0404672
-0.0432066
-0.0438926
-0.0425178
-0.0391144
-0.034017
-0.0276263
-0.0207167
-0.0133836
-0.00693511
0.015921
-0.0145661
-0.0126459
-0.0086558
-0.00625723
-0.00692344
-0.0107228
-0.0167371
-0.0235912
-0.0300838
-0.0352719
-0.038607
-0.0397401
-0.0386174
-0.0352521
-0.0297911
-0.0222789
-0.0129829
-0.000882416
0.0164615
0.0568697
-0.0117916
-0.011835
-0.00576051
-0.0018337
-0.00182148
-0.00543113
-0.0115478
-0.0187212
-0.0257155
-0.0314734
-0.035416
-0.0371117
-0.0364629
-0.033194
-0.0271551
-0.0175817
-0.00329989
0.0202518
0.06044
0.129607
-0.0295082
-0.0106439
-0.000659066
0.00300566
0.00237339
-0.00160348
-0.00799379
-0.0154821
-0.0228382
-0.0289802
-0.0333035
-0.0353529
-0.0349911
-0.0318026
-0.0251579
-0.0128915
0.00928251
0.0509521
0.122642
0.225884
)
;

boundaryField
{
    movingWall
    {
        type            zeroGradient;
    }
    fixedWalls
    {
        type            zeroGradient;
    }
    frontAndBack
    {
        type            empty;
    }
}


// ************************************************************************* //
