/*--------------------------------*- C++ -*----------------------------------*\
| =========                 |                                                 |
| \\      /  F ield         | OpenFOAM: The Open Source CFD Toolbox           |
|  \\    /   O peration     | Version:  2212                                  |
|   \\  /    A nd           | Website:  www.openfoam.com                      |
|    \\/     M anipulation  |                                                 |
\*---------------------------------------------------------------------------*/
FoamFile
{
    version     2.0;
    format      ascii;
    arch        "LSB;label=32;scalar=64";
    class       volVectorField;
    location    "4.78";
    object      U;
}
// * * * * * * * * * * * * * * * * * * * * * * * * * * * * * * * * * * * * * //

dimensions      [0 1 -1 0 0 0 0];

internalField   nonuniform List<vector> 
400
(
(0.00167109 -0.0016745 0)
(0.00480388 -0.00188059 0)
(0.00653653 -0.00119408 0)
(0.0056143 -0.000570619 0)
(0.00151769 0.000188033 0)
(-0.00685842 0.00173847 0)
(-0.0205859 0.0047679 0)
(-0.0394435 0.00869533 0)
(-0.0606382 0.0112472 0)
(-0.0789256 0.0104863 0)
(-0.0896107 0.00677426 0)
(-0.0903111 0.00168888 0)
(-0.0801577 -0.00358168 0)
(-0.0600195 -0.00823573 0)
(-0.0336346 -0.0108142 0)
(-0.00546596 -0.00978011 0)
(0.0165363 -0.00479557 0)
(0.0243256 0.0027429 0)
(0.0161152 0.00644011 0)
(0.00430616 0.00470108 0)
(0.00170056 -0.00502443 0)
(0.00310741 -0.00398856 0)
(-0.000489346 0.000606513 0)
(-0.0113807 0.00643422 0)
(-0.0314073 0.0140086 0)
(-0.0610119 0.0236826 0)
(-0.0965725 0.0329268 0)
(-0.131079 0.0369587 0)
(-0.158535 0.0334274 0)
(-0.175659 0.0233745 0)
(-0.181039 0.00914502 0)
(-0.174728 -0.00690321 0)
(-0.1573 -0.0230489 0)
(-0.129492 -0.0367766 0)
(-0.0935624 -0.044446 0)
(-0.0522457 -0.0417712 0)
(-0.0115213 -0.0263517 0)
(0.0167441 -0.00136703 0)
(0.0177895 0.0161293 0)
(0.00552778 0.0147663 0)
(-0.000258553 -0.00570349 0)
(-0.00541677 0.000868572 0)
(-0.0196218 0.0142921 0)
(-0.044432 0.0311405 0)
(-0.0801235 0.0492607 0)
(-0.121823 0.0640748 0)
(-0.161832 0.0702967 0)
(-0.194661 0.0658291 0)
(-0.218197 0.0520737 0)
(-0.231849 0.031514 0)
(-0.235625 0.00649544 0)
(-0.230187 -0.0209452 0)
(-0.215846 -0.0486377 0)
(-0.192099 -0.0729627 0)
(-0.158677 -0.0887829 0)
(-0.115544 -0.0890621 0)
(-0.0645043 -0.0669881 0)
(-0.0138861 -0.0227804 0)
(0.00943016 0.0177679 0)
(0.00415363 0.0234928 0)
(-0.00347156 0.000542544 0)
(-0.017487 0.0172751 0)
(-0.043409 0.0413952 0)
(-0.0794312 0.0679487 0)
(-0.122529 0.0908143 0)
(-0.165261 0.103471 0)
(-0.201211 0.102563 0)
(-0.228445 0.0894141 0)
(-0.247226 0.0671778 0)
(-0.258155 0.0385579 0)
(-0.262071 0.00543009 0)
(-0.259779 -0.0308744 0)
(-0.251214 -0.0681112 0)
(-0.235329 -0.10334 0)
(-0.210133 -0.131089 0)
(-0.172924 -0.14256 0)
(-0.121145 -0.125579 0)
(-0.0567725 -0.0708709 0)
(-0.00102766 0.00339945 0)
(0.00474035 0.0281307 0)
(-0.00664192 0.0148353 0)
(-0.0286306 0.0440503 0)
(-0.0630567 0.0768447 0)
(-0.104053 0.108511 0)
(-0.146696 0.130717 0)
(-0.183857 0.137707 0)
(-0.21209 0.129079 0)
(-0.231788 0.108424 0)
(-0.244243 0.0796036 0)
(-0.251181 0.0454061 0)
(-0.254294 0.00736682 0)
(-0.254508 -0.033707 0)
(-0.251598 -0.0766578 0)
(-0.24501 -0.12017 0)
(-0.23193 -0.160277 0)
(-0.207737 -0.188529 0)
(-0.166389 -0.189597 0)
(-0.103209 -0.1427 0)
(-0.0221797 -0.0389539 0)
(0.00735228 0.026971 0)
(-0.00847191 0.0348383 0)
(-0.0350214 0.0764446 0)
(-0.0727718 0.114546 0)
(-0.112764 0.147139 0)
(-0.149871 0.165413 0)
(-0.178617 0.165377 0)
(-0.198044 0.149246 0)
(-0.209699 0.1221 0)
(-0.215567 0.0882855 0)
(-0.218134 0.0507889 0)
(-0.219375 0.0110764 0)
(-0.2203 -0.0304349 0)
(-0.221108 -0.074224 0)
(-0.221892 -0.120676 0)
(-0.220452 -0.168574 0)
(-0.211684 -0.212428 0)
(-0.187501 -0.238038 0)
(-0.139316 -0.218139 0)
(-0.0626777 -0.118793 0)
(0.00579693 0.0141065 0)
(-0.00824563 0.0568587 0)
(-0.035159 0.10967 0)
(-0.0714817 0.149939 0)
(-0.106558 0.180486 0)
(-0.13606 0.193142 0)
(-0.156363 0.185789 0)
(-0.168171 0.16271 0)
(-0.173597 0.130041 0)
(-0.175053 0.0925545 0)
(-0.175052 0.0532691 0)
(-0.175114 0.0134233 0)
(-0.175925 -0.0269387 0)
(-0.178035 -0.0689709 0)
(-0.181979 -0.113966 0)
(-0.187096 -0.163045 0)
(-0.189735 -0.215055 0)
(-0.181989 -0.260998 0)
(-0.153863 -0.274628 0)
(-0.0990976 -0.205537 0)
(-0.00889466 -0.014685 0)
(-0.00609326 0.0773366 0)
(-0.0296189 0.140079 0)
(-0.0610939 0.180538 0)
(-0.0894227 0.207521 0)
(-0.11132 0.214088 0)
(-0.124761 0.199808 0)
(-0.131339 0.170654 0)
(-0.133358 0.133601 0)
(-0.133279 0.0936499 0)
(-0.133059 0.0535217 0)
(-0.133397 0.0139392 0)
(-0.134484 -0.0254748 0)
(-0.136781 -0.0657576 0)
(-0.140979 -0.108153 0)
(-0.14768 -0.154658 0)
(-0.15555 -0.207635 0)
(-0.158578 -0.265105 0)
(-0.146384 -0.307472 0)
(-0.111966 -0.276682 0)
(-0.030854 -0.0751966 0)
(-0.00270308 0.0932489 0)
(-0.0202823 0.165042 0)
(-0.0448837 0.204812 0)
(-0.0659646 0.227683 0)
(-0.0811419 0.22863 0)
(-0.0895471 0.208687 0)
(-0.0930709 0.174998 0)
(-0.0938518 0.135056 0)
(-0.093994 0.0938749 0)
(-0.0946792 0.0536974 0)
(-0.0959632 0.0146167 0)
(-0.0977556 -0.0241593 0)
(-0.100231 -0.063427 0)
(-0.103898 -0.103903 0)
(-0.109903 -0.147244 0)
(-0.118965 -0.197414 0)
(-0.127906 -0.258841 0)
(-0.126235 -0.322694 0)
(-0.107252 -0.334092 0)
(-0.0372442 -0.162978 0)
(0.00122231 0.102318 0)
(-0.00886627 0.182781 0)
(-0.0254722 0.222276 0)
(-0.0393894 0.241781 0)
(-0.0488024 0.238531 0)
(-0.0536086 0.214591 0)
(-0.0554904 0.177883 0)
(-0.056099 0.136271 0)
(-0.0569587 0.0946868 0)
(-0.0586229 0.0548433 0)
(-0.0608675 0.0162768 0)
(-0.0635461 -0.0220807 0)
(-0.0666546 -0.0608987 0)
(-0.0703791 -0.100437 0)
(-0.0756597 -0.141433 0)
(-0.0840751 -0.187581 0)
(-0.0957096 -0.247232 0)
(-0.100463 -0.323475 0)
(-0.0950312 -0.371506 0)
(-0.0308714 -0.241985 0)
(0.00509117 0.103455 0)
(0.00296032 0.192315 0)
(-0.00533449 0.232709 0)
(-0.0124047 0.249755 0)
(-0.0167576 0.243652 0)
(-0.0186061 0.217462 0)
(-0.0192433 0.179441 0)
(-0.0197134 0.137445 0)
(-0.0209615 0.0961635 0)
(-0.0231633 0.0569257 0)
(-0.026028 0.0189925 0)
(-0.0294895 -0.0187982 0)
(-0.0335652 -0.0571587 0)
(-0.038206 -0.0961945 0)
(-0.0439671 -0.13588 0)
(-0.0521033 -0.178683 0)
(-0.0655254 -0.234371 0)
(-0.0741396 -0.31716 0)
(-0.0811341 -0.395963 0)
(-0.0229205 -0.306467 0)
(0.00839532 0.0970066 0)
(0.0141398 0.193286 0)
(0.0140289 0.236207 0)
(0.0136407 0.252511 0)
(0.0142662 0.245407 0)
(0.0154664 0.218721 0)
(0.0163332 0.180711 0)
(0.0163946 0.139078 0)
(0.0152552 0.0983149 0)
(0.0129682 0.0596879 0)
(0.00979925 0.0224912 0)
(0.00571135 -0.0144363 0)
(0.000559822 -0.0519298 0)
(-0.00552194 -0.090138 0)
(-0.0129417 -0.12873 0)
(-0.0218824 -0.168776 0)
(-0.0376466 -0.219322 0)
(-0.0487727 -0.303481 0)
(-0.06792 -0.407727 0)
(-0.0144674 -0.359343 0)
(0.0102367 0.0841158 0)
(0.0232541 0.185724 0)
(0.0308776 0.232347 0)
(0.036774 0.249067 0)
(0.0424025 0.242198 0)
(0.0473238 0.216436 0)
(0.0507257 0.179722 0)
(0.0523611 0.139407 0)
(0.0521823 0.0998187 0)
(0.0504055 0.062291 0)
(0.0472701 0.0263 0)
(0.0426788 -0.00925536 0)
(0.0364572 -0.0453029 0)
(0.0287135 -0.0820578 0)
(0.0186638 -0.11918 0)
(0.00742086 -0.156946 0)
(-0.0119298 -0.203005 0)
(-0.0244043 -0.285464 0)
(-0.0559283 -0.410268 0)
(-0.00616573 -0.40124 0)
(0.0097784 0.0670068 0)
(0.0288004 0.170011 0)
(0.0440379 0.221324 0)
(0.0565061 0.240289 0)
(0.0677288 0.235322 0)
(0.0773456 0.211981 0)
(0.0844937 0.177744 0)
(0.0888699 0.139502 0)
(0.0905535 0.101509 0)
(0.0898566 0.0653308 0)
(0.0871158 0.0308146 0)
(0.0820846 -0.0030703 0)
(0.0746297 -0.0369286 0)
(0.0650266 -0.0713668 0)
(0.051919 -0.106207 0)
(0.0371253 -0.141366 0)
(0.0128274 -0.182899 0)
(-0.000190836 -0.262269 0)
(-0.0449381 -0.406039 0)
(0.00271826 -0.435714 0)
(0.00685649 0.0493319 0)
(0.0291076 0.148444 0)
(0.0507171 0.202846 0)
(0.0694828 0.223616 0)
(0.0868546 0.22071 0)
(0.102447 0.200573 0)
(0.115012 0.170042 0)
(0.12387 0.135257 0)
(0.128936 0.100221 0)
(0.13047 0.0666235 0)
(0.128748 0.0347024 0)
(0.123826 0.00362782 0)
(0.115237 -0.0269451 0)
(0.103604 -0.0578853 0)
(0.0866863 -0.0892581 0)
(0.0676739 -0.121696 0)
(0.0378165 -0.159623 0)
(0.0235343 -0.236263 0)
(-0.0346166 -0.39838 0)
(0.0134035 -0.464009 0)
(0.00235872 0.0346945 0)
(0.0234178 0.123573 0)
(0.0505454 0.179322 0)
(0.07612 0.20215 0)
(0.100642 0.201774 0)
(0.123386 0.185382 0)
(0.142704 0.159384 0)
(0.157381 0.129054 0)
(0.167004 0.0980058 0)
(0.171796 0.0679359 0)
(0.17171 0.0394305 0)
(0.167469 0.0120688 0)
(0.157687 -0.0145127 0)
(0.144058 -0.0410628 0)
(0.122942 -0.0678921 0)
(0.0996057 -0.0965471 0)
(0.0639956 -0.131686 0)
(0.0466524 -0.206745 0)
(-0.0229131 -0.386688 0)
(0.0284312 -0.485289 0)
(-0.00340823 0.0287806 0)
(0.00991464 0.101377 0)
(0.0367452 0.148252 0)
(0.0684258 0.168838 0)
(0.101146 0.169984 0)
(0.132696 0.157695 0)
(0.160529 0.137311 0)
(0.182919 0.113 0)
(0.198832 0.0878391 0)
(0.208641 0.0633573 0)
(0.211503 0.0402966 0)
(0.209217 0.0185201 0)
(0.199014 -0.00234465 0)
(0.184487 -0.0227943 0)
(0.159865 -0.0433109 0)
(0.133474 -0.0669833 0)
(0.0922302 -0.100921 0)
(0.0695295 -0.179443 0)
(-0.00456237 -0.369807 0)
(0.0520645 -0.491511 0)
(-0.0139012 0.0186796 0)
(-0.007502 0.0882081 0)
(0.0190016 0.123982 0)
(0.0560184 0.136935 0)
(0.0969492 0.136436 0)
(0.137115 0.127232 0)
(0.173164 0.112602 0)
(0.20282 0.0948853 0)
(0.224566 0.0765057 0)
(0.23953 0.0584695 0)
(0.245509 0.0417353 0)
(0.246402 0.0261792 0)
(0.237143 0.0119671 0)
(0.225424 -0.00171161 0)
(0.200635 -0.0156492 0)
(0.176911 -0.034542 0)
(0.13286 -0.0673223 0)
(0.107486 -0.145725 0)
(0.0373134 -0.326087 0)
(0.0923032 -0.455859 0)
(-0.105941 0.0825322 0)
(-0.0776902 0.0690868 0)
(-0.0485888 0.0732946 0)
(0.0035935 0.0777059 0)
(0.0569045 0.0779758 0)
(0.109425 0.0736896 0)
(0.156397 0.0663678 0)
(0.19857 0.0569987 0)
(0.230544 0.0473808 0)
(0.258583 0.0377897 0)
(0.274271 0.0292016 0)
(0.289419 0.021287 0)
(0.289848 0.0146026 0)
(0.294065 0.00826978 0)
(0.277967 0.00135179 0)
(0.270957 -0.00978866 0)
(0.231857 -0.0353728 0)
(0.217932 -0.0953337 0)
(0.150171 -0.229723 0)
(0.170665 -0.341477 0)
(0.130012 0.103774 0)
(0.158412 0.0753104 0)
(0.212313 0.0533217 0)
(0.270816 0.0416971 0)
(0.323328 0.0359608 0)
(0.375659 0.0319726 0)
(0.42013 0.028927 0)
(0.465319 0.0255855 0)
(0.498309 0.0229102 0)
(0.533478 0.0197235 0)
(0.552876 0.0175707 0)
(0.578684 0.0146419 0)
(0.58486 0.0132084 0)
(0.603273 0.0103976 0)
(0.5948 0.00944164 0)
(0.603422 0.00505169 0)
(0.567734 0.00013107 0)
(0.547678 -0.0182911 0)
(0.435814 -0.050414 0)
(0.336812 -0.101398 0)
)
;

boundaryField
{
    movingWall
    {
        type            fixedValue;
        value           uniform (1 0 0);
    }
    fixedWalls
    {
        type            noSlip;
    }
    frontAndBack
    {
        type            empty;
    }
}


// ************************************************************************* //
