/*--------------------------------*- C++ -*----------------------------------*\
| =========                 |                                                 |
| \\      /  F ield         | OpenFOAM: The Open Source CFD Toolbox           |
|  \\    /   O peration     | Version:  2212                                  |
|   \\  /    A nd           | Website:  www.openfoam.com                      |
|    \\/     M anipulation  |                                                 |
\*---------------------------------------------------------------------------*/
FoamFile
{
    version     2.0;
    format      ascii;
    arch        "LSB;label=32;scalar=64";
    class       volScalarField;
    location    "2.185";
    object      p;
}
// * * * * * * * * * * * * * * * * * * * * * * * * * * * * * * * * * * * * * //

dimensions      [0 2 -2 0 0 0 0];

internalField   nonuniform List<scalar> 
400
(
1.772e-09
-0.000134635
-0.000449561
-0.000895794
-0.00145122
-0.00208044
-0.00265988
-0.00300427
-0.00294219
-0.00233064
-0.00105173
0.000906802
0.0032879
0.0053746
0.00639807
0.0059975
0.00439123
0.0027648
0.00179919
0.00170549
0.000119839
-3.33458e-05
-0.000285558
-0.000618954
-0.00103612
-0.0015699
-0.00222054
-0.00287275
-0.00327097
-0.0030968
-0.00210653
-0.000294084
0.00197161
0.00405833
0.00520113
0.00498507
0.00363011
0.00208233
0.00134371
0.00138588
0.000443116
0.000241435
-3.18781e-05
-0.000431617
-0.00107027
-0.00205252
-0.00336203
-0.00479505
-0.00596964
-0.00642739
-0.00583687
-0.00422898
-0.0019189
0.000532278
0.00237563
0.00301188
0.00241199
0.00130678
0.000444678
0.000401988
0.000899807
0.00056491
0.000154701
-0.000585049
-0.00188458
-0.00385852
-0.00636549
-0.00901055
-0.011268
-0.012611
-0.0126921
-0.0115099
-0.00925947
-0.00633957
-0.00338296
-0.00107998
0.000105166
0.000184514
-0.000419448
-0.00102903
0.00107661
0.000617366
-9.29273e-05
-0.00150416
-0.00388941
-0.00725822
-0.0112526
-0.0152629
-0.0186643
-0.0209676
-0.0218791
-0.0212755
-0.0192421
-0.0160239
-0.0120249
-0.00782638
-0.00419107
-0.00188923
-0.00131614
-0.00301212
0.0006628
3.28348e-05
-0.00113482
-0.00345199
-0.00713859
-0.0119955
-0.017378
-0.0224966
-0.0267078
-0.0296268
-0.0310774
-0.0309485
-0.0292773
-0.0261964
-0.0218431
-0.0164411
-0.0105793
-0.00558628
-0.00336342
-0.00540718
-0.000591099
-0.0014087
-0.00310085
-0.00635474
-0.0112524
-0.0173269
-0.0236734
-0.0294072
-0.0339438
-0.0370304
-0.0386246
-0.0387337
-0.0374061
-0.0347087
-0.0306236
-0.0250409
-0.0180794
-0.0109323
-0.0065989
-0.00675136
-0.00267952
-0.00364968
-0.00581298
-0.00982001
-0.0156004
-0.0224408
-0.0292619
-0.0351738
-0.039702
-0.0427226
-0.0442845
-0.0444732
-0.0433691
-0.0410272
-0.0374057
-0.0322707
-0.0253538
-0.0171547
-0.0103362
-0.00702163
-0.00531342
-0.00635782
-0.00884787
-0.0133214
-0.0195852
-0.0267587
-0.0336842
-0.0395231
-0.0439108
-0.0468106
-0.048317
-0.0485351
-0.0475486
-0.045426
-0.0421865
-0.0376662
-0.0314261
-0.0232793
-0.0148292
-0.00873792
-0.00805377
-0.00907941
-0.0117191
-0.0163652
-0.0227517
-0.0299342
-0.0367556
-0.0424382
-0.046689
-0.0495092
-0.0509959
-0.0512361
-0.0503
-0.0482712
-0.0452443
-0.0412039
-0.0358008
-0.0284564
-0.0199882
-0.0125634
-0.0104846
-0.0114207
-0.0140307
-0.0185948
-0.0248186
-0.0317934
-0.0384184
-0.043956
-0.0481284
-0.0509273
-0.0524258
-0.0526858
-0.0517612
-0.0497379
-0.0467772
-0.0430089
-0.0383325
-0.0320411
-0.024526
-0.0169624
-0.0123558
-0.0131207
-0.0155539
-0.0198049
-0.0256285
-0.0322342
-0.0386223
-0.0440678
-0.0482421
-0.051083
-0.0526225
-0.0529001
-0.0519575
-0.04987
-0.0468654
-0.0431825
-0.0390287
-0.0336419
-0.0272324
-0.0199858
-0.0136171
-0.014101
-0.0161561
-0.0198925
-0.0251279
-0.0312474
-0.0373782
-0.0427825
-0.0470364
-0.0499829
-0.0515965
-0.0518924
-0.0508979
-0.0487173
-0.0455848
-0.0418082
-0.0379521
-0.0330785
-0.0275593
-0.0205541
-0.0143188
-0.0144364
-0.0158917
-0.0188652
-0.0233236
-0.0288575
-0.034712
-0.040115
-0.0445212
-0.0476491
-0.0493915
-0.0497266
-0.0486841
-0.0463665
-0.0430438
-0.0391055
-0.0351723
-0.0304206
-0.0258227
-0.0183906
-0.0145533
-0.0142795
-0.0149243
-0.0168725
-0.0203654
-0.0252123
-0.0307621
-0.0361922
-0.0408185
-0.0442121
-0.0461624
-0.0465903
-0.0455148
-0.043035
-0.0394687
-0.0352394
-0.0309878
-0.0261683
-0.0227076
-0.0133529
-0.0144401
-0.0138305
-0.0134104
-0.0140651
-0.0164376
-0.0205258
-0.0257562
-0.0312391
-0.0361474
-0.0398927
-0.0421452
-0.0427519
-0.0417202
-0.0391118
-0.0352728
-0.0306314
-0.025889
-0.0208208
-0.0178999
-0.00401036
-0.0140728
-0.0132211
-0.0114867
-0.0107226
-0.0119416
-0.0152953
-0.0202433
-0.0258113
-0.0310496
-0.0352193
-0.0378734
-0.0387625
-0.0378611
-0.0352249
-0.03111
-0.0258779
-0.0201909
-0.0139514
-0.00841662
0.0144524
-0.01435
-0.0126318
-0.00907724
-0.00690844
-0.00716211
-0.00999526
-0.0148017
-0.02052
-0.0261358
-0.03079
-0.0339501
-0.0352589
-0.0346332
-0.0320451
-0.0276532
-0.0214818
-0.0136926
-0.00302314
0.0132928
0.0540547
-0.0119274
-0.0122906
-0.00697662
-0.00343426
-0.00306675
-0.00572396
-0.0105857
-0.0165245
-0.0225229
-0.0276384
-0.0313169
-0.0331176
-0.0329227
-0.0304696
-0.0256102
-0.0174991
-0.00489566
0.0170505
0.0563755
0.126043
-0.0296393
-0.0114607
-0.0023247
0.000974339
0.000687965
-0.00234306
-0.00746567
-0.0136797
-0.0199832
-0.0254201
-0.0294214
-0.0315326
-0.0315971
-0.0291895
-0.0236468
-0.0128013
0.00762461
0.047771
0.118834
0.222465
)
;

boundaryField
{
    movingWall
    {
        type            zeroGradient;
    }
    fixedWalls
    {
        type            zeroGradient;
    }
    frontAndBack
    {
        type            empty;
    }
}


// ************************************************************************* //
