/*--------------------------------*- C++ -*----------------------------------*\
| =========                 |                                                 |
| \\      /  F ield         | OpenFOAM: The Open Source CFD Toolbox           |
|  \\    /   O peration     | Version:  2212                                  |
|   \\  /    A nd           | Website:  www.openfoam.com                      |
|    \\/     M anipulation  |                                                 |
\*---------------------------------------------------------------------------*/
FoamFile
{
    version     2.0;
    format      ascii;
    arch        "LSB;label=32;scalar=64";
    class       volScalarField;
    location    "3.425";
    object      p;
}
// * * * * * * * * * * * * * * * * * * * * * * * * * * * * * * * * * * * * * //

dimensions      [0 2 -2 0 0 0 0];

internalField   nonuniform List<scalar> 
400
(
8.97552e-09
-0.000148754
-0.000523581
-0.00104916
-0.00169614
-0.00243959
-0.00311602
-0.00352021
-0.00348523
-0.00285892
-0.00149134
0.000644913
0.00324476
0.00550081
0.00654932
0.00600136
0.00414659
0.0023335
0.00130274
0.00122742
0.000116831
-5.42327e-05
-0.000364926
-0.000745303
-0.00121757
-0.00184708
-0.00264212
-0.00345366
-0.00397146
-0.00382762
-0.00275346
-0.000763596
0.00171971
0.0039814
0.00517068
0.0048453
0.00327236
0.00157228
0.000794903
0.000874879
0.000524871
0.000262527
-7.05636e-05
-0.000542689
-0.00131066
-0.00250843
-0.00409773
-0.00580978
-0.00718797
-0.0077152
-0.00705127
-0.00528054
-0.00274741
-7.5852e-05
0.00191215
0.0025774
0.00190098
0.000716827
-0.000177474
-0.000186731
0.0011157
0.00071662
0.000186508
-0.000749159
-0.00237133
-0.00477955
-0.0077454
-0.0107824
-0.0132974
-0.0147373
-0.0147709
-0.0134352
-0.0109398
-0.00772967
-0.0044949
-0.00197504
-0.000643973
-0.000483016
-0.00106428
-0.00169705
0.00150812
0.000920577
-3.48065e-05
-0.00186415
-0.00483909
-0.00887862
-0.0134732
-0.0179144
-0.0215552
-0.0239352
-0.0247978
-0.0240249
-0.0217327
-0.0181985
-0.0138495
-0.00928452
-0.00529303
-0.00270346
-0.00197537
-0.00377689
0.00119591
0.000380373
-0.00119058
-0.00417485
-0.00870789
-0.0143959
-0.0204083
-0.0258961
-0.0302532
-0.0331653
-0.0345078
-0.034184
-0.0322693
-0.0289015
-0.024211
-0.0184089
-0.0120874
-0.00664487
-0.00415802
-0.00625565
-0.000135397
-0.00119092
-0.00343915
-0.00756449
-0.0134798
-0.0204322
-0.0273436
-0.0333352
-0.0379144
-0.0409231
-0.0423739
-0.042291
-0.040738
-0.037776
-0.0333719
-0.0273984
-0.019964
-0.0122984
-0.00756605
-0.0075066
-0.00248879
-0.00372839
-0.00655432
-0.0115579
-0.0184255
-0.0261086
-0.0333962
-0.0394672
-0.043972
-0.0468797
-0.0482872
-0.0482958
-0.0469847
-0.0443953
-0.0404667
-0.0349499
-0.0275708
-0.0188324
-0.0114718
-0.00775337
-0.00549954
-0.00682064
-0.0100211
-0.0155422
-0.0228943
-0.0308464
-0.0381536
-0.0440885
-0.0484214
-0.0511992
-0.0525545
-0.0526026
-0.0514208
-0.0490622
-0.0455238
-0.0406271
-0.0339349
-0.025259
-0.0162476
-0.0096984
-0.00861439
-0.00990865
-0.0132633
-0.0189567
-0.0264026
-0.0343106
-0.0414657
-0.0472185
-0.0514073
-0.0541052
-0.0554416
-0.0555133
-0.0543878
-0.0521328
-0.0488165
-0.044405
-0.0385547
-0.0307018
-0.0217272
-0.0139071
-0.0113209
-0.0125164
-0.0158184
-0.0213993
-0.0286487
-0.0363299
-0.0432879
-0.0489044
-0.053026
-0.0557075
-0.057055
-0.0571428
-0.0560263
-0.0537801
-0.0505332
-0.0463933
-0.0412657
-0.0344789
-0.0265087
-0.0186262
-0.0133317
-0.0143434
-0.0174259
-0.0226388
-0.0294558
-0.0367858
-0.0435564
-0.0491275
-0.0532815
-0.0560203
-0.0574113
-0.0575094
-0.0563615
-0.0540444
-0.0507389
-0.0466668
-0.0420396
-0.0361514
-0.0293219
-0.0218144
-0.0146124
-0.0152944
-0.0179366
-0.0225655
-0.0287646
-0.0356538
-0.0422558
-0.047871
-0.0521613
-0.0550374
-0.0565121
-0.0566178
-0.0553972
-0.0529483
-0.0494778
-0.0452716
-0.0408934
-0.0354894
-0.0295825
-0.0223394
-0.0152535
-0.0154788
-0.0174176
-0.0211864
-0.0265704
-0.0329292
-0.0393692
-0.0451015
-0.0496327
-0.0527425
-0.0543666
-0.0545082
-0.0531938
-0.050547
-0.0468182
-0.0423782
-0.0378529
-0.0325216
-0.0275996
-0.0198743
-0.0153802
-0.0151007
-0.0160647
-0.0186592
-0.0230024
-0.0287211
-0.0349867
-0.0408945
-0.0457666
-0.0492165
-0.0510745
-0.0512901
-0.0499058
-0.0470187
-0.042947
-0.0381129
-0.0331765
-0.0277253
-0.0239656
-0.0142318
-0.0151124
-0.014404
-0.0140898
-0.0151619
-0.0182502
-0.0232262
-0.0292999
-0.035426
-0.0407266
-0.0446271
-0.0468333
-0.0472253
-0.0458325
-0.0427264
-0.0382642
-0.0328906
-0.0273572
-0.0216022
-0.0181644
-0.00399581
-0.0145381
-0.0135258
-0.0116469
-0.0110031
-0.0127637
-0.0169891
-0.0228894
-0.0292652
-0.0350577
-0.0395056
-0.0421857
-0.0428819
-0.041593
-0.0383583
-0.0334927
-0.0273752
-0.020738
-0.0136255
-0.00732417
0.0155665
-0.0145214
-0.0126257
-0.00869945
-0.00634138
-0.00695948
-0.0106252
-0.0164548
-0.0231139
-0.0294331
-0.0344929
-0.0377617
-0.0389036
-0.0378691
-0.0346663
-0.0294412
-0.0222218
-0.0132366
-0.00140102
0.0157939
0.0563037
-0.011797
-0.0118762
-0.0059085
-0.00204931
-0.00200482
-0.00549282
-0.0114275
-0.0184005
-0.0252116
-0.0308317
-0.0346986
-0.0363914
-0.0358179
-0.0327095
-0.026916
-0.0176464
-0.00369464
0.0195759
0.059653
0.128951
-0.0295037
-0.010729
-0.000867489
0.00272965
0.00212508
-0.00173364
-0.00794367
-0.0152298
-0.0223981
-0.0283952
-0.0326346
-0.0346734
-0.0343809
-0.031344
-0.0249244
-0.0129431
0.00890558
0.050317
0.121932
0.225285
)
;

boundaryField
{
    movingWall
    {
        type            zeroGradient;
    }
    fixedWalls
    {
        type            zeroGradient;
    }
    frontAndBack
    {
        type            empty;
    }
}


// ************************************************************************* //
