/*--------------------------------*- C++ -*----------------------------------*\
| =========                 |                                                 |
| \\      /  F ield         | OpenFOAM: The Open Source CFD Toolbox           |
|  \\    /   O peration     | Version:  2212                                  |
|   \\  /    A nd           | Website:  www.openfoam.com                      |
|    \\/     M anipulation  |                                                 |
\*---------------------------------------------------------------------------*/
FoamFile
{
    version     2.0;
    format      ascii;
    arch        "LSB;label=32;scalar=64";
    class       surfaceScalarField;
    location    "4.985";
    object      phi;
}
// * * * * * * * * * * * * * * * * * * * * * * * * * * * * * * * * * * * * * //

dimensions      [0 3 -1 0 0 0 0];

oriented        oriented;

internalField   nonuniform List<scalar> 
760
(
1.55225e-07
-1.55238e-07
2.91755e-07
-1.3653e-07
3.07661e-07
-1.59061e-08
1.81388e-07
1.26273e-07
-1.22011e-07
3.03399e-07
-6.66132e-07
5.44121e-07
-1.48289e-06
8.16755e-07
-2.48548e-06
1.0026e-06
-3.47271e-06
9.8723e-07
-4.21203e-06
7.39315e-07
-4.53655e-06
3.2452e-07
-4.34895e-06
-1.87598e-07
-3.59284e-06
-7.56114e-07
-2.38209e-06
-1.21074e-06
-9.4645e-07
-1.43564e-06
3.39647e-07
-1.2861e-06
1.08305e-06
-7.434e-07
1.02917e-06
5.38751e-08
4.59669e-07
5.69502e-07
4.59669e-07
1.23544e-07
-2.78782e-07
7.18856e-08
-8.48716e-08
-2.99523e-07
3.55502e-07
-1.07951e-06
9.06255e-07
-2.31282e-06
1.53671e-06
-3.91929e-06
2.1506e-06
-5.6494e-06
2.54686e-06
-7.1908e-06
2.544e-06
-8.31921e-06
2.11563e-06
-8.92475e-06
1.34486e-06
-8.96037e-06
3.60131e-07
-8.40336e-06
-7.44606e-07
-7.28494e-06
-1.87453e-06
-5.6381e-06
-2.85758e-06
-3.6065e-06
-3.46725e-06
-1.49435e-06
-3.39824e-06
1.72715e-07
-2.41047e-06
8.54491e-07
-6.27901e-07
5.2397e-07
9.00024e-07
9.83639e-07
-1.28744e-07
-1.50037e-07
-6.34949e-07
4.21333e-07
-1.62365e-06
1.3442e-06
-3.13554e-06
2.41815e-06
-5.04548e-06
3.44665e-06
-7.05542e-06
4.16054e-06
-8.85096e-06
4.34239e-06
-1.02521e-05
3.94515e-06
-1.1207e-05
3.07057e-06
-1.17081e-05
1.84588e-06
-1.17036e-05
3.55687e-07
-1.1247e-05
-1.2012e-06
-1.0318e-05
-2.80358e-06
-8.86213e-06
-4.31342e-06
-6.85946e-06
-5.46992e-06
-4.39878e-06
-5.85893e-06
-1.87887e-06
-4.93038e-06
-8.85821e-08
-2.41819e-06
2.93809e-07
5.17634e-07
1.27745e-06
-5.00028e-07
3.49991e-07
-1.55723e-06
1.47854e-06
-3.11202e-06
2.89898e-06
-5.06747e-06
4.3736e-06
-7.1647e-06
5.54388e-06
-9.09706e-06
6.0929e-06
-1.06626e-05
5.90797e-06
-1.18187e-05
5.10119e-06
-1.25932e-05
3.84505e-06
-1.30209e-05
2.27362e-06
-1.3087e-05
4.21767e-07
-1.28495e-05
-1.43871e-06
-1.22701e-05
-3.383e-06
-1.12468e-05
-5.33665e-06
-9.64873e-06
-7.06801e-06
-7.35105e-06
-8.1566e-06
-4.3921e-06
-7.88933e-06
-1.37767e-06
-5.43262e-06
1.19824e-07
-9.79859e-07
1.39727e-06
-8.5957e-07
1.20956e-06
-2.35471e-06
2.97368e-06
-4.21947e-06
4.76374e-06
-6.2599e-06
6.41403e-06
-8.19609e-06
7.48007e-06
-9.80585e-06
7.70266e-06
-1.10122e-05
7.11437e-06
-1.18416e-05
5.93054e-06
-1.23558e-05
4.35926e-06
-1.26278e-05
2.54561e-06
-1.27484e-05
5.42326e-07
-1.27047e-05
-1.48241e-06
-1.24875e-05
-3.60019e-06
-1.20175e-05
-5.80666e-06
-1.11081e-05
-7.97739e-06
-9.47131e-06
-9.79335e-06
-6.80824e-06
-1.05524e-05
-3.21762e-06
-9.02324e-06
-2.61815e-07
-3.93567e-06
1.13546e-06
-1.08296e-06
2.29252e-06
-2.77449e-06
4.6652e-06
-4.66149e-06
6.65074e-06
-6.51302e-06
8.26556e-06
-8.1055e-06
9.07255e-06
-9.30785e-06
8.90501e-06
-1.01156e-05
7.92211e-06
-1.05937e-05
6.4086e-06
-1.08325e-05
4.59808e-06
-1.09323e-05
2.64538e-06
-1.10146e-05
6.24711e-07
-1.10671e-05
-1.42999e-06
-1.11051e-05
-3.56217e-06
-1.10992e-05
-5.81254e-06
-1.08952e-05
-8.18135e-06
-1.01657e-05
-1.05229e-05
-8.41653e-06
-1.23015e-05
-5.23309e-06
-1.22067e-05
-1.15691e-06
-8.01185e-06
-2.14509e-08
-1.10612e-06
3.39864e-06
-2.74778e-06
6.30687e-06
-4.43936e-06
8.34232e-06
-5.96957e-06
9.79578e-06
-7.17862e-06
1.02816e-05
-8.00378e-06
9.73017e-06
-8.48225e-06
8.40059e-06
-8.70091e-06
6.62726e-06
-8.76357e-06
4.66074e-06
-8.76784e-06
2.64965e-06
-8.79692e-06
6.53797e-07
-8.86977e-06
-1.35714e-06
-9.00613e-06
-3.42581e-06
-9.21712e-06
-5.60155e-06
-9.44541e-06
-7.95306e-06
-9.45875e-06
-1.05096e-05
-8.73774e-06
-1.30225e-05
-6.52561e-06
-1.44188e-05
-2.41877e-06
-1.21187e-05
-2.44022e-06
-9.31633e-07
4.33027e-06
-2.33797e-06
7.7132e-06
-3.72033e-06
9.72467e-06
-4.89532e-06
1.09708e-05
-5.76196e-06
1.11482e-05
-6.30294e-06
1.02711e-05
-6.57495e-06
8.6726e-06
-6.66897e-06
6.72127e-06
-6.6815e-06
4.67327e-06
-6.68626e-06
2.65441e-06
-6.71973e-06
6.87267e-07
-6.79925e-06
-1.27762e-06
-6.946e-06
-3.27906e-06
-7.1904e-06
-5.35715e-06
-7.54903e-06
-7.59442e-06
-7.92986e-06
-1.01288e-05
-7.92193e-06
-1.30305e-05
-6.70753e-06
-1.56332e-05
-3.57975e-06
-1.52465e-05
-6.01996e-06
-6.22097e-07
4.95237e-06
-1.68082e-06
8.77192e-06
-2.71057e-06
1.07544e-05
-3.54663e-06
1.18068e-05
-4.13327e-06
1.17349e-05
-4.48027e-06
1.06181e-05
-4.64619e-06
8.83853e-06
-4.70954e-06
6.78462e-06
-4.74306e-06
4.70679e-06
-4.79092e-06
2.70227e-06
-4.86355e-06
7.599e-07
-4.96763e-06
-1.17354e-06
-5.11322e-06
-3.13347e-06
-5.32909e-06
-5.14129e-06
-5.67016e-06
-7.25335e-06
-6.1492e-06
-9.64973e-06
-6.54662e-06
-1.26331e-05
-6.12063e-06
-1.60592e-05
-3.9185e-06
-1.74486e-05
-9.93847e-06
-2.31131e-07
5.1835e-06
-8.89438e-07
9.43023e-06
-1.55885e-06
1.14238e-05
-2.08642e-06
1.23344e-05
-2.44422e-06
1.20927e-05
-2.65631e-06
1.08302e-05
-2.7708e-06
8.95302e-06
-2.84107e-06
6.85488e-06
-2.91211e-06
4.77784e-06
-3.00624e-06
2.7964e-06
-3.12634e-06
8.79997e-07
-3.2722e-06
-1.02768e-06
-3.44415e-06
-2.96152e-06
-3.65465e-06
-4.93079e-06
-3.95482e-06
-6.95318e-06
-4.42652e-06
-9.17802e-06
-5.01585e-06
-1.20437e-05
-5.11927e-06
-1.59558e-05
-3.55544e-06
-1.90124e-05
-1.34939e-05
1.63533e-07
5.01997e-06
-6.90218e-08
9.66279e-06
-4.00796e-07
1.17556e-05
-6.50695e-07
1.25843e-05
-8.04453e-07
1.22464e-05
-8.93106e-07
1.09189e-05
-9.56139e-07
9.01606e-06
-1.02556e-06
6.9243e-06
-1.11808e-06
4.87036e-06
-1.24148e-06
2.9198e-06
-1.39819e-06
1.03671e-06
-1.59039e-06
-8.35479e-07
-1.81684e-06
-2.73506e-06
-2.07568e-06
-4.67195e-06
-2.39486e-06
-6.63401e-06
-2.86693e-06
-8.70595e-06
-3.55548e-06
-1.13552e-05
-4.02323e-06
-1.5488e-05
-3.02438e-06
-2.00113e-05
-1.65183e-05
4.99972e-07
4.52e-06
6.97641e-07
9.46512e-06
7.40914e-07
1.17123e-05
7.76745e-07
1.25485e-05
8.22006e-07
1.22012e-05
8.51204e-07
1.08897e-05
8.44455e-07
9.02281e-06
7.93448e-07
6.97531e-06
6.99438e-07
4.96437e-06
5.64333e-07
3.05491e-06
3.83279e-07
1.21776e-06
1.50049e-07
-6.02249e-07
-1.37234e-07
-2.44778e-06
-4.85259e-07
-4.32392e-06
-8.9857e-07
-6.2207e-06
-1.42218e-06
-8.18234e-06
-2.20334e-06
-1.0574e-05
-2.95467e-06
-1.47367e-05
-2.46135e-06
-2.05046e-05
-1.89796e-05
7.55029e-07
3.76497e-06
1.35199e-06
8.86816e-06
1.74449e-06
1.13198e-05
2.07392e-06
1.2219e-05
2.34715e-06
1.19279e-05
2.53372e-06
1.07031e-05
2.62518e-06
8.93135e-06
2.63225e-06
6.96824e-06
2.56927e-06
5.02734e-06
2.44348e-06
3.1807e-06
2.24785e-06
1.41339e-06
1.9684e-06
-3.22798e-07
1.60505e-06
-2.08443e-06
1.15278e-06
-3.87166e-06
6.06818e-07
-5.67474e-06
-8.50603e-08
-7.49046e-06
-9.59057e-07
-9.70002e-06
-1.92227e-06
-1.37735e-05
-1.9267e-06
-2.05002e-05
-2.09063e-05
8.69404e-07
2.89556e-06
1.80776e-06
7.92981e-06
2.54895e-06
1.05786e-05
3.18969e-06
1.15783e-05
3.73726e-06
1.13804e-05
4.14816e-06
1.02922e-05
4.40625e-06
8.67326e-06
4.52552e-06
6.84897e-06
4.52931e-06
5.02355e-06
4.43327e-06
3.27674e-06
4.23574e-06
1.61092e-06
3.90614e-06
6.7997e-09
3.46207e-06
-1.64036e-06
2.87928e-06
-3.28887e-06
2.1582e-06
-4.95366e-06
1.31672e-06
-6.64898e-06
2.63413e-07
-8.64672e-06
-9.62013e-07
-1.2548e-05
-1.42905e-06
-2.00331e-05
-2.23354e-05
8.05289e-07
2.09027e-06
1.95166e-06
6.78343e-06
2.99362e-06
9.53668e-06
3.96668e-06
1.06053e-05
4.84362e-06
1.05034e-05
5.55821e-06
9.57763e-06
6.0711e-06
8.16036e-06
6.3853e-06
6.53478e-06
6.52206e-06
4.88679e-06
6.50002e-06
3.29877e-06
6.31825e-06
1.79269e-06
5.97293e-06
3.5212e-07
5.43341e-06
-1.10085e-06
4.70536e-06
-2.56081e-06
3.78075e-06
-4.02905e-06
2.68808e-06
-5.55631e-06
1.38604e-06
-7.34467e-06
-1.57037e-07
-1.1005e-05
-9.15054e-07
-1.92751e-05
-2.32505e-05
5.76804e-07
1.51347e-06
1.75747e-06
5.60277e-06
3.0952e-06
8.19895e-06
4.44586e-06
9.25459e-06
5.71203e-06
9.23726e-06
6.79503e-06
8.49464e-06
7.62933e-06
7.32605e-06
8.20229e-06
5.96183e-06
8.52658e-06
4.5625e-06
8.61951e-06
3.20584e-06
8.48811e-06
1.92409e-06
8.13001e-06
7.10217e-07
7.50152e-06
-4.7236e-07
6.6195e-06
-1.67879e-06
5.47103e-06
-2.88059e-06
4.09698e-06
-4.18226e-06
2.56836e-06
-5.81605e-06
9.5445e-07
-9.39106e-06
-1.45615e-07
-1.81751e-05
-2.33961e-05
1.51703e-07
1.36177e-06
1.03852e-06
4.71595e-06
2.51515e-06
6.72232e-06
4.23679e-06
7.53295e-06
5.95862e-06
7.51543e-06
7.49314e-06
6.96011e-06
8.73766e-06
6.08153e-06
9.66248e-06
5.03701e-06
1.02629e-05
3.96211e-06
1.05508e-05
2.91788e-06
1.05326e-05
1.94237e-06
1.02139e-05
1.02885e-06
9.55055e-06
1.91009e-07
8.56196e-06
-6.90197e-07
7.23974e-06
-1.55837e-06
5.63504e-06
-2.57755e-06
3.90753e-06
-4.08854e-06
2.23818e-06
-7.7217e-06
6.52155e-07
-1.6589e-05
-2.27439e-05
-5.17043e-07
1.87881e-06
2.00344e-07
3.99857e-06
1.75553e-06
5.16713e-06
3.81884e-06
5.46965e-06
5.97423e-06
5.36004e-06
7.93556e-06
4.99878e-06
9.56629e-06
4.4508e-06
1.08251e-05
3.77816e-06
1.16947e-05
3.09253e-06
1.21917e-05
2.42088e-06
1.23202e-05
1.81392e-06
1.21002e-05
1.24884e-06
1.15547e-05
7.36542e-07
1.06559e-05
2.08525e-07
9.40828e-06
-3.10716e-07
7.88311e-06
-1.05238e-06
6.26616e-06
-2.47159e-06
4.45594e-06
-5.91149e-06
2.05528e-06
-1.41884e-05
-2.06886e-05
-4.17913e-06
6.05795e-06
-3.64213e-06
3.46156e-06
-1.24743e-06
2.77242e-06
1.55072e-06
2.6715e-06
4.29003e-06
2.62073e-06
6.82439e-06
2.46442e-06
9.04089e-06
2.2343e-06
1.08796e-05
1.9395e-06
1.23223e-05
1.64982e-06
1.33962e-05
1.34692e-06
1.41186e-05
1.09151e-06
1.45341e-05
8.33352e-07
1.46308e-05
6.39848e-07
1.44184e-05
4.2094e-07
1.38902e-05
2.17508e-07
1.30616e-05
-2.23813e-07
1.19218e-05
-1.33177e-06
1.0112e-05
-4.10167e-06
5.63769e-06
-9.71408e-06
-1.50509e-05
6.05795e-06
9.51951e-06
1.22919e-05
1.49634e-05
1.75842e-05
2.00486e-05
2.22829e-05
2.42224e-05
2.58722e-05
2.72191e-05
2.83106e-05
2.9144e-05
2.97838e-05
3.02048e-05
3.04223e-05
3.01985e-05
2.88667e-05
2.4765e-05
1.50509e-05
)
;

boundaryField
{
    movingWall
    {
        type            calculated;
        value           uniform 0;
    }
    fixedWalls
    {
        type            calculated;
        value           uniform 0;
    }
    frontAndBack
    {
        type            empty;
        value           nonuniform List<scalar> 0();
    }
}


// ************************************************************************* //
