/*--------------------------------*- C++ -*----------------------------------*\
| =========                 |                                                 |
| \\      /  F ield         | OpenFOAM: The Open Source CFD Toolbox           |
|  \\    /   O peration     | Version:  2212                                  |
|   \\  /    A nd           | Website:  www.openfoam.com                      |
|    \\/     M anipulation  |                                                 |
\*---------------------------------------------------------------------------*/
FoamFile
{
    version     2.0;
    format      ascii;
    arch        "LSB;label=32;scalar=64";
    class       volScalarField;
    location    "2.69";
    object      p;
}
// * * * * * * * * * * * * * * * * * * * * * * * * * * * * * * * * * * * * * //

dimensions      [0 2 -2 0 0 0 0];

internalField   nonuniform List<scalar> 
400
(
2.52619e-08
-0.00014361
-0.000499267
-0.000999811
-0.00161709
-0.00232287
-0.00296842
-0.00335476
-0.0033133
-0.00269567
-0.00136325
0.000707276
0.00323293
0.00544262
0.00650631
0.0060388
0.00428964
0.0025475
0.00153582
0.0014506
0.00011783
-4.61803e-05
-0.000339966
-0.000705565
-0.0011602
-0.00175781
-0.00250453
-0.0032633
-0.00374264
-0.00359211
-0.00255165
-0.000626882
0.00178245
0.00399572
0.00519284
0.00493411
0.00346072
0.00181388
0.00104643
0.00110838
0.000500552
0.000256329
-5.80196e-05
-0.000507287
-0.00123239
-0.00235735
-0.00385077
-0.00546462
-0.00676886
-0.00727023
-0.00663433
-0.00492402
-0.00246964
0.000132557
0.00208888
0.00276937
0.00214102
0.000988872
0.000101474
7.39476e-05
0.00104332
0.000667662
0.000176939
-0.000694256
-0.00220827
-0.00446773
-0.00726973
-0.0101571
-0.0125635
-0.0139536
-0.0139975
-0.0127174
-0.0103133
-0.00720821
-0.00406758
-0.00161511
-0.000326204
-0.000190274
-0.000779341
-0.00141098
0.00136814
0.000823684
-5.03494e-05
-0.0017405
-0.00451558
-0.00831927
-0.012686
-0.0169403
-0.0204522
-0.0227659
-0.0236231
-0.0229068
-0.0207178
-0.0173158
-0.0131125
-0.00869571
-0.00484363
-0.00236516
-0.00169739
-0.00345979
0.00102554
0.000272361
-0.00116341
-0.0039235
-0.00816478
-0.0135484
-0.0192971
-0.024587
-0.0288162
-0.0316653
-0.0330053
-0.032741
-0.0309319
-0.0277056
-0.0231846
-0.0175755
-0.0114621
-0.00621271
-0.00383626
-0.00590561
-0.000274972
-0.00125016
-0.00331059
-0.00713907
-0.0126956
-0.0193079
-0.0259482
-0.0317486
-0.036209
-0.0391613
-0.0406127
-0.0405862
-0.0391378
-0.0363229
-0.0321026
-0.0263441
-0.0191505
-0.0117301
-0.00717682
-0.00720134
-0.00253298
-0.00368077
-0.00628129
-0.01094
-0.0174146
-0.0247499
-0.0317747
-0.0376653
-0.0420584
-0.0449122
-0.0463188
-0.0463783
-0.0451684
-0.0427285
-0.0389931
-0.0337043
-0.0265786
-0.0181124
-0.0110079
-0.00746779
-0.00540963
-0.0066354
-0.00959211
-0.0147459
-0.021696
-0.0293083
-0.0363667
-0.042132
-0.0463587
-0.049084
-0.0504364
-0.0505306
-0.0494447
-0.0472323
-0.0438887
-0.0392263
-0.0327911
-0.0243906
-0.0156543
-0.00931817
-0.00839167
-0.00959223
-0.0126997
-0.0180229
-0.0250732
-0.0326556
-0.0395762
-0.0451695
-0.0492589
-0.0519087
-0.0532445
-0.0533606
-0.0523243
-0.050206
-0.0470765
-0.0428967
-0.0373025
-0.0297144
-0.0209894
-0.013356
-0.0110009
-0.0121047
-0.0151668
-0.0203879
-0.0272561
-0.0346248
-0.0413586
-0.0468243
-0.0508538
-0.0534941
-0.054846
-0.054979
-0.0539461
-0.0518256
-0.048753
-0.0448358
-0.0399604
-0.0334254
-0.0256728
-0.0179353
-0.0129632
-0.0138873
-0.0167445
-0.0216193
-0.0280737
-0.0351002
-0.0416498
-0.0470734
-0.0511399
-0.0538434
-0.0552437
-0.0553892
-0.0543211
-0.0521234
-0.0489812
-0.0451237
-0.0407457
-0.0351014
-0.0284619
-0.0210638
-0.0142384
-0.0148491
-0.0172887
-0.0216086
-0.0274656
-0.0340548
-0.0404301
-0.045892
-0.0500929
-0.0529345
-0.0544208
-0.0545766
-0.0534388
-0.051108
-0.0477986
-0.0438064
-0.0396816
-0.0345239
-0.0287804
-0.021628
-0.0149019
-0.0150867
-0.0168594
-0.0203576
-0.0254233
-0.0314825
-0.0376814
-0.0432437
-0.0476734
-0.0507419
-0.0523758
-0.0525678
-0.051345
-0.0488255
-0.0452685
-0.0410544
-0.0368023
-0.0317262
-0.026929
-0.0193126
-0.0150658
-0.0147851
-0.0156394
-0.0180175
-0.0220754
-0.0274938
-0.0334951
-0.0392038
-0.0439497
-0.0473427
-0.0492052
-0.0494776
-0.048192
-0.0454515
-0.0415781
-0.0369989
-0.0323623
-0.0271836
-0.0235302
-0.013937
-0.0148497
-0.0141731
-0.0138226
-0.0147553
-0.0176065
-0.0222852
-0.0280661
-0.0339534
-0.0390918
-0.04291
-0.045108
-0.0455573
-0.0442807
-0.0413502
-0.0371248
-0.0320487
-0.0268487
-0.021386
-0.0181439
-0.00406619
-0.0143439
-0.0133859
-0.0115567
-0.0108719
-0.0124536
-0.016389
-0.021967
-0.0280594
-0.0336453
-0.0379766
-0.0406279
-0.0413764
-0.0402151
-0.0371917
-0.0326087
-0.0268432
-0.0205959
-0.0138442
-0.0078336
0.0150759
-0.014427
-0.0125898
-0.00879265
-0.00649645
-0.00699356
-0.0103816
-0.0158679
-0.0222051
-0.028275
-0.0331817
-0.0363985
-0.0375872
-0.0366906
-0.0337083
-0.0287969
-0.0219857
-0.0134774
-0.00210429
0.0147677
0.0554073
-0.011806
-0.0119803
-0.00623294
-0.00247949
-0.00232735
-0.00554024
-0.0111169
-0.0177395
-0.0242687
-0.0297076
-0.0335007
-0.0352236
-0.0347791
-0.0319043
-0.0264558
-0.0176301
-0.0042038
0.0185582
0.0583699
0.127845
-0.0295138
-0.0109419
-0.0013247
0.00217224
0.00167165
-0.00191405
-0.00776225
-0.0146868
-0.0215575
-0.0273559
-0.031505
-0.0335617
-0.0333911
-0.0305801
-0.0244862
-0.0129335
0.00838456
0.0493272
0.120755
0.224245
)
;

boundaryField
{
    movingWall
    {
        type            zeroGradient;
    }
    fixedWalls
    {
        type            zeroGradient;
    }
    frontAndBack
    {
        type            empty;
    }
}


// ************************************************************************* //
