/*--------------------------------*- C++ -*----------------------------------*\
| =========                 |                                                 |
| \\      /  F ield         | OpenFOAM: The Open Source CFD Toolbox           |
|  \\    /   O peration     | Version:  2212                                  |
|   \\  /    A nd           | Website:  www.openfoam.com                      |
|    \\/     M anipulation  |                                                 |
\*---------------------------------------------------------------------------*/
FoamFile
{
    version     2.0;
    format      ascii;
    arch        "LSB;label=32;scalar=64";
    class       surfaceScalarField;
    location    "1.935";
    object      phi;
}
// * * * * * * * * * * * * * * * * * * * * * * * * * * * * * * * * * * * * * //

dimensions      [0 3 -1 0 0 0 0];

oriented        oriented;

internalField   nonuniform List<scalar> 
760
(
9.1168e-08
-9.11704e-08
1.53476e-07
-6.23084e-08
1.374e-07
1.60766e-08
2.17433e-08
1.15657e-07
-2.27347e-07
2.4909e-07
-6.57311e-07
4.29964e-07
-1.29532e-06
6.38014e-07
-2.09581e-06
8.00485e-07
-2.91952e-06
8.23712e-07
-3.57734e-06
6.57819e-07
-3.90589e-06
3.28551e-07
-3.81081e-06
-9.50811e-08
-3.21082e-06
-5.99988e-07
-2.19695e-06
-1.01387e-06
-9.66387e-07
-1.23056e-06
1.55386e-07
-1.12177e-06
8.39721e-07
-6.84335e-07
8.47302e-07
-7.58118e-09
3.88671e-07
4.5863e-07
3.88671e-07
2.58079e-08
-1.16978e-07
-9.26263e-08
5.61261e-08
-4.23849e-07
3.47299e-07
-1.04203e-06
7.33835e-07
-2.00099e-06
1.20806e-06
-3.27595e-06
1.70492e-06
-4.71568e-06
2.07774e-06
-6.08005e-06
2.16486e-06
-7.14618e-06
1.88985e-06
-7.77393e-06
1.28557e-06
-7.89738e-06
4.52001e-07
-7.47323e-06
-5.19231e-07
-6.5276e-06
-1.54562e-06
-5.08854e-06
-2.45293e-06
-3.28818e-06
-3.03093e-06
-1.40437e-06
-3.00558e-06
8.04006e-08
-2.1691e-06
7.17017e-07
-6.44198e-07
4.54237e-07
7.2141e-07
8.42908e-07
-1.72272e-07
5.52939e-08
-6.31568e-07
5.15423e-07
-1.4246e-06
1.14034e-06
-2.60763e-06
1.91686e-06
-4.14475e-06
2.74518e-06
-5.85659e-06
3.41676e-06
-7.48788e-06
3.70903e-06
-8.83728e-06
3.51426e-06
-9.80723e-06
2.8598e-06
-1.03623e-05
1.84062e-06
-1.04613e-05
5.51062e-07
-1.01042e-05
-8.76388e-07
-9.2948e-06
-2.35501e-06
-7.98786e-06
-3.75987e-06
-6.16788e-06
-4.85091e-06
-3.93892e-06
-5.23455e-06
-1.66861e-06
-4.43941e-06
-7.58409e-08
-2.23696e-06
2.74974e-07
3.70595e-07
1.11788e-06
-4.25681e-07
4.80974e-07
-1.28434e-06
1.37408e-06
-2.5142e-06
2.37019e-06
-4.09927e-06
3.50193e-06
-5.8973e-06
4.5432e-06
-7.67138e-06
5.19084e-06
-9.21013e-06
5.24779e-06
-1.04102e-05
4.71433e-06
-1.12593e-05
3.70888e-06
-1.17717e-05
2.35302e-06
-1.19321e-05
7.11488e-07
-1.17623e-05
-1.0462e-06
-1.1253e-05
-2.86429e-06
-1.03095e-05
-4.70344e-06
-8.81606e-06
-6.3443e-06
-6.6651e-06
-7.38551e-06
-3.93075e-06
-7.17376e-06
-1.21474e-06
-4.95298e-06
1.17009e-07
-9.6115e-07
1.23489e-06
-6.71257e-07
1.15223e-06
-1.85304e-06
2.55587e-06
-3.3608e-06
3.87795e-06
-5.09972e-06
5.24085e-06
-6.8741e-06
6.31758e-06
-8.46717e-06
6.78391e-06
-9.74862e-06
6.52923e-06
-1.06916e-05
5.6573e-06
-1.13263e-05
4.34356e-06
-1.17046e-05
2.73137e-06
-1.18883e-05
8.95144e-07
-1.18924e-05
-1.04204e-06
-1.17074e-05
-3.04928e-06
-1.12537e-05
-5.15719e-06
-1.03594e-05
-7.23854e-06
-8.7622e-06
-8.98276e-06
-6.21708e-06
-9.71888e-06
-2.87664e-06
-8.29343e-06
-2.25299e-07
-3.61249e-06
1.00959e-06
-8.23495e-07
1.97573e-06
-2.17114e-06
3.90352e-06
-3.74782e-06
5.45463e-06
-5.40608e-06
6.89911e-06
-6.95285e-06
7.86434e-06
-8.22656e-06
8.05762e-06
-9.16188e-06
7.46456e-06
-9.77907e-06
6.27449e-06
-1.01415e-05
4.70602e-06
-1.03332e-05
2.92303e-06
-1.04585e-05
1.02047e-06
-1.05517e-05
-9.48815e-07
-1.06031e-05
-2.99787e-06
-1.05891e-05
-5.17118e-06
-1.03608e-05
-7.46693e-06
-9.60012e-06
-9.7434e-06
-7.84989e-06
-1.14691e-05
-4.77216e-06
-1.13712e-05
-1.02407e-06
-7.36058e-06
-1.44742e-08
-8.38e-07
2.81373e-06
-2.16976e-06
5.23528e-06
-3.63097e-06
6.91584e-06
-5.05424e-06
8.32239e-06
-6.28228e-06
9.09238e-06
-7.20878e-06
8.98413e-06
-7.81531e-06
8.07108e-06
-8.15171e-06
6.61089e-06
-8.30233e-06
4.85663e-06
-8.36023e-06
2.98093e-06
-8.41238e-06
1.07263e-06
-8.50436e-06
-8.56834e-07
-8.64831e-06
-2.85392e-06
-8.86184e-06
-4.95766e-06
-9.08616e-06
-7.24261e-06
-9.07755e-06
-9.75201e-06
-8.32015e-06
-1.22265e-05
-6.11568e-06
-1.35756e-05
-2.18872e-06
-1.12875e-05
-2.2032e-06
-7.13307e-07
3.52703e-06
-1.87468e-06
6.39666e-06
-3.09989e-06
8.14104e-06
-4.22137e-06
9.44387e-06
-5.12675e-06
9.99776e-06
-5.7578e-06
9.61517e-06
-6.1274e-06
8.44068e-06
-6.29994e-06
6.78344e-06
-6.36155e-06
4.91823e-06
-6.39155e-06
3.01093e-06
-6.43707e-06
1.11815e-06
-6.51849e-06
-7.75412e-07
-6.66045e-06
-2.71196e-06
-6.90492e-06
-4.7132e-06
-7.27556e-06
-6.87197e-06
-7.67363e-06
-9.35394e-06
-7.66262e-06
-1.22375e-05
-6.42743e-06
-1.48108e-05
-3.30253e-06
-1.44124e-05
-5.50573e-06
-4.8349e-07
4.01052e-06
-1.37171e-06
7.28488e-06
-2.30107e-06
9.0704e-06
-3.11132e-06
1.02541e-05
-3.73086e-06
1.06173e-05
-4.1395e-06
1.00238e-05
-4.36743e-06
8.66861e-06
-4.47793e-06
6.89394e-06
-4.5424e-06
4.98271e-06
-4.61084e-06
3.07937e-06
-4.69691e-06
1.20422e-06
-4.79619e-06
-6.76138e-07
-4.92448e-06
-2.58366e-06
-5.12076e-06
-4.51692e-06
-5.46234e-06
-6.53039e-06
-5.97047e-06
-8.84581e-06
-6.39357e-06
-1.18144e-05
-5.95535e-06
-1.5249e-05
-3.75634e-06
-1.66114e-05
-9.26207e-06
-1.90774e-07
4.2013e-06
-7.5014e-07
7.84424e-06
-1.36248e-06
9.68275e-06
-1.87633e-06
1.0768e-05
-2.25057e-06
1.09915e-05
-2.4921e-06
1.02653e-05
-2.63612e-06
8.81263e-06
-2.73206e-06
6.98988e-06
-2.82602e-06
5.07666e-06
-2.94238e-06
3.19573e-06
-3.07897e-06
1.34081e-06
-3.22141e-06
-5.33699e-07
-3.36885e-06
-2.43623e-06
-3.54171e-06
-4.34405e-06
-3.81721e-06
-6.25489e-06
-4.30706e-06
-8.35597e-06
-4.93883e-06
-1.11826e-05
-5.05292e-06
-1.5135e-05
-3.49049e-06
-1.81739e-05
-1.27526e-05
1.08892e-07
4.09241e-06
-9.388e-08
8.04702e-06
-3.97192e-07
9.98606e-06
-6.39572e-07
1.10104e-05
-7.95886e-07
1.11479e-05
-8.88266e-07
1.03577e-05
-9.54172e-07
8.87854e-06
-1.02903e-06
7.06474e-06
-1.1339e-06
5.18153e-06
-1.27346e-06
3.33529e-06
-1.44297e-06
1.51032e-06
-1.63372e-06
-3.42948e-07
-1.8367e-06
-2.23324e-06
-2.05443e-06
-4.12632e-06
-2.33185e-06
-5.97747e-06
-2.80026e-06
-7.88756e-06
-3.52819e-06
-1.04547e-05
-4.01668e-06
-1.46465e-05
-3.0091e-06
-1.91815e-05
-1.57617e-05
3.55683e-07
3.73672e-06
4.9975e-07
7.90295e-06
5.2713e-07
9.95868e-06
5.6473e-07
1.09728e-05
6.28261e-07
1.10843e-05
6.86833e-07
1.02992e-05
7.08202e-07
8.85717e-06
6.76923e-07
7.09602e-06
5.92076e-07
5.26637e-06
4.59334e-07
3.46803e-06
2.81577e-07
1.68807e-06
5.61054e-08
-1.17476e-07
-2.1533e-07
-1.9618e-06
-5.32631e-07
-3.80902e-06
-9.09909e-07
-5.60019e-06
-1.41811e-06
-7.37935e-06
-2.22846e-06
-9.64437e-06
-3.00228e-06
-1.38726e-05
-2.48919e-06
-1.96945e-05
-1.82508e-05
5.34229e-07
3.2025e-06
9.95816e-07
7.44136e-06
1.32778e-06
9.62672e-06
1.64748e-06
1.06531e-05
1.95513e-06
1.07767e-05
2.19794e-06
1.00563e-05
2.34464e-06
8.71047e-06
2.39534e-06
7.04532e-06
2.36509e-06
5.29662e-06
2.26525e-06
3.56787e-06
2.09275e-06
1.86058e-06
1.8289e-06
1.46378e-07
1.48102e-06
-1.61393e-06
1.04686e-06
-3.37486e-06
5.27131e-07
-5.08046e-06
-1.46794e-07
-6.70543e-06
-1.04362e-06
-8.74754e-06
-2.02873e-06
-1.28875e-05
-1.98065e-06
-1.97426e-05
-2.02315e-05
6.07867e-07
2.59463e-06
1.32692e-06
6.72231e-06
1.94738e-06
9.00626e-06
2.54853e-06
1.00519e-05
3.11896e-06
1.02062e-05
3.5929e-06
9.5824e-06
3.92569e-06
8.37769e-06
4.11417e-06
6.85684e-06
4.17776e-06
5.23303e-06
4.13268e-06
3.61295e-06
3.97527e-06
2.01798e-06
3.69004e-06
4.31616e-07
3.26043e-06
-1.18433e-06
2.69051e-06
-2.80493e-06
1.98535e-06
-4.3753e-06
1.16175e-06
-5.88183e-06
1.08014e-07
-7.69381e-06
-1.11755e-06
-1.1662e-05
-1.50546e-06
-1.93547e-05
-2.1737e-05
5.51856e-07
2.04277e-06
1.40337e-06
5.87079e-06
2.25952e-06
8.15012e-06
3.13928e-06
9.17214e-06
4.0039e-06
9.34161e-06
4.76508e-06
8.82121e-06
5.35359e-06
7.78918e-06
5.74921e-06
6.46122e-06
5.96347e-06
5.01877e-06
6.01243e-06
3.56399e-06
5.89591e-06
2.13451e-06
5.59633e-06
7.31192e-07
5.08831e-06
-6.76306e-07
4.38182e-06
-2.09844e-06
3.47754e-06
-3.47102e-06
2.42005e-06
-4.82434e-06
1.15736e-06
-6.43112e-06
-3.08617e-07
-1.0196e-05
-1.0282e-06
-1.86351e-05
-2.27652e-05
3.7876e-07
1.66401e-06
1.21805e-06
5.0315e-06
2.28356e-06
7.08461e-06
3.44722e-06
8.00847e-06
4.62623e-06
8.1626e-06
5.70671e-06
7.74074e-06
6.59362e-06
6.90227e-06
7.24494e-06
5.8099e-06
7.65607e-06
4.60764e-06
7.83574e-06
3.38432e-06
7.78558e-06
2.18467e-06
7.49907e-06
1.0177e-06
6.91982e-06
-9.70469e-08
6.08356e-06
-1.26219e-06
4.97858e-06
-2.36604e-06
3.67252e-06
-3.51828e-06
2.22269e-06
-4.9813e-06
6.63367e-07
-8.63666e-06
-2.90678e-07
-1.76811e-05
-2.30558e-05
2.82897e-08
1.63572e-06
5.85103e-07
4.47469e-06
1.73138e-06
5.93833e-06
3.17531e-06
6.56455e-06
4.71365e-06
6.62427e-06
6.16732e-06
6.28706e-06
7.4089e-06
5.66069e-06
8.37841e-06
4.84039e-06
9.0479e-06
3.93815e-06
9.41689e-06
3.01533e-06
9.47606e-06
2.12551e-06
9.2257e-06
1.26805e-06
8.66059e-06
4.68068e-07
7.73201e-06
-3.33613e-07
6.49627e-06
-1.1303e-06
5.00838e-06
-2.03039e-06
3.44548e-06
-3.41839e-06
1.94038e-06
-7.13156e-06
5.32557e-07
-1.62733e-05
-2.25233e-05
-4.48738e-07
2.08446e-06
-2.2239e-08
4.04819e-06
1.10069e-06
4.8154e-06
2.74371e-06
4.92152e-06
4.57762e-06
4.79036e-06
6.34396e-06
4.52072e-06
7.8862e-06
4.11845e-06
9.13452e-06
3.59207e-06
1.00424e-05
3.03027e-06
1.06102e-05
2.44748e-06
1.08276e-05
1.90814e-06
1.07101e-05
1.38557e-06
1.02524e-05
9.25706e-07
9.46737e-06
4.51465e-07
8.38543e-06
-4.83621e-08
7.05339e-06
-6.98346e-07
5.68974e-06
-2.05475e-06
4.12667e-06
-5.56849e-06
1.91526e-06
-1.40619e-05
-2.0608e-05
-4.10906e-06
6.19352e-06
-3.67467e-06
3.6138e-06
-1.5934e-06
2.73413e-06
8.14037e-07
2.51409e-06
3.1984e-06
2.406e-06
5.46513e-06
2.25399e-06
7.51698e-06
2.0666e-06
9.28368e-06
1.82538e-06
1.07243e-05
1.58964e-06
1.18436e-05
1.32818e-06
1.2642e-05
1.10976e-06
1.31517e-05
8.75813e-07
1.33679e-05
7.09523e-07
1.33171e-05
5.02341e-07
1.29479e-05
3.20841e-07
1.22984e-05
-4.88696e-08
1.14232e-05
-1.17956e-06
9.87484e-06
-4.02014e-06
5.53867e-06
-9.72569e-06
-1.50693e-05
6.19352e-06
9.80732e-06
1.25414e-05
1.50555e-05
1.74615e-05
1.97155e-05
2.17821e-05
2.36075e-05
2.51971e-05
2.65253e-05
2.76351e-05
2.85109e-05
2.92204e-05
2.97228e-05
3.00436e-05
2.99947e-05
2.88152e-05
2.4795e-05
1.50693e-05
)
;

boundaryField
{
    movingWall
    {
        type            calculated;
        value           uniform 0;
    }
    fixedWalls
    {
        type            calculated;
        value           uniform 0;
    }
    frontAndBack
    {
        type            empty;
        value           nonuniform List<scalar> 0();
    }
}


// ************************************************************************* //
