/*--------------------------------*- C++ -*----------------------------------*\
| =========                 |                                                 |
| \\      /  F ield         | OpenFOAM: The Open Source CFD Toolbox           |
|  \\    /   O peration     | Version:  2212                                  |
|   \\  /    A nd           | Website:  www.openfoam.com                      |
|    \\/     M anipulation  |                                                 |
\*---------------------------------------------------------------------------*/
FoamFile
{
    version     2.0;
    format      ascii;
    arch        "LSB;label=32;scalar=64";
    class       surfaceScalarField;
    location    "0.845";
    object      phi;
}
// * * * * * * * * * * * * * * * * * * * * * * * * * * * * * * * * * * * * * //

dimensions      [0 3 -1 0 0 0 0];

oriented        oriented;

internalField   nonuniform List<scalar> 
760
(
-3.72213e-08
3.72213e-08
-1.40319e-07
1.03098e-07
-2.70611e-07
1.30292e-07
-4.12622e-07
1.4201e-07
-5.6666e-07
1.54038e-07
-7.37387e-07
1.70727e-07
-9.28078e-07
1.9069e-07
-1.13636e-06
2.08278e-07
-1.34891e-06
2.12553e-07
-1.53615e-06
1.87237e-07
-1.65152e-06
1.15373e-07
-1.6439e-06
-7.62247e-09
-1.45768e-06
-1.86215e-07
-1.10334e-06
-3.54346e-07
-6.42971e-07
-4.60365e-07
-1.94586e-07
-4.48385e-07
1.14483e-07
-3.09068e-07
2.11159e-07
-9.66764e-08
1.23068e-07
8.80907e-08
1.23068e-07
-1.33638e-07
1.70859e-07
-3.89309e-07
3.58768e-07
-6.96695e-07
4.37679e-07
-1.03188e-06
4.772e-07
-1.39151e-06
5.1366e-07
-1.77648e-06
5.55696e-07
-2.18235e-06
5.96568e-07
-2.59227e-06
6.1819e-07
-2.97098e-06
5.91268e-07
-3.26245e-06
4.78709e-07
-3.39699e-06
2.49911e-07
-3.3074e-06
-9.72144e-08
-2.94647e-06
-5.47144e-07
-2.32161e-06
-9.79208e-07
-1.52291e-06
-1.25906e-06
-7.11269e-07
-1.26003e-06
-8.77155e-08
-9.32622e-07
1.98414e-07
-3.82806e-07
1.54594e-07
1.31911e-07
2.77663e-07
-2.02562e-07
3.73421e-07
-5.62294e-07
7.185e-07
-9.85344e-07
8.60729e-07
-1.44288e-06
9.34731e-07
-1.9289e-06
9.99685e-07
-2.44031e-06
1.06711e-06
-2.96673e-06
1.12299e-06
-3.4849e-06
1.13636e-06
-3.95588e-06
1.06225e-06
-4.3245e-06
8.47322e-07
-4.5239e-06
4.49317e-07
-4.49039e-06
-1.30724e-07
-4.1447e-06
-8.92841e-07
-3.46587e-06
-1.65804e-06
-2.50626e-06
-2.21867e-06
-1.41549e-06
-2.3508e-06
-4.45938e-07
-1.90217e-06
1.08683e-07
-9.37427e-07
1.66523e-07
7.40705e-08
4.44186e-07
-2.41897e-07
6.15318e-07
-6.6363e-07
1.14023e-06
-1.15527e-06
1.35237e-06
-1.68475e-06
1.46421e-06
-2.24584e-06
1.56078e-06
-2.83609e-06
1.65736e-06
-3.44799e-06
1.73489e-06
-4.06643e-06
1.7548e-06
-4.66908e-06
1.6649e-06
-5.22195e-06
1.40019e-06
-5.66184e-06
8.89202e-07
-5.90695e-06
1.14384e-07
-5.79503e-06
-1.00476e-06
-5.23045e-06
-2.22262e-06
-4.20002e-06
-3.24909e-06
-2.80102e-06
-3.7498e-06
-1.30358e-06
-3.39961e-06
-1.86853e-07
-2.05416e-06
1.56029e-07
-2.68811e-07
6.00215e-07
-2.57044e-07
8.72362e-07
-7.06183e-07
1.58937e-06
-1.2306e-06
1.87678e-06
-1.79728e-06
2.0309e-06
-2.40274e-06
2.16623e-06
-3.05129e-06
2.30591e-06
-3.74877e-06
2.43237e-06
-4.50334e-06
2.50937e-06
-5.32566e-06
2.48721e-06
-6.20983e-06
2.28436e-06
-7.08074e-06
1.76011e-06
-7.72586e-06
7.59507e-07
-7.96329e-06
-7.67324e-07
-7.61528e-06
-2.57064e-06
-6.63869e-06
-4.22568e-06
-5.03245e-06
-5.35604e-06
-2.96354e-06
-5.46853e-06
-9.53124e-07
-4.06457e-06
8.01346e-08
-1.30207e-06
6.8035e-07
-2.5217e-07
1.12453e-06
-7.00488e-07
2.03769e-06
-1.22937e-06
2.40566e-06
-1.8069e-06
2.60842e-06
-2.43465e-06
2.79398e-06
-3.12865e-06
2.99992e-06
-3.91591e-06
3.21963e-06
-4.83531e-06
3.42877e-06
-5.92653e-06
3.57844e-06
-7.17966e-06
3.53749e-06
-8.45105e-06
3.0315e-06
-9.44784e-06
1.75629e-06
-9.89325e-06
-3.2191e-07
-9.7881e-06
-2.67579e-06
-9.05797e-06
-4.95581e-06
-7.57878e-06
-6.83523e-06
-5.27829e-06
-7.76901e-06
-2.42855e-06
-6.91431e-06
-2.35323e-07
-3.4953e-06
4.45026e-07
-2.30411e-07
1.35494e-06
-6.53813e-07
2.46109e-06
-1.16223e-06
2.91408e-06
-1.72543e-06
3.17162e-06
-2.35007e-06
3.41862e-06
-3.06411e-06
3.71395e-06
-3.91413e-06
4.06965e-06
-4.95913e-06
4.47378e-06
-6.23487e-06
4.85417e-06
-7.67535e-06
4.97797e-06
-9.05754e-06
4.4137e-06
-1.01048e-05
2.80352e-06
-1.0592e-05
1.65357e-07
-1.06904e-05
-2.57743e-06
-1.03399e-05
-5.30634e-06
-9.37235e-06
-7.80274e-06
-7.49752e-06
-9.64384e-06
-4.48222e-06
-9.92961e-06
-1.04533e-06
-6.93219e-06
-6.00306e-07
-1.94539e-07
1.54948e-06
-5.71725e-07
2.83828e-06
-1.03559e-06
3.37794e-06
-1.55632e-06
3.69235e-06
-2.14192e-06
4.00423e-06
-2.82517e-06
4.3972e-06
-3.6575e-06
4.90198e-06
-4.68998e-06
5.50625e-06
-5.91918e-06
6.08338e-06
-7.22008e-06
6.27886e-06
-8.36378e-06
5.5574e-06
-9.16963e-06
3.60937e-06
-9.67815e-06
6.73878e-07
-9.8677e-06
-2.38788e-06
-9.84686e-06
-5.32718e-06
-9.52352e-06
-8.12609e-06
-8.52713e-06
-1.06402e-05
-6.22566e-06
-1.22311e-05
-2.34788e-06
-1.081e-05
-2.94818e-06
-1.4788e-07
1.69736e-06
-4.6066e-07
3.15106e-06
-8.56852e-07
3.77413e-06
-1.3042e-06
4.1397e-06
-1.80523e-06
4.50526e-06
-2.3855e-06
4.97747e-06
-3.08258e-06
5.59906e-06
-3.92149e-06
6.34516e-06
-4.86817e-06
7.03007e-06
-5.80003e-06
7.21071e-06
-6.56503e-06
6.32241e-06
-7.10128e-06
4.14561e-06
-7.4946e-06
1.0672e-06
-7.72401e-06
-2.15847e-06
-7.88141e-06
-5.16978e-06
-8.0177e-06
-7.98979e-06
-7.86103e-06
-1.07969e-05
-6.63737e-06
-1.34547e-05
-3.55774e-06
-1.38896e-05
-6.50593e-06
-9.52772e-08
1.79264e-06
-3.30678e-07
3.38646e-06
-6.40042e-07
4.0835e-06
-9.85981e-07
4.48563e-06
-1.35932e-06
4.87859e-06
-1.76896e-06
5.38711e-06
-2.22965e-06
6.05975e-06
-2.74424e-06
6.85975e-06
-3.28165e-06
7.56748e-06
-3.78227e-06
7.71134e-06
-4.2057e-06
6.74583e-06
-4.56342e-06
4.50332e-06
-4.8944e-06
1.39818e-06
-5.17503e-06
-1.87783e-06
-5.4397e-06
-4.90511e-06
-5.80187e-06
-7.62763e-06
-6.17683e-06
-1.04219e-05
-5.8772e-06
-1.37544e-05
-3.84512e-06
-1.59217e-05
-1.0351e-05
-4.32829e-08
1.83592e-06
-1.96523e-07
3.5397e-06
-4.08164e-07
4.29514e-06
-6.3521e-07
4.71268e-06
-8.54551e-07
5.09794e-06
-1.05557e-06
5.58813e-06
-1.23097e-06
6.23516e-06
-1.37267e-06
7.00144e-06
-1.4749e-06
7.66971e-06
-1.565e-06
7.80145e-06
-1.70517e-06
6.886e-06
-1.93014e-06
4.7283e-06
-2.25846e-06
1.7265e-06
-2.65978e-06
-1.47651e-06
-3.07223e-06
-4.49266e-06
-3.60741e-06
-7.09244e-06
-4.32697e-06
-9.70238e-06
-4.66592e-06
-1.34154e-05
-3.35234e-06
-1.72352e-05
-1.37034e-05
1.92374e-10
1.83573e-06
-7.68296e-08
3.61672e-06
-1.90837e-07
4.40915e-06
-2.95544e-07
4.81739e-06
-3.56615e-07
5.15901e-06
-3.46428e-07
5.57794e-06
-2.41766e-07
6.1305e-06
-2.65779e-08
6.78625e-06
2.62642e-07
7.38049e-06
5.41973e-07
7.52212e-06
7.00243e-07
6.72773e-06
6.41508e-07
4.78703e-06
3.40045e-07
2.02796e-06
-1.37011e-07
-9.99453e-07
-7.44103e-07
-3.88557e-06
-1.51395e-06
-6.32259e-06
-2.53574e-06
-8.68059e-06
-3.3965e-06
-1.25547e-05
-2.7395e-06
-1.78923e-05
-1.64429e-05
2.71208e-08
1.80861e-06
1.18575e-08
3.63199e-06
-1.84615e-08
4.43947e-06
-1.01824e-08
4.80911e-06
7.3865e-08
5.07496e-06
2.58712e-07
5.39309e-06
5.78084e-07
5.81113e-06
1.05603e-06
6.30831e-06
1.68096e-06
6.75556e-06
2.34076e-06
6.86232e-06
2.82892e-06
6.23956e-06
2.96834e-06
4.64762e-06
2.71602e-06
2.28028e-06
2.09767e-06
-3.81101e-07
1.30915e-06
-3.09705e-06
3.05955e-07
-5.3194e-06
-9.79293e-07
-7.39535e-06
-2.21568e-06
-1.13183e-05
-2.13513e-06
-1.79728e-05
-1.8578e-05
2.64125e-08
1.7822e-06
3.99587e-08
3.61844e-06
7.56021e-08
4.40382e-06
1.76385e-07
4.70832e-06
3.72882e-07
4.87846e-06
6.95645e-07
5.07033e-06
1.173e-06
5.33377e-06
1.82914e-06
5.65217e-06
2.65052e-06
5.93418e-06
3.53082e-06
5.98201e-06
4.25685e-06
5.51353e-06
4.60323e-06
4.30124e-06
4.47318e-06
2.41033e-06
3.89911e-06
1.92969e-07
2.93634e-06
-2.13428e-06
1.72228e-06
-4.10533e-06
2.3761e-07
-5.91068e-06
-1.26244e-06
-9.81823e-06
-1.61295e-06
-1.76223e-05
-2.0191e-05
-1.18638e-08
1.79406e-06
-8.16697e-09
3.61474e-06
6.36197e-08
4.33204e-06
2.39778e-07
4.53217e-06
5.3531e-07
4.58293e-06
9.61991e-07
4.64365e-06
1.53788e-06
4.75788e-06
2.27886e-06
4.9112e-06
3.17285e-06
5.04019e-06
4.13647e-06
5.01839e-06
4.98778e-06
4.66222e-06
5.49607e-06
3.79295e-06
5.51179e-06
2.3946e-06
5.02991e-06
6.74857e-07
4.04271e-06
-1.14708e-06
2.72433e-06
-2.78695e-06
1.13685e-06
-4.32321e-06
-4.87057e-07
-8.19432e-06
-1.15583e-06
-1.69535e-05
-2.13468e-05
-9.85639e-08
1.89263e-06
-1.48969e-07
3.66515e-06
-5.57666e-08
4.23883e-06
1.84696e-07
4.2917e-06
5.5826e-07
4.20937e-06
1.05994e-06
4.14197e-06
1.69336e-06
4.12445e-06
2.46267e-06
4.1419e-06
3.3534e-06
4.14946e-06
4.30331e-06
4.06848e-06
5.17462e-06
3.7909e-06
5.76871e-06
3.19886e-06
5.90707e-06
2.25624e-06
5.52709e-06
1.05483e-06
4.62087e-06
-2.40854e-07
3.32562e-06
-1.4917e-06
1.79075e-06
-2.78834e-06
1.36602e-07
-6.54017e-06
-6.11179e-07
-1.62057e-05
-2.1958e-05
-3.13768e-07
2.20639e-06
-5.52174e-07
3.90355e-06
-4.24917e-07
4.11158e-06
-5.59172e-08
3.9227e-06
4.40703e-07
3.71275e-06
1.03038e-06
3.55229e-06
1.71369e-06
3.44114e-06
2.49322e-06
3.36236e-06
3.3529e-06
3.28979e-06
4.24749e-06
3.17389e-06
5.07265e-06
2.96575e-06
5.68162e-06
2.58989e-06
5.90142e-06
2.03644e-06
5.63962e-06
1.31663e-06
4.86531e-06
5.3345e-07
3.72828e-06
-3.54664e-07
2.46345e-06
-1.52352e-06
1.25196e-06
-5.32868e-06
2.00843e-07
-1.51546e-05
-2.17571e-05
-3.67795e-07
2.57419e-06
-6.83931e-07
4.21969e-06
-6.41398e-07
4.06904e-06
-3.25814e-07
3.60712e-06
1.70466e-07
3.21647e-06
7.8171e-07
2.94105e-06
1.4855e-06
2.73735e-06
2.27678e-06
2.57109e-06
3.1249e-06
2.44167e-06
3.99724e-06
2.30154e-06
4.80677e-06
2.15622e-06
5.46279e-06
1.93387e-06
5.82895e-06
1.67028e-06
5.83341e-06
1.31218e-06
5.43177e-06
9.3509e-07
4.76492e-06
3.12185e-07
4.09571e-06
-8.54311e-07
3.21159e-06
-4.44456e-06
1.5388e-06
-1.34818e-05
-2.02183e-05
-3.9215e-06
6.49569e-06
-3.6675e-06
3.96569e-06
-2.32215e-06
2.72369e-06
-9.71001e-07
2.25597e-06
2.83764e-07
1.9617e-06
1.50339e-06
1.72142e-06
2.70304e-06
1.5377e-06
3.89522e-06
1.37891e-06
5.06418e-06
1.27271e-06
6.20529e-06
1.16044e-06
7.27414e-06
1.08737e-06
8.23239e-06
9.75616e-07
8.99897e-06
9.03704e-07
9.54366e-06
7.67486e-07
9.84775e-06
6.30997e-07
9.88327e-06
2.7667e-07
9.70017e-06
-6.71216e-07
8.97169e-06
-3.71608e-06
5.18237e-06
-9.69249e-06
-1.5036e-05
6.49569e-06
1.04614e-05
1.31851e-05
1.5441e-05
1.74027e-05
1.91242e-05
2.06619e-05
2.20408e-05
2.33135e-05
2.44739e-05
2.55613e-05
2.65369e-05
2.74406e-05
2.82081e-05
2.88391e-05
2.91158e-05
2.84445e-05
2.47285e-05
1.5036e-05
)
;

boundaryField
{
    movingWall
    {
        type            calculated;
        value           uniform 0;
    }
    fixedWalls
    {
        type            calculated;
        value           uniform 0;
    }
    frontAndBack
    {
        type            empty;
        value           nonuniform List<scalar> 0();
    }
}


// ************************************************************************* //
