/*--------------------------------*- C++ -*----------------------------------*\
| =========                 |                                                 |
| \\      /  F ield         | OpenFOAM: The Open Source CFD Toolbox           |
|  \\    /   O peration     | Version:  2212                                  |
|   \\  /    A nd           | Website:  www.openfoam.com                      |
|    \\/     M anipulation  |                                                 |
\*---------------------------------------------------------------------------*/
FoamFile
{
    version     2.0;
    format      ascii;
    arch        "LSB;label=32;scalar=64";
    class       volScalarField;
    location    "2.295";
    object      p;
}
// * * * * * * * * * * * * * * * * * * * * * * * * * * * * * * * * * * * * * //

dimensions      [0 2 -2 0 0 0 0];

internalField   nonuniform List<scalar> 
400
(
1.27491e-08
-0.000138057
-0.000467764
-0.000932219
-0.00150879
-0.0021635
-0.0027654
-0.00312448
-0.00306971
-0.00245686
-0.00116232
0.000829286
0.00325222
0.00537344
0.00640709
0.00598677
0.00434119
0.00268461
0.00170843
0.00161796
0.000119817
-3.86457e-05
-0.000303316
-0.000649528
-0.00108097
-0.00163635
-0.00231794
-0.00300425
-0.00342873
-0.00326293
-0.00225823
-0.000412734
0.00189463
0.00401718
0.00517496
0.00494748
0.00356147
0.00198902
0.00124475
0.00129299
0.000463322
0.000246739
-4.09093e-05
-0.000458026
-0.00112517
-0.00215317
-0.00352205
-0.00501495
-0.00623363
-0.00670699
-0.00610263
-0.00446366
-0.00211046
0.000385684
0.00226403
0.0029178
0.00231586
0.00120262
0.000336263
0.000297042
0.000937447
0.000593241
0.000159843
-0.000619982
-0.00198646
-0.00405235
-0.00665857
-0.00938871
-0.0117004
-0.0130606
-0.0131281
-0.0119131
-0.00961288
-0.0066339
-0.00361755
-0.00126266
-3.69696e-05
6.76839e-05
-0.000527858
-0.00114607
0.00115938
0.000676201
-8.13483e-05
-0.00157626
-0.00408378
-0.00759662
-0.0117233
-0.015827
-0.0192737
-0.0215813
-0.0224692
-0.0218208
-0.0197296
-0.0164475
-0.0123802
-0.00810869
-0.00439889
-0.00203462
-0.00142796
-0.00314435
0.000765267
0.000100197
-0.00114495
-0.003596
-0.00745956
-0.0124981
-0.018021
-0.0232156
-0.027442
-0.0303337
-0.0317331
-0.0315398
-0.0298063
-0.0266679
-0.0222579
-0.0167912
-0.0108509
-0.0057755
-0.0035016
-0.00554893
-0.000505089
-0.00136789
-0.00316699
-0.00659663
-0.011709
-0.0179782
-0.0244503
-0.0302288
-0.0347459
-0.0377749
-0.039295
-0.0393268
-0.0379312
-0.0351779
-0.031045
-0.0254129
-0.0183897
-0.011166
-0.00676615
-0.00687572
-0.00264708
-0.00366843
-0.00595993
-0.0101678
-0.0161794
-0.0232092
-0.0301327
-0.0360611
-0.0405451
-0.0434882
-0.0449604
-0.0450616
-0.0438829
-0.0414829
-0.0378164
-0.0326412
-0.0256782
-0.017418
-0.0105256
-0.00714757
-0.00535639
-0.00645329
-0.00908123
-0.0137655
-0.0202618
-0.027612
-0.0346205
-0.0404579
-0.0447879
-0.0475991
-0.0490051
-0.0491263
-0.0480567
-0.0458706
-0.0425851
-0.0380283
-0.0317512
-0.0235582
-0.0150502
-0.00890345
-0.00817161
-0.00924798
-0.0120261
-0.0168821
-0.0234947
-0.0308426
-0.0377364
-0.0434104
-0.0475987
-0.0503237
-0.051701
-0.0518337
-0.0508056
-0.0487081
-0.0456337
-0.0415586
-0.0361231
-0.0287418
-0.0202351
-0.0127762
-0.0106579
-0.0116427
-0.0143855
-0.0191517
-0.0255923
-0.0327266
-0.0394237
-0.0449553
-0.0490673
-0.0517691
-0.053152
-0.0532959
-0.0522707
-0.0501736
-0.0471637
-0.0433613
-0.0386543
-0.0323296
-0.0247853
-0.0172011
-0.0125584
-0.0133678
-0.0159248
-0.0203643
-0.0263936
-0.033158
-0.0396274
-0.0450792
-0.0492018
-0.0519503
-0.0533736
-0.0535302
-0.0524795
-0.050314
-0.0472568
-0.0435383
-0.0393525
-0.0339306
-0.0274933
-0.0202312
-0.0138259
-0.0143435
-0.0165077
-0.020415
-0.0258438
-0.0321251
-0.0383529
-0.0437834
-0.0480028
-0.0508688
-0.0523725
-0.0525467
-0.0514412
-0.049175
-0.0459843
-0.0421683
-0.0382746
-0.03336
-0.0278114
-0.0207887
-0.0145177
-0.0146512
-0.0161927
-0.0193132
-0.0239499
-0.0296487
-0.035619
-0.041074
-0.04547
-0.0485368
-0.0501829
-0.0504049
-0.0492461
-0.0468355
-0.0434462
-0.0394599
-0.0354819
-0.0306804
-0.0260533
-0.0185926
-0.0147313
-0.0144531
-0.0151516
-0.017214
-0.0208628
-0.0258748
-0.0315602
-0.0370714
-0.0417171
-0.045074
-0.046944
-0.0472656
-0.0460798
-0.0435015
-0.0398576
-0.0355686
-0.0312605
-0.0263839
-0.0228895
-0.0134918
-0.0145872
-0.0139577
-0.0135526
-0.0142761
-0.0167733
-0.0210215
-0.0264054
-0.0319993
-0.0369593
-0.0406959
-0.0428896
-0.0434042
-0.0422658
-0.0395538
-0.0356254
-0.0309092
-0.0260956
-0.0209616
-0.0179786
-0.00404869
-0.0141796
-0.0132977
-0.0115357
-0.010786
-0.0120954
-0.0156011
-0.0207177
-0.0264255
-0.0317483
-0.0359401
-0.0385607
-0.039376
-0.0383771
-0.0356278
-0.0314087
-0.0260814
-0.0203004
-0.0139693
-0.00833528
0.0145521
-0.0144021
-0.0126512
-0.00903127
-0.00682354
-0.00713683
-0.0101139
-0.0151
-0.0209817
-0.0267116
-0.031417
-0.0345674
-0.0358167
-0.0350986
-0.0324034
-0.0278966
-0.021603
-0.0136836
-0.00287768
0.0135631
0.0543138
-0.0119254
-0.0122377
-0.00680742
-0.00320674
-0.00289327
-0.00569591
-0.0107468
-0.0168662
-0.0230005
-0.0281896
-0.031879
-0.0336368
-0.0333586
-0.030792
-0.0257983
-0.0175448
-0.00478456
0.0173275
0.0567666
0.12641
-0.0296358
-0.0113524
-0.00208779
0.00126522
0.000923186
-0.00225458
-0.00757001
-0.0139719
-0.020421
-0.0259422
-0.0299643
-0.03204
-0.0320261
-0.0295099
-0.0238402
-0.0128482
0.00775966
0.0480721
0.119221
0.222839
)
;

boundaryField
{
    movingWall
    {
        type            zeroGradient;
    }
    fixedWalls
    {
        type            zeroGradient;
    }
    frontAndBack
    {
        type            empty;
    }
}


// ************************************************************************* //
