/*--------------------------------*- C++ -*----------------------------------*\
| =========                 |                                                 |
| \\      /  F ield         | OpenFOAM: The Open Source CFD Toolbox           |
|  \\    /   O peration     | Version:  2212                                  |
|   \\  /    A nd           | Website:  www.openfoam.com                      |
|    \\/     M anipulation  |                                                 |
\*---------------------------------------------------------------------------*/
FoamFile
{
    version     2.0;
    format      ascii;
    arch        "LSB;label=32;scalar=64";
    class       volVectorField;
    location    "2.325";
    object      U;
}
// * * * * * * * * * * * * * * * * * * * * * * * * * * * * * * * * * * * * * //

dimensions      [0 1 -1 0 0 0 0];

internalField   nonuniform List<vector> 
400
(
(0.00133404 -0.00138293 0)
(0.0037209 -0.00150269 0)
(0.00486889 -0.00100438 0)
(0.00383955 -0.000445921 0)
(4.2589e-05 0.000290643 0)
(-0.00750906 0.00167547 0)
(-0.0197529 0.00418798 0)
(-0.0365764 0.00747398 0)
(-0.0557324 0.00983947 0)
(-0.0727617 0.00949886 0)
(-0.0832271 0.00637685 0)
(-0.0845536 0.00176178 0)
(-0.07574 -0.00312159 0)
(-0.057367 -0.00751424 0)
(-0.0329327 -0.00998806 0)
(-0.00661444 -0.00910112 0)
(0.0140985 -0.00464966 0)
(0.0217325 0.00232574 0)
(0.0146812 0.00581459 0)
(0.00400322 0.00429655 0)
(0.0011297 -0.00379415 0)
(0.00152104 -0.00272077 0)
(-0.00241334 0.00103411 0)
(-0.0123603 0.006002 0)
(-0.0301147 0.0125635 0)
(-0.0563078 0.0209432 0)
(-0.0884109 0.0292633 0)
(-0.120606 0.0335741 0)
(-0.147063 0.0312052 0)
(-0.16418 0.0225158 0)
(-0.17027 0.00951423 0)
(-0.165103 -0.00551296 0)
(-0.149223 -0.0207661 0)
(-0.123229 -0.0338921 0)
(-0.0893323 -0.0413632 0)
(-0.0502406 -0.0391465 0)
(-0.0116915 -0.0250753 0)
(0.0149099 -0.00200189 0)
(0.0163337 0.0145429 0)
(0.00520685 0.0135841 0)
(-0.00072939 -0.00356032 0)
(-0.00610962 0.00251894 0)
(-0.0192481 0.0135902 0)
(-0.0413314 0.027837 0)
(-0.0730181 0.0438133 0)
(-0.110982 0.0577653 0)
(-0.148755 0.0647489 0)
(-0.180765 0.0620268 0)
(-0.20433 0.0502033 0)
(-0.21851 0.0314399 0)
(-0.223102 0.00803509 0)
(-0.218601 -0.0179284 0)
(-0.205321 -0.0443224 0)
(-0.182848 -0.0676847 0)
(-0.150948 -0.083108 0)
(-0.109704 -0.0838973 0)
(-0.0611216 -0.0636393 0)
(-0.0133732 -0.0226396 0)
(0.00883125 0.0157012 0)
(0.00409208 0.0217782 0)
(-0.00328659 0.00269673 0)
(-0.0161334 0.0175947 0)
(-0.0394941 0.0376366 0)
(-0.0716692 0.0607171 0)
(-0.110897 0.0820215 0)
(-0.151338 0.0953496 0)
(-0.186765 0.0965931 0)
(-0.214349 0.0858773 0)
(-0.233831 0.0658428 0)
(-0.245558 0.0391352 0)
(-0.250201 0.00773902 0)
(-0.248546 -0.0269057 0)
(-0.240624 -0.0626633 0)
(-0.225448 -0.0965911 0)
(-0.201143 -0.123485 0)
(-0.165135 -0.134913 0)
(-0.115256 -0.11935 0)
(-0.0537302 -0.0680267 0)
(-0.00110131 0.00182455 0)
(0.00464551 0.0262192 0)
(-0.00592163 0.0156451 0)
(-0.0254774 0.0415006 0)
(-0.0562977 0.0694241 0)
(-0.0934801 0.098007 0)
(-0.133517 0.120018 0)
(-0.170127 0.129112 0)
(-0.199105 0.123451 0)
(-0.219902 0.105497 0)
(-0.233453 0.0788871 0)
(-0.241208 0.0464766 0)
(-0.244824 0.01 0)
(-0.245355 -0.0296266 0)
(-0.242759 -0.0712034 0)
(-0.236368 -0.113319 0)
(-0.223579 -0.152193 0)
(-0.199867 -0.179681 0)
(-0.15953 -0.181067 0)
(-0.0983273 -0.136485 0)
(-0.0209669 -0.0380563 0)
(0.0069468 0.0251984 0)
(-0.00742308 0.0331885 0)
(-0.030873 0.0704888 0)
(-0.064794 0.103861 0)
(-0.101722 0.134415 0)
(-0.137606 0.153939 0)
(-0.167008 0.157125 0)
(-0.187789 0.144421 0)
(-0.200763 0.120001 0)
(-0.207635 0.0882069 0)
(-0.210713 0.0522163 0)
(-0.212146 0.0137743 0)
(-0.213137 -0.0265589 0)
(-0.214024 -0.0690838 0)
(-0.214842 -0.114221 0)
(-0.213496 -0.160858 0)
(-0.20489 -0.203673 0)
(-0.181085 -0.228738 0)
(-0.133799 -0.209516 0)
(-0.0591144 -0.113541 0)
(0.00532094 0.0130537 0)
(-0.00719593 0.0524811 0)
(-0.0309588 0.100483 0)
(-0.0637617 0.136723 0)
(-0.0966587 0.166454 0)
(-0.125918 0.181628 0)
(-0.147393 0.178299 0)
(-0.160571 0.158858 0)
(-0.167051 0.128774 0)
(-0.169027 0.0930094 0)
(-0.169023 0.0549477 0)
(-0.168874 0.0162065 0)
(-0.169478 -0.022974 0)
(-0.171483 -0.0636361 0)
(-0.175534 -0.10727 0)
(-0.180965 -0.155178 0)
(-0.184019 -0.206344 0)
(-0.176665 -0.251726 0)
(-0.148955 -0.265233 0)
(-0.0947566 -0.197794 0)
(-0.00822092 -0.0146216 0)
(-0.005326 0.0704368 0)
(-0.0261172 0.128131 0)
(-0.0546385 0.165434 0)
(-0.0814962 0.192689 0)
(-0.103624 0.202787 0)
(-0.118211 0.193099 0)
(-0.125822 0.167643 0)
(-0.128422 0.132925 0)
(-0.128349 0.0943365 0)
(-0.12777 0.0551537 0)
(-0.127706 0.0165686 0)
(-0.128437 -0.0215693 0)
(-0.130481 -0.0602689 0)
(-0.134724 -0.10099 0)
(-0.141844 -0.146073 0)
(-0.150435 -0.198232 0)
(-0.154199 -0.255422 0)
(-0.142619 -0.297649 0)
(-0.108502 -0.267615 0)
(-0.0291996 -0.0717558 0)
(-0.00237146 0.0843453 0)
(-0.0178714 0.150854 0)
(-0.040167 0.188307 0)
(-0.0602438 0.212358 0)
(-0.0757379 0.217591 0)
(-0.0849882 0.202586 0)
(-0.0891238 0.172534 0)
(-0.0900869 0.134628 0)
(-0.0899634 0.094458 0)
(-0.0902337 0.054983 0)
(-0.0911477 0.0168174 0)
(-0.0925757 -0.0206336 0)
(-0.0947244 -0.0581692 0)
(-0.0982751 -0.0966382 0)
(-0.104561 -0.138078 0)
(-0.114397 -0.18711 0)
(-0.124309 -0.248427 0)
(-0.123561 -0.312428 0)
(-0.104712 -0.323766 0)
(-0.0360878 -0.155612 0)
(0.00103168 0.092224 0)
(-0.00776543 0.167006 0)
(-0.0227388 0.204781 0)
(-0.0359568 0.226036 0)
(-0.0455485 0.227503 0)
(-0.0507738 0.208697 0)
(-0.0528669 0.175589 0)
(-0.0533954 0.135826 0)
(-0.0539203 0.0950576 0)
(-0.0552645 0.0558163 0)
(-0.0572597 0.018136 0)
(-0.0596448 -0.0189049 0)
(-0.0624198 -0.0559479 0)
(-0.0658905 -0.0932603 0)
(-0.0712064 -0.131855 0)
(-0.0802199 -0.176285 0)
(-0.0928871 -0.235779 0)
(-0.0989107 -0.3128 0)
(-0.0935159 -0.361032 0)
(-0.0304167 -0.23334 0)
(0.00433081 0.0931299 0)
(0.00266569 0.17555 0)
(-0.00465213 0.214483 0)
(-0.0112097 0.233622 0)
(-0.0155009 0.232473 0)
(-0.0173373 0.211523 0)
(-0.0178586 0.177103 0)
(-0.0181105 0.13691 0)
(-0.0190509 0.0963888 0)
(-0.0210414 0.0577234 0)
(-0.0237705 0.0206355 0)
(-0.0270318 -0.015908 0)
(-0.0308471 -0.0525472 0)
(-0.0352198 -0.0892972 0)
(-0.0408294 -0.126238 0)
(-0.0492755 -0.166655 0)
(-0.0635189 -0.221763 0)
(-0.0735519 -0.305693 0)
(-0.0803794 -0.385006 0)
(-0.0227784 -0.296949 0)
(0.00700708 0.0874744 0)
(0.0123956 0.176277 0)
(0.0126345 0.21762 0)
(0.0125178 0.236014 0)
(0.0133667 0.233807 0)
(0.0149386 0.212337 0)
(0.0162323 0.177986 0)
(0.0166647 0.138272 0)
(0.01584 0.0983922 0)
(0.0137265 0.0604008 0)
(0.0106426 0.0240366 0)
(0.00667925 -0.0117115 0)
(0.00168762 -0.0475396 0)
(-0.00422475 -0.0834493 0)
(-0.0114299 -0.119169 0)
(-0.0204538 -0.156346 0)
(-0.036728 -0.205849 0)
(-0.049279 -0.291587 0)
(-0.0679612 -0.396956 0)
(-0.0146303 -0.349672 0)
(0.00833909 0.0764463 0)
(0.0200772 0.16933 0)
(0.0274485 0.213729 0)
(0.0333631 0.232219 0)
(0.0392607 0.230014 0)
(0.0447583 0.20943 0)
(0.0488159 0.176538 0)
(0.0509787 0.138374 0)
(0.0511602 0.0998602 0)
(0.0495539 0.0630392 0)
(0.0464906 0.0278481 0)
(0.0419471 -0.00663243 0)
(0.0358308 -0.0410735 0)
(0.0281342 -0.0755674 0)
(0.0182694 -0.109795 0)
(0.00711832 -0.144381 0)
(-0.012335 -0.188848 0)
(-0.0259659 -0.273045 0)
(-0.0566332 -0.399612 0)
(-0.00653631 -0.391865 0)
(0.00780049 0.0621073 0)
(0.0244298 0.15532 0)
(0.0386358 0.203366 0)
(0.0506848 0.223351 0)
(0.0619768 0.222425 0)
(0.07214 0.203975 0)
(0.0800316 0.173656 0)
(0.0850708 0.137859 0)
(0.0872261 0.101233 0)
(0.08678 0.0659456 0)
(0.0841016 0.0322875 0)
(0.0791605 -0.0004453 0)
(0.0718111 -0.0327269 0)
(0.0621896 -0.065025 0)
(0.0492977 -0.0970969 0)
(0.0347018 -0.129038 0)
(0.0107009 -0.168626 0)
(-0.00281828 -0.249819 0)
(-0.0462869 -0.395919 0)
(0.00211416 -0.427201 0)
(0.0053996 0.0475356 0)
(0.0241153 0.13645 0)
(0.0437 0.186209 0)
(0.0614672 0.206971 0)
(0.0785209 0.207353 0)
(0.0943709 0.191706 0)
(0.107524 0.165107 0)
(0.117009 0.133036 0)
(0.122575 0.0996701 0)
(0.124424 0.0671812 0)
(0.122843 0.0362056 0)
(0.118031 0.00630553 0)
(0.109511 -0.0228163 0)
(0.097897 -0.0517965 0)
(0.0813761 -0.0806352 0)
(0.0627414 -0.110042 0)
(0.0336348 -0.145792 0)
(0.020155 -0.224115 0)
(-0.0365162 -0.389084 0)
(0.0124695 -0.456932 0)
(0.00175271 0.0355411 0)
(0.018834 0.115318 0)
(0.0426043 0.165283 0)
(0.0661719 0.186822 0)
(0.0895788 0.188548 0)
(0.111882 0.175803 0)
(0.131283 0.153378 0)
(0.146318 0.125802 0)
(0.156358 0.0966416 0)
(0.161499 0.0679189 0)
(0.161696 0.0405147 0)
(0.157658 0.0143328 0)
(0.148181 -0.0108756 0)
(0.134766 -0.035582 0)
(0.114383 -0.0601223 0)
(0.0917715 -0.0861553 0)
(0.0574637 -0.119176 0)
(0.0425357 -0.196101 0)
(-0.0254898 -0.379612 0)
(0.0270582 -0.480116 0)
(-0.00312925 0.031638 0)
(0.00638566 0.0970472 0)
(0.0290994 0.137267 0)
(0.0578457 0.155691 0)
(0.0884821 0.157947 0)
(0.118616 0.148426 0)
(0.145685 0.131083 0)
(0.167798 0.109368 0)
(0.183764 0.0861643 0)
(0.193668 0.063145 0)
(0.196836 0.0412978 0)
(0.194663 0.0206595 0)
(0.185064 0.00113828 0)
(0.171036 -0.0178268 0)
(0.147625 -0.0366029 0)
(0.122557 -0.0584277 0)
(0.0835883 -0.0906264 0)
(0.064755 -0.170347 0)
(-0.0074625 -0.365027 0)
(0.0506063 -0.488427 0)
(-0.0117198 0.0217088 0)
(-0.00796232 0.0877018 0)
(0.0132203 0.118005 0)
(0.0460239 0.128026 0)
(0.0832883 0.127186 0)
(0.120574 0.119331 0)
(0.154687 0.106678 0)
(0.183135 0.0909063 0)
(0.204448 0.0741962 0)
(0.219164 0.0574956 0)
(0.225545 0.0419739 0)
(0.22672 0.0274727 0)
(0.218579 0.0144968 0)
(0.20763 0.00189515 0)
(0.184869 -0.0106535 0)
(0.163483 -0.0284579 0)
(0.122635 -0.060348 0)
(0.101573 -0.140774 0)
(0.0343842 -0.324789 0)
(0.0911799 -0.454885 0)
(-0.104592 0.0846952 0)
(-0.0771738 0.0701064 0)
(-0.0506586 0.0704329 0)
(-0.00225437 0.0728143 0)
(0.0470103 0.0724479 0)
(0.0959561 0.0686379 0)
(0.14028 0.0623487 0)
(0.180502 0.0541115 0)
(0.211627 0.0455945 0)
(0.239161 0.0369063 0)
(0.255275 0.0291905 0)
(0.27083 0.0219572 0)
(0.272613 0.0160379 0)
(0.277985 0.0102699 0)
(0.264454 0.00413783 0)
(0.259464 -0.00680045 0)
(0.223 -0.0323319 0)
(0.21299 -0.0935355 0)
(0.148542 -0.229432 0)
(0.170304 -0.341413 0)
(0.130913 0.104655 0)
(0.160377 0.0772361 0)
(0.215171 0.0552606 0)
(0.273057 0.0430539 0)
(0.323838 0.0366866 0)
(0.373712 0.0322662 0)
(0.41589 0.0290425 0)
(0.459051 0.0256591 0)
(0.490781 0.0230567 0)
(0.525124 0.0199388 0)
(0.544391 0.0179066 0)
(0.570347 0.015046 0)
(0.577222 0.0137454 0)
(0.596491 0.0109993 0)
(0.589418 0.0101617 0)
(0.599465 0.00571992 0)
(0.565519 0.00080032 0)
(0.547325 -0.0177469 0)
(0.43682 -0.0501438 0)
(0.337465 -0.101315 0)
)
;

boundaryField
{
    movingWall
    {
        type            fixedValue;
        value           uniform (1 0 0);
    }
    fixedWalls
    {
        type            noSlip;
    }
    frontAndBack
    {
        type            empty;
    }
}


// ************************************************************************* //
