/*--------------------------------*- C++ -*----------------------------------*\
| =========                 |                                                 |
| \\      /  F ield         | OpenFOAM: The Open Source CFD Toolbox           |
|  \\    /   O peration     | Version:  2212                                  |
|   \\  /    A nd           | Website:  www.openfoam.com                      |
|    \\/     M anipulation  |                                                 |
\*---------------------------------------------------------------------------*/
FoamFile
{
    version     2.0;
    format      ascii;
    arch        "LSB;label=32;scalar=64";
    class       volVectorField;
    location    "4.355";
    object      U;
}
// * * * * * * * * * * * * * * * * * * * * * * * * * * * * * * * * * * * * * //

dimensions      [0 1 -1 0 0 0 0];

internalField   nonuniform List<vector> 
400
(
(0.00166417 -0.00166889 0)
(0.00478188 -0.00187347 0)
(0.00650275 -0.00119019 0)
(0.00557771 -0.000568037 0)
(0.00148577 0.00019044 0)
(-0.00687422 0.00173776 0)
(-0.0205702 0.00475615 0)
(-0.0393828 0.00866972 0)
(-0.0605322 0.0112183 0)
(-0.0787944 0.0104684 0)
(-0.0894815 0.00677111 0)
(-0.0902068 0.00169752 0)
(-0.0800978 -0.00356383 0)
(-0.0600117 -0.00821384 0)
(-0.0336783 -0.010794 0)
(-0.00554842 -0.00976846 0)
(0.0164384 -0.00480379 0)
(0.0242443 0.00272549 0)
(0.016077 0.0064217 0)
(0.00429929 0.00469107 0)
(0.00168802 -0.00499908 0)
(0.00307322 -0.00396167 0)
(-0.000532733 0.000616816 0)
(-0.0114086 0.00642773 0)
(-0.0313905 0.0139813 0)
(-0.0609221 0.0236258 0)
(-0.0964034 0.0328461 0)
(-0.130852 0.0368807 0)
(-0.158277 0.033375 0)
(-0.175396 0.0233569 0)
(-0.180794 0.00916186 0)
(-0.174515 -0.00685741 0)
(-0.157135 -0.0229799 0)
(-0.129383 -0.0366974 0)
(-0.0935135 -0.0443724 0)
(-0.0522565 -0.0417229 0)
(-0.0115765 -0.0263495 0)
(0.0166672 -0.00140919 0)
(0.0177429 0.0160769 0)
(0.00551907 0.0147341 0)
(-0.000269877 -0.00565599 0)
(-0.0054367 0.000908019 0)
(-0.0196247 0.0142834 0)
(-0.0443808 0.0310772 0)
(-0.0799845 0.0491465 0)
(-0.121592 0.0639312 0)
(-0.161532 0.0701576 0)
(-0.194317 0.0657216 0)
(-0.217829 0.0520114 0)
(-0.231476 0.0315032 0)
(-0.235263 0.00653672 0)
(-0.22985 -0.0208555 0)
(-0.215546 -0.0485092 0)
(-0.191849 -0.0728137 0)
(-0.158486 -0.0886388 0)
(-0.115423 -0.0889537 0)
(-0.0644594 -0.066947 0)
(-0.0139129 -0.02283 0)
(0.00940303 0.0176872 0)
(0.00415242 0.0234421 0)
(-0.0034703 0.000595551 0)
(-0.017466 0.0172914 0)
(-0.0433371 0.0413239 0)
(-0.0792734 0.0677963 0)
(-0.122272 0.0906123 0)
(-0.164926 0.103262 0)
(-0.200824 0.102384 0)
(-0.228023 0.0892826 0)
(-0.24678 0.0671034 0)
(-0.257699 0.0385473 0)
(-0.26162 0.00548743 0)
(-0.259345 -0.0307495 0)
(-0.250811 -0.0679308 0)
(-0.234971 -0.103123 0)
(-0.209831 -0.130864 0)
(-0.17269 -0.142364 0)
(-0.120996 -0.125457 0)
(-0.0567238 -0.070862 0)
(-0.00104679 0.00331362 0)
(0.00473924 0.0280687 0)
(-0.00662825 0.0148634 0)
(-0.028567 0.0440067 0)
(-0.0629124 0.0766883 0)
(-0.103811 0.10827 0)
(-0.146366 0.130443 0)
(-0.183469 0.137449 0)
(-0.211663 0.128865 0)
(-0.23133 0.108265 0)
(-0.24376 0.0795095 0)
(-0.250682 0.0453858 0)
(-0.253789 0.00742788 0)
(-0.254014 -0.0335639 0)
(-0.251133 -0.0764433 0)
(-0.244585 -0.119903 0)
(-0.231558 -0.159985 0)
(-0.207427 -0.188248 0)
(-0.166155 -0.189373 0)
(-0.103073 -0.142583 0)
(-0.0221727 -0.038997 0)
(0.00733695 0.0269005 0)
(-0.0084483 0.0348124 0)
(-0.0349271 0.0763215 0)
(-0.0725825 0.114302 0)
(-0.112482 0.146819 0)
(-0.149519 0.16508 0)
(-0.178223 0.165076 0)
(-0.197617 0.148996 0)
(-0.209237 0.121908 0)
(-0.21507 0.0881622 0)
(-0.217606 0.0507479 0)
(-0.21883 0.0111302 0)
(-0.219759 -0.0302832 0)
(-0.220596 -0.0739825 0)
(-0.221426 -0.120368 0)
(-0.220044 -0.168231 0)
(-0.211339 -0.212085 0)
(-0.187221 -0.237729 0)
(-0.139113 -0.217905 0)
(-0.062581 -0.118698 0)
(0.00577038 0.0140542 0)
(-0.00821851 0.0567671 0)
(-0.0350529 0.109464 0)
(-0.0712796 0.149616 0)
(-0.106274 0.180101 0)
(-0.135723 0.192762 0)
(-0.155993 0.18545 0)
(-0.167765 0.162421 0)
(-0.173147 0.129808 0)
(-0.174552 0.0923917 0)
(-0.174502 0.0531973 0)
(-0.174533 0.0134647 0)
(-0.175339 -0.0267728 0)
(-0.177476 -0.0686866 0)
(-0.181474 -0.113594 0)
(-0.186665 -0.162633 0)
(-0.189381 -0.21465 0)
(-0.181704 -0.26063 0)
(-0.153638 -0.274312 0)
(-0.0989324 -0.20532 0)
(-0.00888667 -0.0147151 0)
(-0.0060701 0.077178 0)
(-0.0295211 0.139794 0)
(-0.0609088 0.180146 0)
(-0.0891707 0.20708 0)
(-0.111026 0.213663 0)
(-0.124437 0.199429 0)
(-0.130975 0.170321 0)
(-0.13294 0.133318 0)
(-0.132798 0.0934346 0)
(-0.13252 0.053405 0)
(-0.132819 0.0139565 0)
(-0.133892 -0.0253008 0)
(-0.136207 -0.0654295 0)
(-0.140457 -0.107705 0)
(-0.147239 -0.154152 0)
(-0.155201 -0.207141 0)
(-0.158312 -0.264669 0)
(-0.146184 -0.307096 0)
(-0.111807 -0.276379 0)
(-0.0307942 -0.0751162 0)
(-0.00268935 0.0930314 0)
(-0.0202072 0.164688 0)
(-0.0447365 0.204362 0)
(-0.0657645 0.227196 0)
(-0.080909 0.228167 0)
(-0.0892865 0.208269 0)
(-0.0927707 0.17462 0)
(-0.0934987 0.134718 0)
(-0.0935815 0.0936 0)
(-0.094214 0.0535287 0)
(-0.0954612 0.0146009 0)
(-0.0972352 -0.0239921 0)
(-0.099717 -0.0630745 0)
(-0.103418 -0.103395 0)
(-0.109488 -0.146645 0)
(-0.118641 -0.196817 0)
(-0.127671 -0.258325 0)
(-0.126077 -0.322263 0)
(-0.107125 -0.333707 0)
(-0.0371869 -0.162723 0)
(0.00122236 0.102059 0)
(-0.00882492 0.182373 0)
(-0.0253785 0.221781 0)
(-0.039258 0.241257 0)
(-0.0486471 0.238034 0)
(-0.0534315 0.214137 0)
(-0.0552813 0.177462 0)
(-0.0558488 0.135882 0)
(-0.056665 0.0943605 0)
(-0.0582929 0.0546302 0)
(-0.0605105 0.0162291 0)
(-0.063171 -0.0219302 0)
(-0.0662736 -0.0605429 0)
(-0.0700099 -0.0998967 0)
(-0.0753266 -0.140766 0)
(-0.083809 -0.186889 0)
(-0.0955229 -0.246631 0)
(-0.10036 -0.323001 0)
(-0.094951 -0.371093 0)
(-0.0308428 -0.241651 0)
(0.00507479 0.103181 0)
(0.0029611 0.191872 0)
(-0.00530377 0.232184 0)
(-0.0123514 0.249205 0)
(-0.0166898 0.243131 0)
(-0.0185251 0.216983 0)
(-0.0191445 0.178992 0)
(-0.0195932 0.137026 0)
(-0.0208212 0.0958061 0)
(-0.0230079 0.0566824 0)
(-0.0258595 0.0189163 0)
(-0.0293063 -0.0186736 0)
(-0.033367 -0.0568219 0)
(-0.0379987 -0.0956577 0)
(-0.0437628 -0.135186 0)
(-0.05193 -0.177924 0)
(-0.0654024 -0.233692 0)
(-0.0740946 -0.316639 0)
(-0.081096 -0.395525 0)
(-0.0229086 -0.306089 0)
(0.00835987 0.0967485 0)
(0.014096 0.192831 0)
(0.013992 0.235669 0)
(0.0136091 0.251948 0)
(0.014237 0.244871 0)
(0.0154393 0.218227 0)
(0.0163082 0.180248 0)
(0.0163707 0.138647 0)
(0.0152287 0.0979457 0)
(0.0129359 0.0594306 0)
(0.00976592 0.0223949 0)
(0.00568737 -0.0143386 0)
(0.000555624 -0.0516234 0)
(-0.0055028 -0.0896302 0)
(-0.0128964 -0.128051 0)
(-0.0218311 -0.167998 0)
(-0.0376072 -0.218597 0)
(-0.0487935 -0.302939 0)
(-0.0679256 -0.407298 0)
(-0.0144715 -0.35896 0)
(0.0101846 0.0839063 0)
(0.0231655 0.185285 0)
(0.0307734 0.231813 0)
(0.0366585 0.248504 0)
(0.0422766 0.241661 0)
(0.0471882 0.215944 0)
(0.0505779 0.179267 0)
(0.0521964 0.138991 0)
(0.0519962 0.0994645 0)
(0.0501964 0.0620411 0)
(0.0470465 0.0261978 0)
(0.0424584 -0.00917877 0)
(0.036257 -0.0450285 0)
(0.0285436 -0.0815904 0)
(0.0185418 -0.11854 0)
(0.00733766 -0.156185 0)
(-0.0119836 -0.202264 0)
(-0.0244884 -0.284912 0)
(-0.0559701 -0.409856 0)
(-0.00618067 -0.40088 0)
(0.00972197 0.0668751 0)
(0.0286754 0.169621 0)
(0.0438727 0.220818 0)
(0.0563107 0.239745 0)
(0.0675077 0.234797 0)
(0.0771013 0.2115 0)
(0.0842242 0.177307 0)
(0.0885704 0.139111 0)
(0.0902201 0.101182 0)
(0.0894901 0.0651 0)
(0.0867217 0.0307151 0)
(0.0816905 -0.0030041 0)
(0.0742546 -0.0366859 0)
(0.0646845 -0.0709495 0)
(0.051638 -0.105628 0)
(0.0369058 -0.140661 0)
(0.0126746 -0.182186 0)
(-0.000330758 -0.261735 0)
(-0.0450103 -0.405661 0)
(0.00269286 -0.435402 0)
(0.00681444 0.0492905 0)
(0.0289647 0.148135 0)
(0.0505058 0.202393 0)
(0.0692218 0.223108 0)
(0.0865524 0.220212 0)
(0.102107 0.200118 0)
(0.114636 0.169638 0)
(0.123453 0.134907 0)
(0.128477 0.0999364 0)
(0.129973 0.0664283 0)
(0.128221 0.0346216 0)
(0.12329 0.00368887 0)
(0.114712 -0.0267351 0)
(0.103113 -0.0575238 0)
(0.0862665 -0.0887542 0)
(0.0673302 -0.121075 0)
(0.0375694 -0.158976 0)
(0.023364 -0.235773 0)
(-0.0347093 -0.39805 0)
(0.0133647 -0.46377 0)
(0.002342 0.0347278 0)
(0.0232901 0.123372 0)
(0.0503169 0.178953 0)
(0.0758152 0.201707 0)
(0.100274 0.201324 0)
(0.122962 0.184966 0)
(0.142226 0.159017 0)
(0.156852 0.128742 0)
(0.166427 0.0977576 0)
(0.171176 0.0677682 0)
(0.17106 0.0393601 0)
(0.166806 0.0121117 0)
(0.157039 -0.0143464 0)
(0.143444 -0.0407674 0)
(0.122407 -0.0674759 0)
(0.0991586 -0.0960344 0)
(0.0636652 -0.131141 0)
(0.0464632 -0.20635 0)
(-0.023025 -0.38646 0)
(0.0283757 -0.485132 0)
(-0.00339836 0.0288708 0)
(0.00982094 0.101289 0)
(0.0365345 0.14798 0)
(0.0681191 0.168478 0)
(0.100755 0.169606 0)
(0.132228 0.157341 0)
(0.15999 0.137001 0)
(0.182314 0.112743 0)
(0.19817 0.0876431 0)
(0.207928 0.0632315 0)
(0.21076 0.0402533 0)
(0.208453 0.0185663 0)
(0.19827 -0.00219744 0)
(0.183781 -0.022551 0)
(0.159242 -0.0429814 0)
(0.132954 -0.0665925 0)
(0.0918532 -0.100505 0)
(0.069339 -0.179123 0)
(-0.00467046 -0.369663 0)
(0.0520107 -0.491431 0)
(-0.0138384 0.0187694 0)
(-0.0075008 0.0882157 0)
(0.0188646 0.123845 0)
(0.0557599 0.136705 0)
(0.0965721 0.136168 0)
(0.136627 0.126967 0)
(0.17258 0.112363 0)
(0.202148 0.0946847 0)
(0.223829 0.0763531 0)
(0.238734 0.0583701 0)
(0.244688 0.0416998 0)
(0.245565 0.0262084 0)
(0.236339 0.0120705 0)
(0.224661 -0.00154851 0)
(0.19997 -0.0154265 0)
(0.176372 -0.0342878 0)
(0.132475 -0.0670592 0)
(0.107285 -0.145567 0)
(0.0372217 -0.326064 0)
(0.0922665 -0.455847 0)
(-0.105898 0.0825962 0)
(-0.0776584 0.0691336 0)
(-0.0486154 0.0732391 0)
(0.00346864 0.0775903 0)
(0.0566644 0.0778298 0)
(0.109071 0.073539 0)
(0.155942 0.066231 0)
(0.198022 0.0568847 0)
(0.229932 0.047298 0)
(0.257918 0.0377395 0)
(0.27359 0.02919 0)
(0.288734 0.0213104 0)
(0.2892 0.0146638 0)
(0.293466 0.00835856 0)
(0.27747 0.00147005 0)
(0.270564 -0.00966817 0)
(0.231575 -0.0352639 0)
(0.217803 -0.0952829 0)
(0.150144 -0.229721 0)
(0.17066 -0.341486 0)
(0.130037 0.103793 0)
(0.158465 0.0753598 0)
(0.212396 0.0533756 0)
(0.270891 0.041738 0)
(0.323363 0.0359859 0)
(0.375629 0.0319848 0)
(0.420031 0.0289326 0)
(0.465151 0.0255884 0)
(0.498089 0.0229148 0)
(0.533217 0.0197309 0)
(0.552597 0.0175832 0)
(0.578403 0.0146586 0)
(0.584599 0.013231 0)
(0.603049 0.0104244 0)
(0.594631 0.00947238 0)
(0.603316 0.0050798 0)
(0.567693 0.000154891 0)
(0.547704 -0.018276 0)
(0.435876 -0.0504118 0)
(0.336843 -0.101402 0)
)
;

boundaryField
{
    movingWall
    {
        type            fixedValue;
        value           uniform (1 0 0);
    }
    fixedWalls
    {
        type            noSlip;
    }
    frontAndBack
    {
        type            empty;
    }
}


// ************************************************************************* //
