/*--------------------------------*- C++ -*----------------------------------*\
| =========                 |                                                 |
| \\      /  F ield         | OpenFOAM: The Open Source CFD Toolbox           |
|  \\    /   O peration     | Version:  2212                                  |
|   \\  /    A nd           | Website:  www.openfoam.com                      |
|    \\/     M anipulation  |                                                 |
\*---------------------------------------------------------------------------*/
FoamFile
{
    version     2.0;
    format      ascii;
    arch        "LSB;label=32;scalar=64";
    class       surfaceScalarField;
    location    "3.745";
    object      phi;
}
// * * * * * * * * * * * * * * * * * * * * * * * * * * * * * * * * * * * * * //

dimensions      [0 3 -1 0 0 0 0];

oriented        oriented;

internalField   nonuniform List<scalar> 
760
(
1.52251e-07
-1.523e-07
2.85492e-07
-1.33241e-07
3.00035e-07
-1.45422e-08
1.74095e-07
1.25939e-07
-1.27107e-07
3.01203e-07
-6.66058e-07
5.38951e-07
-1.47424e-06
8.08178e-07
-2.46705e-06
9.92818e-07
-3.44675e-06
9.79693e-07
-4.18321e-06
7.36465e-07
-4.50958e-06
3.2637e-07
-4.32908e-06
-1.80505e-07
-3.58335e-06
-7.45729e-07
-2.38429e-06
-1.19906e-06
-9.5917e-07
-1.42512e-06
3.20394e-07
-1.27956e-06
1.0649e-06
-7.44505e-07
1.01802e-06
4.68773e-08
4.55698e-07
5.62324e-07
4.55699e-07
1.18713e-07
-2.71013e-07
6.3501e-08
-7.8029e-08
-3.06441e-07
3.554e-07
-1.07941e-06
8.98909e-07
-2.30009e-06
1.52188e-06
-3.89055e-06
2.12941e-06
-5.60601e-06
2.52364e-06
-7.13789e-06
2.52469e-06
-8.26234e-06
2.10414e-06
-8.8687e-06
1.34282e-06
-8.90924e-06
3.66906e-07
-8.36047e-06
-7.29271e-07
-7.25333e-06
-1.85287e-06
-5.61965e-06
-2.83274e-06
-3.60144e-06
-3.44333e-06
-1.5004e-06
-3.3806e-06
1.59416e-07
-2.40432e-06
8.4321e-07
-6.36918e-07
5.19304e-07
8.86229e-07
9.75003e-07
-1.31797e-07
-1.39215e-07
-6.36541e-07
4.26714e-07
-1.61674e-06
1.3356e-06
-3.11322e-06
2.39539e-06
-5.00447e-06
3.41313e-06
-6.99781e-06
4.12275e-06
-8.78187e-06
4.3077e-06
-1.01762e-05
3.91905e-06
-1.11279e-05
3.05581e-06
-1.16288e-05
1.84371e-06
-1.16291e-05
3.67227e-07
-1.11787e-05
-1.17971e-06
-1.02587e-05
-2.77279e-06
-8.81491e-06
-4.27658e-06
-6.82644e-06
-5.4318e-06
-4.38113e-06
-5.82592e-06
-1.87486e-06
-4.91059e-06
-9.24055e-08
-2.41937e-06
2.91864e-07
5.0196e-07
1.26687e-06
-4.97361e-07
3.58147e-07
-1.54615e-06
1.4755e-06
-3.08555e-06
2.875e-06
-5.0219e-06
4.33173e-06
-7.10128e-06
5.49251e-06
-9.02041e-06
6.04188e-06
-1.05776e-05
5.86485e-06
-1.17283e-05
5.06981e-06
-1.25e-05
3.82746e-06
-1.29273e-05
2.27109e-06
-1.29969e-05
4.36819e-07
-1.27643e-05
-1.41232e-06
-1.21925e-05
-3.34457e-06
-1.11796e-05
-5.28956e-06
-9.59406e-06
-7.01729e-06
-7.31151e-06
-8.10846e-06
-4.37013e-06
-7.85197e-06
-1.3736e-06
-5.4159e-06
1.18117e-07
-9.8976e-07
1.38498e-06
-8.51138e-07
1.20929e-06
-2.33128e-06
2.95565e-06
-4.17739e-06
4.72111e-06
-6.19951e-06
6.35385e-06
-8.1214e-06
7.41441e-06
-9.72166e-06
7.64214e-06
-1.09218e-05
7.06501e-06
-1.17469e-05
5.89494e-06
-1.22587e-05
4.33921e-06
-1.25302e-05
2.54263e-06
-1.26517e-05
5.58249e-07
-1.26124e-05
-1.45158e-06
-1.24021e-05
-3.55484e-06
-1.19408e-05
-5.75087e-06
-1.10416e-05
-7.91652e-06
-9.41688e-06
-9.73319e-06
-6.76979e-06
-1.04991e-05
-3.20053e-06
-8.98515e-06
-2.62289e-07
-3.928e-06
1.1227e-06
-1.06993e-06
2.27922e-06
-2.74357e-06
4.62928e-06
-4.61222e-06
6.58976e-06
-6.44831e-06
8.18994e-06
-8.0299e-06
8.996e-06
-9.22506e-06
8.8373e-06
-1.00274e-05
7.86732e-06
-1.05008e-05
6.36835e-06
-1.07357e-05
4.57415e-06
-1.08331e-05
2.64e-06
-1.09146e-05
6.39804e-07
-1.09711e-05
-1.39509e-06
-1.10164e-05
-3.50957e-06
-1.10199e-05
-5.74737e-06
-1.0826e-05
-8.11044e-06
-1.01062e-05
-1.0453e-05
-8.36818e-06
-1.22371e-05
-5.20118e-06
-1.21521e-05
-1.15088e-06
-7.97831e-06
-2.81853e-08
-1.09133e-06
3.37055e-06
-2.71519e-06
6.25313e-06
-4.39084e-06
8.26541e-06
-5.90852e-06
9.70762e-06
-7.10885e-06
1.01963e-05
-7.92748e-06
9.65593e-06
-8.39969e-06
8.33953e-06
-8.61159e-06
6.58026e-06
-8.66737e-06
4.62993e-06
-8.6661e-06
2.63874e-06
-8.69297e-06
6.66666e-07
-8.76877e-06
-1.31928e-06
-8.91277e-06
-3.36557e-06
-9.13527e-06
-5.52487e-06
-9.37653e-06
-7.86917e-06
-9.40146e-06
-1.0428e-05
-8.68941e-06
-1.29492e-05
-6.48798e-06
-1.43536e-05
-2.40257e-06
-1.20637e-05
-2.43076e-06
-9.18221e-07
4.28877e-06
-2.30898e-06
7.64389e-06
-3.67837e-06
9.6348e-06
-4.84335e-06
1.08726e-05
-5.70246e-06
1.10554e-05
-6.23672e-06
1.01902e-05
-6.50124e-06
8.60405e-06
-6.58655e-06
6.66557e-06
-6.59024e-06
4.63361e-06
-6.58778e-06
2.63627e-06
-6.61769e-06
6.96576e-07
-6.69832e-06
-1.23865e-06
-6.85142e-06
-3.21247e-06
-7.1074e-06
-5.26889e-06
-7.48133e-06
-7.49524e-06
-7.8774e-06
-1.0032e-05
-7.88067e-06
-1.29459e-05
-6.67387e-06
-1.55604e-05
-3.55518e-06
-1.51824e-05
-5.98594e-06
-6.12247e-07
4.90102e-06
-1.65887e-06
8.69051e-06
-2.67882e-06
1.06548e-05
-3.50712e-06
1.17009e-05
-4.08732e-06
1.16356e-05
-4.42788e-06
1.05307e-05
-4.58634e-06
8.76251e-06
-4.64127e-06
6.7205e-06
-4.66648e-06
4.65883e-06
-4.70777e-06
2.67756e-06
-4.77652e-06
7.65333e-07
-4.88002e-06
-1.13515e-06
-5.02902e-06
-3.06347e-06
-5.25312e-06
-5.04479e-06
-5.60757e-06
-7.14079e-06
-6.10294e-06
-9.5366e-06
-6.51371e-06
-1.25351e-05
-6.0947e-06
-1.59794e-05
-3.89935e-06
-1.73778e-05
-9.88529e-06
-2.26605e-07
5.12762e-06
-8.77005e-07
9.34091e-06
-1.53993e-06
1.13177e-05
-2.0622e-06
1.22232e-05
-2.41512e-06
1.19886e-05
-2.62203e-06
1.07377e-05
-2.73071e-06
8.87119e-06
-2.79475e-06
6.78454e-06
-2.86004e-06
4.72412e-06
-2.94964e-06
2.76715e-06
-3.06646e-06
8.82158e-07
-3.21045e-06
-9.91162e-07
-3.38246e-06
-2.89146e-06
-3.59603e-06
-4.83122e-06
-3.9045e-06
-6.83232e-06
-4.38966e-06
-9.05144e-06
-4.99262e-06
-1.19322e-05
-5.10341e-06
-1.58686e-05
-3.54451e-06
-1.89367e-05
-1.34298e-05
1.61886e-07
4.96574e-06
-6.72634e-08
9.57006e-06
-3.95735e-07
1.16462e-05
-6.42954e-07
1.24704e-05
-7.94076e-07
1.21397e-05
-8.79825e-07
1.08234e-05
-9.39873e-07
8.93124e-06
-1.00649e-06
6.85115e-06
-1.09668e-06
4.81431e-06
-1.21801e-06
2.88849e-06
-1.37241e-06
1.03655e-06
-1.56183e-06
-8.01736e-07
-1.78545e-06
-2.66784e-06
-2.0426e-06
-4.57407e-06
-2.36322e-06
-6.51169e-06
-2.84306e-06
-8.5716e-06
-3.54246e-06
-1.12328e-05
-4.01634e-06
-1.53947e-05
-3.0197e-06
-1.99333e-05
-1.64495e-05
4.92387e-07
4.47335e-06
6.87756e-07
9.37469e-06
7.3025e-07
1.16037e-05
7.65881e-07
1.24348e-05
8.11508e-07
1.20941e-05
8.41175e-07
1.07937e-05
8.34391e-07
8.93802e-06
7.82619e-07
6.90292e-06
6.87954e-07
4.90898e-06
5.52862e-07
3.02358e-06
3.73369e-07
1.21604e-06
1.43385e-07
-5.71751e-07
-1.39698e-07
-2.38476e-06
-4.82353e-07
-4.23142e-06
-8.91384e-07
-6.10266e-06
-1.41559e-06
-8.04739e-06
-2.20243e-06
-1.04459e-05
-2.95726e-06
-1.46399e-05
-2.46283e-06
-2.04277e-05
-1.89123e-05
7.41833e-07
3.73152e-06
1.33094e-06
8.78559e-06
1.71864e-06
1.1216e-05
2.04471e-06
1.21087e-05
2.31583e-06
1.18229e-05
2.50044e-06
1.06091e-05
2.58918e-06
8.84928e-06
2.59277e-06
6.89934e-06
2.52634e-06
4.9754e-06
2.39876e-06
3.15116e-06
2.20425e-06
1.41056e-06
1.92897e-06
-2.96475e-07
1.57153e-06
-2.02731e-06
1.12674e-06
-3.78664e-06
5.88955e-07
-5.56487e-06
-9.65922e-08
-7.36184e-06
-9.71145e-07
-9.57139e-06
-1.9347e-06
-1.36763e-05
-1.93261e-06
-2.04298e-05
-2.08449e-05
8.52879e-07
2.87864e-06
1.7777e-06
7.86076e-06
2.5097e-06
1.0484e-05
3.14362e-06
1.14748e-05
3.68596e-06
1.12806e-05
4.09224e-06
1.02029e-05
4.34534e-06
8.59618e-06
4.45919e-06
6.78548e-06
4.45814e-06
4.97646e-06
4.35895e-06
3.25035e-06
4.16068e-06
1.60882e-06
3.83769e-06
2.65199e-08
3.39968e-06
-1.5893e-06
2.82632e-06
-3.21327e-06
2.11648e-06
-4.85503e-06
1.28568e-06
-6.53105e-06
2.40115e-07
-8.52582e-06
-9.81492e-07
-1.24547e-05
-1.4383e-06
-1.9973e-05
-2.22832e-05
7.88938e-07
2.0897e-06
1.91663e-06
6.73307e-06
2.94491e-06
9.45568e-06
3.90746e-06
1.05122e-05
4.77585e-06
1.04122e-05
5.48306e-06
9.49564e-06
5.98891e-06
8.09033e-06
6.29621e-06
6.47818e-06
6.42711e-06
4.84556e-06
6.4017e-06
3.27576e-06
6.22071e-06
1.78981e-06
5.87689e-06
3.70342e-07
5.34572e-06
-1.05813e-06
4.62858e-06
-2.49613e-06
3.7176e-06
-3.94405e-06
2.6407e-06
-5.45415e-06
1.35286e-06
-7.23798e-06
-1.74974e-07
-1.09269e-05
-9.2839e-07
-1.92196e-05
-2.32116e-05
5.64329e-07
1.52537e-06
1.72366e-06
5.57374e-06
3.043e-06
8.13634e-06
4.37776e-06
9.17746e-06
5.63069e-06
9.15928e-06
6.70269e-06
8.42365e-06
7.52753e-06
7.26549e-06
8.09221e-06
5.9135e-06
8.40994e-06
4.52784e-06
8.49909e-06
3.1866e-06
8.36719e-06
1.92172e-06
8.01263e-06
7.24901e-07
7.39244e-06
-4.37935e-07
6.52253e-06
-1.62622e-06
5.38979e-06
-2.81131e-06
4.03553e-06
-4.09988e-06
2.52487e-06
-5.72732e-06
9.21934e-07
-9.32393e-06
-1.6073e-07
-1.81369e-05
-2.33724e-05
1.44539e-07
1.38083e-06
1.01114e-06
4.70714e-06
2.46682e-06
6.68066e-06
4.16816e-06
7.47612e-06
5.87213e-06
7.45531e-06
7.39181e-06
6.90397e-06
8.6239e-06
6.0334e-06
9.53847e-06
4.99894e-06
1.01308e-05
3.93549e-06
1.0414e-05
2.90346e-06
1.03942e-05
1.94144e-06
1.00781e-05
1.04108e-06
9.42505e-06
2.15073e-07
8.4484e-06
-6.49568e-07
7.14415e-06
-1.50706e-06
5.56192e-06
-2.51765e-06
3.85899e-06
-4.0244e-06
2.20927e-06
-7.67421e-06
6.40982e-07
-1.65687e-05
-2.27314e-05
-5.11655e-07
1.89249e-06
1.89728e-07
4.00576e-06
1.72011e-06
5.15027e-06
3.75688e-06
5.43936e-06
5.88778e-06
5.3244e-06
7.82871e-06
4.96304e-06
9.44264e-06
4.41947e-06
1.06884e-05
3.75318e-06
1.15483e-05
3.07563e-06
1.20398e-05
2.41192e-06
1.21678e-05
1.81347e-06
1.19528e-05
1.25603e-06
1.14151e-05
7.52844e-07
1.05315e-05
2.34028e-07
9.30585e-06
-2.81452e-07
7.80545e-06
-1.01725e-06
6.21633e-06
-2.43527e-06
4.42928e-06
-5.88716e-06
2.0442e-06
-1.41836e-05
-2.06872e-05
-4.17335e-06
6.06583e-06
-3.63937e-06
3.47179e-06
-1.26139e-06
2.77229e-06
1.51402e-06
2.66395e-06
4.22989e-06
2.60853e-06
6.74257e-06
2.45037e-06
8.94097e-06
2.22107e-06
1.07657e-05
1.92841e-06
1.21993e-05
1.64203e-06
1.32688e-05
1.34242e-06
1.39914e-05
1.09084e-06
1.44114e-05
8.361e-07
1.45178e-05
6.46392e-07
1.43221e-05
4.29715e-07
1.38124e-05
2.28287e-07
1.30035e-05
-2.08298e-07
1.1888e-05
-1.3198e-06
1.00985e-05
-4.09765e-06
5.63219e-06
-9.71728e-06
-1.5055e-05
6.06583e-06
9.53762e-06
1.23099e-05
1.49739e-05
1.75824e-05
2.00328e-05
2.22538e-05
2.41822e-05
2.58243e-05
2.71667e-05
2.82575e-05
2.90936e-05
2.974e-05
3.01697e-05
3.0398e-05
3.01897e-05
2.88699e-05
2.47723e-05
1.5055e-05
)
;

boundaryField
{
    movingWall
    {
        type            calculated;
        value           uniform 0;
    }
    fixedWalls
    {
        type            calculated;
        value           uniform 0;
    }
    frontAndBack
    {
        type            empty;
        value           nonuniform List<scalar> 0();
    }
}


// ************************************************************************* //
