/*--------------------------------*- C++ -*----------------------------------*\
| =========                 |                                                 |
| \\      /  F ield         | OpenFOAM: The Open Source CFD Toolbox           |
|  \\    /   O peration     | Version:  2212                                  |
|   \\  /    A nd           | Website:  www.openfoam.com                      |
|    \\/     M anipulation  |                                                 |
\*---------------------------------------------------------------------------*/
FoamFile
{
    version     2.0;
    format      ascii;
    arch        "LSB;label=32;scalar=64";
    class       surfaceScalarField;
    location    "2.205";
    object      phi;
}
// * * * * * * * * * * * * * * * * * * * * * * * * * * * * * * * * * * * * * //

dimensions      [0 3 -1 0 0 0 0];

oriented        oriented;

internalField   nonuniform List<scalar> 
760
(
1.13304e-07
-1.13304e-07
2.02191e-07
-8.88873e-08
1.98272e-07
3.91899e-09
7.93112e-08
1.18961e-07
-1.90551e-07
2.69862e-07
-6.63302e-07
4.72751e-07
-1.3679e-06
7.04599e-07
-2.24498e-06
8.77075e-07
-3.13231e-06
8.87329e-07
-3.82311e-06
6.90805e-07
-4.15097e-06
3.27859e-07
-4.01971e-06
-1.31255e-07
-3.35881e-06
-6.60904e-07
-2.26861e-06
-1.0902e-06
-9.59589e-07
-1.30902e-06
2.23732e-07
-1.18332e-06
9.28831e-07
-7.05099e-07
9.13806e-07
1.50247e-08
4.14104e-07
4.99702e-07
4.14104e-07
5.75513e-08
-1.70855e-07
-4.0847e-08
9.51166e-09
-3.86461e-07
3.49533e-07
-1.06425e-06
7.96755e-07
-2.124e-06
1.32961e-06
-3.5225e-06
1.87125e-06
-5.07407e-06
2.25616e-06
-6.51039e-06
2.3134e-06
-7.60404e-06
1.98097e-06
-8.22447e-06
1.31124e-06
-8.31382e-06
4.1721e-07
-7.83687e-06
-6.08212e-07
-6.82253e-06
-1.67524e-06
-5.30188e-06
-2.61085e-06
-3.41194e-06
-3.19896e-06
-1.44083e-06
-3.15443e-06
1.13002e-07
-2.25893e-06
7.65608e-07
-6.37581e-07
4.78995e-07
7.86316e-07
8.931e-07
-1.66928e-07
-3.92693e-09
-6.42567e-07
4.85152e-07
-1.50762e-06
1.21459e-06
-2.81077e-06
2.0999e-06
-4.48647e-06
3.00532e-06
-6.31397e-06
3.69875e-06
-8.01385e-06
3.95604e-06
-9.38931e-06
3.68886e-06
-1.03572e-05
2.94885e-06
-1.08924e-05
1.84644e-06
-1.09515e-05
4.76342e-07
-1.05537e-05
-1.00607e-06
-9.69597e-06
-2.53293e-06
-8.33027e-06
-3.97655e-06
-6.43896e-06
-5.09027e-06
-4.12051e-06
-5.47289e-06
-1.75416e-06
-4.62528e-06
-8.4952e-08
-2.30679e-06
2.80246e-07
4.21118e-07
1.17335e-06
-4.5204e-07
4.48114e-07
-1.38831e-06
1.42142e-06
-2.73827e-06
2.56455e-06
-4.46133e-06
3.82296e-06
-6.37508e-06
4.91907e-06
-8.21683e-06
5.54051e-06
-9.77496e-06
5.51417e-06
-1.0964e-05
4.87788e-06
-1.17867e-05
3.77156e-06
-1.22653e-05
2.32509e-06
-1.23856e-05
5.96634e-07
-1.2186e-05
-1.20567e-06
-1.16473e-05
-3.07161e-06
-1.06724e-05
-4.95155e-06
-9.13964e-06
-6.62298e-06
-6.93353e-06
-7.679e-06
-4.11326e-06
-7.44554e-06
-1.2826e-06
-5.13745e-06
1.15081e-07
-9.76566e-07
1.28843e-06
-7.40057e-07
1.18817e-06
-2.03684e-06
2.71821e-06
-3.67623e-06
4.20394e-06
-5.53011e-06
5.67683e-06
-7.37177e-06
6.76073e-06
-8.97979e-06
7.14852e-06
-1.02396e-05
6.77396e-06
-1.11412e-05
5.77947e-06
-1.17265e-05
4.35692e-06
-1.20573e-05
2.65583e-06
-1.22072e-05
7.46572e-07
-1.21877e-05
-1.22515e-06
-1.19883e-05
-3.27105e-06
-1.15299e-05
-5.40991e-06
-1.06348e-05
-7.51814e-06
-9.02863e-06
-9.28514e-06
-6.44423e-06
-1.00299e-05
-3.01096e-06
-8.57072e-06
-2.42131e-07
-3.74539e-06
1.0463e-06
-9.1608e-07
2.10425e-06
-2.38861e-06
4.19074e-06
-4.07943e-06
5.89475e-06
-5.81214e-06
7.40955e-06
-7.38133e-06
8.32991e-06
-8.63336e-06
8.40056e-06
-9.52155e-06
7.66215e-06
-1.00809e-05
6.33877e-06
-1.03852e-05
4.66127e-06
-1.05276e-05
2.7982e-06
-1.06235e-05
8.42492e-07
-1.06929e-05
-1.15574e-06
-1.07373e-05
-3.22663e-06
-1.07314e-05
-5.4158e-06
-1.05228e-05
-7.72675e-06
-9.78764e-06
-1.00203e-05
-8.05183e-06
-1.17658e-05
-4.94508e-06
-1.16775e-05
-1.07736e-06
-7.61311e-06
-3.10635e-08
-9.31645e-07
3.0359e-06
-2.37395e-06
5.63305e-06
-3.91906e-06
7.43986e-06
-5.38141e-06
8.8719e-06
-6.60322e-06
9.55172e-06
-7.49116e-06
9.2885e-06
-8.04393e-06
8.21491e-06
-8.32364e-06
6.61848e-06
-8.42313e-06
4.76076e-06
-8.44099e-06
2.81606e-06
-8.46843e-06
8.69931e-07
-8.54329e-06
-1.08088e-06
-8.68391e-06
-3.08601e-06
-8.90475e-06
-5.19496e-06
-9.14553e-06
-7.48597e-06
-9.16426e-06
-1.00016e-05
-8.44129e-06
-1.24887e-05
-6.25411e-06
-1.38647e-05
-2.27533e-06
-1.15919e-05
-2.30639e-06
-7.8643e-07
3.82233e-06
-2.03228e-06
6.8789e-06
-3.31118e-06
8.71875e-06
-4.44827e-06
1.0009e-05
-5.33484e-06
1.04383e-05
-5.9255e-06
9.87916e-06
-6.24692e-06
8.53633e-06
-6.3723e-06
6.74386e-06
-6.3932e-06
4.78167e-06
-6.39126e-06
2.81412e-06
-6.41518e-06
8.93857e-07
-6.48725e-06
-1.00881e-06
-6.63319e-06
-2.94007e-06
-6.89002e-06
-4.93813e-06
-7.27563e-06
-7.10036e-06
-7.68945e-06
-9.58777e-06
-7.70228e-06
-1.24759e-05
-6.49758e-06
-1.50694e-05
-3.39402e-06
-1.46954e-05
-5.70042e-06
-5.25605e-07
4.34793e-06
-1.46854e-06
7.82184e-06
-2.42726e-06
9.67747e-06
-3.23847e-06
1.08202e-05
-3.83609e-06
1.10359e-05
-4.20958e-06
1.02527e-05
-4.39822e-06
8.72497e-06
-4.47006e-06
6.8157e-06
-4.49858e-06
4.81019e-06
-4.53554e-06
2.85107e-06
-4.59834e-06
9.56659e-07
-4.69215e-06
-9.14998e-07
-4.83207e-06
-2.80016e-06
-5.05309e-06
-4.71711e-06
-5.42026e-06
-6.73318e-06
-5.94546e-06
-9.06257e-06
-6.38389e-06
-1.20375e-05
-5.97201e-06
-1.54812e-05
-3.79507e-06
-1.68724e-05
-9.49548e-06
-1.96119e-07
4.54405e-06
-7.82416e-07
8.40813e-06
-1.40525e-06
1.03003e-05
-1.91207e-06
1.1327e-05
-2.26617e-06
1.139e-05
-2.48015e-06
1.04666e-05
-2.59403e-06
8.83885e-06
-2.65863e-06
6.8803e-06
-2.72012e-06
4.87168e-06
-2.80552e-06
2.93647e-06
-2.9187e-06
1.06984e-06
-3.05588e-06
-7.77816e-07
-3.21866e-06
-2.63739e-06
-3.42507e-06
-4.51069e-06
-3.74007e-06
-6.41818e-06
-4.25638e-06
-8.54626e-06
-4.90087e-06
-1.1393e-05
-5.03264e-06
-1.53495e-05
-3.48975e-06
-1.84153e-05
-1.29852e-05
1.3588e-07
4.40817e-06
-6.53191e-08
8.60933e-06
-3.67999e-07
1.0603e-05
-5.99548e-07
1.15586e-05
-7.38425e-07
1.15289e-05
-8.10525e-07
1.05387e-05
-8.55023e-07
8.88335e-06
-9.07746e-07
6.93302e-06
-9.8894e-07
4.95287e-06
-1.10536e-06
3.05289e-06
-1.25698e-06
1.22147e-06
-1.44264e-06
-5.92155e-07
-1.66138e-06
-2.41864e-06
-1.91152e-06
-4.26056e-06
-2.23333e-06
-6.09637e-06
-2.73754e-06
-8.04205e-06
-3.4808e-06
-1.06497e-05
-3.98176e-06
-1.48485e-05
-2.994e-06
-1.9403e-05
-1.59792e-05
4.11692e-07
3.99648e-06
5.84539e-07
8.43649e-06
6.30422e-07
1.05571e-05
6.83793e-07
1.15052e-05
7.6015e-07
1.14525e-05
8.27156e-07
1.04717e-05
8.5493e-07
8.85557e-06
8.2996e-07
6.95799e-06
7.51845e-07
5.03099e-06
6.25959e-07
3.17877e-06
4.51645e-07
1.39578e-06
2.23962e-07
-3.64472e-07
-5.38511e-08
-2.14083e-06
-3.97575e-07
-3.91684e-06
-8.09972e-07
-5.68397e-06
-1.35251e-06
-7.49951e-06
-2.17972e-06
-9.82251e-06
-2.96114e-06
-1.40671e-05
-2.46588e-06
-1.98983e-05
-1.84451e-05
6.11631e-07
3.38485e-06
1.1295e-06
7.91862e-06
1.49396e-06
1.01926e-05
1.83063e-06
1.11685e-05
2.14294e-06
1.11402e-05
2.38279e-06
1.02319e-05
2.52295e-06
8.71541e-06
2.56488e-06
6.91607e-06
2.52351e-06
5.07236e-06
2.41088e-06
3.2914e-06
2.22663e-06
1.58004e-06
1.95137e-06
-8.92154e-08
1.59184e-06
-1.7813e-06
1.14432e-06
-3.46932e-06
6.03073e-07
-5.14272e-06
-9.37436e-08
-6.80269e-06
-9.97995e-07
-8.91825e-06
-1.9845e-06
-1.30806e-05
-1.95699e-06
-1.99258e-05
-2.04021e-05
6.93451e-07
2.6914e-06
1.49347e-06
7.1186e-06
2.16357e-06
9.52254e-06
2.78835e-06
1.05437e-05
3.36297e-06
1.05656e-05
3.82678e-06
9.76807e-06
4.14101e-06
8.40118e-06
4.30518e-06
6.7519e-06
4.33952e-06
5.03802e-06
4.26232e-06
3.36859e-06
4.07459e-06
1.76778e-06
3.76785e-06
2.17517e-07
3.32585e-06
-1.3393e-06
2.75031e-06
-2.89377e-06
2.04085e-06
-4.43327e-06
1.21142e-06
-5.97326e-06
1.54285e-07
-7.86112e-06
-1.07326e-06
-1.1853e-05
-1.48258e-06
-1.95165e-05
-2.18847e-05
6.30872e-07
2.06052e-06
1.58275e-06
6.16672e-06
2.50555e-06
8.59974e-06
3.4224e-06
9.62689e-06
4.29638e-06
9.69164e-06
5.0461e-06
9.01835e-06
5.60905e-06
7.83824e-06
5.96952e-06
6.39143e-06
6.14166e-06
4.86588e-06
6.14505e-06
3.3652e-06
5.98549e-06
1.92734e-06
5.65312e-06
5.49885e-07
5.12895e-06
-8.15129e-07
4.41895e-06
-2.18378e-06
3.52028e-06
-3.53459e-06
2.46662e-06
-4.91961e-06
1.20443e-06
-6.59893e-06
-2.73024e-07
-1.03756e-05
-1.0019e-06
-1.87876e-05
-2.28866e-05
4.39042e-07
1.62148e-06
1.38834e-06
5.21742e-06
2.54468e-06
7.44339e-06
3.76981e-06
8.40176e-06
4.9754e-06
8.48605e-06
6.05226e-06
7.94148e-06
6.91316e-06
6.97734e-06
7.5235e-06
5.78109e-06
7.88413e-06
4.50525e-06
8.00928e-06
3.24005e-06
7.90661e-06
2.03001e-06
7.57731e-06
8.7919e-07
6.9787e-06
-2.16521e-07
6.13548e-06
-1.34056e-06
5.0379e-06
-2.43702e-06
3.73872e-06
-3.62043e-06
2.2885e-06
-5.14871e-06
7.26859e-07
-8.81395e-06
-2.56236e-07
-1.78045e-05
-2.31428e-05
6.9449e-08
1.55203e-06
7.26015e-07
4.56086e-06
1.97881e-06
6.1906e-06
3.50808e-06
6.87249e-06
5.09867e-06
6.89546e-06
6.56758e-06
6.47257e-06
7.79417e-06
5.75075e-06
8.72772e-06
4.84754e-06
9.34832e-06
3.88464e-06
9.66276e-06
2.92561e-06
9.67121e-06
2.02155e-06
9.38191e-06
1.16849e-06
8.78123e-06
3.8416e-07
7.84668e-06
-4.06005e-07
6.61118e-06
-1.20152e-06
5.12262e-06
-2.13187e-06
3.54066e-06
-3.56675e-06
2.00653e-06
-7.27982e-06
5.59684e-07
-1.63577e-05
-2.25831e-05
-4.68504e-07
2.02054e-06
5.4574e-08
4.03778e-06
1.31183e-06
4.93334e-06
3.08587e-06
5.09845e-06
5.01492e-06
4.96641e-06
6.82911e-06
4.65838e-06
8.37868e-06
4.20119e-06
9.60445e-06
3.62177e-06
1.04709e-05
3.01823e-06
1.09875e-05
2.40896e-06
1.11536e-05
1.85548e-06
1.09908e-05
1.33123e-06
1.05041e-05
8.70855e-07
9.70086e-06
3.97273e-07
8.5966e-06
-9.72507e-08
7.23803e-06
-7.733e-07
5.82697e-06
-2.15569e-06
4.20767e-06
-5.66052e-06
1.94986e-06
-1.40999e-05
-2.06333e-05
-4.13011e-06
6.15064e-06
-3.66004e-06
3.56772e-06
-1.47611e-06
2.7494e-06
1.05655e-06
2.5658e-06
3.54905e-06
2.47391e-06
5.89012e-06
2.31731e-06
7.97791e-06
2.11339e-06
9.74699e-06
1.8527e-06
1.11662e-05
1.59905e-06
1.22503e-05
1.32485e-06
1.30083e-05
1.0975e-06
1.34794e-05
8.60081e-07
1.36594e-05
6.90844e-07
1.35724e-05
4.8431e-07
1.31764e-05
2.98711e-07
1.24918e-05
-8.8695e-08
1.15568e-05
-1.22061e-06
9.94123e-06
-4.04499e-06
5.56621e-06
-9.72484e-06
-1.50671e-05
6.15064e-06
9.71836e-06
1.24678e-05
1.50336e-05
1.75075e-05
1.98248e-05
2.19382e-05
2.37909e-05
2.53899e-05
2.67148e-05
2.78123e-05
2.86723e-05
2.93632e-05
2.98475e-05
3.01462e-05
3.00575e-05
2.88369e-05
2.47919e-05
1.50671e-05
)
;

boundaryField
{
    movingWall
    {
        type            calculated;
        value           uniform 0;
    }
    fixedWalls
    {
        type            calculated;
        value           uniform 0;
    }
    frontAndBack
    {
        type            empty;
        value           nonuniform List<scalar> 0();
    }
}


// ************************************************************************* //
