/*--------------------------------*- C++ -*----------------------------------*\
| =========                 |                                                 |
| \\      /  F ield         | OpenFOAM: The Open Source CFD Toolbox           |
|  \\    /   O peration     | Version:  2212                                  |
|   \\  /    A nd           | Website:  www.openfoam.com                      |
|    \\/     M anipulation  |                                                 |
\*---------------------------------------------------------------------------*/
FoamFile
{
    version     2.0;
    format      ascii;
    arch        "LSB;label=32;scalar=64";
    class       surfaceScalarField;
    location    "1.005";
    object      phi;
}
// * * * * * * * * * * * * * * * * * * * * * * * * * * * * * * * * * * * * * //

dimensions      [0 3 -1 0 0 0 0];

oriented        oriented;

internalField   nonuniform List<scalar> 
760
(
-2.32245e-08
2.32244e-08
-1.13317e-07
9.00924e-08
-2.33859e-07
1.20542e-07
-3.714e-07
1.37541e-07
-5.31996e-07
1.60596e-07
-7.27053e-07
1.95056e-07
-9.64546e-07
2.37493e-07
-1.24056e-06
2.76016e-07
-1.52936e-06
2.88798e-07
-1.77807e-06
2.48712e-07
-1.91555e-06
1.37477e-07
-1.87081e-06
-4.47369e-08
-1.59233e-06
-2.78478e-07
-1.11513e-06
-4.77206e-07
-5.37835e-07
-5.77292e-07
-1.68838e-08
-5.20952e-07
3.0501e-07
-3.21894e-07
3.38154e-07
-3.3144e-08
1.65961e-07
1.72193e-07
1.65961e-07
-1.33691e-07
1.56915e-07
-4.0346e-07
3.59861e-07
-7.35292e-07
4.52374e-07
-1.10936e-06
5.11613e-07
-1.53083e-06
5.8206e-07
-2.00683e-06
6.71061e-07
-2.53121e-06
7.61869e-07
-3.07317e-06
8.17973e-07
-3.5712e-06
7.86829e-07
-3.93876e-06
6.16277e-07
-4.0873e-06
2.86012e-07
-3.94405e-06
-1.87986e-07
-3.45944e-06
-7.63084e-07
-2.66109e-06
-1.27556e-06
-1.66297e-06
-1.57541e-06
-6.64604e-07
-1.51932e-06
6.69583e-08
-1.05346e-06
3.56445e-07
-3.2263e-07
2.26245e-07
3.02394e-07
3.92205e-07
-2.32347e-07
3.89263e-07
-6.50061e-07
7.77575e-07
-1.14667e-06
9.4898e-07
-1.69698e-06
1.06193e-06
-2.3023e-06
1.18738e-06
-2.96198e-06
1.33073e-06
-3.66072e-06
1.46061e-06
-4.36452e-06
1.52177e-06
-5.01891e-06
1.44122e-06
-5.54601e-06
1.14338e-06
-5.84781e-06
5.8781e-07
-5.83473e-06
-2.01065e-07
-5.40674e-06
-1.19107e-06
-4.55762e-06
-2.12468e-06
-3.34826e-06
-2.78477e-06
-1.9463e-06
-2.92128e-06
-6.61273e-07
-2.33848e-06
1.07634e-07
-1.09154e-06
2.02697e-07
2.07331e-07
5.94902e-07
-3.01512e-07
6.90775e-07
-8.23672e-07
1.29973e-06
-1.43417e-06
1.55948e-06
-2.10352e-06
1.73128e-06
-2.8328e-06
1.91666e-06
-3.62479e-06
2.12272e-06
-4.47767e-06
2.3135e-06
-5.38369e-06
2.42779e-06
-6.31235e-06
2.36988e-06
-7.17399e-06
2.00502e-06
-7.80218e-06
1.216e-06
-8.05251e-06
4.9264e-08
-7.81323e-06
-1.43035e-06
-7.05271e-06
-2.8852e-06
-5.76091e-06
-4.07657e-06
-4.00791e-06
-4.67428e-06
-2.0506e-06
-4.29579e-06
-4.49581e-07
-2.69256e-06
1.5182e-07
-3.94071e-07
7.46723e-07
-3.38434e-07
1.02921e-06
-9.19665e-07
1.88097e-06
-1.59725e-06
2.23707e-06
-2.34102e-06
2.47505e-06
-3.1593e-06
2.73494e-06
-4.07256e-06
3.03598e-06
-5.10747e-06
3.34841e-06
-6.2795e-06
3.59981e-06
-7.54107e-06
3.63145e-06
-8.73415e-06
3.1981e-06
-9.63769e-06
2.11954e-06
-1.00452e-05
4.56741e-07
-1.00029e-05
-1.47265e-06
-9.4519e-06
-3.43616e-06
-8.32018e-06
-5.20829e-06
-6.52863e-06
-6.46584e-06
-4.11116e-06
-6.71326e-06
-1.53351e-06
-5.2702e-06
-7.3286e-09
-1.92025e-06
7.39394e-07
-3.42965e-07
1.37217e-06
-9.39769e-07
2.47777e-06
-1.64188e-06
2.93918e-06
-2.42124e-06
3.2544e-06
-3.29708e-06
3.61078e-06
-4.30958e-06
4.04848e-06
-5.50142e-06
4.54025e-06
-6.87077e-06
4.96916e-06
-8.30258e-06
5.06326e-06
-9.57177e-06
4.4673e-06
-1.04758e-05
3.02352e-06
-1.09327e-05
9.1368e-07
-1.1003e-05
-1.40234e-06
-1.07275e-05
-3.71166e-06
-1.00021e-05
-5.9337e-06
-8.63302e-06
-7.83493e-06
-6.37491e-06
-8.97137e-06
-3.26625e-06
-8.37886e-06
-4.66849e-07
-4.71966e-06
2.72545e-07
-3.16386e-07
1.68856e-06
-8.86868e-07
3.04825e-06
-1.57084e-06
3.62315e-06
-2.34095e-06
4.02451e-06
-3.2213e-06
4.49114e-06
-4.25579e-06
5.08296e-06
-5.47065e-06
5.75511e-06
-6.81324e-06
6.31175e-06
-8.1145e-06
6.36452e-06
-9.16537e-06
5.51817e-06
-9.85972e-06
3.71786e-06
-1.02464e-05
1.30035e-06
-1.03778e-05
-1.27091e-06
-1.03272e-05
-3.76232e-06
-1.00684e-05
-6.19249e-06
-9.39995e-06
-8.50335e-06
-7.91377e-06
-1.04575e-05
-5.17081e-06
-1.11218e-05
-1.4538e-06
-8.43667e-06
-1.18125e-06
-2.61526e-07
1.95009e-06
-7.6516e-07
3.55189e-06
-1.38511e-06
4.2431e-06
-2.08846e-06
4.72786e-06
-2.89043e-06
5.29311e-06
-3.81905e-06
6.01158e-06
-4.87076e-06
6.80682e-06
-5.96331e-06
7.4043e-06
-6.94118e-06
7.34239e-06
-7.67082e-06
6.24781e-06
-8.12402e-06
4.17106e-06
-8.37827e-06
1.5546e-06
-8.50025e-06
-1.14893e-06
-8.54925e-06
-3.71332e-06
-8.59883e-06
-6.14292e-06
-8.56842e-06
-8.53376e-06
-8.03871e-06
-1.09872e-05
-6.2525e-06
-1.2908e-05
-2.68797e-06
-1.20012e-05
-3.86922e-06
-1.84343e-07
2.13443e-06
-5.85193e-07
3.95274e-06
-1.09675e-06
4.75465e-06
-1.67407e-06
5.30518e-06
-2.31241e-06
5.93145e-06
-3.01713e-06
6.7163e-06
-3.76925e-06
7.55895e-06
-4.50206e-06
8.13711e-06
-5.12454e-06
7.96487e-06
-5.58664e-06
6.7099e-06
-5.89741e-06
4.48184e-06
-6.09675e-06
1.75395e-06
-6.22134e-06
-1.02434e-06
-6.30928e-06
-3.62538e-06
-6.46919e-06
-5.983e-06
-6.76078e-06
-8.24217e-06
-6.91416e-06
-1.08339e-05
-6.12738e-06
-1.36948e-05
-3.57179e-06
-1.45568e-05
-7.44101e-06
-9.53688e-08
2.2298e-06
-3.67713e-07
4.22508e-06
-7.37174e-07
5.12412e-06
-1.14427e-06
5.71228e-06
-1.56145e-06
6.34863e-06
-1.97342e-06
7.12828e-06
-2.36409e-06
7.94961e-06
-2.71307e-06
8.4861e-06
-3.00959e-06
8.26138e-06
-3.27193e-06
6.97225e-06
-3.52089e-06
4.7308e-06
-3.7561e-06
1.98915e-06
-3.96279e-06
-8.17658e-07
-4.13729e-06
-3.45088e-06
-4.36511e-06
-5.75518e-06
-4.78205e-06
-7.82523e-06
-5.32673e-06
-1.02892e-05
-5.28268e-06
-1.37389e-05
-3.54915e-06
-1.62903e-05
-1.09902e-05
-5.96019e-09
2.23576e-06
-1.41216e-07
4.36034e-06
-3.53913e-07
5.33681e-06
-5.70927e-07
5.92929e-06
-7.47068e-07
6.52477e-06
-8.47825e-07
7.22903e-06
-8.71521e-07
7.9733e-06
-8.48965e-07
8.46354e-06
-8.47848e-07
8.26027e-06
-9.17066e-07
7.04147e-06
-1.08099e-06
4.89472e-06
-1.33529e-06
2.24346e-06
-1.65319e-06
-4.99758e-07
-1.96888e-06
-3.1352e-06
-2.32509e-06
-5.39897e-06
-2.86383e-06
-7.28649e-06
-3.67646e-06
-9.47656e-06
-4.17337e-06
-1.32419e-05
-3.07254e-06
-1.73912e-05
-1.40627e-05
6.57427e-08
2.17002e-06
6.0993e-08
4.36509e-06
8.5972e-09
5.38921e-06
-2.41708e-08
5.96206e-06
3.39733e-08
6.46663e-06
2.07383e-07
7.05562e-06
5.09345e-07
7.67134e-06
8.89792e-07
8.0831e-06
1.22933e-06
7.92073e-06
1.40637e-06
6.86443e-06
1.36275e-06
4.93835e-06
1.12482e-06
2.48139e-06
7.00217e-07
-7.51568e-08
2.34001e-07
-2.66898e-06
-3.54263e-07
-4.81071e-06
-1.11704e-06
-6.52371e-06
-2.15916e-06
-8.43444e-06
-3.07223e-06
-1.23289e-05
-2.54757e-06
-1.79158e-05
-1.66103e-05
1.08627e-07
2.06139e-06
1.99227e-07
4.27449e-06
2.72424e-07
5.31601e-06
3.96457e-07
5.83802e-06
6.32195e-07
6.23089e-06
1.03161e-06
6.65621e-06
1.6032e-06
7.09975e-06
2.28867e-06
7.39762e-06
2.94419e-06
7.26521e-06
3.38925e-06
6.41937e-06
3.51769e-06
4.8099e-06
3.32428e-06
2.6748e-06
2.88465e-06
3.64474e-07
2.20025e-06
-1.98458e-06
1.37845e-06
-3.98891e-06
3.81605e-07
-5.52686e-06
-8.68894e-07
-7.18394e-06
-2.08368e-06
-1.11141e-05
-2.0349e-06
-1.79646e-05
-1.86452e-05
1.13678e-07
1.94771e-06
2.58704e-07
4.12946e-06
4.30992e-07
5.14372e-06
6.80281e-07
5.58874e-06
1.05977e-06
5.85141e-06
1.61181e-06
6.10417e-06
2.348e-06
6.36356e-06
3.21941e-06
6.52621e-06
4.09018e-06
6.39444e-06
4.76506e-06
5.74449e-06
5.09171e-06
4.48325e-06
5.02602e-06
2.74049e-06
4.60472e-06
7.8577e-07
3.82446e-06
-1.20432e-06
2.80736e-06
-2.97181e-06
1.61386e-06
-4.33335e-06
1.80673e-07
-5.75075e-06
-1.2536e-06
-9.6798e-06
-1.58625e-06
-1.76319e-05
-2.02314e-05
7.02042e-08
1.87751e-06
2.11146e-07
3.98852e-06
4.3906e-07
4.91581e-06
7.85186e-07
5.24261e-06
1.27382e-06
5.36277e-06
1.92568e-06
5.45231e-06
2.74569e-06
5.54355e-06
3.69598e-06
5.57592e-06
4.6682e-06
5.42222e-06
5.48647e-06
4.92622e-06
5.9768e-06
3.99292e-06
6.04761e-06
2.66968e-06
5.69772e-06
1.13567e-06
4.92094e-06
-4.27542e-07
3.81651e-06
-1.86739e-06
2.50005e-06
-3.01689e-06
9.90918e-07
-4.24161e-06
-5.33472e-07
-8.15541e-06
-1.1646e-06
-1.70008e-05
-2.1396e-05
-2.59395e-08
1.90345e-06
6.71794e-08
3.8954e-06
3.16263e-07
4.66672e-06
7.33159e-07
4.82571e-06
1.29946e-06
4.79647e-06
2.01201e-06
4.73976e-06
2.86324e-06
4.69232e-06
3.82053e-06
4.61863e-06
4.8024e-06
4.44035e-06
5.66992e-06
4.0587e-06
6.25928e-06
3.40356e-06
6.44956e-06
2.4794e-06
6.19083e-06
1.39439e-06
5.49923e-06
2.64056e-07
4.41452e-06
-7.82674e-07
3.09627e-06
-1.69865e-06
1.64527e-06
-2.79061e-06
8.13846e-08
-6.59153e-06
-6.3326e-07
-1.62862e-05
-2.20293e-05
-2.62553e-07
2.166e-06
-3.84592e-07
4.01744e-06
-9.61166e-08
4.37825e-06
4.46748e-07
4.28285e-06
1.13617e-06
4.10705e-06
1.93108e-06
3.94485e-06
2.81402e-06
3.80938e-06
3.76064e-06
3.67202e-06
4.71021e-06
3.49078e-06
5.56413e-06
3.20478e-06
6.18534e-06
2.78234e-06
6.46035e-06
2.2044e-06
6.31223e-06
1.54251e-06
5.73327e-06
8.43014e-07
4.76848e-06
1.82117e-07
3.5893e-06
-5.19462e-07
2.39319e-06
-1.5945e-06
1.23384e-06
-5.43218e-06
2.00703e-07
-1.5253e-05
-2.18286e-05
-3.6119e-07
2.52719e-06
-5.70499e-07
4.22675e-06
-3.67468e-07
4.17522e-06
1.43409e-07
3.77197e-06
8.46278e-07
3.40418e-06
1.65644e-06
3.13469e-06
2.53813e-06
2.92768e-06
3.46902e-06
2.74112e-06
4.39099e-06
2.56882e-06
5.23906e-06
2.3567e-06
5.90571e-06
2.1157e-06
6.31208e-06
1.79802e-06
6.38308e-06
1.47151e-06
6.117e-06
1.1091e-06
5.52807e-06
7.7104e-07
4.80836e-06
2.00252e-07
4.14015e-06
-9.26298e-07
3.25271e-06
-4.54474e-06
1.55825e-06
-1.35586e-05
-2.02703e-05
-3.93128e-06
6.45847e-06
-3.63537e-06
3.93083e-06
-2.18974e-06
2.72959e-06
-7.02894e-07
2.28512e-06
6.94992e-07
2.0063e-06
2.05247e-06
1.77721e-06
3.38007e-06
1.60009e-06
4.68001e-06
1.44118e-06
5.92255e-06
1.32628e-06
7.08417e-06
1.19508e-06
8.10677e-06
1.09311e-06
8.95236e-06
9.52432e-07
9.56491e-06
8.58952e-07
9.95476e-06
7.1925e-07
1.01347e-05
5.91064e-07
1.00829e-05
2.52068e-07
9.86245e-06
-7.05825e-07
9.06993e-06
-3.75222e-06
5.21887e-06
-9.70752e-06
-1.50515e-05
6.45847e-06
1.03893e-05
1.31189e-05
1.5404e-05
1.74103e-05
1.91875e-05
2.07876e-05
2.22288e-05
2.35551e-05
2.47502e-05
2.58433e-05
2.67957e-05
2.76546e-05
2.83739e-05
2.8965e-05
2.9217e-05
2.85112e-05
2.4759e-05
1.50515e-05
)
;

boundaryField
{
    movingWall
    {
        type            calculated;
        value           uniform 0;
    }
    fixedWalls
    {
        type            calculated;
        value           uniform 0;
    }
    frontAndBack
    {
        type            empty;
        value           nonuniform List<scalar> 0();
    }
}


// ************************************************************************* //
