/*--------------------------------*- C++ -*----------------------------------*\
| =========                 |                                                 |
| \\      /  F ield         | OpenFOAM: The Open Source CFD Toolbox           |
|  \\    /   O peration     | Version:  2212                                  |
|   \\  /    A nd           | Website:  www.openfoam.com                      |
|    \\/     M anipulation  |                                                 |
\*---------------------------------------------------------------------------*/
FoamFile
{
    version     2.0;
    format      ascii;
    arch        "LSB;label=32;scalar=64";
    class       volVectorField;
    location    "1.25";
    object      U;
}
// * * * * * * * * * * * * * * * * * * * * * * * * * * * * * * * * * * * * * //

dimensions      [0 1 -1 0 0 0 0];

internalField   nonuniform List<vector> 
400
(
(0.000327855 -0.00046981 0)
(0.000152171 -0.000147616 0)
(-0.0011618 9.8065e-05 0)
(-0.00308942 0.000306703 0)
(-0.00588038 0.000674493 0)
(-0.0100432 0.00129306 0)
(-0.0160435 0.00217405 0)
(-0.0240149 0.00320806 0)
(-0.0333827 0.00406801 0)
(-0.0426014 0.00422603 0)
(-0.0494166 0.0032184 0)
(-0.0516276 0.00103839 0)
(-0.0477044 -0.00168945 0)
(-0.0373439 -0.00436234 0)
(-0.0226958 -0.00587287 0)
(-0.00657507 -0.00533371 0)
(0.00607265 -0.00300855 0)
(0.0109526 0.0007342 0)
(0.0078945 0.0029016 0)
(0.00233585 0.00228828 0)
(-0.000520676 2.43512e-05 0)
(-0.00341821 0.00207089 0)
(-0.00896186 0.00349915 0)
(-0.0160736 0.00492317 0)
(-0.0252396 0.00704198 0)
(-0.0372312 0.00999404 0)
(-0.052315 0.013381 0)
(-0.0696779 0.016205 0)
(-0.0871188 0.0169793 0)
(-0.101484 0.0143414 0)
(-0.10974 0.00791549 0)
(-0.109898 -0.00125414 0)
(-0.101504 -0.0112809 0)
(-0.0845397 -0.020283 0)
(-0.0610769 -0.0254506 0)
(-0.0339324 -0.0242343 0)
(-0.00807499 -0.0158838 0)
(0.00848715 -0.00256496 0)
(0.00982613 0.00772314 0)
(0.00339899 0.00778784 0)
(-0.00167712 0.00330346 0)
(-0.00785604 0.00888487 0)
(-0.0179433 0.0124889 0)
(-0.0301384 0.0162204 0)
(-0.0450523 0.0213096 0)
(-0.0634123 0.0275378 0)
(-0.0850363 0.0335052 0)
(-0.108376 0.0369607 0)
(-0.130518 0.0354637 0)
(-0.147974 0.0274325 0)
(-0.157899 0.0132061 0)
(-0.158987 -0.00494631 0)
(-0.15127 -0.0243208 0)
(-0.134447 -0.0419672 0)
(-0.109141 -0.0537187 0)
(-0.0764946 -0.0549639 0)
(-0.0398123 -0.0418429 0)
(-0.00696897 -0.0160277 0)
(0.00692796 0.00836598 0)
(0.00339441 0.0135502 0)
(-0.00275989 0.00918105 0)
(-0.0119479 0.0195871 0)
(-0.0260231 0.0257974 0)
(-0.0424593 0.0322449 0)
(-0.0620121 0.0406791 0)
(-0.0854542 0.050343 0)
(-0.112367 0.0587061 0)
(-0.140654 0.0621116 0)
(-0.166728 0.0570827 0)
(-0.18683 0.0423202 0)
(-0.198646 0.0196746 0)
(-0.20182 -0.00762988 0)
(-0.196881 -0.0367742 0)
(-0.183445 -0.0643286 0)
(-0.16064 -0.085624 0)
(-0.127447 -0.094368 0)
(-0.0840775 -0.0829194 0)
(-0.0351261 -0.0467636 0)
(0.000885773 -0.000742032 0)
(0.00404547 0.0176684 0)
(-0.00354524 0.0172402 0)
(-0.015003 0.0334768 0)
(-0.0320528 0.0425806 0)
(-0.0516031 0.0520543 0)
(-0.074598 0.0641927 0)
(-0.101861 0.0774374 0)
(-0.132551 0.0876129 0)
(-0.163526 0.0893363 0)
(-0.190225 0.0788456 0)
(-0.209253 0.0565742 0)
(-0.220004 0.0261324 0)
(-0.22365 -0.00925651 0)
(-0.221452 -0.0471482 0)
(-0.213144 -0.0841186 0)
(-0.197282 -0.1165 0)
(-0.17074 -0.137521 0)
(-0.130175 -0.136541 0)
(-0.0742867 -0.0998699 0)
(-0.012457 -0.026957 0)
(0.00574379 0.0184824 0)
(-0.00386847 0.0266984 0)
(-0.0165498 0.0494848 0)
(-0.0352617 0.0617302 0)
(-0.0564833 0.0744449 0)
(-0.0811615 0.0903322 0)
(-0.109841 0.10656 0)
(-0.14081 0.116978 0)
(-0.169749 0.115115 0)
(-0.191993 0.0983186 0)
(-0.205879 0.0693586 0)
(-0.212981 0.0329939 0)
(-0.215539 -0.00773447 0)
(-0.215179 -0.05055 0)
(-0.211803 -0.0933385 0)
(-0.204955 -0.134778 0)
(-0.190295 -0.169922 0)
(-0.161637 -0.187508 0)
(-0.112489 -0.166156 0)
(-0.0420805 -0.082956 0)
(0.00473196 0.011114 0)
(-0.00361902 0.0365347 0)
(-0.0162486 0.0662726 0)
(-0.0350145 0.0817639 0)
(-0.0559894 0.0975203 0)
(-0.0797975 0.116452 0)
(-0.106532 0.134267 0)
(-0.13384 0.143211 0)
(-0.157052 0.136674 0)
(-0.172442 0.113666 0)
(-0.18027 0.0789905 0)
(-0.183324 0.0383849 0)
(-0.183833 -0.00475995 0)
(-0.18341 -0.0481977 0)
(-0.182806 -0.0917361 0)
(-0.183025 -0.136372 0)
(-0.180585 -0.181397 0)
(-0.16795 -0.218941 0)
(-0.135664 -0.225567 0)
(-0.0782975 -0.160163 0)
(-0.00399989 -0.0102228 0)
(-0.00277949 0.0455815 0)
(-0.0139979 0.0823083 0)
(-0.0311008 0.100918 0)
(-0.0498104 0.119022 0)
(-0.0702772 0.139749 0)
(-0.0923781 0.15764 0)
(-0.113806 0.163992 0)
(-0.130462 0.152637 0)
(-0.139982 0.124112 0)
(-0.143856 0.0846977 0)
(-0.144853 0.0408561 0)
(-0.144375 -0.00364415 0)
(-0.143383 -0.0466457 0)
(-0.143156 -0.0883669 0)
(-0.145783 -0.130588 0)
(-0.150619 -0.177193 0)
(-0.151172 -0.227601 0)
(-0.136525 -0.262758 0)
(-0.098996 -0.230374 0)
(-0.0224263 -0.0546197 0)
(-0.00146721 0.0526928 0)
(-0.0100627 0.0960245 0)
(-0.0240029 0.117433 0)
(-0.0388484 0.136909 0)
(-0.0542857 0.158102 0)
(-0.0702928 0.175025 0)
(-0.0852139 0.178625 0)
(-0.0961182 0.163349 0)
(-0.101955 0.130843 0)
(-0.10456 0.0881381 0)
(-0.105892 0.0418797 0)
(-0.106256 -0.00419782 0)
(-0.105843 -0.0479781 0)
(-0.105441 -0.0884293 0)
(-0.107625 -0.126602 0)
(-0.114585 -0.168751 0)
(-0.122915 -0.222888 0)
(-0.121 -0.280171 0)
(-0.0994546 -0.286513 0)
(-0.0331969 -0.127332 0)
(6.05104e-05 0.0570262 0)
(-0.00505124 0.106174 0)
(-0.0147783 0.130031 0)
(-0.0247987 0.149952 0)
(-0.0343407 0.170542 0)
(-0.0436433 0.186092 0)
(-0.0520575 0.187694 0)
(-0.0580206 0.170275 0)
(-0.0614443 0.135857 0)
(-0.063873 0.0915721 0)
(-0.0662724 0.0440048 0)
(-0.0681688 -0.00330251 0)
(-0.069299 -0.0484167 0)
(-0.0697921 -0.0888343 0)
(-0.0717888 -0.124016 0)
(-0.078841 -0.15973 0)
(-0.0915858 -0.210794 0)
(-0.0985502 -0.28201 0)
(-0.0907695 -0.325841 0)
(-0.0301383 -0.203488 0)
(0.00144723 0.0580716 0)
(0.000178788 0.111855 0)
(-0.00477544 0.137817 0)
(-0.00965401 0.157374 0)
(-0.0131332 0.176522 0)
(-0.0156273 0.190657 0)
(-0.0174951 0.191353 0)
(-0.0185528 0.173624 0)
(-0.0194969 0.139373 0)
(-0.021306 0.0953577 0)
(-0.0240545 0.0477629 0)
(-0.0272523 -5.1354e-05 0)
(-0.0304503 -0.0459254 0)
(-0.0335355 -0.0867865 0)
(-0.0374558 -0.12051 0)
(-0.0451408 -0.150592 0)
(-0.0609552 -0.195178 0)
(-0.0740785 -0.273457 0)
(-0.0789019 -0.349281 0)
(-0.0229958 -0.265627 0)
(0.00245515 0.056083 0)
(0.00480912 0.112985 0)
(0.00459533 0.140706 0)
(0.00467029 0.159373 0)
(0.0069268 0.176443 0)
(0.0110088 0.189051 0)
(0.0156179 0.18979 0)
(0.0198367 0.173396 0)
(0.0223949 0.141132 0)
(0.0224868 0.0989351 0)
(0.0204108 0.0524948 0)
(0.0166228 0.005163 0)
(0.011479 -0.040242 0)
(0.00469326 -0.0806916 0)
(-0.00347582 -0.112987 0)
(-0.0138645 -0.139222 0)
(-0.0332813 -0.176915 0)
(-0.0509354 -0.257811 0)
(-0.0677052 -0.361474 0)
(-0.0154157 -0.317698 0)
(0.00285138 0.0518225 0)
(0.00801066 0.109858 0)
(0.0119802 0.138635 0)
(0.0164539 0.155872 0)
(0.023632 0.170193 0)
(0.0335223 0.180758 0)
(0.0442835 0.181805 0)
(0.0540665 0.168034 0)
(0.0611228 0.139498 0)
(0.0643861 0.100784 0)
(0.0639662 0.0570188 0)
(0.0602222 0.0117653 0)
(0.0533409 -0.0318175 0)
(0.0432991 -0.070601 0)
(0.0300004 -0.10099 0)
(0.0148161 -0.123966 0)
(-0.00902084 -0.155568 0)
(-0.0291064 -0.2362 0)
(-0.0575925 -0.363575 0)
(-0.00763487 -0.359752 0)
(0.00254497 0.0464457 0)
(0.00922799 0.103645 0)
(0.0164447 0.132974 0)
(0.024526 0.148614 0)
(0.0355328 0.159613 0)
(0.0498821 0.167262 0)
(0.0658152 0.167872 0)
(0.0808749 0.156842 0)
(0.0927709 0.133029 0)
(0.099941 0.0993432 0)
(0.101938 0.0600648 0)
(0.0990058 0.0189247 0)
(0.090941 -0.020897 0)
(0.0780452 -0.0561714 0)
(0.0602721 -0.0841474 0)
(0.0400672 -0.10456 0)
(0.0112021 -0.131167 0)
(-0.00846887 -0.210723 0)
(-0.0487179 -0.36035 0)
(0.000584419 -0.396216 0)
(0.00151712 0.0413328 0)
(0.00796983 0.0956884 0)
(0.0168235 0.123484 0)
(0.0274848 0.136728 0)
(0.0413926 0.144266 0)
(0.0588822 0.148696 0)
(0.0785231 0.148176 0)
(0.0977999 0.139344 0)
(0.114021 0.120505 0)
(0.125125 0.093067 0)
(0.12992 0.0601499 0)
(0.128493 0.025193 0)
(0.120114 -0.00908785 0)
(0.105592 -0.0392926 0)
(0.0845968 -0.0634665 0)
(0.0606801 -0.0815872 0)
(0.0277853 -0.104392 0)
(0.0116965 -0.182924 0)
(-0.0404743 -0.3551 0)
(0.0103201 -0.42938 0)
(-0.000246059 0.0376232 0)
(0.00449481 0.088527 0)
(0.0137815 0.114422 0)
(0.0261385 0.12476 0)
(0.0420741 0.128431 0)
(0.0614743 0.129205 0)
(0.08315 0.126757 0)
(0.104917 0.118995 0)
(0.124101 0.104325 0)
(0.138362 0.083149 0)
(0.145927 0.0574898 0)
(0.146296 0.0299739 0)
(0.138761 0.00299654 0)
(0.124423 -0.0209068 0)
(0.101959 -0.0403331 0)
(0.0763996 -0.0561697 0)
(0.0416816 -0.0772939 0)
(0.0306113 -0.156746 0)
(-0.0318658 -0.351732 0)
(0.0238007 -0.458997 0)
(-0.00316542 0.040682 0)
(-0.00460447 0.0828672 0)
(0.00266935 0.0997215 0)
(0.017342 0.105742 0)
(0.0362665 0.106689 0)
(0.0580979 0.105292 0)
(0.081519 0.101841 0)
(0.104839 0.0952636 0)
(0.125783 0.0845166 0)
(0.142182 0.0695219 0)
(0.151993 0.0515909 0)
(0.154527 0.0323072 0)
(0.148501 0.0137942 0)
(0.135659 -0.00299828 0)
(0.113715 -0.0169123 0)
(0.0900004 -0.0306535 0)
(0.0566069 -0.0525113 0)
(0.0493939 -0.133674 0)
(-0.0167474 -0.344255 0)
(0.046028 -0.47482 0)
(-0.00544272 0.0323126 0)
(-0.00813019 0.0867157 0)
(-0.00499375 0.0988169 0)
(0.00887074 0.0958357 0)
(0.02879 0.0906571 0)
(0.0514921 0.0857454 0)
(0.07542 0.0807958 0)
(0.0989474 0.0746968 0)
(0.120432 0.0669339 0)
(0.13812 0.0569627 0)
(0.149851 0.0458307 0)
(0.155877 0.0339859 0)
(0.153329 0.0231823 0)
(0.146765 0.0132321 0)
(0.129394 0.00467014 0)
(0.115598 -0.00750839 0)
(0.085455 -0.0333771 0)
(0.0800766 -0.119261 0)
(0.0231822 -0.317947 0)
(0.0869568 -0.449617 0)
(-0.0997375 0.0924107 0)
(-0.0739369 0.0748975 0)
(-0.0560613 0.0625943 0)
(-0.0222969 0.0577715 0)
(0.0110842 0.0538136 0)
(0.044572 0.0501483 0)
(0.0764445 0.0467776 0)
(0.107851 0.0430193 0)
(0.135226 0.0391679 0)
(0.161993 0.0343893 0)
(0.180871 0.0296506 0)
(0.200174 0.0245334 0)
(0.207062 0.0204257 0)
(0.218339 0.016553 0)
(0.210786 0.0127837 0)
(0.215863 0.00426694 0)
(0.186959 -0.0200224 0)
(0.19095 -0.0856445 0)
(0.140021 -0.227991 0)
(0.168401 -0.34039 0)
(0.133875 0.107327 0)
(0.167055 0.0833184 0)
(0.225289 0.061634 0)
(0.281654 0.0481605 0)
(0.327206 0.0398982 0)
(0.36909 0.0338863 0)
(0.402773 0.0296446 0)
(0.438207 0.0258382 0)
(0.464276 0.0231979 0)
(0.495439 0.0202381 0)
(0.513426 0.0184176 0)
(0.540404 0.0157568 0)
(0.548793 0.014718 0)
(0.571709 0.0122865 0)
(0.567764 0.0119725 0)
(0.583596 0.00797278 0)
(0.554277 0.00342608 0)
(0.542648 -0.0155655 0)
(0.438425 -0.0485586 0)
(0.339223 -0.100312 0)
)
;

boundaryField
{
    movingWall
    {
        type            fixedValue;
        value           uniform (1 0 0);
    }
    fixedWalls
    {
        type            noSlip;
    }
    frontAndBack
    {
        type            empty;
    }
}


// ************************************************************************* //
