/*--------------------------------*- C++ -*----------------------------------*\
| =========                 |                                                 |
| \\      /  F ield         | OpenFOAM: The Open Source CFD Toolbox           |
|  \\    /   O peration     | Version:  2212                                  |
|   \\  /    A nd           | Website:  www.openfoam.com                      |
|    \\/     M anipulation  |                                                 |
\*---------------------------------------------------------------------------*/
FoamFile
{
    version     2.0;
    format      ascii;
    arch        "LSB;label=32;scalar=64";
    class       volScalarField;
    location    "4.765";
    object      p;
}
// * * * * * * * * * * * * * * * * * * * * * * * * * * * * * * * * * * * * * //

dimensions      [0 2 -2 0 0 0 0];

internalField   nonuniform List<scalar> 
400
(
3.56194e-07
-0.000149949
-0.000532104
-0.00106697
-0.00172497
-0.00248287
-0.00317103
-0.00358187
-0.00354915
-0.00291899
-0.00153704
0.000624956
0.00325072
0.00551681
0.00654669
0.00595283
0.00404741
0.00220313
0.00116516
0.00109452
0.000116698
-5.69762e-05
-0.00037421
-0.000759917
-0.00123825
-0.00187954
-0.00269322
-0.0035255
-0.00405835
-0.00391648
-0.00282813
-0.000812545
0.001697
0.00396977
0.00514314
0.00477722
0.00315353
0.00143065
0.000649486
0.000737879
0.000534749
0.000265044
-7.54214e-05
-0.000555817
-0.00133979
-0.00256619
-0.00419458
-0.00594783
-0.00735749
-0.00789554
-0.00721925
-0.00542347
-0.00285993
-0.000165954
0.00182431
0.0024702
0.00176289
0.000561426
-0.000336202
-0.000336039
0.00114567
0.0007371
0.000191263
-0.000769699
-0.00243544
-0.00490568
-0.00794238
-0.0110466
-0.0136123
-0.015077
-0.0151074
-0.0137474
-0.0112123
-0.00795911
-0.00468988
-0.00215023
-0.000810791
-0.00064615
-0.00122778
-0.00185846
0.0015691
0.000963608
-2.53143e-05
-0.0019125
-0.00497253
-0.00911569
-0.0138152
-0.0183483
-0.022058
-0.0244782
-0.0253494
-0.0245517
-0.0222094
-0.018611
-0.014194
-0.00956445
-0.00551667
-0.00288473
-0.00213456
-0.00395387
0.00127401
0.000431962
-0.00119652
-0.00427812
-0.00894139
-0.0147713
-0.0209156
-0.0265135
-0.0309532
-0.0339167
-0.0352751
-0.0349277
-0.0329572
-0.0295098
-0.0247255
-0.0188225
-0.0124002
-0.00687045
-0.00433679
-0.00645289
-6.62374e-05
-0.00115676
-0.0034875
-0.00774723
-0.0138308
-0.0209529
-0.0280143
-0.0341302
-0.0388052
-0.0418772
-0.0433525
-0.043251
-0.0416392
-0.0385848
-0.0340643
-0.0279607
-0.0203913
-0.0125987
-0.00777936
-0.00768353
-0.00245851
-0.00373937
-0.00666781
-0.0118341
-0.018896
-0.0267664
-0.0342172
-0.0404258
-0.0450414
-0.0480276
-0.0494721
-0.0494696
-0.0480983
-0.0454046
-0.0413386
-0.0356665
-0.0281271
-0.0192302
-0.0117302
-0.00791974
-0.00552893
-0.00689427
-0.0102096
-0.0159112
-0.0234733
-0.0316235
-0.0391042
-0.0451895
-0.0496483
-0.0525199
-0.0539249
-0.0539693
-0.0527274
-0.0502561
-0.0465635
-0.0414898
-0.034618
-0.025765
-0.0165872
-0.00991589
-0.0087063
-0.0100454
-0.0135207
-0.0194033
-0.027067
-0.0351798
-0.0425163
-0.0484298
-0.0527561
-0.055559
-0.0569544
-0.0570285
-0.0558442
-0.0534721
-0.0499912
-0.045387
-0.0393419
-0.0313041
-0.0221636
-0.0142254
-0.0114612
-0.0127016
-0.0161249
-0.0218959
-0.0293651
-0.0372549
-0.0443997
-0.0501835
-0.054449
-0.0572417
-0.0586532
-0.0587467
-0.0575728
-0.0552073
-0.0517899
-0.0474482
-0.0421148
-0.0351409
-0.0270155
-0.0190335
-0.0134976
-0.0145535
-0.0177531
-0.0231497
-0.0301825
-0.0377222
-0.044683
-0.0504244
-0.0547245
-0.0575761
-0.0590321
-0.0591365
-0.0579309
-0.0554924
-0.0520126
-0.0477319
-0.0428919
-0.0368163
-0.0298459
-0.0222599
-0.0147831
-0.0155022
-0.0182516
-0.0230516
-0.0294567
-0.0365533
-0.0433471
-0.0491337
-0.0535701
-0.0565573
-0.0580952
-0.058205
-0.0569233
-0.0543495
-0.0507002
-0.0462784
-0.0416807
-0.0360893
-0.0300611
-0.0227537
-0.0154153
-0.0156628
-0.01769
-0.0216088
-0.0271827
-0.0337426
-0.0403743
-0.0462791
-0.0509559
-0.0541744
-0.0558586
-0.0560019
-0.0546195
-0.0518404
-0.0479246
-0.0432608
-0.0385049
-0.0329869
-0.0279767
-0.0201804
-0.0155262
-0.015249
-0.0162712
-0.0189833
-0.0234916
-0.0294004
-0.0358573
-0.0419407
-0.0469602
-0.0505177
-0.052431
-0.0526395
-0.051184
-0.0481546
-0.0438828
-0.0388121
-0.0336357
-0.0279951
-0.0241737
-0.014355
-0.0152352
-0.0145125
-0.0142177
-0.0153619
-0.0185796
-0.0237292
-0.0299931
-0.0363002
-0.0417538
-0.0457644
-0.0480255
-0.0484071
-0.0469324
-0.0436714
-0.0389937
-0.0333675
-0.0275849
-0.0216398
-0.0180961
-0.00388565
-0.0146296
-0.0135924
-0.0116889
-0.011061
-0.0129093
-0.0172882
-0.0233766
-0.0299408
-0.0358957
-0.0404614
-0.0432005
-0.0438865
-0.0425122
-0.0391097
-0.0340136
-0.0276243
-0.0207161
-0.013384
-0.00693614
0.0159202
-0.0145648
-0.0126447
-0.0086549
-0.00625654
-0.00692259
-0.0107214
-0.0167348
-0.023588
-0.0300797
-0.0352671
-0.0386019
-0.039735
-0.0386127
-0.0352484
-0.0297885
-0.0222778
-0.0129834
-0.000884062
0.0164593
0.056868
-0.0117906
-0.0118341
-0.00576001
-0.00183354
-0.00182126
-0.00543043
-0.0115463
-0.0187188
-0.0257121
-0.0314693
-0.0354115
-0.0371073
-0.0364588
-0.0331907
-0.027153
-0.0175812
-0.00330091
0.0202495
0.0604373
0.129604
-0.0295071
-0.0106431
-0.000658825
0.00300557
0.00237335
-0.00160307
-0.00799262
-0.01548
-0.0228352
-0.0289765
-0.0332993
-0.0353486
-0.0349871
-0.0317995
-0.0251558
-0.0128908
0.00928163
0.05095
0.12264
0.225882
)
;

boundaryField
{
    movingWall
    {
        type            zeroGradient;
    }
    fixedWalls
    {
        type            zeroGradient;
    }
    frontAndBack
    {
        type            empty;
    }
}


// ************************************************************************* //
