/*--------------------------------*- C++ -*----------------------------------*\
| =========                 |                                                 |
| \\      /  F ield         | OpenFOAM: The Open Source CFD Toolbox           |
|  \\    /   O peration     | Version:  2212                                  |
|   \\  /    A nd           | Website:  www.openfoam.com                      |
|    \\/     M anipulation  |                                                 |
\*---------------------------------------------------------------------------*/
FoamFile
{
    version     2.0;
    format      ascii;
    arch        "LSB;label=32;scalar=64";
    class       surfaceScalarField;
    location    "1.385";
    object      phi;
}
// * * * * * * * * * * * * * * * * * * * * * * * * * * * * * * * * * * * * * //

dimensions      [0 3 -1 0 0 0 0];

oriented        oriented;

internalField   nonuniform List<scalar> 
760
(
3.44056e-08
-3.44053e-08
1.92587e-08
1.51468e-08
-4.00416e-08
5.93002e-08
-1.50558e-07
1.10516e-07
-3.37492e-07
1.86934e-07
-6.30422e-07
2.9293e-07
-1.04825e-06
4.17831e-07
-1.57743e-06
5.29181e-07
-2.14954e-06
5.72102e-07
-2.64291e-06
4.93377e-07
-2.92252e-06
2.79607e-07
-2.90576e-06
-1.67629e-08
-2.49364e-06
-4.12113e-07
-1.75469e-06
-7.38954e-07
-8.42113e-07
-9.12576e-07
-2.92669e-09
-8.39187e-07
5.36508e-07
-5.39435e-07
5.77247e-07
-4.07394e-08
2.74437e-07
3.0281e-07
2.74437e-07
-6.20786e-08
2.76732e-08
-2.49881e-07
2.02949e-07
-5.49341e-07
3.5876e-07
-9.84733e-07
5.45907e-07
-1.60192e-06
8.04121e-07
-2.42488e-06
1.11589e-06
-3.4172e-06
1.41015e-06
-4.46242e-06
1.5744e-06
-5.38559e-06
1.49527e-06
-6.01476e-06
1.12255e-06
-6.24104e-06
5.0589e-07
-5.99757e-06
-2.60231e-07
-5.28553e-06
-1.12416e-06
-4.14004e-06
-1.88444e-06
-2.6889e-06
-2.36372e-06
-1.17338e-06
-2.35471e-06
-7.01612e-10
-1.71211e-06
5.24982e-07
-5.66423e-07
3.43606e-07
4.84187e-07
6.18043e-07
-2.04512e-07
2.32185e-07
-6.25924e-07
6.24361e-07
-1.20606e-06
9.38902e-07
-1.97835e-06
1.31819e-06
-2.98401e-06
1.80978e-06
-4.20581e-06
2.33769e-06
-5.5372e-06
2.74153e-06
-6.80355e-06
2.84076e-06
-7.82919e-06
2.52091e-06
-8.49649e-06
1.78985e-06
-8.73933e-06
7.48724e-07
-8.5171e-06
-4.82455e-07
-7.84997e-06
-1.7913e-06
-6.71647e-06
-3.01794e-06
-5.13265e-06
-3.94754e-06
-3.22045e-06
-4.26691e-06
-1.3186e-06
-3.61396e-06
-3.33248e-08
-1.8517e-06
2.43874e-07
2.06988e-07
8.61917e-07
-3.57231e-07
5.89416e-07
-1.00822e-06
1.27535e-06
-1.84934e-06
1.78002e-06
-2.91077e-06
2.37963e-06
-4.21373e-06
3.11274e-06
-5.69635e-06
3.82031e-06
-7.20615e-06
4.25133e-06
-8.55675e-06
4.19136e-06
-9.60948e-06
3.57364e-06
-1.03046e-05
2.48493e-06
-1.06098e-05
1.05392e-06
-1.05046e-05
-5.87606e-07
-1.00352e-05
-2.26073e-06
-9.13199e-06
-3.92111e-06
-7.70974e-06
-5.3698e-06
-5.70808e-06
-6.26857e-06
-3.26003e-06
-6.06201e-06
-9.50276e-07
-4.16145e-06
1.27531e-07
-8.70819e-07
9.89447e-07
-4.85993e-07
1.07541e-06
-1.32404e-06
2.1134e-06
-2.36792e-06
2.8239e-06
-3.63466e-06
3.64637e-06
-5.11485e-06
4.59293e-06
-6.70095e-06
5.40641e-06
-8.2096e-06
5.75997e-06
-9.46707e-06
5.44883e-06
-1.03878e-05
4.49435e-06
-1.09745e-05
3.07164e-06
-1.12542e-05
1.33363e-06
-1.12485e-05
-5.93272e-07
-1.10128e-05
-2.49651e-06
-1.04785e-05
-4.45542e-06
-9.50575e-06
-6.3425e-06
-7.88559e-06
-7.88872e-06
-5.43856e-06
-8.50904e-06
-2.40035e-06
-7.19965e-06
-1.60321e-07
-3.11085e-06
8.29127e-07
-5.63151e-07
1.63856e-06
-1.51409e-06
3.06434e-06
-2.66804e-06
3.97785e-06
-4.01333e-06
4.99166e-06
-5.50045e-06
6.08005e-06
-6.98569e-06
6.89164e-06
-8.28676e-06
7.06105e-06
-9.27587e-06
6.43795e-06
-9.92863e-06
5.14711e-06
-1.02953e-05
3.43832e-06
-1.04596e-05
1.49795e-06
-1.05068e-05
-5.46129e-07
-1.04438e-05
-2.55951e-06
-1.02752e-05
-4.62395e-06
-9.88462e-06
-6.73312e-06
-8.98397e-06
-8.78938e-06
-7.16595e-06
-1.03271e-05
-4.18998e-06
-1.01756e-05
-8.46935e-07
-6.45389e-06
-1.78082e-08
-5.67452e-07
2.20601e-06
-1.53305e-06
4.02995e-06
-2.67897e-06
5.12377e-06
-3.95468e-06
6.26737e-06
-5.28059e-06
7.40596e-06
-6.51059e-06
8.12164e-06
-7.49995e-06
8.05041e-06
-8.17679e-06
7.11479e-06
-8.56102e-06
5.53133e-06
-8.72631e-06
3.60361e-06
-8.76711e-06
1.53876e-06
-8.77473e-06
-5.38514e-07
-8.76567e-06
-2.56857e-06
-8.80557e-06
-4.58405e-06
-8.86674e-06
-6.67194e-06
-8.71415e-06
-8.94197e-06
-7.84119e-06
-1.12e-05
-5.61442e-06
-1.24024e-05
-1.90617e-06
-1.01621e-05
-1.92398e-06
-4.91917e-07
2.69793e-06
-1.36822e-06
4.90625e-06
-2.39222e-06
6.14776e-06
-3.4778e-06
7.35295e-06
-4.53895e-06
8.46711e-06
-5.4613e-06
9.04399e-06
-6.15427e-06
8.74338e-06
-6.59405e-06
7.55457e-06
-6.82195e-06
5.75923e-06
-6.90718e-06
3.68883e-06
-6.91381e-06
1.54539e-06
-6.88829e-06
-5.64031e-07
-6.86413e-06
-2.59273e-06
-6.92238e-06
-4.5258e-06
-7.13912e-06
-6.4552e-06
-7.43695e-06
-8.64415e-06
-7.35579e-06
-1.12812e-05
-6.07612e-06
-1.36821e-05
-2.97645e-06
-1.32618e-05
-4.90043e-06
-3.49338e-07
3.04727e-06
-1.04629e-06
5.6032e-06
-1.8632e-06
6.96468e-06
-2.68708e-06
8.17682e-06
-3.44445e-06
9.22449e-06
-4.06997e-06
9.6695e-06
-4.52804e-06
9.20145e-06
-4.82803e-06
7.85457e-06
-5.01028e-06
5.94148e-06
-5.11814e-06
3.79669e-06
-5.17577e-06
1.60302e-06
-5.17993e-06
-5.59867e-07
-5.15364e-06
-2.61902e-06
-5.16566e-06
-4.51378e-06
-5.35069e-06
-6.27016e-06
-5.77996e-06
-8.21489e-06
-6.17721e-06
-1.08839e-05
-5.71188e-06
-1.41474e-05
-3.52557e-06
-1.54481e-05
-8.426e-06
-1.62137e-07
3.2094e-06
-6.18613e-07
6.05968e-06
-1.17813e-06
7.52419e-06
-1.70849e-06
8.70718e-06
-2.15666e-06
9.67266e-06
-2.50906e-06
1.00219e-05
-2.77626e-06
9.46864e-06
-2.98363e-06
8.06195e-06
-3.15711e-06
6.11496e-06
-3.30927e-06
3.94885e-06
-3.43459e-06
1.72834e-06
-3.51081e-06
-4.83654e-07
-3.53792e-06
-2.59191e-06
-3.55484e-06
-4.49685e-06
-3.69085e-06
-6.13415e-06
-4.12435e-06
-7.78139e-06
-4.7746e-06
-1.02337e-05
-4.89985e-06
-1.40222e-05
-3.3586e-06
-1.69894e-05
-1.17846e-05
4.12438e-08
3.16816e-06
-1.48385e-07
6.24931e-06
-4.307e-07
7.80651e-06
-6.62641e-07
8.93912e-06
-8.09245e-07
9.81926e-06
-9.04962e-07
1.01176e-05
-9.87032e-07
9.55071e-06
-1.08623e-06
8.16115e-06
-1.21909e-06
6.24781e-06
-1.37858e-06
4.10834e-06
-1.54609e-06
1.89585e-06
-1.70809e-06
-3.21653e-07
-1.84459e-06
-2.45541e-06
-1.96434e-06
-4.37711e-06
-2.15174e-06
-5.94675e-06
-2.59517e-06
-7.33796e-06
-3.3819e-06
-9.44694e-06
-3.92145e-06
-1.34826e-05
-2.9335e-06
-1.79773e-05
-1.47181e-05
2.04705e-07
2.96345e-06
2.78637e-07
6.17537e-06
2.79579e-07
7.80557e-06
3.4169e-07
8.87701e-06
4.95771e-07
9.66518e-06
6.7952e-07
9.93388e-06
8.19264e-07
9.41097e-06
8.65917e-07
8.1145e-06
8.15038e-07
6.29869e-06
6.91081e-07
4.2323e-06
5.16739e-07
2.07019e-06
2.87947e-07
-9.28605e-08
4.43886e-08
-2.21185e-06
-2.65738e-07
-4.06698e-06
-6.49143e-07
-5.56335e-06
-1.19972e-06
-6.78738e-06
-2.1153e-06
-8.53136e-06
-2.96086e-06
-1.2637e-05
-2.46717e-06
-1.8471e-05
-1.71853e-05
3.15921e-07
2.64753e-06
6.14429e-07
5.87687e-06
8.62553e-07
7.55744e-06
1.19157e-06
8.54799e-06
1.6411e-06
9.21565e-06
2.12901e-06
9.44596e-06
2.53361e-06
9.00637e-06
2.78094e-06
7.86716e-06
2.86336e-06
6.21627e-06
2.80799e-06
4.28768e-06
2.63288e-06
2.24531e-06
2.3352e-06
2.04819e-07
1.92483e-06
-1.80148e-06
1.41714e-06
-3.5593e-06
8.11079e-07
-4.95728e-06
2.49342e-08
-6.00123e-06
-9.88736e-07
-7.51769e-06
-2.07686e-06
-1.15489e-05
-2.00646e-06
-1.85414e-05
-1.91917e-05
3.5262e-07
2.29491e-06
8.11105e-07
5.41838e-06
1.27123e-06
7.09732e-06
1.83023e-06
7.989e-06
2.53001e-06
8.51587e-06
3.29208e-06
8.68389e-06
3.97407e-06
8.32439e-06
4.46876e-06
7.37247e-06
4.74039e-06
5.94464e-06
4.79941e-06
4.22865e-06
4.65956e-06
2.38516e-06
4.32317e-06
5.41211e-07
3.77794e-06
-1.25626e-06
3.0622e-06
-2.84356e-06
2.20684e-06
-4.10192e-06
1.2477e-06
-5.04209e-06
2.9605e-08
-6.2996e-06
-1.26095e-06
-1.02584e-05
-1.5717e-06
-1.82307e-05
-2.07634e-05
2.99544e-07
1.99537e-06
8.07664e-07
4.91026e-06
1.41129e-06
6.49369e-06
2.15441e-06
7.24587e-06
3.06083e-06
7.60945e-06
4.05983e-06
7.6849e-06
5.00464e-06
7.37957e-06
5.75927e-06
6.61784e-06
6.25098e-06
5.45293e-06
6.46076e-06
4.01887e-06
6.39084e-06
2.45508e-06
6.0474e-06
8.84657e-07
5.4046e-06
-6.13461e-07
4.52094e-06
-1.9599e-06
3.44443e-06
-3.02542e-06
2.2621e-06
-3.85976e-06
9.21101e-07
-4.9586e-06
-5.01906e-07
-8.83536e-06
-1.14083e-06
-1.75917e-05
-2.19043e-05
1.69092e-07
1.82628e-06
6.24197e-07
4.45516e-06
1.31996e-06
5.79793e-06
2.19946e-06
6.36637e-06
3.25564e-06
6.55327e-06
4.42259e-06
6.51795e-06
5.56618e-06
6.23598e-06
6.54054e-06
5.64348e-06
7.24177e-06
4.7517e-06
7.61828e-06
3.64236e-06
7.64956e-06
2.4238e-06
7.34021e-06
1.194e-06
6.66779e-06
5.8967e-08
5.68582e-06
-9.77931e-07
4.46202e-06
-1.80162e-06
3.12582e-06
-2.52356e-06
1.72917e-06
-3.56195e-06
2.08263e-07
-7.31445e-06
-5.53258e-07
-1.68302e-05
-2.24575e-05
-1.26083e-07
1.95236e-06
9.09018e-08
4.23817e-06
7.86847e-07
5.10199e-06
1.82091e-06
5.3323e-06
3.04971e-06
5.32447e-06
4.37353e-06
5.19413e-06
5.67553e-06
4.93398e-06
6.8258e-06
4.49322e-06
7.70579e-06
3.8717e-06
8.24478e-06
3.10337e-06
8.39687e-06
2.27171e-06
8.15569e-06
1.43518e-06
7.54195e-06
6.72704e-07
6.56235e-06
1.67243e-09
5.32313e-06
-5.62398e-07
3.97823e-06
-1.17867e-06
2.6887e-06
-2.27242e-06
1.45637e-06
-6.08212e-06
3.14107e-07
-1.56879e-05
-2.21434e-05
-3.89529e-07
2.34189e-06
-3.21364e-07
4.17001e-06
3.28774e-07
4.45185e-06
1.39377e-06
4.26731e-06
2.69247e-06
4.02577e-06
4.08484e-06
3.80176e-06
5.4527e-06
3.56612e-06
6.69094e-06
3.25498e-06
7.6828e-06
2.87984e-06
8.36051e-06
2.42566e-06
8.6715e-06
1.96073e-06
8.61993e-06
1.48675e-06
8.21313e-06
1.0795e-06
7.51119e-06
7.03619e-07
6.58512e-06
3.63671e-07
5.60076e-06
-1.94308e-07
4.68529e-06
-1.35695e-06
3.57226e-06
-4.96908e-06
1.69343e-06
-1.38091e-05
-2.045e-05
-4.0021e-06
6.34399e-06
-3.63438e-06
3.80229e-06
-1.9124e-06
2.72987e-06
-1.72836e-08
2.37219e-06
1.84397e-06
2.16452e-06
3.66315e-06
1.98259e-06
5.40507e-06
1.82419e-06
7.01379e-06
1.64626e-06
8.4154e-06
1.47823e-06
9.56807e-06
1.27298e-06
1.04338e-05
1.09501e-06
1.10246e-05
8.95903e-07
1.13384e-05
7.65678e-07
1.14358e-05
6.06282e-07
1.13277e-05
4.71797e-07
1.0991e-05
1.42344e-07
1.05262e-05
-8.92128e-07
9.43196e-06
-3.87486e-06
5.36254e-06
-9.7397e-06
-1.50874e-05
6.34399e-06
1.01463e-05
1.28761e-05
1.52483e-05
1.74129e-05
1.93954e-05
2.12196e-05
2.28659e-05
2.43441e-05
2.56171e-05
2.67121e-05
2.7608e-05
2.83737e-05
2.898e-05
2.94518e-05
2.95941e-05
2.8702e-05
2.48271e-05
1.50874e-05
)
;

boundaryField
{
    movingWall
    {
        type            calculated;
        value           uniform 0;
    }
    fixedWalls
    {
        type            calculated;
        value           uniform 0;
    }
    frontAndBack
    {
        type            empty;
        value           nonuniform List<scalar> 0();
    }
}


// ************************************************************************* //
