/*--------------------------------*- C++ -*----------------------------------*\
| =========                 |                                                 |
| \\      /  F ield         | OpenFOAM: The Open Source CFD Toolbox           |
|  \\    /   O peration     | Version:  2212                                  |
|   \\  /    A nd           | Website:  www.openfoam.com                      |
|    \\/     M anipulation  |                                                 |
\*---------------------------------------------------------------------------*/
FoamFile
{
    version     2.0;
    format      ascii;
    arch        "LSB;label=32;scalar=64";
    class       volVectorField;
    location    "1.385";
    object      U;
}
// * * * * * * * * * * * * * * * * * * * * * * * * * * * * * * * * * * * * * //

dimensions      [0 1 -1 0 0 0 0];

internalField   nonuniform List<vector> 
400
(
(0.000485 -0.000595324 0)
(0.000777318 -0.000380744 0)
(-3.36417e-06 -0.000121066 0)
(-0.00164412 0.000156587 0)
(-0.0045158 0.000624099 0)
(-0.00923982 0.00138983 0)
(-0.0163787 0.00250758 0)
(-0.0260725 0.0038766 0)
(-0.0375327 0.00506253 0)
(-0.0487267 0.00532158 0)
(-0.0568521 0.00404699 0)
(-0.0594107 0.00136718 0)
(-0.0549008 -0.0018177 0)
(-0.0429899 -0.00493006 0)
(-0.0262072 -0.00673653 0)
(-0.00761018 -0.00622 0)
(0.00715475 -0.00358245 0)
(0.0129557 0.000930293 0)
(0.00930225 0.00347036 0)
(0.00272886 0.00272087 0)
(-0.000253252 -0.000655808 0)
(-0.00246016 0.00113283 0)
(-0.0073964 0.00283819 0)
(-0.0145984 0.00486207 0)
(-0.0249167 0.00783716 0)
(-0.0393391 0.0118522 0)
(-0.0579837 0.0163544 0)
(-0.0793155 0.0199681 0)
(-0.100028 0.0207264 0)
(-0.116161 0.0171176 0)
(-0.124627 0.0091772 0)
(-0.123861 -0.00148646 0)
(-0.113958 -0.0128347 0)
(-0.0949724 -0.0230008 0)
(-0.0690912 -0.0289614 0)
(-0.0390248 -0.0278322 0)
(-0.0098259 -0.0184862 0)
(0.00945367 -0.00299886 0)
(0.0111665 0.00897995 0)
(0.00384755 0.00905414 0)
(-0.00146092 0.00200075 0)
(-0.00724948 0.00736146 0)
(-0.0173769 0.0119184 0)
(-0.0307124 0.017449 0)
(-0.0483546 0.0249273 0)
(-0.0710021 0.0335883 0)
(-0.0975412 0.0411668 0)
(-0.124813 0.0445539 0)
(-0.14871 0.0411073 0)
(-0.165865 0.0301565 0)
(-0.174428 0.0132821 0)
(-0.173934 -0.00697161 0)
(-0.16472 -0.0282257 0)
(-0.146571 -0.0474322 0)
(-0.119818 -0.0604177 0)
(-0.0852509 -0.0620669 0)
(-0.0457381 -0.0477919 0)
(-0.00912197 -0.018703 0)
(0.00726361 0.00940875 0)
(0.0036554 0.0153769 0)
(-0.00278143 0.00777706 0)
(-0.0122455 0.0183194 0)
(-0.0273544 0.0264498 0)
(-0.0461788 0.0362321 0)
(-0.0698391 0.0486322 0)
(-0.0984625 0.0613869 0)
(-0.129802 0.0702541 0)
(-0.15984 0.0709136 0)
(-0.184646 0.0612747 0)
(-0.20194 0.0424673 0)
(-0.21106 0.0172378 0)
(-0.212347 -0.0119281 0)
(-0.20633 -0.0426272 0)
(-0.192542 -0.0716268 0)
(-0.169749 -0.0944494 0)
(-0.136421 -0.104326 0)
(-0.0920363 -0.0925988 0)
(-0.0403162 -0.0533234 0)
(5.12904e-05 -0.00127812 0)
(0.00425025 0.019512 0)
(-0.0038721 0.0163733 0)
(-0.0163943 0.033449 0)
(-0.0354758 0.0455867 0)
(-0.0583779 0.0598771 0)
(-0.0860974 0.0768696 0)
(-0.118044 0.0923213 0)
(-0.150851 0.100187 0)
(-0.179901 0.0960223 0)
(-0.201952 0.0794847 0)
(-0.216326 0.0535805 0)
(-0.223858 0.0214896 0)
(-0.225833 -0.0146625 0)
(-0.22317 -0.0528048 0)
(-0.215375 -0.0904469 0)
(-0.2008 -0.124181 0)
(-0.175812 -0.14717 0)
(-0.136386 -0.147609 0)
(-0.0802066 -0.109969 0)
(-0.0150748 -0.031116 0)
(0.00590091 0.0196748 0)
(-0.00444873 0.0270079 0)
(-0.0188501 0.0515385 0)
(-0.0402516 0.0678081 0)
(-0.0651009 0.0862933 0)
(-0.0940358 0.106772 0)
(-0.125616 0.122973 0)
(-0.155601 0.127837 0)
(-0.179496 0.117897 0)
(-0.19544 0.0948894 0)
(-0.204473 0.0632473 0)
(-0.208662 0.0264796 0)
(-0.209913 -0.0132871 0)
(-0.20937 -0.0545983 0)
(-0.207068 -0.0967755 0)
(-0.202135 -0.13873 0)
(-0.189943 -0.175912 0)
(-0.163741 -0.196225 0)
(-0.116452 -0.176759 0)
(-0.0463278 -0.0915864 0)
(0.00450854 0.0109556 0)
(-0.00429915 0.0384507 0)
(-0.0189824 0.070875 0)
(-0.0405811 0.0909909 0)
(-0.06477 0.112688 0)
(-0.0917674 0.134995 0)
(-0.119601 0.150077 0)
(-0.143858 0.150678 0)
(-0.160894 0.134742 0)
(-0.170375 0.105884 0)
(-0.174451 0.0696739 0)
(-0.175448 0.0300498 0)
(-0.175099 -0.0106634 0)
(-0.174626 -0.0515472 0)
(-0.175071 -0.0934131 0)
(-0.176917 -0.137542 0)
(-0.176633 -0.183726 0)
(-0.166403 -0.223831 0)
(-0.136517 -0.233507 0)
(-0.081308 -0.169284 0)
(-0.0053354 -0.0121107 0)
(-0.00336325 0.0492143 0)
(-0.0165972 0.0895081 0)
(-0.0362448 0.112902 0)
(-0.0574208 0.136505 0)
(-0.0800956 0.159035 0)
(-0.102317 0.171767 0)
(-0.120198 0.16775 0)
(-0.131308 0.146293 0)
(-0.136499 0.112502 0)
(-0.138231 0.0727241 0)
(-0.138278 0.0310342 0)
(-0.137499 -0.010335 0)
(-0.136531 -0.0504596 0)
(-0.136829 -0.0898737 0)
(-0.140365 -0.130937 0)
(-0.146413 -0.177957 0)
(-0.148445 -0.230224 0)
(-0.135428 -0.268103 0)
(-0.0996114 -0.23776 0)
(-0.0239015 -0.0592012 0)
(-0.00178325 0.0578206 0)
(-0.012049 0.105501 0)
(-0.0280105 0.131536 0)
(-0.0445482 0.155785 0)
(-0.0615675 0.177396 0)
(-0.0775855 0.187439 0)
(-0.0897097 0.179457 0)
(-0.0967202 0.153818 0)
(-0.100052 0.116556 0)
(-0.101812 0.0743266 0)
(-0.102877 0.0309804 0)
(-0.103087 -0.0115851 0)
(-0.102399 -0.052142 0)
(-0.101898 -0.0898913 0)
(-0.104315 -0.126483 0)
(-0.111743 -0.168777 0)
(-0.120765 -0.224526 0)
(-0.119715 -0.284244 0)
(-0.0992043 -0.292739 0)
(-0.0332981 -0.133052 0)
(0.00010329 0.0631384 0)
(-0.006103 0.11739 0)
(-0.0172098 0.145634 0)
(-0.0282228 0.16966 0)
(-0.0389939 0.189827 0)
(-0.0487664 0.197631 0)
(-0.0558393 0.187095 0)
(-0.0599585 0.159133 0)
(-0.0625676 0.120121 0)
(-0.0650285 0.0766908 0)
(-0.0674111 0.0323548 0)
(-0.0690227 -0.011384 0)
(-0.069591 -0.053144 0)
(-0.0695199 -0.0907534 0)
(-0.0711089 -0.123969 0)
(-0.0778702 -0.159567 0)
(-0.0904986 -0.212049 0)
(-0.0976357 -0.285444 0)
(-0.0905299 -0.3311 0)
(-0.0298158 -0.208401 0)
(0.00186695 0.0644356 0)
(0.00022783 0.124086 0)
(-0.00541365 0.15428 0)
(-0.010628 0.177475 0)
(-0.0150299 0.195998 0)
(-0.0185649 0.202384 0)
(-0.0207442 0.190923 0)
(-0.022094 0.162579 0)
(-0.0237403 0.123554 0)
(-0.0262424 0.0801327 0)
(-0.0292106 0.0355398 0)
(-0.0320538 -0.0088856 0)
(-0.0345667 -0.0516565 0)
(-0.0366616 -0.089857 0)
(-0.0395815 -0.12138 0)
(-0.0463451 -0.15114 0)
(-0.0612545 -0.196948 0)
(-0.0738128 -0.277224 0)
(-0.0789081 -0.354586 0)
(-0.0228243 -0.270496 0)
(0.00319897 0.0619513 0)
(0.00601115 0.125434 0)
(0.00585616 0.157427 0)
(0.00628015 0.179579 0)
(0.0081075 0.196436 0)
(0.0107862 0.202174 0)
(0.0137611 0.191159 0)
(0.0159111 0.164011 0)
(0.0162942 0.126324 0)
(0.0148562 0.0838731 0)
(0.0122552 0.039785 0)
(0.00858223 -0.00452763 0)
(0.00398903 -0.047042 0)
(-0.00135532 -0.0848846 0)
(-0.00790672 -0.115445 0)
(-0.0167802 -0.141097 0)
(-0.0346358 -0.179605 0)
(-0.0511274 -0.262099 0)
(-0.0679009 -0.366882 0)
(-0.0152768 -0.322665 0)
(0.00376498 0.0565397 0)
(0.0102186 0.121639 0)
(0.0150752 0.15487 0)
(0.0206091 0.17556 0)
(0.0281705 0.190402 0)
(0.0368629 0.195791 0)
(0.0453092 0.186401 0)
(0.0519571 0.162012 0)
(0.0556882 0.127091 0)
(0.0564272 0.0867659 0)
(0.0547794 0.0442447 0)
(0.0506992 0.00119277 0)
(0.0444396 -0.0398662 0)
(0.0355966 -0.0762093 0)
(0.0239737 -0.105286 0)
(0.0109946 -0.127678 0)
(-0.0108835 -0.16002 0)
(-0.0293766 -0.241515 0)
(-0.0577766 -0.369407 0)
(-0.00752833 -0.364975 0)
(0.00343195 0.0495495 0)
(0.012107 0.113805 0)
(0.0211117 0.147898 0)
(0.0310097 0.167058 0)
(0.0434575 0.179382 0)
(0.0576342 0.183896 0)
(0.0715949 0.176376 0)
(0.0833439 0.15567 0)
(0.0913744 0.124757 0)
(0.0952169 0.0878915 0)
(0.0951689 0.0483741 0)
(0.0912157 0.00834475 0)
(0.0833028 -0.0296577 0)
(0.0712243 -0.0632315 0)
(0.0549048 -0.0900845 0)
(0.0365776 -0.10995 0)
(0.00959157 -0.137137 0)
(-0.00821906 -0.216834 0)
(-0.0486553 -0.366375 0)
(0.000765189 -0.401546 0)
(0.00220849 0.0426936 0)
(0.0109938 0.103525 0)
(0.0223955 0.136278 0)
(0.0355712 0.152964 0)
(0.0519199 0.162265 0)
(0.0707432 0.165278 0)
(0.089837 0.1593 0)
(0.106771 0.142702 0)
(0.119541 0.116998 0)
(0.127133 0.0853388 0)
(0.129289 0.0507576 0)
(0.126089 0.0156614 0)
(0.117037 -0.0176585 0)
(0.102503 -0.0469804 0)
(0.0820387 -0.0704983 0)
(0.0591114 -0.0884338 0)
(0.0273941 -0.111679 0)
(0.0126263 -0.189825 0)
(-0.0400707 -0.361204 0)
(0.0106089 -0.434464 0)
(0.000181562 0.0373866 0)
(0.00718253 0.0935614 0)
(0.0195849 0.1243 0)
(0.03505 0.138102 0)
(0.054199 0.143736 0)
(0.0762849 0.144205 0)
(0.0992145 0.138538 0)
(0.120389 0.125274 0)
(0.137415 0.104872 0)
(0.14879 0.079356 0)
(0.153574 0.0511631 0)
(0.151837 0.022534 0)
(0.142627 -0.00465557 0)
(0.127 -0.0283323 0)
(0.103814 -0.0474756 0)
(0.0780197 -0.0633835 0)
(0.0433166 -0.0850907 0)
(0.0322721 -0.163799 0)
(-0.0309943 -0.357073 0)
(0.024297 -0.463205 0)
(-0.00301 0.0391217 0)
(-0.00269377 0.085429 0)
(0.00760513 0.106536 0)
(0.025737 0.115613 0)
(0.0482939 0.118272 0)
(0.0737118 0.11704 0)
(0.0998954 0.111869 0)
(0.124494 0.101832 0)
(0.145035 0.0869797 0)
(0.159813 0.0684133 0)
(0.167329 0.0479655 0)
(0.167547 0.0272352 0)
(0.159251 0.00785485 0)
(0.144522 -0.00913634 0)
(0.120633 -0.0230898 0)
(0.0953725 -0.0371561 0)
(0.0605289 -0.0598661 0)
(0.0518041 -0.140405 0)
(-0.0152281 -0.348364 0)
(0.0467734 -0.477724 0)
(-0.00638808 0.0304069 0)
(-0.00806717 0.0868344 0)
(-0.00174419 0.102142 0)
(0.0160371 0.101697 0)
(0.0401166 0.0979844 0)
(0.0671063 0.093448 0)
(0.0948266 0.087764 0)
(0.120945 0.0798073 0)
(0.143425 0.0695902 0)
(0.160725 0.0572495 0)
(0.170822 0.0442499 0)
(0.174773 0.0312151 0)
(0.169587 0.0197246 0)
(0.160544 0.00939975 0)
(0.140663 0.000561213 0)
(0.124243 -0.0122544 0)
(0.0916795 -0.038769 0)
(0.0837044 -0.123752 0)
(0.025256 -0.319775 0)
(0.087802 -0.450992 0)
(-0.100592 0.0910358 0)
(-0.0746114 0.0739297 0)
(-0.0552661 0.0636374 0)
(-0.0187562 0.0600022 0)
(0.0177968 0.0569216 0)
(0.0547648 0.0536767 0)
(0.0899568 0.0502358 0)
(0.124121 0.0458355 0)
(0.153136 0.0409602 0)
(0.180584 0.0350966 0)
(0.198922 0.02941 0)
(0.217098 0.023642 0)
(0.22223 0.0191032 0)
(0.231485 0.0149365 0)
(0.222016 0.0109348 0)
(0.224322 0.00202918 0)
(0.193922 -0.0223699 0)
(0.195425 -0.0872467 0)
(0.14197 -0.228315 0)
(0.168909 -0.340745 0)
(0.133377 0.106872 0)
(0.165868 0.0823037 0)
(0.223449 0.0605531 0)
(0.28 0.0472317 0)
(0.326362 0.0392334 0)
(0.369622 0.0335127 0)
(0.404944 0.029524 0)
(0.442089 0.0258801 0)
(0.469618 0.0232973 0)
(0.50176 0.0203228 0)
(0.520248 0.0184447 0)
(0.54707 0.0157271 0)
(0.555093 0.0146237 0)
(0.577076 0.0121361 0)
(0.572399 0.0117255 0)
(0.586921 0.0076539 0)
(0.556781 0.00301253 0)
(0.543952 -0.015916 0)
(0.438506 -0.0489347 0)
(0.339134 -0.100633 0)
)
;

boundaryField
{
    movingWall
    {
        type            fixedValue;
        value           uniform (1 0 0);
    }
    fixedWalls
    {
        type            noSlip;
    }
    frontAndBack
    {
        type            empty;
    }
}


// ************************************************************************* //
