/*--------------------------------*- C++ -*----------------------------------*\
| =========                 |                                                 |
| \\      /  F ield         | OpenFOAM: The Open Source CFD Toolbox           |
|  \\    /   O peration     | Version:  2212                                  |
|   \\  /    A nd           | Website:  www.openfoam.com                      |
|    \\/     M anipulation  |                                                 |
\*---------------------------------------------------------------------------*/
FoamFile
{
    version     2.0;
    format      ascii;
    arch        "LSB;label=32;scalar=64";
    class       surfaceScalarField;
    location    "2.085";
    object      phi;
}
// * * * * * * * * * * * * * * * * * * * * * * * * * * * * * * * * * * * * * //

dimensions      [0 3 -1 0 0 0 0];

oriented        oriented;

internalField   nonuniform List<scalar> 
760
(
1.04156e-07
-1.04157e-07
1.82085e-07
-7.79293e-08
1.73283e-07
8.8019e-09
5.55842e-08
1.177e-07
-2.06187e-07
2.61771e-07
-6.61949e-07
4.55762e-07
-1.33995e-06
6.78002e-07
-2.18664e-06
8.46687e-07
-3.0492e-06
8.62561e-07
-3.7277e-06
6.78503e-07
-4.05633e-06
3.28632e-07
-3.9391e-06
-1.17233e-07
-3.30115e-06
-6.3795e-07
-2.23933e-06
-1.06182e-06
-9.59526e-07
-1.2798e-06
2.00423e-07
-1.15995e-06
8.9657e-07
-6.96148e-07
8.90426e-07
6.14398e-09
4.05041e-07
4.85385e-07
4.05041e-07
4.43359e-08
-1.48493e-07
-6.24927e-08
2.88997e-08
-4.02999e-07
3.49308e-07
-1.05726e-06
7.71962e-07
-2.07671e-06
1.28122e-06
-3.42567e-06
1.80472e-06
-4.93265e-06
2.18498e-06
-6.34097e-06
2.25501e-06
-7.42476e-06
1.94635e-06
-8.04911e-06
1.30286e-06
-8.15256e-06
4.32079e-07
-7.69626e-06
-5.73528e-07
-6.70783e-06
-1.62639e-06
-5.21736e-06
-2.55229e-06
-3.3605e-06
-3.13666e-06
-1.42222e-06
-3.09824e-06
1.05147e-07
-2.22351e-06
7.48905e-07
-6.37614e-07
4.70198e-07
7.64091e-07
8.7524e-07
-1.69253e-07
2.07603e-08
-6.39559e-07
4.99206e-07
-1.47618e-06
1.18593e-06
-2.7313e-06
2.02708e-06
-4.35116e-06
2.90108e-06
-6.13198e-06
3.58555e-06
-7.80458e-06
3.85758e-06
-9.17086e-06
3.62129e-06
-1.01415e-05
2.91699e-06
-1.06867e-05
1.84806e-06
-1.07637e-05
5.09074e-07
-1.03826e-05
-9.54603e-07
-9.54347e-06
-2.46554e-06
-8.19924e-06
-3.89652e-06
-6.3333e-06
-5.0026e-06
-4.04755e-06
-5.38399e-06
-1.71763e-06
-4.55343e-06
-7.92133e-08
-2.27603e-06
2.78752e-07
4.06125e-07
1.15399e-06
-4.42568e-07
4.63328e-07
-1.34791e-06
1.40454e-06
-2.64967e-06
2.48769e-06
-4.31694e-06
3.69435e-06
-6.18349e-06
4.76763e-06
-7.99785e-06
5.39991e-06
-9.54948e-06
5.40921e-06
-1.07457e-05
4.81747e-06
-1.15826e-05
3.75393e-06
-1.20785e-05
2.34394e-06
-1.2218e-05
6.48582e-07
-1.20318e-05
-1.14084e-06
-1.15048e-05
-2.99251e-06
-1.05406e-05
-4.86071e-06
-9.02045e-06
-6.52276e-06
-6.83195e-06
-7.57249e-06
-4.04173e-06
-7.34364e-06
-1.25444e-06
-5.06332e-06
1.16247e-07
-9.64557e-07
1.27024e-06
-7.12786e-07
1.17611e-06
-1.96348e-06
2.65524e-06
-3.54968e-06
4.07388e-06
-5.35661e-06
5.50128e-06
-7.17053e-06
6.58156e-06
-8.77311e-06
7.0025e-06
-1.00442e-05
6.68033e-06
-1.09666e-05
5.73989e-06
-1.15766e-05
4.3639e-06
-1.19311e-05
2.69843e-06
-1.2098e-05
8.15528e-07
-1.20904e-05
-1.14848e-06
-1.18976e-05
-3.18535e-06
-1.14399e-05
-5.31837e-06
-1.05421e-05
-7.42054e-06
-8.93494e-06
-9.17967e-06
-6.36053e-06
-9.91805e-06
-2.9586e-06
-8.46526e-06
-2.34556e-07
-3.6886e-06
1.03568e-06
-8.78611e-07
2.05472e-06
-2.30067e-06
4.0773e-06
-3.94489e-06
5.71811e-06
-5.64666e-06
7.20305e-06
-7.20636e-06
8.14125e-06
-8.46823e-06
8.26437e-06
-9.37837e-06
7.59047e-06
-9.96509e-06
6.32661e-06
-1.02973e-05
4.69608e-06
-1.04638e-05
2.86492e-06
-1.05751e-05
9.26872e-07
-1.06575e-05
-1.06604e-06
-1.07067e-05
-3.13615e-06
-1.06977e-05
-5.32742e-06
-1.04793e-05
-7.63893e-06
-9.73037e-06
-9.9286e-06
-7.98369e-06
-1.16647e-05
-4.88191e-06
-1.1567e-05
-1.05602e-06
-7.5145e-06
-2.03342e-08
-8.93269e-07
2.94799e-06
-2.29034e-06
5.47437e-06
-3.80065e-06
7.22842e-06
-5.24597e-06
8.64837e-06
-6.46954e-06
9.36482e-06
-7.37356e-06
9.16839e-06
-7.94977e-06
8.16668e-06
-8.25474e-06
6.63158e-06
-8.37748e-06
4.81882e-06
-8.41443e-06
2.90187e-06
-8.45527e-06
9.67712e-07
-8.54118e-06
-9.80129e-07
-8.68681e-06
-2.99052e-06
-8.90689e-06
-5.10734e-06
-9.14117e-06
-7.40465e-06
-9.14721e-06
-9.92256e-06
-8.4076e-06
-1.24043e-05
-6.20902e-06
-1.37656e-05
-2.24338e-06
-1.14801e-05
-2.26371e-06
-7.55873e-07
3.70387e-06
-1.96657e-06
6.68506e-06
-3.22252e-06
8.48437e-06
-4.35145e-06
9.7773e-06
-5.244e-06
1.02574e-05
-5.84995e-06
9.77433e-06
-6.19028e-06
8.50702e-06
-6.33439e-06
6.77568e-06
-6.37182e-06
4.85624e-06
-6.384e-06
2.91405e-06
-6.41971e-06
1.00343e-06
-6.5005e-06
-8.99343e-07
-6.65046e-06
-2.84057e-06
-6.90706e-06
-4.85074e-06
-7.28895e-06
-7.02276e-06
-7.6963e-06
-9.51521e-06
-7.69829e-06
-1.24024e-05
-6.47938e-06
-1.49845e-05
-3.3628e-06
-1.45967e-05
-5.62652e-06
-5.07286e-07
4.21115e-06
-1.42669e-06
7.60447e-06
-2.37179e-06
9.42948e-06
-3.18039e-06
1.05859e-05
-3.78426e-06
1.08612e-05
-4.16908e-06
1.01592e-05
-4.37052e-06
8.70845e-06
-4.45491e-06
6.86008e-06
-4.49563e-06
4.89696e-06
-4.54476e-06
2.96318e-06
-4.61916e-06
1.07783e-06
-4.72014e-06
-7.98362e-07
-4.8625e-06
-2.69821e-06
-5.08089e-06
-4.63235e-06
-5.44288e-06
-6.66077e-06
-5.9629e-06
-8.99519e-06
-6.39476e-06
-1.19705e-05
-5.97187e-06
-1.54074e-05
-3.78516e-06
-1.67834e-05
-9.41168e-06
-1.92665e-07
4.40382e-06
-7.66572e-07
8.17837e-06
-1.38338e-06
1.00463e-05
-1.89052e-06
1.1093e-05
-2.24938e-06
1.12201e-05
-2.47012e-06
1.03799e-05
-2.59103e-06
8.82936e-06
-2.66309e-06
6.93214e-06
-2.73342e-06
4.96729e-06
-2.82912e-06
3.05888e-06
-2.95261e-06
1.20131e-06
-3.09623e-06
-6.54741e-07
-3.25999e-06
-2.53444e-06
-3.46151e-06
-4.43084e-06
-3.76824e-06
-6.35404e-06
-4.27791e-06
-8.48552e-06
-4.91817e-06
-1.13302e-05
-5.0433e-06
-1.52823e-05
-3.49275e-06
-1.8334e-05
-1.29044e-05
1.25757e-07
4.27806e-06
-7.47169e-08
8.37885e-06
-3.76145e-07
1.03477e-05
-6.09846e-07
1.13267e-05
-7.52221e-07
1.13625e-05
-8.27491e-07
1.04552e-05
-8.74476e-07
8.87635e-06
-9.29761e-07
6.98742e-06
-1.01523e-06
5.05276e-06
-1.13755e-06
3.1812e-06
-1.29559e-06
1.35935e-06
-1.48577e-06
-4.64553e-07
-1.70424e-06
-2.31597e-06
-1.9498e-06
-4.18528e-06
-2.26253e-06
-6.04131e-06
-2.75833e-06
-7.98972e-06
-3.49765e-06
-1.05909e-05
-3.99476e-06
-1.47852e-05
-3.00026e-06
-1.93285e-05
-1.59047e-05
3.89164e-07
3.8889e-06
5.51105e-07
8.21691e-06
5.90296e-07
1.03085e-05
6.38731e-07
1.12783e-05
7.12965e-07
1.12882e-05
7.81271e-07
1.03869e-05
8.1237e-07
8.84525e-06
7.91068e-07
7.00873e-06
7.15809e-07
5.12802e-06
5.91146e-07
3.30586e-06
4.17194e-07
1.5333e-06
1.88699e-07
-2.36058e-07
-8.94533e-08
-2.03782e-06
-4.28508e-07
-3.84622e-06
-8.34691e-07
-5.63513e-06
-1.37036e-06
-7.45406e-06
-2.19438e-06
-9.76688e-06
-2.97457e-06
-1.4005e-05
-2.47371e-06
-1.98293e-05
-1.83784e-05
5.7964e-07
3.30926e-06
1.07476e-06
7.72179e-06
1.42606e-06
9.95722e-06
1.75567e-06
1.09487e-05
2.06717e-06
1.09767e-05
2.31119e-06
1.01428e-05
2.45858e-06
8.69785e-06
2.50927e-06
6.95804e-06
2.4773e-06
5.15999e-06
2.37398e-06
3.40918e-06
2.19796e-06
1.70933e-06
1.92747e-06
3.44288e-08
1.57193e-06
-1.68228e-06
1.12647e-06
-3.40076e-06
5.88571e-07
-5.09723e-06
-1.04805e-07
-6.76068e-06
-1.00965e-06
-8.86203e-06
-1.99737e-06
-1.30173e-05
-1.96412e-06
-1.98626e-05
-2.03425e-05
6.57584e-07
2.65167e-06
1.42391e-06
6.95547e-06
2.07264e-06
9.30849e-06
2.68645e-06
1.03349e-05
3.25838e-06
1.04048e-05
3.72674e-06
9.67448e-06
4.05057e-06
8.37402e-06
4.22767e-06
6.78094e-06
4.27723e-06
5.11043e-06
4.21625e-06
3.47016e-06
4.04338e-06
1.8822e-06
3.75051e-06
3.27298e-07
3.31467e-06
-1.24644e-06
2.7415e-06
-2.82759e-06
2.03213e-06
-4.38786e-06
1.20193e-06
-5.93048e-06
1.43038e-07
-7.80314e-06
-1.08582e-06
-1.17884e-05
-1.48949e-06
-1.94589e-05
-2.1832e-05
5.97671e-07
2.054e-06
1.50741e-06
6.04572e-06
2.40133e-06
8.41458e-06
3.30044e-06
9.43577e-06
4.16747e-06
9.53778e-06
4.91958e-06
8.92237e-06
5.49203e-06
7.80157e-06
5.86715e-06
6.40582e-06
6.05772e-06
4.91986e-06
6.08181e-06
3.44607e-06
5.94299e-06
2.02101e-06
5.6285e-06
6.4179e-07
5.1153e-06
-7.33237e-07
4.41061e-06
-2.1229e-06
3.51198e-06
-3.48924e-06
2.4565e-06
-4.875e-06
1.19232e-06
-6.53896e-06
-2.83422e-07
-1.03127e-05
-1.01028e-06
-1.87321e-05
-2.28423e-05
4.1388e-07
1.64012e-06
1.31702e-06
5.14259e-06
2.4347e-06
7.2969e-06
3.63163e-06
8.23883e-06
4.82211e-06
8.34731e-06
5.89607e-06
7.84841e-06
6.76405e-06
6.93359e-06
7.38885e-06
5.78102e-06
7.76933e-06
4.53938e-06
7.91768e-06
3.29772e-06
7.8394e-06
2.09929e-06
7.53237e-06
9.4882e-07
6.94795e-06
-1.48814e-07
6.11415e-06
-1.28911e-06
5.01895e-06
-2.39403e-06
3.71924e-06
-3.57528e-06
2.26852e-06
-5.08825e-06
7.06633e-07
-8.75078e-06
-2.66768e-07
-1.77587e-05
-2.31091e-05
5.3437e-08
1.58669e-06
6.67757e-07
4.52827e-06
1.87652e-06
6.08813e-06
3.36819e-06
6.74717e-06
4.93329e-06
6.7822e-06
6.39103e-06
6.39068e-06
7.6189e-06
5.70572e-06
8.56331e-06
4.8366e-06
9.20173e-06
3.90096e-06
9.53851e-06
2.96095e-06
9.57011e-06
2.06769e-06
9.30143e-06
1.21751e-06
8.72325e-06
4.29364e-07
7.7984e-06
-3.64255e-07
6.56922e-06
-1.16486e-06
5.0841e-06
-2.09016e-06
3.50851e-06
-3.51267e-06
1.98378e-06
-7.22605e-06
5.50093e-07
-1.6325e-05
-2.2559e-05
-4.59686e-07
2.04637e-06
2.66084e-08
4.04197e-06
1.22728e-06
4.88746e-06
2.94679e-06
5.02766e-06
4.83467e-06
4.89432e-06
6.62532e-06
4.60002e-06
8.16724e-06
4.1638e-06
9.39811e-06
3.60572e-06
1.02789e-05
3.02022e-06
1.08161e-05
2.42375e-06
1.10053e-05
1.87843e-06
1.08658e-05
1.357e-06
1.0397e-05
8.98146e-07
9.60853e-06
4.24258e-07
8.51833e-06
-7.46601e-08
7.17167e-06
-7.43491e-07
5.77786e-06
-2.11886e-06
4.17799e-06
-5.62618e-06
1.93689e-06
-1.40839e-05
-2.06221e-05
-4.12152e-06
6.16789e-06
-3.6658e-06
3.58625e-06
-1.52215e-06
2.7438e-06
9.60261e-07
2.54525e-06
3.40808e-06
2.44651e-06
5.71697e-06
2.29113e-06
7.7874e-06
2.09337e-06
9.55276e-06
1.84037e-06
1.09787e-05
1.59429e-06
1.20766e-05
1.32583e-06
1.28521e-05
1.10293e-06
1.33417e-05
8.67435e-07
1.35401e-05
6.99739e-07
1.34721e-05
4.92224e-07
1.30899e-05
3.0753e-07
1.2418e-05
-7.15419e-08
1.1506e-05
-1.20686e-06
9.91518e-06
-4.03538e-06
5.55528e-06
-9.72397e-06
-1.50668e-05
6.16789e-06
9.75415e-06
1.24979e-05
1.50432e-05
1.74897e-05
1.97808e-05
2.18742e-05
2.37146e-05
2.53089e-05
2.66347e-05
2.77376e-05
2.8605e-05
2.93048e-05
2.9797e-05
3.01045e-05
3.0033e-05
2.88261e-05
2.47908e-05
1.50668e-05
)
;

boundaryField
{
    movingWall
    {
        type            calculated;
        value           uniform 0;
    }
    fixedWalls
    {
        type            calculated;
        value           uniform 0;
    }
    frontAndBack
    {
        type            empty;
        value           nonuniform List<scalar> 0();
    }
}


// ************************************************************************* //
