/*--------------------------------*- C++ -*----------------------------------*\
| =========                 |                                                 |
| \\      /  F ield         | OpenFOAM: The Open Source CFD Toolbox           |
|  \\    /   O peration     | Version:  2212                                  |
|   \\  /    A nd           | Website:  www.openfoam.com                      |
|    \\/     M anipulation  |                                                 |
\*---------------------------------------------------------------------------*/
FoamFile
{
    version     2.0;
    format      ascii;
    arch        "LSB;label=32;scalar=64";
    class       volScalarField;
    location    "2.345";
    object      p;
}
// * * * * * * * * * * * * * * * * * * * * * * * * * * * * * * * * * * * * * //

dimensions      [0 2 -2 0 0 0 0];

internalField   nonuniform List<scalar> 
400
(
4.12508e-09
-0.000139148
-0.000473734
-0.000945013
-0.00152937
-0.00219371
-0.00280405
-0.00316864
-0.00311679
-0.00250374
-0.00120344
0.000800807
0.00324035
0.00537613
0.0064155
0.00598919
0.00432884
0.00266015
0.00167903
0.00158946
0.000120071
-3.88796e-05
-0.000310114
-0.000660243
-0.0010965
-0.00165991
-0.00235342
-0.003053
-0.00348776
-0.00332534
-0.00231523
-0.000457001
0.00186689
0.00400449
0.00516981
0.00493943
0.00354202
0.00195901
0.00121181
0.00126205
0.000471055
0.000249055
-4.36814e-05
-0.00046703
-0.00114492
-0.00219059
-0.00358238
-0.00509797
-0.00633292
-0.00681173
-0.00620198
-0.00455113
-0.00218116
0.000333052
0.00222609
0.00288764
0.00228519
0.00116802
0.000299013
0.000260824
0.000957173
0.000607692
0.000164006
-0.000632198
-0.00202523
-0.00412686
-0.00677044
-0.00953123
-0.0118611
-0.0132261
-0.0132879
-0.0120605
-0.00974169
-0.00674041
-0.00370126
-0.00132674
-8.62781e-05
2.69587e-05
-0.00056613
-0.00118798
0.00119676
0.000703301
-7.41021e-05
-0.00160321
-0.00415931
-0.00772736
-0.0119019
-0.0160364
-0.0194953
-0.0218009
-0.0226786
-0.0220137
-0.0199024
-0.0165981
-0.012507
-0.00820966
-0.00447347
-0.0020873
-0.00146901
-0.00319343
0.000810942
0.000131228
-0.00114598
-0.00365134
-0.00758457
-0.012691
-0.0182616
-0.0234769
-0.0277016
-0.0305783
-0.0319571
-0.0317413
-0.029988
-0.0268322
-0.0224046
-0.0169167
-0.0109495
-0.00584524
-0.00355356
-0.00560259
-0.000465267
-0.00134676
-0.00318991
-0.00669032
-0.0118861
-0.0182258
-0.0247367
-0.0305216
-0.0350228
-0.0380258
-0.0395182
-0.0395245
-0.0381089
-0.0353406
-0.0311948
-0.0255477
-0.0185037
-0.011253
-0.00682969
-0.00692385
-0.00262795
-0.00367042
-0.00601445
-0.0103029
-0.0164034
-0.0234993
-0.0304507
-0.0363736
-0.0408328
-0.0437438
-0.045184
-0.0452578
-0.0440582
-0.0416436
-0.0379663
-0.0327797
-0.0258011
-0.0175183
-0.0105985
-0.00719705
-0.00536688
-0.00648537
-0.00916964
-0.0139383
-0.0205235
-0.0279341
-0.0349622
-0.0407877
-0.0450892
-0.0478659
-0.049238
-0.0493296
-0.0482369
-0.0460348
-0.0427381
-0.0381712
-0.0318808
-0.0236689
-0.0151371
-0.00896818
-0.00821166
-0.0093089
-0.0121437
-0.0170839
-0.0237832
-0.0311877
-0.0380981
-0.0437591
-0.0479192
-0.0506095
-0.0519514
-0.0520519
-0.0509978
-0.0488816
-0.0457945
-0.0417088
-0.0362605
-0.028862
-0.0203363
-0.012861
-0.0107199
-0.0117247
-0.0145223
-0.0193703
-0.0258955
-0.0330862
-0.0398023
-0.0453243
-0.0494112
-0.0520798
-0.0534268
-0.0535362
-0.0524816
-0.0503627
-0.0473373
-0.0435223
-0.0388014
-0.0324592
-0.0248976
-0.0173003
-0.012632
-0.0134601
-0.0160685
-0.0205853
-0.0266968
-0.0335208
-0.0400164
-0.0454664
-0.0495696
-0.0522883
-0.0536765
-0.0537971
-0.0527132
-0.0505233
-0.0474462
-0.0437115
-0.0395087
-0.0340672
-0.0276121
-0.0203382
-0.0139017
-0.0144338
-0.0166441
-0.0206231
-0.0261317
-0.0324772
-0.0387413
-0.0441811
-0.0483895
-0.0512313
-0.0527025
-0.0528401
-0.0516993
-0.0494031
-0.0461874
-0.0423503
-0.0384348
-0.0334972
-0.0279298
-0.0208945
-0.0145893
-0.0147302
-0.0163089
-0.0194925
-0.024205
-0.0299726
-0.0359905
-0.0414677
-0.0458639
-0.0489142
-0.0505323
-0.0507196
-0.0495218
-0.0470754
-0.0436549
-0.0396411
-0.0356365
-0.0308074
-0.0261625
-0.0186848
-0.0147947
-0.0145152
-0.0152374
-0.01735
-0.0210668
-0.0261502
-0.031894
-0.0374415
-0.0421003
-0.04545
-0.047297
-0.0475846
-0.0463595
-0.0437405
-0.0400585
-0.035735
-0.0313939
-0.0264866
-0.0229738
-0.0135533
-0.0146381
-0.0140006
-0.0136028
-0.014357
-0.0169096
-0.0212282
-0.0266796
-0.0323237
-0.0373104
-0.0410507
-0.0432284
-0.0437124
-0.0425338
-0.0397768
-0.0358036
-0.0310452
-0.0261915
-0.0210235
-0.0180099
-0.00406036
-0.0142138
-0.0133199
-0.0115463
-0.0108037
-0.0121532
-0.0157256
-0.0209166
-0.026687
-0.0320505
-0.036258
-0.0388716
-0.0396617
-0.0386245
-0.0358254
-0.0315546
-0.0261756
-0.0203443
-0.0139676
-0.00828706
0.0146074
-0.0144136
-0.0126493
-0.00900145
-0.00677734
-0.00711629
-0.0101556
-0.0152201
-0.0211742
-0.0269571
-0.03169
-0.0348424
-0.0360716
-0.0353164
-0.0325735
-0.0280104
-0.0216538
-0.0136677
-0.00279583
0.0137013
0.0544441
-0.0119141
-0.0122056
-0.00672592
-0.00309948
-0.00280816
-0.00567261
-0.0108052
-0.0170041
-0.0232002
-0.0284259
-0.0321257
-0.03387
-0.0335588
-0.030942
-0.0258842
-0.0175591
-0.00472027
0.0174706
0.0569605
0.12659
-0.0296247
-0.0112974
-0.00197763
0.0013996
0.00103524
-0.00220443
-0.00760275
-0.014087
-0.0206022
-0.0261644
-0.030201
-0.0322664
-0.0322216
-0.0296574
-0.0239277
-0.0128635
0.00783305
0.0482244
0.119412
0.223021
)
;

boundaryField
{
    movingWall
    {
        type            zeroGradient;
    }
    fixedWalls
    {
        type            zeroGradient;
    }
    frontAndBack
    {
        type            empty;
    }
}


// ************************************************************************* //
