/*--------------------------------*- C++ -*----------------------------------*\
| =========                 |                                                 |
| \\      /  F ield         | OpenFOAM: The Open Source CFD Toolbox           |
|  \\    /   O peration     | Version:  2212                                  |
|   \\  /    A nd           | Website:  www.openfoam.com                      |
|    \\/     M anipulation  |                                                 |
\*---------------------------------------------------------------------------*/
FoamFile
{
    version     2.0;
    format      ascii;
    arch        "LSB;label=32;scalar=64";
    class       surfaceScalarField;
    location    "2.345";
    object      phi;
}
// * * * * * * * * * * * * * * * * * * * * * * * * * * * * * * * * * * * * * //

dimensions      [0 3 -1 0 0 0 0];

oriented        oriented;

internalField   nonuniform List<scalar> 
760
(
1.22872e-07
-1.22873e-07
2.23026e-07
-1.00153e-07
2.236e-07
-5.74032e-10
1.03373e-07
1.20227e-07
-1.74089e-07
2.77462e-07
-6.62872e-07
4.88784e-07
-1.39247e-06
7.29594e-07
-2.29752e-06
9.05051e-07
-3.20701e-06
9.09493e-07
-3.90856e-06
7.01553e-07
-4.23602e-06
3.27457e-07
-4.09373e-06
-1.4229e-07
-3.41449e-06
-6.79243e-07
-2.30105e-06
-1.11343e-06
-9.66996e-07
-1.33406e-06
2.37851e-07
-1.20485e-06
9.5354e-07
-7.15689e-07
9.33843e-07
1.9697e-08
4.22192e-07
5.11651e-07
4.22192e-07
7.21575e-08
-1.9503e-07
-1.69477e-08
-1.10479e-08
-3.67247e-07
3.49726e-07
-1.06762e-06
8.20595e-07
-2.16607e-06
1.37591e-06
-3.61155e-06
1.93427e-06
-5.20396e-06
2.322e-06
-6.66409e-06
2.36519e-06
-7.76448e-06
2.00988e-06
-8.38001e-06
1.31707e-06
-8.45644e-06
4.03888e-07
-7.96209e-06
-6.3664e-07
-6.92697e-06
-1.71436e-06
-5.38209e-06
-2.65831e-06
-3.46467e-06
-3.25148e-06
-1.4645e-06
-3.20502e-06
1.14265e-07
-2.29445e-06
7.7762e-07
-6.43658e-07
4.86232e-07
8.03039e-07
9.08423e-07
-1.58526e-07
-3.65044e-08
-6.41508e-07
4.71934e-07
-1.53427e-06
1.24248e-06
-2.88404e-06
2.17037e-06
-4.61319e-06
3.10506e-06
-6.48334e-06
3.80441e-06
-8.20513e-06
4.04379e-06
-9.58411e-06
3.74417e-06
-1.05448e-05
2.97056e-06
-1.10675e-05
1.83983e-06
-1.11088e-05
4.45141e-07
-1.06964e-05
-1.04902e-06
-9.82432e-06
-2.58645e-06
-8.44273e-06
-4.0399e-06
-6.53267e-06
-5.16154e-06
-4.18795e-06
-5.54974e-06
-1.79e-06
-4.6924e-06
-9.21591e-08
-2.3415e-06
2.81468e-07
4.29412e-07
1.18989e-06
-4.64363e-07
4.27859e-07
-1.42695e-06
1.43452e-06
-2.82241e-06
2.63794e-06
-4.59865e-06
3.94661e-06
-6.55566e-06
5.06208e-06
-8.41867e-06
5.66742e-06
-9.97562e-06
5.60073e-06
-1.11503e-05
4.91889e-06
-1.19534e-05
3.77365e-06
-1.24119e-05
2.29828e-06
-1.25131e-05
5.46336e-07
-1.23022e-05
-1.25988e-06
-1.17555e-05
-3.13321e-06
-1.07746e-05
-5.02072e-06
-9.23529e-06
-6.70089e-06
-7.01867e-06
-7.76635e-06
-4.1761e-06
-7.53496e-06
-1.30894e-06
-5.20866e-06
1.14048e-07
-9.93579e-07
1.30394e-06
-7.67073e-07
1.19493e-06
-2.10793e-06
2.77538e-06
-3.79823e-06
4.32823e-06
-5.69568e-06
5.84407e-06
-7.55967e-06
6.92606e-06
-9.16553e-06
7.27329e-06
-1.04057e-05
6.84092e-06
-1.12797e-05
5.79282e-06
-1.18361e-05
4.33009e-06
-1.21415e-05
2.60369e-06
-1.22756e-05
6.80448e-07
-1.22466e-05
-1.28889e-06
-1.20438e-05
-3.33599e-06
-1.15886e-05
-5.47598e-06
-1.07001e-05
-7.58934e-06
-9.0999e-06
-9.36657e-06
-6.51212e-06
-1.01227e-05
-3.05658e-06
-8.6642e-06
-2.49735e-07
-3.80042e-06
1.0542e-06
-9.52816e-07
2.14775e-06
-2.47423e-06
4.2968e-06
-4.2096e-06
6.0636e-06
-5.9698e-06
7.60427e-06
-7.54293e-06
8.4992e-06
-8.77805e-06
8.5084e-06
-9.6375e-06
7.70038e-06
-1.01647e-05
6.31998e-06
-1.04393e-05
4.60469e-06
-1.05581e-05
2.72254e-06
-1.06406e-05
7.6291e-07
-1.06997e-05
-1.22978e-06
-1.07424e-05
-3.29329e-06
-1.07423e-05
-5.47602e-06
-1.05455e-05
-7.78618e-06
-9.82549e-06
-1.00866e-05
-8.10271e-06
-1.18455e-05
-4.99623e-06
-1.17707e-05
-1.09654e-06
-7.70011e-06
-4.23349e-08
-9.69627e-07
3.11738e-06
-2.45612e-06
5.7833e-06
-4.03439e-06
7.64187e-06
-5.51125e-06
9.08113e-06
-6.72725e-06
9.7152e-06
-7.59426e-06
9.37542e-06
-8.11963e-06
8.22574e-06
-8.37237e-06
6.57272e-06
-8.44933e-06
4.68164e-06
-8.45043e-06
2.72364e-06
-8.46708e-06
7.79563e-07
-8.53341e-06
-1.16345e-06
-8.67087e-06
-3.15583e-06
-8.89381e-06
-5.25308e-06
-9.14166e-06
-7.53833e-06
-9.17245e-06
-1.00558e-05
-8.46426e-06
-1.25537e-05
-6.28782e-06
-1.39471e-05
-2.30095e-06
-1.1687e-05
-2.34329e-06
-8.17386e-07
3.93476e-06
-2.09826e-06
7.06417e-06
-3.39971e-06
8.94331e-06
-4.54414e-06
1.02256e-05
-5.42327e-06
1.05943e-05
-5.99717e-06
9.94931e-06
-6.29936e-06
8.52793e-06
-6.40764e-06
6.681e-06
-6.41541e-06
4.68941e-06
-6.40316e-06
2.71139e-06
-6.41781e-06
7.94209e-07
-6.48197e-06
-1.09929e-06
-6.62307e-06
-3.01473e-06
-6.8786e-06
-4.99755e-06
-7.2666e-06
-7.15034e-06
-7.68553e-06
-9.63684e-06
-7.70659e-06
-1.25327e-05
-6.5123e-06
-1.51414e-05
-3.4192e-06
-1.47801e-05
-5.76249e-06
-5.45268e-07
4.48003e-06
-1.51278e-06
8.03168e-06
-2.48631e-06
9.91684e-06
-3.30165e-06
1.10409e-05
-3.89481e-06
1.11875e-05
-4.25937e-06
1.03139e-05
-4.43882e-06
8.70737e-06
-4.50318e-06
6.74537e-06
-4.52553e-06
4.71175e-06
-4.55575e-06
2.74161e-06
-4.60997e-06
8.4843e-07
-4.69591e-06
-1.01335e-06
-4.82932e-06
-2.88132e-06
-5.04692e-06
-4.77995e-06
-5.41346e-06
-6.7838e-06
-5.93975e-06
-9.11055e-06
-6.3814e-06
-1.2091e-05
-5.97603e-06
-1.55468e-05
-3.80396e-06
-1.69521e-05
-9.56645e-06
-2.01784e-07
4.68181e-06
-8.02536e-07
8.63244e-06
-1.43418e-06
1.05485e-05
-1.94444e-06
1.15512e-05
-2.29865e-06
1.15417e-05
-2.51201e-06
1.05272e-05
-2.62608e-06
8.82145e-06
-2.69118e-06
6.81047e-06
-2.75193e-06
4.7725e-06
-2.83368e-06
2.82337e-06
-2.94002e-06
9.54767e-07
-3.06954e-06
-8.8383e-07
-3.22524e-06
-2.72561e-06
-3.42684e-06
-4.57835e-06
-3.73945e-06
-6.47119e-06
-4.25413e-06
-8.59587e-06
-4.89743e-06
-1.14477e-05
-5.03098e-06
-1.54132e-05
-3.49073e-06
-1.84924e-05
-1.30572e-05
1.43785e-07
4.53803e-06
-6.15028e-08
8.83772e-06
-3.6903e-07
1.0856e-05
-6.03669e-07
1.17858e-05
-7.46144e-07
1.16842e-05
-8.23878e-07
1.0605e-05
-8.75826e-07
8.8734e-06
-9.35885e-07
6.87053e-06
-1.02136e-06
4.85798e-06
-1.13839e-06
2.94039e-06
-1.28684e-06
1.10322e-06
-1.46689e-06
-7.03777e-07
-1.67864e-06
-2.51386e-06
-1.9227e-06
-4.33429e-06
-2.24001e-06
-6.15388e-06
-2.74069e-06
-8.09519e-06
-3.48005e-06
-1.07084e-05
-3.97945e-06
-1.49138e-05
-2.99324e-06
-1.94786e-05
-1.60504e-05
4.32442e-07
4.10559e-06
6.13225e-07
8.65694e-06
6.61551e-07
1.08077e-05
7.13303e-07
1.1734e-05
7.82767e-07
1.16147e-05
8.38102e-07
1.05496e-05
8.52187e-07
8.85931e-06
8.14324e-07
6.90839e-06
7.26127e-07
4.94618e-06
5.94228e-07
3.07229e-06
4.17858e-07
1.27959e-06
1.92381e-07
-4.783e-07
-8.1778e-08
-2.2397e-06
-4.18463e-07
-3.99761e-06
-8.23601e-07
-5.74874e-06
-1.35985e-06
-7.55894e-06
-2.18049e-06
-9.88771e-06
-2.95783e-06
-1.41365e-05
-2.46352e-06
-1.99729e-05
-1.85139e-05
6.43076e-07
3.46251e-06
1.18121e-06
8.1188e-06
1.55537e-06
1.04335e-05
1.89371e-06
1.13957e-05
2.19857e-06
1.13098e-05
2.424e-06
1.03242e-05
2.54676e-06
8.73655e-06
2.57176e-06
6.88338e-06
2.51568e-06
5.00226e-06
2.39121e-06
3.19677e-06
2.19778e-06
1.47302e-06
1.92133e-06
-2.01847e-07
1.56326e-06
-1.88164e-06
1.12106e-06
-3.55541e-06
5.86897e-07
-5.21457e-06
-1.01912e-07
-6.87013e-06
-9.98285e-07
-8.99134e-06
-1.97928e-06
-1.31555e-05
-1.95385e-06
-1.99983e-05
-2.04678e-05
7.30172e-07
2.73234e-06
1.56294e-06
7.28603e-06
2.25254e-06
9.74393e-06
2.88474e-06
1.07635e-05
3.4559e-06
1.07387e-05
3.90699e-06
9.87311e-06
4.20341e-06
8.44013e-06
4.34865e-06
6.73814e-06
4.36511e-06
4.9858e-06
4.27236e-06
3.28952e-06
4.07321e-06
1.67217e-06
3.75278e-06
1.18582e-07
3.30937e-06
-1.43822e-06
2.73553e-06
-2.98157e-06
2.03108e-06
-4.51012e-06
1.20807e-06
-6.04712e-06
1.5895e-07
-7.94222e-06
-1.06421e-06
-1.19324e-05
-1.47773e-06
-1.95848e-05
-2.19455e-05
6.65752e-07
2.06658e-06
1.66076e-06
6.29102e-06
2.61261e-06
8.79209e-06
3.54622e-06
9.82991e-06
4.42438e-06
9.86052e-06
5.16709e-06
9.1304e-06
5.71564e-06
7.89157e-06
6.05845e-06
6.39534e-06
6.21211e-06
4.83214e-06
6.19742e-06
3.3042e-06
6.02028e-06
1.84931e-06
5.67444e-06
4.6442e-07
5.14125e-06
-9.05033e-07
4.42656e-06
-2.26687e-06
3.52737e-06
-3.61093e-06
2.47573e-06
-4.99549e-06
1.21642e-06
-6.68291e-06
-2.62321e-07
-1.04536e-05
-9.93478e-07
-1.88537e-05
-2.2939e-05
4.65788e-07
1.6008e-06
1.4637e-06
5.29311e-06
2.66057e-06
7.59521e-06
3.91578e-06
8.5747e-06
5.1375e-06
8.6388e-06
6.21699e-06
8.05092e-06
7.07008e-06
7.03847e-06
7.66631e-06
5.79911e-06
8.00934e-06
4.48911e-06
8.11511e-06
3.19843e-06
7.99258e-06
1.97184e-06
7.6446e-06
8.12397e-07
7.0312e-06
-2.91631e-07
6.17597e-06
-1.41165e-06
5.07107e-06
-2.50603e-06
3.76744e-06
-3.69186e-06
2.31409e-06
-5.22955e-06
7.50735e-07
-8.89026e-06
-2.4394e-07
-1.7859e-05
-2.31829e-05
8.521e-08
1.51559e-06
7.87463e-07
4.59086e-06
2.08709e-06
6.29558e-06
3.65809e-06
7.0037e-06
5.27812e-06
7.01877e-06
6.76164e-06
6.56741e-06
7.99006e-06
5.81005e-06
8.9163e-06
4.87287e-06
9.52346e-06
3.88196e-06
9.8203e-06
2.90159e-06
9.80977e-06
1.98237e-06
9.50183e-06
1.12034e-06
8.87717e-06
3.33032e-07
7.92758e-06
-4.6206e-07
6.67762e-06
-1.25608e-06
5.17714e-06
-2.19138e-06
3.5823e-06
-3.63471e-06
2.03465e-06
-7.34261e-06
5.71373e-07
-1.63957e-05
-2.26116e-05
-4.77846e-07
1.99343e-06
8.17306e-08
4.03128e-06
1.39905e-06
4.97827e-06
3.23158e-06
5.17117e-06
5.2068e-06
5.04355e-06
7.05039e-06
4.72382e-06
8.61363e-06
4.2468e-06
9.84032e-06
3.64619e-06
1.06983e-05
3.02398e-06
1.11995e-05
2.4004e-06
1.13457e-05
1.8362e-06
1.11601e-05
1.30586e-06
1.06532e-05
8.3997e-07
9.82833e-06
3.62805e-07
8.70063e-06
-1.28385e-07
7.32126e-06
-8.11998e-07
5.88595e-06
-2.19941e-06
4.24266e-06
-5.69931e-06
1.9651e-06
-1.41182e-05
-2.06465e-05
-4.13946e-06
6.13289e-06
-3.65609e-06
3.54791e-06
-1.43166e-06
2.75383e-06
1.15319e-06
2.58632e-06
3.69434e-06
2.5024e-06
6.07257e-06
2.34559e-06
8.18325e-06
2.13612e-06
9.96151e-06
1.86793e-06
1.1379e-05
1.60648e-06
1.24534e-05
1.32603e-06
1.31963e-05
1.09329e-06
1.36494e-05
8.52738e-07
1.38087e-05
6.80709e-07
1.36974e-05
4.74112e-07
1.32816e-05
2.8739e-07
1.25782e-05
-1.0863e-07
1.16151e-05
-1.23627e-06
9.97116e-06
-4.05539e-06
5.57894e-06
-9.72594e-06
-1.50675e-05
6.13289e-06
9.6808e-06
1.24346e-05
1.5021e-05
1.75234e-05
1.98689e-05
2.20051e-05
2.3873e-05
2.54795e-05
2.68055e-05
2.78988e-05
2.87515e-05
2.94322e-05
2.99064e-05
3.01937e-05
3.00851e-05
2.88489e-05
2.47935e-05
1.50675e-05
)
;

boundaryField
{
    movingWall
    {
        type            calculated;
        value           uniform 0;
    }
    fixedWalls
    {
        type            calculated;
        value           uniform 0;
    }
    frontAndBack
    {
        type            empty;
        value           nonuniform List<scalar> 0();
    }
}


// ************************************************************************* //
