/*--------------------------------*- C++ -*----------------------------------*\
| =========                 |                                                 |
| \\      /  F ield         | OpenFOAM: The Open Source CFD Toolbox           |
|  \\    /   O peration     | Version:  2212                                  |
|   \\  /    A nd           | Website:  www.openfoam.com                      |
|    \\/     M anipulation  |                                                 |
\*---------------------------------------------------------------------------*/
FoamFile
{
    version     2.0;
    format      ascii;
    arch        "LSB;label=32;scalar=64";
    class       surfaceScalarField;
    location    "4.18";
    object      phi;
}
// * * * * * * * * * * * * * * * * * * * * * * * * * * * * * * * * * * * * * //

dimensions      [0 3 -1 0 0 0 0];

oriented        oriented;

internalField   nonuniform List<scalar> 
760
(
1.53892e-07
-1.53891e-07
2.88904e-07
-1.35012e-07
3.04169e-07
-1.52645e-08
1.78021e-07
1.26147e-07
-1.24423e-07
3.02444e-07
-6.66265e-07
5.41842e-07
-1.47921e-06
8.12947e-07
-2.47747e-06
9.98253e-07
-3.46136e-06
9.83898e-07
-4.19945e-06
7.38088e-07
-4.52485e-06
3.25399e-07
-4.34051e-06
-1.84345e-07
-3.58913e-06
-7.51375e-07
-2.38369e-06
-1.20544e-06
-9.52772e-07
-1.43092e-06
3.30462e-07
-1.28323e-06
1.07454e-06
-7.44081e-07
1.02399e-06
5.05489e-08
4.57828e-07
5.66166e-07
4.57828e-07
1.213e-07
-2.75191e-07
6.79231e-08
-8.16356e-08
-3.02946e-07
3.55604e-07
-1.07987e-06
9.03074e-07
-2.30756e-06
1.53013e-06
-3.90683e-06
2.14111e-06
-5.63031e-06
2.53643e-06
-7.16738e-06
2.53533e-06
-8.29396e-06
2.11048e-06
-8.89985e-06
1.34398e-06
-8.93767e-06
3.63221e-07
-8.38442e-06
-7.37593e-07
-7.27118e-06
-1.86462e-06
-5.63038e-06
-2.84624e-06
-3.60488e-06
-3.45641e-06
-1.49772e-06
-3.3904e-06
1.66174e-07
-2.40797e-06
8.49077e-07
-6.32355e-07
5.21751e-07
8.93493e-07
9.79579e-07
-1.30273e-07
-1.44918e-07
-6.36001e-07
4.24092e-07
-1.621e-06
1.3406e-06
-3.12596e-06
2.40804e-06
-5.02737e-06
3.43154e-06
-7.02966e-06
4.1434e-06
-8.81987e-06
4.32663e-06
-1.02178e-05
3.93327e-06
-1.11711e-05
3.0638e-06
-1.1672e-05
1.84483e-06
-1.16696e-05
3.60883e-07
-1.12159e-05
-1.19137e-06
-1.02911e-05
-2.7894e-06
-8.84089e-06
-4.29644e-06
-6.84488e-06
-5.45242e-06
-4.39132e-06
-5.84396e-06
-1.87759e-06
-4.9217e-06
-9.06788e-08
-2.41927e-06
2.92796e-07
5.10019e-07
1.27237e-06
-4.98988e-07
3.5407e-07
-1.55254e-06
1.47765e-06
-3.10037e-06
2.88843e-06
-5.047e-06
4.35467e-06
-7.1359e-06
5.52044e-06
-9.06203e-06
6.06953e-06
-1.06236e-05
5.88816e-06
-1.1777e-05
5.08667e-06
-1.25499e-05
3.83673e-06
-1.29772e-05
2.27216e-06
-1.30448e-05
4.28416e-07
-1.28095e-05
-1.42664e-06
-1.22337e-05
-3.36516e-06
-1.12155e-05
-5.31468e-06
-9.62353e-06
-7.04437e-06
-7.33315e-06
-8.13434e-06
-4.38247e-06
-7.87238e-06
-1.37622e-06
-5.42552e-06
1.18881e-07
-9.85083e-07
1.39126e-06
-8.5585e-07
1.20992e-06
-2.34419e-06
2.96599e-06
-4.2003e-06
4.74454e-06
-6.2321e-06
6.38647e-06
-8.16145e-06
7.44979e-06
-9.76659e-06
7.67466e-06
-1.09698e-05
7.09139e-06
-1.17968e-05
5.91367e-06
-1.23094e-05
4.34933e-06
-1.25808e-05
2.54348e-06
-1.27014e-05
5.49069e-07
-1.26597e-05
-1.46836e-06
-1.24459e-05
-3.57895e-06
-1.19804e-05
-5.78022e-06
-1.10763e-05
-7.94847e-06
-9.44569e-06
-9.76492e-06
-6.79052e-06
-1.05275e-05
-3.21006e-06
-9.00597e-06
-2.62229e-07
-3.93292e-06
1.12903e-06
-1.077e-06
2.28692e-06
-2.76022e-06
4.6492e-06
-4.63853e-06
6.62285e-06
-6.48262e-06
8.23056e-06
-8.06974e-06
9.03691e-06
-9.26841e-06
8.87333e-06
-1.00732e-05
7.89615e-06
-1.05484e-05
6.38895e-06
-1.07847e-05
4.58561e-06
-1.08827e-05
2.64143e-06
-1.09642e-05
6.30594e-07
-1.10184e-05
-1.4142e-06
-1.106e-05
-3.53731e-06
-1.10591e-05
-5.78114e-06
-1.08606e-05
-8.14693e-06
-1.01365e-05
-1.0489e-05
-8.39334e-06
-1.22707e-05
-5.2182e-06
-1.21811e-05
-1.15431e-06
-7.99681e-06
-2.5283e-08
-1.09918e-06
3.3861e-06
-2.7324e-06
6.28243e-06
-4.41628e-06
8.30673e-06
-5.94029e-06
9.75457e-06
-7.14489e-06
1.02415e-05
-7.96654e-06
9.69499e-06
-8.44146e-06
8.37107e-06
-8.65613e-06
6.60361e-06
-8.71459e-06
4.64408e-06
-8.71534e-06
2.64218e-06
-8.74275e-06
6.58007e-07
-8.81676e-06
-1.34019e-06
-8.95699e-06
-3.39709e-06
-9.17411e-06
-5.56401e-06
-9.4095e-06
-7.91154e-06
-9.42934e-06
-1.04692e-05
-8.71352e-06
-1.29865e-05
-6.50727e-06
-1.43874e-05
-2.41115e-06
-1.20929e-05
-2.43643e-06
-9.25187e-07
4.31129e-06
-2.32398e-06
7.68122e-06
-3.69992e-06
9.68267e-06
-4.86981e-06
1.09245e-05
-5.73245e-06
1.11042e-05
-6.2697e-06
1.02322e-05
-6.53742e-06
8.6388e-06
-6.62635e-06
6.69253e-06
-6.63358e-06
4.65132e-06
-6.63387e-06
2.64247e-06
-6.66492e-06
6.89057e-07
-6.74471e-06
-1.2604e-06
-6.89478e-06
-3.24702e-06
-7.14552e-06
-5.31327e-06
-7.51259e-06
-7.54447e-06
-7.90186e-06
-1.00799e-05
-7.9003e-06
-1.29881e-05
-6.69039e-06
-1.55973e-05
-3.56778e-06
-1.52155e-05
-6.00421e-06
-6.17214e-07
4.9285e-06
-1.66993e-06
8.73394e-06
-2.69469e-06
1.07074e-05
-3.52662e-06
1.17564e-05
-4.10968e-06
1.16872e-05
-4.45298e-06
1.05755e-05
-4.61453e-06
8.80035e-06
-4.67285e-06
6.75085e-06
-4.70126e-06
4.67973e-06
-4.7449e-06
2.68611e-06
-4.8149e-06
7.59052e-07
-4.91842e-06
-1.15688e-06
-5.06596e-06
-3.09948e-06
-5.28667e-06
-5.09256e-06
-5.63545e-06
-7.19569e-06
-6.12368e-06
-9.5917e-06
-6.52862e-06
-1.25831e-05
-6.10682e-06
-1.60191e-05
-3.90866e-06
-1.74137e-05
-9.91287e-06
-2.28694e-07
5.15719e-06
-8.82934e-07
9.38818e-06
-1.54887e-06
1.13734e-05
-2.07345e-06
1.2281e-05
-2.42836e-06
1.20421e-05
-2.6373e-06
1.07845e-05
-2.74821e-06
8.91125e-06
-2.81454e-06
6.81718e-06
-2.88179e-06
4.74699e-06
-2.97279e-06
2.7771e-06
-3.09058e-06
8.76846e-07
-3.23527e-06
-1.0122e-06
-3.40753e-06
-2.92722e-06
-3.62035e-06
-4.87974e-06
-3.92582e-06
-6.89022e-06
-4.40544e-06
-9.11208e-06
-5.00251e-06
-1.19861e-05
-5.11028e-06
-1.59113e-05
-3.54944e-06
-1.89745e-05
-1.34623e-05
1.62997e-07
4.99419e-06
-6.75976e-08
9.61877e-06
-3.97437e-07
1.17032e-05
-6.45597e-07
1.25291e-05
-7.9754e-07
1.21941e-05
-8.84156e-07
1.08711e-05
-9.45039e-07
8.97214e-06
-1.01236e-06
6.8845e-06
-1.10302e-06
4.83765e-06
-1.22477e-06
2.89885e-06
-1.37984e-06
1.03192e-06
-1.57047e-06
-8.21573e-07
-1.79577e-06
-2.70191e-06
-2.05443e-06
-4.62108e-06
-2.37536e-06
-6.56929e-06
-2.85249e-06
-8.63495e-06
-3.54741e-06
-1.12911e-05
-4.01883e-06
-1.54399e-05
-3.02154e-06
-1.99718e-05
-1.64839e-05
4.9656e-07
4.49764e-06
6.93419e-07
9.42191e-06
7.36663e-07
1.166e-05
7.72838e-07
1.2493e-05
8.18783e-07
1.21481e-05
8.48714e-07
1.08412e-05
8.42401e-07
8.97845e-06
7.91387e-07
6.93551e-06
6.97369e-07
4.93167e-06
5.62509e-07
3.03371e-06
3.82385e-07
1.21204e-06
1.50763e-07
-5.89951e-07
-1.34536e-07
-2.41661e-06
-4.80355e-07
-4.27526e-06
-8.92216e-07
-6.15743e-06
-1.41699e-06
-8.11017e-06
-2.20178e-06
-1.05064e-05
-2.95529e-06
-1.46864e-05
-2.46173e-06
-2.04654e-05
-1.89456e-05
7.48814e-07
3.74882e-06
1.34222e-06
8.82851e-06
1.73263e-06
1.12695e-05
2.06072e-06
1.21649e-05
2.33329e-06
1.18755e-05
2.51927e-06
1.06552e-05
2.60965e-06
8.88807e-06
2.61506e-06
6.9301e-06
2.55024e-06
4.99649e-06
2.42334e-06
3.16062e-06
2.22805e-06
1.40733e-06
1.95052e-06
-3.12426e-07
1.58992e-06
-2.05601e-06
1.14121e-06
-3.82656e-06
5.99044e-07
-5.61526e-06
-9.00554e-08
-7.42107e-06
-9.64661e-07
-9.63175e-06
-1.92824e-06
-1.37228e-05
-1.92951e-06
-2.04641e-05
-2.08751e-05
8.6146e-07
2.88736e-06
1.79339e-06
7.89658e-06
2.53023e-06
1.05327e-05
3.16778e-06
1.15273e-05
3.71299e-06
1.13303e-05
4.1218e-06
1.02464e-05
4.37745e-06
8.63242e-06
4.49381e-06
6.81374e-06
4.49471e-06
4.99559e-06
4.39645e-06
3.25887e-06
4.19792e-06
1.60586e-06
3.87127e-06
1.42287e-08
3.43006e-06
-1.6148e-06
2.85208e-06
-3.24857e-06
2.13684e-06
-4.90002e-06
1.30091e-06
-6.58514e-06
2.51549e-07
-8.58239e-06
-9.71923e-07
-1.24993e-05
-1.43372e-06
-2.00023e-05
-2.23088e-05
7.9734e-07
2.09002e-06
1.93462e-06
6.7593e-06
2.9699e-06
9.49742e-06
3.93779e-06
1.05594e-05
4.81052e-06
1.04576e-05
5.52143e-06
9.53546e-06
6.03065e-06
8.1232e-06
6.34095e-06
6.50344e-06
6.47406e-06
4.86248e-06
6.44947e-06
3.28347e-06
6.26727e-06
1.78806e-06
5.92208e-06
3.59421e-07
5.38662e-06
-1.07934e-06
4.66428e-06
-2.52624e-06
3.74708e-06
-3.98282e-06
2.66299e-06
-5.50105e-06
1.36863e-06
-7.28803e-06
-1.66321e-07
-1.09644e-05
-9.21941e-07
-1.92467e-05
-2.32308e-05
5.7072e-07
1.5193e-06
1.74092e-06
5.5891e-06
3.06955e-06
8.16879e-06
4.41225e-06
9.21674e-06
5.67169e-06
9.19816e-06
6.74898e-06
8.45817e-06
7.57816e-06
7.29402e-06
8.14635e-06
5.93526e-06
8.46648e-06
4.54234e-06
8.55654e-06
3.19341e-06
8.42395e-06
1.92064e-06
8.06702e-06
7.16355e-07
7.44257e-06
-4.54897e-07
6.56701e-06
-1.65067e-06
5.42726e-06
-2.84306e-06
4.06416e-06
-4.13796e-06
2.54542e-06
-5.7693e-06
9.37506e-07
-9.35646e-06
-1.53453e-07
-1.81557e-05
-2.33842e-05
1.482e-07
1.3711e-06
1.0251e-06
4.7122e-06
2.49135e-06
6.70254e-06
4.20279e-06
7.5053e-06
5.91548e-06
7.48547e-06
7.4422e-06
6.93146e-06
8.67995e-06
6.05627e-06
9.59889e-06
5.01631e-06
1.01943e-05
3.9469e-06
1.04789e-05
2.90883e-06
1.0459e-05
1.94051e-06
1.01411e-05
1.03431e-06
9.48292e-06
2.03269e-07
8.50079e-06
-6.68544e-07
7.18855e-06
-1.53081e-06
5.59627e-06
-2.54568e-06
3.88212e-06
-4.05514e-06
2.2232e-06
-7.69754e-06
6.46397e-07
-1.65789e-05
-2.27378e-05
-5.14411e-07
1.88551e-06
1.95351e-07
4.00243e-06
1.7385e-06
5.15939e-06
3.78866e-06
5.45514e-06
5.93163e-06
5.3425e-06
7.88231e-06
4.98078e-06
9.50398e-06
4.43459e-06
1.07555e-05
3.76483e-06
1.16193e-05
3.08309e-06
1.21126e-05
2.41546e-06
1.22402e-05
1.81299e-06
1.20224e-05
1.25212e-06
1.14807e-05
7.44891e-07
1.05902e-05
2.22031e-07
9.35454e-06
-2.95187e-07
7.84279e-06
-1.03394e-06
6.24059e-06
-2.45293e-06
4.44241e-06
-5.89937e-06
2.04968e-06
-1.41862e-05
-2.06881e-05
-4.17619e-06
6.0617e-06
-3.64035e-06
3.46659e-06
-1.25356e-06
2.77261e-06
1.53353e-06
2.66805e-06
4.26115e-06
2.61488e-06
6.78445e-06
2.45748e-06
8.99144e-06
2.2276e-06
1.08225e-05
1.93374e-06
1.226e-05
1.64564e-06
1.33311e-05
1.34438e-06
1.40531e-05
1.09097e-06
1.44705e-05
8.3466e-07
1.45722e-05
6.43225e-07
1.43687e-05
4.25557e-07
1.38503e-05
2.23166e-07
1.30322e-05
-2.15792e-07
1.1905e-05
-1.32574e-06
1.01054e-05
-4.0998e-06
5.63502e-06
-9.71581e-06
-1.50531e-05
6.0617e-06
9.52829e-06
1.23009e-05
1.4969e-05
1.75838e-05
2.00413e-05
2.22689e-05
2.42027e-05
2.58483e-05
2.71927e-05
2.82837e-05
2.91183e-05
2.97615e-05
3.01871e-05
3.04103e-05
3.01945e-05
2.88687e-05
2.47689e-05
1.50531e-05
)
;

boundaryField
{
    movingWall
    {
        type            calculated;
        value           uniform 0;
    }
    fixedWalls
    {
        type            calculated;
        value           uniform 0;
    }
    frontAndBack
    {
        type            empty;
        value           nonuniform List<scalar> 0();
    }
}


// ************************************************************************* //
