/*--------------------------------*- C++ -*----------------------------------*\
| =========                 |                                                 |
| \\      /  F ield         | OpenFOAM: The Open Source CFD Toolbox           |
|  \\    /   O peration     | Version:  2212                                  |
|   \\  /    A nd           | Website:  www.openfoam.com                      |
|    \\/     M anipulation  |                                                 |
\*---------------------------------------------------------------------------*/
FoamFile
{
    version     2.0;
    format      ascii;
    arch        "LSB;label=32;scalar=64";
    class       volVectorField;
    location    "4.18";
    object      U;
}
// * * * * * * * * * * * * * * * * * * * * * * * * * * * * * * * * * * * * * //

dimensions      [0 1 -1 0 0 0 0];

internalField   nonuniform List<vector> 
400
(
(0.00165961 -0.00166514 0)
(0.00476741 -0.0018687 0)
(0.00648044 -0.0011875 0)
(0.00555332 -0.000566254 0)
(0.0014642 0.000192003 0)
(-0.00688556 0.00173732 0)
(-0.0205617 0.00474878 0)
(-0.0393463 0.00865372 0)
(-0.0604678 0.0112004 0)
(-0.0787148 0.0104572 0)
(-0.0894029 0.00676867 0)
(-0.0901416 0.0017017 0)
(-0.0800566 -0.00355459 0)
(-0.0599989 -0.00820223 0)
(-0.033694 -0.0107828 0)
(-0.0055868 -0.00976141 0)
(0.0163889 -0.00480695 0)
(0.0242014 0.00271659 0)
(0.0160563 0.00641186 0)
(0.00429549 0.00468557 0)
(0.00168003 -0.0049826 0)
(0.00305141 -0.0039441 0)
(-0.000560502 0.000623924 0)
(-0.0114267 0.00642396 0)
(-0.0313802 0.0139639 0)
(-0.0608657 0.0235898 0)
(-0.0962976 0.0327955 0)
(-0.130711 0.0368327 0)
(-0.158119 0.0333438 0)
(-0.175237 0.0233468 0)
(-0.180646 0.00917127 0)
(-0.174387 -0.00683233 0)
(-0.157033 -0.0229423 0)
(-0.129312 -0.036654 0)
(-0.0934745 -0.0443309 0)
(-0.0522508 -0.0416937 0)
(-0.0115981 -0.0263443 0)
(0.0166296 -0.00142913 0)
(0.0177187 0.0160497 0)
(0.00551441 0.0147169 0)
(-0.000276828 -0.00562568 0)
(-0.00544874 0.000933336 0)
(-0.0196257 0.0142784 0)
(-0.0443474 0.0310372 0)
(-0.0798956 0.0490741 0)
(-0.121446 0.063841 0)
(-0.161345 0.0700724 0)
(-0.194106 0.065659 0)
(-0.21761 0.0519783 0)
(-0.231258 0.0315005 0)
(-0.235057 0.00656278 0)
(-0.229659 -0.020804 0)
(-0.215376 -0.0484376 0)
(-0.191705 -0.072731 0)
(-0.158373 -0.0885573 0)
(-0.115347 -0.0888891 0)
(-0.0644247 -0.0669169 0)
(-0.0139202 -0.0228491 0)
(0.00938975 0.017647 0)
(0.0041515 0.0234152 0)
(-0.00346919 0.000628749 0)
(-0.0174519 0.0173016 0)
(-0.0432903 0.041279 0)
(-0.0791722 0.0677 0)
(-0.122109 0.0904852 0)
(-0.164715 0.103134 0)
(-0.200588 0.10228 0)
(-0.227774 0.0892125 0)
(-0.246527 0.06707 0)
(-0.25745 0.0385505 0)
(-0.261379 0.00552627 0)
(-0.259117 -0.030677 0)
(-0.250601 -0.0678312 0)
(-0.234783 -0.103005 0)
(-0.20967 -0.130741 0)
(-0.172561 -0.142253 0)
(-0.12091 -0.125381 0)
(-0.0566893 -0.0708441 0)
(-0.00105473 0.00327423 0)
(0.00473778 0.0280361 0)
(-0.00661938 0.0148802 0)
(-0.0285262 0.0439786 0)
(-0.0628206 0.0765897 0)
(-0.103658 0.108119 0)
(-0.14616 0.130274 0)
(-0.183232 0.137297 0)
(-0.211414 0.128748 0)
(-0.231075 0.108189 0)
(-0.243504 0.079474 0)
(-0.250427 0.0453906 0)
(-0.253538 0.00747283 0)
(-0.253772 -0.0334812 0)
(-0.250907 -0.0763291 0)
(-0.244378 -0.119764 0)
(-0.231374 -0.159834 0)
(-0.207269 -0.188099 0)
(-0.166031 -0.189245 0)
(-0.102996 -0.142507 0)
(-0.0221631 -0.0390063 0)
(0.00732846 0.0268651 0)
(-0.00843344 0.0347952 0)
(-0.0348679 0.0762434 0)
(-0.0724641 0.11415 0)
(-0.112306 0.146621 0)
(-0.149303 0.16488 0)
(-0.17799 0.164907 0)
(-0.197376 0.148869 0)
(-0.208991 0.121824 0)
(-0.214819 0.0881207 0)
(-0.217348 0.0507493 0)
(-0.21857 0.0111757 0)
(-0.219504 -0.0301955 0)
(-0.220357 -0.0738571 0)
(-0.221209 -0.120214 0)
(-0.219852 -0.168061 0)
(-0.211173 -0.211913 0)
(-0.187083 -0.237567 0)
(-0.139009 -0.217772 0)
(-0.0625247 -0.118632 0)
(0.00575781 0.0140298 0)
(-0.0082018 0.0567088 0)
(-0.0349875 0.109335 0)
(-0.0711552 0.149415 0)
(-0.106101 0.179866 0)
(-0.135521 0.192538 0)
(-0.155779 0.185266 0)
(-0.167543 0.162283 0)
(-0.172911 0.129713 0)
(-0.174299 0.0923391 0)
(-0.174231 0.0531908 0)
(-0.174251 0.0135101 0)
(-0.175059 -0.0266734 0)
(-0.177211 -0.0685374 0)
(-0.181237 -0.11341 0)
(-0.186464 -0.162433 0)
(-0.189216 -0.214452 0)
(-0.181568 -0.260445 0)
(-0.153529 -0.274146 0)
(-0.0988475 -0.205198 0)
(-0.00887876 -0.0147249 0)
(-0.00605613 0.0770786 0)
(-0.0294617 0.139617 0)
(-0.0607964 0.179904 0)
(-0.0890182 0.206813 0)
(-0.110851 0.213418 0)
(-0.12425 0.199229 0)
(-0.130774 0.170168 0)
(-0.132716 0.133204 0)
(-0.132546 0.093362 0)
(-0.132242 0.0533824 0)
(-0.132525 0.0139962 0)
(-0.133595 -0.0251913 0)
(-0.135923 -0.0652534 0)
(-0.140202 -0.10748 0)
(-0.147026 -0.153904 0)
(-0.155036 -0.2069 0)
(-0.158186 -0.264454 0)
(-0.146088 -0.306904 0)
(-0.11173 -0.276217 0)
(-0.0307624 -0.0750648 0)
(-0.00268137 0.0928963 0)
(-0.0201623 0.164469 0)
(-0.0446479 0.204086 0)
(-0.0656441 0.226903 0)
(-0.0807698 0.227903 0)
(-0.089134 0.208053 0)
(-0.0925986 0.174445 0)
(-0.0932988 0.134578 0)
(-0.0933498 0.0934994 0)
(-0.0939554 0.0534828 0)
(-0.0951865 0.0146285 0)
(-0.0969562 -0.0238799 0)
(-0.099447 -0.0628797 0)
(-0.103172 -0.103134 0)
(-0.10928 -0.146348 0)
(-0.118482 -0.196525 0)
(-0.127557 -0.258071 0)
(-0.126001 -0.322046 0)
(-0.107064 -0.333507 0)
(-0.0371596 -0.162585 0)
(0.00122186 0.101899 0)
(-0.00880092 0.182121 0)
(-0.0253229 0.221478 0)
(-0.0391788 0.240942 0)
(-0.0485524 0.23775 0)
(-0.0533225 0.2139 0)
(-0.0551517 0.177263 0)
(-0.0556925 0.135714 0)
(-0.056481 0.0942316 0)
(-0.0580873 0.054562 0)
(-0.060292 0.0162442 0)
(-0.0629472 -0.0218197 0)
(-0.0660534 -0.0603375 0)
(-0.0698042 -0.0996103 0)
(-0.0751475 -0.140427 0)
(-0.0836704 -0.186545 0)
(-0.0954283 -0.246333 0)
(-0.100309 -0.322762 0)
(-0.0949116 -0.370881 0)
(-0.0308293 -0.241477 0)
(0.00506415 0.103014 0)
(0.00296011 0.1916 0)
(-0.00528686 0.231862 0)
(-0.0123195 0.248873 0)
(-0.0166461 0.242829 0)
(-0.0184687 0.216726 0)
(-0.0190709 0.17877 0)
(-0.0194995 0.136835 0)
(-0.0207087 0.0956557 0)
(-0.0228823 0.0565964 0)
(-0.0257254 0.0189186 0)
(-0.0291667 -0.0185701 0)
(-0.0332258 -0.0566163 0)
(-0.0378622 -0.0953618 0)
(-0.0436382 -0.134824 0)
(-0.0518304 -0.17754 0)
(-0.065335 -0.23335 0)
(-0.0740701 -0.316375 0)
(-0.0810761 -0.395298 0)
(-0.0229027 -0.305893 0)
(0.00833763 0.0965914 0)
(0.0140676 0.192552 0)
(0.0139672 0.235339 0)
(0.0135889 0.251606 0)
(0.0142221 0.244556 0)
(0.0154325 0.217953 0)
(0.0163122 0.180009 0)
(0.0163862 0.138439 0)
(0.0152528 0.0977807 0)
(0.0129643 0.0593323 0)
(0.0097978 0.022386 0)
(0.00572493 -0.0142454 0)
(0.000599119 -0.0514255 0)
(-0.00545579 -0.0893372 0)
(-0.0128461 -0.127683 0)
(-0.0217878 -0.167593 0)
(-0.0375786 -0.218226 0)
(-0.0488007 -0.302661 0)
(-0.0679268 -0.407075 0)
(-0.0144734 -0.35876 0)
(0.0101526 0.08378 0)
(0.0231096 0.185017 0)
(0.0307067 0.231485 0)
(0.0365856 0.24816 0)
(0.0422009 0.24134 0)
(0.0471135 0.215661 0)
(0.050506 0.179021 0)
(0.0521264 0.13878 0)
(0.0519249 0.0992974 0)
(0.0501207 0.0619394 0)
(0.0469687 0.0261821 0)
(0.0423854 -0.00909619 0)
(0.0361935 -0.0448421 0)
(0.0284907 -0.0813092 0)
(0.0185059 -0.118182 0)
(0.00731342 -0.15578 0)
(-0.0120013 -0.201878 0)
(-0.0245273 -0.284624 0)
(-0.0559896 -0.409638 0)
(-0.00618795 -0.40069 0)
(0.00968809 0.0667972 0)
(0.0285977 0.169385 0)
(0.0437683 0.220509 0)
(0.0561872 0.239411 0)
(0.0673706 0.234477 0)
(0.0769554 0.211215 0)
(0.0840717 0.177059 0)
(0.0884104 0.1389 0)
(0.0900504 0.101018 0)
(0.08931 0.0649994 0)
(0.0865308 0.0306945 0)
(0.0815061 -0.00292759 0)
(0.0740829 -0.0365133 0)
(0.0645294 -0.0706898 0)
(0.051512 -0.105295 0)
(0.0368076 -0.140278 0)
(0.0126045 -0.181809 0)
(-0.000399477 -0.261455 0)
(-0.0450461 -0.40546 0)
(0.00268002 -0.435236 0)
(0.00678987 0.0492673 0)
(0.0288774 0.147951 0)
(0.0503737 0.202117 0)
(0.0690573 0.222796 0)
(0.0863627 0.219906 0)
(0.101898 0.199842 0)
(0.114409 0.1694 0)
(0.12321 0.13471 0)
(0.128216 0.0997861 0)
(0.129698 0.0663383 0)
(0.127934 0.0346038 0)
(0.123006 0.0037574 0)
(0.114437 -0.0265839 0)
(0.10286 -0.0572951 0)
(0.0860554 -0.0884594 0)
(0.0671603 -0.120731 0)
(0.0374472 -0.15863 0)
(0.0232774 -0.235514 0)
(-0.0347568 -0.397873 0)
(0.0133447 -0.46364 0)
(0.00233271 0.0347493 0)
(0.0232137 0.123255 0)
(0.0501766 0.178733 0)
(0.0756256 0.201437 0)
(0.100044 0.201049 0)
(0.122697 0.184712 0)
(0.141932 0.158796 0)
(0.156531 0.12856 0)
(0.166082 0.0976208 0)
(0.170812 0.0676857 0)
(0.170685 0.0393403 0)
(0.16643 0.0121608 0)
(0.156679 -0.0142273 0)
(0.143111 -0.0405801 0)
(0.122123 -0.067231 0)
(0.0989271 -0.0957487 0)
(0.0634957 -0.130847 0)
(0.0463648 -0.206137 0)
(-0.0230837 -0.386336 0)
(0.0283466 -0.485045 0)
(-0.00339219 0.0289256 0)
(0.00976664 0.101241 0)
(0.0364082 0.147821 0)
(0.067932 0.168263 0)
(0.100514 0.169377 0)
(0.131938 0.157125 0)
(0.159657 0.136813 0)
(0.181944 0.112591 0)
(0.19777 0.0875325 0)
(0.207501 0.0631677 0)
(0.210321 0.0402421 0)
(0.208008 0.0186097 0)
(0.197846 -0.00209606 0)
(0.183387 -0.0223989 0)
(0.158903 -0.0427888 0)
(0.132678 -0.0663742 0)
(0.0916559 -0.10028 0)
(0.0692379 -0.178951 0)
(-0.00472858 -0.369584 0)
(0.051982 -0.491386 0)
(-0.0138014 0.0188233 0)
(-0.00749794 0.088223 0)
(0.0187863 0.123767 0)
(0.0556079 0.136571 0)
(0.0963472 0.136009 0)
(0.136335 0.126809 0)
(0.172229 0.112221 0)
(0.201745 0.0945674 0)
(0.223387 0.076267 0)
(0.238262 0.0583183 0)
(0.244205 0.0416878 0)
(0.245079 0.0262351 0)
(0.235881 0.0121392 0)
(0.224233 -0.00144873 0)
(0.199605 -0.0152982 0)
(0.176083 -0.0341465 0)
(0.132271 -0.0669167 0)
(0.107177 -0.145481 0)
(0.0371715 -0.326049 0)
(0.0922465 -0.455839 0)
(-0.105873 0.0826342 0)
(-0.0776373 0.0691631 0)
(-0.0486273 0.0732092 0)
(0.00339908 0.0775243 0)
(0.0565263 0.077745 0)
(0.108865 0.0734508 0)
(0.155674 0.0661509 0)
(0.1977 0.0568186 0)
(0.229572 0.0472513 0)
(0.257529 0.0377131 0)
(0.273195 0.0291867 0)
(0.288339 0.0213275 0)
(0.288831 0.0147014 0)
(0.293131 0.00841035 0)
(0.277196 0.00153624 0)
(0.270349 -0.00960248 0)
(0.231422 -0.0352054 0)
(0.217732 -0.095255 0)
(0.150127 -0.229719 0)
(0.170657 -0.34149 0)
(0.130051 0.103803 0)
(0.158496 0.0753882 0)
(0.212444 0.0534071 0)
(0.270937 0.0417621 0)
(0.323385 0.0360007 0)
(0.375613 0.0319918 0)
(0.419975 0.0289356 0)
(0.465054 0.0255899 0)
(0.49796 0.0229171 0)
(0.533066 0.0197349 0)
(0.552436 0.0175902 0)
(0.578242 0.014668 0)
(0.584451 0.0132437 0)
(0.602923 0.0104391 0)
(0.594536 0.00948911 0)
(0.603256 0.00509475 0)
(0.567669 0.000167482 0)
(0.547716 -0.0182678 0)
(0.435908 -0.0504102 0)
(0.336859 -0.101404 0)
)
;

boundaryField
{
    movingWall
    {
        type            fixedValue;
        value           uniform (1 0 0);
    }
    fixedWalls
    {
        type            noSlip;
    }
    frontAndBack
    {
        type            empty;
    }
}


// ************************************************************************* //
