/*--------------------------------*- C++ -*----------------------------------*\
| =========                 |                                                 |
| \\      /  F ield         | OpenFOAM: The Open Source CFD Toolbox           |
|  \\    /   O peration     | Version:  2212                                  |
|   \\  /    A nd           | Website:  www.openfoam.com                      |
|    \\/     M anipulation  |                                                 |
\*---------------------------------------------------------------------------*/
FoamFile
{
    version     2.0;
    format      ascii;
    arch        "LSB;label=32;scalar=64";
    class       surfaceScalarField;
    location    "0.235";
    object      phi;
}
// * * * * * * * * * * * * * * * * * * * * * * * * * * * * * * * * * * * * * //

dimensions      [0 3 -1 0 0 0 0];

oriented        oriented;

internalField   nonuniform List<scalar> 
760
(
-2.02477e-08
2.02468e-08
-6.75889e-08
4.73413e-08
-1.22419e-07
5.48302e-08
-1.77037e-07
5.46183e-08
-2.29212e-07
5.2175e-08
-2.77831e-07
4.86192e-08
-3.21803e-07
4.39722e-08
-3.59873e-07
3.80697e-08
-3.90599e-07
3.07261e-08
-4.12376e-07
2.17774e-08
-4.23497e-07
1.11213e-08
-4.22184e-07
-1.31289e-09
-4.06869e-07
-1.53154e-08
-3.76339e-07
-3.05299e-08
-3.30087e-07
-4.62508e-08
-2.68668e-07
-6.14195e-08
-1.94273e-07
-7.43949e-08
-1.12373e-07
-8.18994e-08
-3.70612e-08
-7.53123e-08
-3.70612e-08
-4.95649e-08
6.98118e-08
-1.39704e-07
1.37481e-07
-2.40025e-07
1.55151e-07
-3.39107e-07
1.537e-07
-4.32725e-07
1.45794e-07
-5.18503e-07
1.34397e-07
-5.94343e-07
1.19813e-07
-6.58088e-07
1.01814e-07
-7.07451e-07
8.00892e-08
-7.40031e-07
5.4358e-08
-7.53425e-07
2.45153e-08
-7.45295e-07
-9.44361e-09
-7.13466e-07
-4.71437e-08
-6.56601e-07
-8.73942e-08
-5.74366e-07
-1.28486e-07
-4.6805e-07
-1.67736e-07
-3.4151e-07
-2.00934e-07
-2.03523e-07
-2.19887e-07
-7.42687e-08
-2.04566e-07
-1.1133e-07
-6.0618e-08
1.3043e-07
-1.6718e-07
2.44043e-07
-2.84362e-07
2.72333e-07
-3.9952e-07
2.68858e-07
-5.08006e-07
2.5428e-07
-6.07147e-07
2.33537e-07
-6.94594e-07
2.0726e-07
-7.67971e-07
1.75191e-07
-8.24789e-07
1.36908e-07
-8.62446e-07
9.20146e-08
-8.78268e-07
4.03374e-08
-8.69508e-07
-1.82029e-08
-8.33689e-07
-8.29628e-08
-7.68972e-07
-1.52111e-07
-6.74617e-07
-2.22841e-07
-5.51708e-07
-2.90644e-07
-4.04368e-07
-3.48274e-07
-2.42518e-07
-3.81737e-07
-8.94469e-08
-3.57638e-07
-2.00776e-07
-6.49674e-08
1.95397e-07
-1.79546e-07
3.58622e-07
-3.05267e-07
3.98054e-07
-4.28713e-07
3.92305e-07
-5.4519e-07
3.70756e-07
-6.52061e-07
3.40408e-07
-7.47007e-07
3.02207e-07
-8.27651e-07
2.55835e-07
-8.91447e-07
2.00703e-07
-9.3562e-07
1.36188e-07
-9.57195e-07
6.19126e-08
-9.52932e-07
-2.24656e-08
-9.19428e-07
-1.16467e-07
-8.53861e-07
-2.17678e-07
-7.54344e-07
-3.22359e-07
-6.20989e-07
-4.24e-07
-4.57613e-07
-5.11651e-07
-2.75291e-07
-5.64059e-07
-1.01353e-07
-5.31575e-07
-3.02129e-07
-6.84812e-08
2.63879e-07
-1.90063e-07
4.80205e-07
-3.23589e-07
5.3158e-07
-4.549e-07
5.23616e-07
-5.79298e-07
4.95154e-07
-6.94283e-07
4.55393e-07
-7.97672e-07
4.05596e-07
-8.87184e-07
3.45348e-07
-9.60276e-07
2.73796e-07
-1.01402e-06
1.89929e-07
-1.045e-06
9.28966e-08
-1.04942e-06
-1.80474e-08
-1.02234e-06
-1.43543e-07
-9.59371e-07
-2.80649e-07
-8.56601e-07
-4.25129e-07
-7.12227e-07
-5.68374e-07
-5.29134e-07
-6.94743e-07
-3.19879e-07
-7.73314e-07
-1.17772e-07
-7.33682e-07
-4.19901e-07
-7.27393e-08
3.36618e-07
-2.02606e-07
6.10071e-07
-3.45393e-07
6.74367e-07
-4.86103e-07
6.64325e-07
-6.20049e-07
6.29101e-07
-7.44939e-07
5.80283e-07
-8.58831e-07
5.19487e-07
-9.59657e-07
4.46174e-07
-1.04499e-06
3.59131e-07
-1.11182e-06
2.56756e-07
-1.15631e-06
1.37384e-07
-1.17414e-06
-2.18146e-10
-1.15815e-06
-1.59528e-07
-1.1018e-06
-3.37005e-07
-9.97923e-07
-5.29002e-07
-8.4127e-07
-7.25027e-07
-6.32441e-07
-9.03572e-07
-3.85436e-07
-1.02032e-06
-1.42317e-07
-9.76802e-07
-5.62218e-07
-7.80709e-08
4.14689e-07
-2.1808e-07
7.5008e-07
-3.72076e-07
8.28363e-07
-5.24054e-07
8.16304e-07
-6.69377e-07
7.74423e-07
-8.06059e-07
7.16965e-07
-9.32546e-07
6.45973e-07
-1.04717e-06
5.60799e-07
-1.14785e-06
4.59806e-07
-1.23171e-06
3.40618e-07
-1.29461e-06
2.00289e-07
-1.33176e-06
3.69297e-08
-1.33375e-06
-1.57536e-07
-1.29085e-06
-3.79906e-07
-1.191e-06
-6.28853e-07
-1.02293e-06
-8.93103e-07
-7.8213e-07
-1.14437e-06
-4.82876e-07
-1.31957e-06
-1.79556e-07
-1.28012e-06
-7.41774e-07
-8.45825e-08
4.99272e-07
-2.36764e-07
9.02261e-07
-4.03974e-07
9.95573e-07
-5.69001e-07
9.81331e-07
-7.2731e-07
9.32732e-07
-8.77368e-07
8.67022e-07
-1.01821e-06
7.86815e-07
-1.14884e-06
6.91432e-07
-1.26787e-06
5.78833e-07
-1.37301e-06
4.45759e-07
-1.4605e-06
2.87775e-07
-1.52398e-06
1.00414e-07
-1.55441e-06
-1.27108e-07
-1.53657e-06
-3.97742e-07
-1.45166e-06
-7.13762e-07
-1.27839e-06
-1.06638e-06
-1.0016e-06
-1.42116e-06
-6.31669e-07
-1.6895e-06
-2.38679e-07
-1.67311e-06
-9.80453e-07
-9.24323e-08
5.91704e-07
-2.58981e-07
1.06881e-06
-4.41395e-07
1.17799e-06
-6.21024e-07
1.16096e-06
-7.93522e-07
1.10523e-06
-9.57994e-07
1.03149e-06
-1.11433e-06
9.43148e-07
-1.26255e-06
8.39653e-07
-1.40242e-06
7.18706e-07
-1.53289e-06
5.76226e-07
-1.65117e-06
4.06056e-07
-1.7513e-06
2.00548e-07
-1.82438e-06
-5.40285e-08
-1.85011e-06
-3.72014e-07
-1.80111e-06
-7.6276e-07
-1.64037e-06
-1.22712e-06
-1.33192e-06
-1.7296e-06
-8.7086e-07
-2.15057e-06
-3.41113e-07
-2.20286e-06
-1.32157e-06
-1.01959e-07
6.93663e-07
-2.85383e-07
1.25223e-06
-4.84997e-07
1.3776e-06
-6.80461e-07
1.35643e-06
-8.67761e-07
1.29253e-06
-1.04688e-06
1.21062e-06
-1.21886e-06
1.11513e-06
-1.38516e-06
1.00595e-06
-1.54727e-06
8.8082e-07
-1.70624e-06
7.35191e-07
-1.86167e-06
5.61493e-07
-2.00936e-06
3.48238e-07
-2.14443e-06
8.10359e-08
-2.24161e-06
-2.7483e-07
-2.26631e-06
-7.38067e-07
-2.1595e-06
-1.33393e-06
-1.84769e-06
-2.04141e-06
-1.28308e-06
-2.71518e-06
-5.40255e-07
-2.94568e-06
-1.86182e-06
-1.13834e-07
8.07496e-07
-3.17229e-07
1.45563e-06
-5.3611e-07
1.59648e-06
-7.48215e-07
1.56853e-06
-9.50123e-07
1.49444e-06
-1.14302e-06
1.40351e-06
-1.32941e-06
1.30152e-06
-1.51257e-06
1.1891e-06
-1.69634e-06
1.06459e-06
-1.88494e-06
9.23792e-07
-2.08227e-06
7.58821e-07
-2.29021e-06
5.56176e-07
-2.50468e-06
2.95508e-07
-2.71459e-06
-6.49193e-08
-2.87671e-06
-5.7595e-07
-2.91007e-06
-1.30057e-06
-2.68014e-06
-2.27134e-06
-2.0353e-06
-3.36003e-06
-9.59161e-07
-4.02181e-06
-2.82098e-06
-1.29324e-07
9.3682e-07
-3.56826e-07
1.68313e-06
-5.97187e-07
1.83684e-06
-8.26132e-07
1.79748e-06
-1.04136e-06
1.70967e-06
-1.24572e-06
1.60787e-06
-1.44348e-06
1.49928e-06
-1.63996e-06
1.38558e-06
-1.84172e-06
1.26635e-06
-2.05699e-06
1.13905e-06
-2.29585e-06
9.97684e-07
-2.56966e-06
8.29984e-07
-2.88672e-06
6.12575e-07
-3.25511e-06
3.03467e-07
-3.64833e-06
-1.82732e-07
-3.97387e-06
-9.75027e-07
-4.00598e-06
-2.23923e-06
-3.37499e-06
-3.99102e-06
-1.79601e-06
-5.60079e-06
-4.617e-06
-1.50758e-07
1.08758e-06
-4.08253e-07
1.94062e-06
-6.72473e-07
2.10106e-06
-9.17489e-07
2.04249e-06
-1.14327e-06
1.93545e-06
-1.35502e-06
1.81962e-06
-1.55899e-06
1.70326e-06
-1.76243e-06
1.58902e-06
-1.9744e-06
1.47833e-06
-2.20728e-06
1.37193e-06
-2.47858e-06
1.26899e-06
-2.8131e-06
1.1645e-06
-3.24351e-06
1.04298e-06
-3.80679e-06
8.66745e-07
-4.53054e-06
5.41021e-07
-5.33179e-06
-1.73774e-07
-5.84169e-06
-1.72933e-06
-5.32622e-06
-4.50649e-06
-3.07499e-06
-7.85202e-06
-7.69199e-06
-1.82497e-07
1.27008e-06
-4.78642e-07
2.23677e-06
-7.68927e-07
2.39135e-06
-1.02749e-06
2.30105e-06
-1.25894e-06
2.1669e-06
-1.47201e-06
2.03269e-06
-1.67493e-06
1.90618e-06
-1.87614e-06
1.79022e-06
-2.086e-06
1.6882e-06
-2.31954e-06
1.60546e-06
-2.60062e-06
1.55007e-06
-2.9682e-06
1.53208e-06
-3.4839e-06
1.55868e-06
-4.23355e-06
1.6164e-06
-5.29396e-06
1.60143e-06
-6.58537e-06
1.11763e-06
-7.53164e-06
-7.83053e-07
-7.05051e-06
-4.98762e-06
-4.17603e-06
-1.07265e-05
-1.1868e-05
-2.32271e-07
1.50235e-06
-5.80676e-07
2.58517e-06
-8.98794e-07
2.70947e-06
-1.16432e-06
2.56658e-06
-1.39301e-06
2.3956e-06
-1.59896e-06
2.23863e-06
-1.79178e-06
2.09899e-06
-1.97937e-06
1.97781e-06
-2.17066e-06
1.87949e-06
-2.37918e-06
1.81399e-06
-2.62913e-06
1.80002e-06
-2.96562e-06
1.86856e-06
-3.4676e-06
2.06067e-06
-4.24851e-06
2.39731e-06
-5.39916e-06
2.75208e-06
-6.79994e-06
2.51841e-06
-7.67777e-06
9.47815e-08
-7.18533e-06
-5.48006e-06
-4.35292e-06
-1.35589e-05
-1.62209e-05
-3.17985e-07
1.82033e-06
-7.35199e-07
3.00239e-06
-1.07228e-06
3.04655e-06
-1.33311e-06
2.8274e-06
-1.54831e-06
2.6108e-06
-1.73725e-06
2.42758e-06
-1.90965e-06
2.27139e-06
-2.07033e-06
2.13849e-06
-2.22297e-06
2.03213e-06
-2.3729e-06
1.96392e-06
-2.53269e-06
1.95982e-06
-2.73106e-06
2.06693e-06
-3.02771e-06
2.35733e-06
-3.50388e-06
2.87347e-06
-4.20366e-06
3.45186e-06
-5.00697e-06
3.32172e-06
-5.68239e-06
7.70202e-07
-5.35908e-06
-5.80337e-06
-3.63232e-06
-1.52857e-05
-1.98533e-05
-4.75379e-07
2.29571e-06
-1.02025e-06
3.54726e-06
-1.35452e-06
3.38082e-06
-1.56218e-06
3.03507e-06
-1.73148e-06
2.78009e-06
-1.88181e-06
2.5779e-06
-2.01187e-06
2.40145e-06
-2.11744e-06
2.24406e-06
-2.19528e-06
2.10997e-06
-2.23802e-06
2.00665e-06
-2.23817e-06
1.95998e-06
-2.18235e-06
2.01111e-06
-2.07164e-06
2.24661e-06
-1.90774e-06
2.70958e-06
-1.73417e-06
3.27829e-06
-1.64507e-06
3.23263e-06
-1.84785e-06
9.72979e-07
-2.14276e-06
-5.50846e-06
-2.04912e-06
-1.53793e-05
-2.19024e-05
-4.48247e-07
2.74396e-06
-1.15055e-06
4.24956e-06
-1.5868e-06
3.81707e-06
-1.82579e-06
3.27405e-06
-1.9263e-06
2.8806e-06
-1.93826e-06
2.58986e-06
-1.88464e-06
2.34784e-06
-1.77613e-06
2.13554e-06
-1.62519e-06
1.95903e-06
-1.42235e-06
1.80381e-06
-1.15878e-06
1.69641e-06
-7.82592e-07
1.63492e-06
-2.446e-07
1.70862e-06
5.39865e-07
1.92511e-06
1.49777e-06
2.32038e-06
2.45663e-06
2.27377e-06
2.92763e-06
5.01977e-07
2.09717e-06
-4.678e-06
1.01485e-06
-1.4297e-05
-2.08875e-05
-3.86606e-06
6.61002e-06
-3.67681e-06
4.06031e-06
-2.58482e-06
2.72508e-06
-1.54219e-06
2.23143e-06
-5.87868e-07
1.92628e-06
3.26082e-07
1.67591e-06
1.19991e-06
1.47401e-06
2.03432e-06
1.30114e-06
2.82132e-06
1.17203e-06
3.57506e-06
1.05007e-06
4.2937e-06
9.77765e-07
5.01883e-06
9.09791e-07
5.77557e-06
9.51884e-07
6.67711e-06
1.02358e-06
7.9248e-06
1.07269e-06
9.37281e-06
8.25763e-07
1.00693e-05
-1.94559e-07
9.43336e-06
-4.04202e-06
5.38148e-06
-1.02451e-05
-1.5506e-05
6.61002e-06
1.06703e-05
1.33954e-05
1.56268e-05
1.75531e-05
1.9229e-05
2.0703e-05
2.20042e-05
2.31762e-05
2.42263e-05
2.5204e-05
2.61138e-05
2.70657e-05
2.80893e-05
2.9162e-05
2.99877e-05
2.97932e-05
2.57512e-05
1.5506e-05
)
;

boundaryField
{
    movingWall
    {
        type            calculated;
        value           uniform 0;
    }
    fixedWalls
    {
        type            calculated;
        value           uniform 0;
    }
    frontAndBack
    {
        type            empty;
        value           nonuniform List<scalar> 0();
    }
}


// ************************************************************************* //
