/*--------------------------------*- C++ -*----------------------------------*\
| =========                 |                                                 |
| \\      /  F ield         | OpenFOAM: The Open Source CFD Toolbox           |
|  \\    /   O peration     | Version:  2212                                  |
|   \\  /    A nd           | Website:  www.openfoam.com                      |
|    \\/     M anipulation  |                                                 |
\*---------------------------------------------------------------------------*/
FoamFile
{
    version     2.0;
    format      ascii;
    arch        "LSB;label=32;scalar=64";
    class       surfaceScalarField;
    location    "3.85";
    object      phi;
}
// * * * * * * * * * * * * * * * * * * * * * * * * * * * * * * * * * * * * * //

dimensions      [0 3 -1 0 0 0 0];

oriented        oriented;

internalField   nonuniform List<scalar> 
760
(
1.52749e-07
-1.52749e-07
2.86498e-07
-1.33749e-07
3.01229e-07
-1.47316e-08
1.75206e-07
1.26024e-07
-1.26379e-07
3.01584e-07
-6.66189e-07
5.39811e-07
-1.47577e-06
8.09583e-07
-2.4702e-06
9.94425e-07
-3.45116e-06
9.80961e-07
-4.18815e-06
7.36989e-07
-4.51427e-06
3.26121e-07
-4.33264e-06
-1.81627e-07
-3.58521e-06
-7.47429e-07
-2.38419e-06
-1.20102e-06
-9.57262e-07
-1.42693e-06
3.23474e-07
-1.28074e-06
1.0679e-06
-7.44423e-07
1.01991e-06
4.79858e-08
4.56382e-07
5.6353e-07
4.56382e-07
1.19486e-07
-2.72235e-07
6.48051e-08
-7.90675e-08
-3.05449e-07
3.55523e-07
-1.07963e-06
9.00202e-07
-2.30239e-06
1.52434e-06
-3.89542e-06
2.13284e-06
-5.6132e-06
2.52737e-06
-7.14659e-06
2.52781e-06
-8.27169e-06
2.10606e-06
-8.87795e-06
1.34325e-06
-8.91773e-06
3.65898e-07
-8.36766e-06
-7.31696e-07
-7.2587e-06
-1.85639e-06
-5.62286e-06
-2.83686e-06
-3.60242e-06
-3.44737e-06
-1.49949e-06
-3.38366e-06
1.61568e-07
-2.40548e-06
8.45072e-07
-6.35518e-07
5.20083e-07
8.88518e-07
9.76466e-07
-1.31347e-07
-1.40888e-07
-6.36406e-07
4.25992e-07
-1.61806e-06
1.33718e-06
-3.11704e-06
2.39918e-06
-5.0112e-06
3.41851e-06
-7.00705e-06
4.12868e-06
-8.79281e-06
4.31313e-06
-1.01882e-05
3.9232e-06
-1.11404e-05
3.05825e-06
-1.16414e-05
1.84422e-06
-1.1641e-05
3.65557e-07
-1.11897e-05
-1.18304e-06
-1.02683e-05
-2.77771e-06
-8.82262e-06
-4.28259e-06
-6.83187e-06
-5.43812e-06
-4.38406e-06
-5.83147e-06
-1.87556e-06
-4.91399e-06
-9.18201e-08
-2.41926e-06
2.92158e-07
5.0454e-07
1.26862e-06
-4.97857e-07
3.56969e-07
-1.54807e-06
1.47621e-06
-3.08994e-06
2.87904e-06
-5.0292e-06
4.33844e-06
-7.11119e-06
5.50049e-06
-9.0322e-06
6.04969e-06
-1.05905e-05
5.87149e-06
-1.17421e-05
5.07478e-06
-1.25143e-05
3.83041e-06
-1.29418e-05
2.27176e-06
-1.3011e-05
4.34755e-07
-1.27778e-05
-1.4163e-06
-1.22049e-05
-3.35059e-06
-1.11904e-05
-5.29712e-06
-9.60291e-06
-7.02558e-06
-7.31795e-06
-8.11642e-06
-4.37374e-06
-7.8582e-06
-1.37432e-06
-5.41868e-06
1.18345e-07
-9.88123e-07
1.38697e-06
-8.52537e-07
1.20951e-06
-2.33508e-06
2.95875e-06
-4.18403e-06
4.72799e-06
-6.20879e-06
6.3632e-06
-8.13264e-06
7.42435e-06
-9.73419e-06
7.65124e-06
-1.09353e-05
7.07256e-06
-1.17611e-05
5.9006e-06
-1.22733e-05
4.34264e-06
-1.25451e-05
2.54351e-06
-1.26665e-05
5.562e-07
-1.26267e-05
-1.45608e-06
-1.24155e-05
-3.56177e-06
-1.1953e-05
-5.75965e-06
-1.10523e-05
-7.92632e-06
-9.42568e-06
-9.74302e-06
-6.77603e-06
-1.05078e-05
-3.20333e-06
-8.99139e-06
-2.62235e-07
-3.92921e-06
1.12473e-06
-1.07199e-06
2.2815e-06
-2.74838e-06
4.63513e-06
-4.61971e-06
6.59932e-06
-6.45791e-06
8.2014e-06
-8.04091e-06
9.00736e-06
-9.23701e-06
8.84734e-06
-1.00401e-05
7.87564e-06
-1.05142e-05
6.37472e-06
-1.07498e-05
4.57821e-06
-1.08476e-05
2.64133e-06
-1.09294e-05
6.38023e-07
-1.09855e-05
-1.39998e-06
-1.10299e-05
-3.51736e-06
-1.10322e-05
-5.75737e-06
-1.08369e-05
-8.12161e-06
-1.01157e-05
-1.04642e-05
-8.37597e-06
-1.22476e-05
-5.20632e-06
-1.2161e-05
-1.15185e-06
-7.98369e-06
-2.71163e-08
-1.09359e-06
3.37509e-06
-2.72009e-06
6.26163e-06
-4.39796e-06
8.27719e-06
-5.91726e-06
9.72071e-06
-7.11864e-06
1.02087e-05
-7.93805e-06
9.66674e-06
-8.41105e-06
8.34864e-06
-8.62384e-06
6.5875e-06
-8.68055e-06
4.63492e-06
-8.6801e-06
2.64089e-06
-8.70742e-06
6.65346e-07
-8.78306e-06
-1.32434e-06
-8.92628e-06
-3.37415e-06
-9.14741e-06
-5.53624e-06
-9.38702e-06
-7.882e-06
-9.41038e-06
-1.04408e-05
-8.69707e-06
-1.29609e-05
-6.494e-06
-1.43641e-05
-2.40513e-06
-1.20726e-05
-2.43225e-06
-9.20195e-07
4.29528e-06
-2.31319e-06
7.65462e-06
-3.68431e-06
9.64831e-06
-4.85049e-06
1.08869e-05
-5.71041e-06
1.10687e-05
-6.24536e-06
1.02017e-05
-6.51067e-06
8.61395e-06
-6.59695e-06
6.67378e-06
-6.60168e-06
4.63965e-06
-6.60016e-06
2.63937e-06
-6.6307e-06
6.95889e-07
-6.7115e-06
-1.24354e-06
-6.86416e-06
-3.22149e-06
-7.11897e-06
-5.28142e-06
-7.4911e-06
-7.50988e-06
-7.88522e-06
-1.00467e-05
-7.887e-06
-1.29591e-05
-6.67916e-06
-1.5572e-05
-3.55907e-06
-1.51926e-05
-5.99131e-06
-6.13636e-07
4.90892e-06
-1.66193e-06
8.70292e-06
-2.68312e-06
1.06695e-05
-3.51226e-06
1.1716e-05
-4.09303e-06
1.16494e-05
-4.43411e-06
1.05428e-05
-4.59318e-06
8.77302e-06
-4.64884e-06
6.72944e-06
-4.67485e-06
4.66566e-06
-4.71686e-06
2.68138e-06
-4.78624e-06
7.65265e-07
-4.89016e-06
-1.13961e-06
-5.03926e-06
-3.07239e-06
-5.26287e-06
-5.05781e-06
-5.61602e-06
-7.15673e-06
-6.10945e-06
-9.5533e-06
-6.51851e-06
-1.25501e-05
-6.09862e-06
-1.59918e-05
-3.90234e-06
-1.73889e-05
-9.89365e-06
-2.27181e-07
5.1361e-06
-8.78625e-07
9.35436e-06
-1.5423e-06
1.13332e-05
-2.06506e-06
1.22388e-05
-2.41828e-06
1.20027e-05
-2.62543e-06
1.07499e-05
-2.73436e-06
8.88195e-06
-2.79869e-06
6.79378e-06
-2.8643e-06
4.73127e-06
-2.95424e-06
2.77132e-06
-3.07151e-06
8.82533e-07
-3.21607e-06
-9.95053e-07
-3.38868e-06
-2.89979e-06
-3.60259e-06
-4.84389e-06
-3.91065e-06
-6.84866e-06
-4.39445e-06
-9.0695e-06
-4.99576e-06
-1.19488e-05
-5.10566e-06
-1.58819e-05
-3.54613e-06
-1.89485e-05
-1.34398e-05
1.62196e-07
4.9739e-06
-6.73805e-08
9.58393e-06
-3.96186e-07
1.1662e-05
-6.43539e-07
1.24861e-05
-7.94656e-07
1.21538e-05
-8.80307e-07
1.08356e-05
-9.40175e-07
8.94182e-06
-1.00657e-06
6.86017e-06
-1.09657e-06
4.82127e-06
-1.21786e-06
2.89261e-06
-1.37247e-06
1.03715e-06
-1.56247e-06
-8.05051e-07
-1.78702e-06
-2.67524e-06
-2.04515e-06
-4.58577e-06
-2.36637e-06
-6.52744e-06
-2.84575e-06
-8.59012e-06
-3.54397e-06
-1.12505e-05
-4.01716e-06
-1.54087e-05
-3.02032e-06
-1.99453e-05
-1.64601e-05
4.93543e-07
4.48036e-06
6.8929e-07
9.38819e-06
7.31944e-07
1.16193e-05
7.67747e-07
1.24503e-05
8.13605e-07
1.21079e-05
8.4362e-07
1.08056e-05
8.37338e-07
8.9481e-06
7.86172e-07
6.91134e-06
6.9205e-07
4.91539e-06
5.5728e-07
3.02738e-06
3.77718e-07
1.21671e-06
1.47176e-07
-5.74509e-07
-1.36779e-07
-2.39128e-06
-4.80739e-07
-4.24181e-06
-8.91031e-07
-6.11715e-06
-1.41575e-06
-8.0654e-06
-2.20216e-06
-1.04641e-05
-2.95667e-06
-1.46542e-05
-2.46252e-06
-2.04394e-05
-1.89226e-05
7.43776e-07
3.73659e-06
1.334e-06
8.79797e-06
1.72232e-06
1.1231e-05
2.04883e-06
1.21238e-05
2.32033e-06
1.18364e-05
2.50544e-06
1.06205e-05
2.59488e-06
8.85866e-06
2.59929e-06
6.90692e-06
2.53365e-06
4.98103e-06
2.40656e-06
3.15446e-06
2.21209e-06
1.41118e-06
1.93632e-06
-2.98739e-07
1.57791e-06
-2.03287e-06
1.13181e-06
-3.79571e-06
5.92486e-07
-5.57783e-06
-9.43536e-08
-7.37856e-06
-9.69075e-07
-9.58942e-06
-1.93269e-06
-1.36906e-05
-1.93166e-06
-2.04405e-05
-2.08543e-05
8.55294e-07
2.88129e-06
1.78198e-06
7.87128e-06
2.51514e-06
1.04979e-05
3.14982e-06
1.14891e-05
3.69276e-06
1.12935e-05
4.09965e-06
1.02136e-05
4.3535e-06
8.6048e-06
4.4682e-06
6.79222e-06
4.46792e-06
4.98132e-06
4.36925e-06
3.25313e-06
4.17112e-06
1.60931e-06
3.8476e-06
2.47737e-08
3.40881e-06
-1.59407e-06
2.83421e-06
-3.22111e-06
2.1228e-06
-4.86642e-06
1.29042e-06
-6.54618e-06
2.43667e-07
-8.54266e-06
-9.78535e-07
-1.24684e-05
-1.43689e-06
-1.99821e-05
-2.22912e-05
7.91347e-07
2.08994e-06
1.92162e-06
6.741e-06
2.95163e-06
9.46785e-06
3.91533e-06
1.05254e-05
4.78459e-06
1.04242e-05
5.49255e-06
9.5056e-06
5.99915e-06
8.0982e-06
6.30723e-06
6.48415e-06
6.43883e-06
4.84972e-06
6.41388e-06
3.27809e-06
6.23296e-06
1.79023e-06
5.88897e-06
3.68763e-07
5.35707e-06
-1.06217e-06
4.63882e-06
-2.50286e-06
3.7263e-06
-3.9539e-06
2.64742e-06
-5.4673e-06
1.35768e-06
-7.25292e-06
-1.72312e-07
-1.09384e-05
-9.26406e-07
-1.9228e-05
-2.32176e-05
5.66215e-07
1.52373e-06
1.72859e-06
5.57863e-06
3.05035e-06
8.14608e-06
4.38702e-06
9.18876e-06
5.64137e-06
9.16988e-06
6.71442e-06
8.43255e-06
7.54012e-06
7.2725e-06
8.10555e-06
5.91871e-06
8.42389e-06
4.53139e-06
8.51343e-06
3.18854e-06
8.38163e-06
1.92203e-06
8.02683e-06
7.23559e-07
7.406e-06
-4.41347e-07
6.53503e-06
-1.63188e-06
5.40069e-06
-2.81957e-06
4.04408e-06
-4.11069e-06
2.53113e-06
-5.73997e-06
9.26718e-07
-9.33401e-06
-1.58489e-07
-1.81428e-05
-2.33761e-05
1.45661e-07
1.37807e-06
1.01528e-06
4.70901e-06
2.47388e-06
6.68748e-06
4.17786e-06
7.48478e-06
5.88393e-06
7.46381e-06
7.40515e-06
6.91133e-06
8.63842e-06
6.03923e-06
9.5539e-06
5.00323e-06
1.0147e-05
3.93832e-06
1.04306e-05
2.90494e-06
1.04111e-05
1.94153e-06
1.00948e-05
1.03982e-06
9.44097e-06
2.12484e-07
8.46329e-06
-6.54204e-07
7.1572e-06
-1.51347e-06
5.57229e-06
-2.52578e-06
3.86609e-06
-4.03377e-06
2.21358e-06
-7.6815e-06
6.42657e-07
-1.65719e-05
-2.27334e-05
-5.12406e-07
1.89047e-06
1.91595e-07
4.00501e-06
1.72581e-06
5.15326e-06
3.7664e-06
5.4442e-06
5.90053e-06
5.32968e-06
7.84387e-06
4.96798e-06
9.45961e-06
4.42349e-06
1.07067e-05
3.75618e-06
1.15675e-05
3.07752e-06
1.20595e-05
2.41287e-06
1.21876e-05
1.81347e-06
1.19722e-05
1.25519e-06
1.14338e-05
7.50919e-07
1.05487e-05
2.30912e-07
9.32051e-06
-2.853e-07
7.81692e-06
-1.02219e-06
6.22387e-06
-2.44072e-06
4.43339e-06
-5.89101e-06
2.04591e-06
-1.41844e-05
-2.06875e-05
-4.17409e-06
6.06457e-06
-3.63935e-06
3.47027e-06
-1.25861e-06
2.77252e-06
1.52029e-06
2.66529e-06
4.23951e-06
2.61046e-06
6.75507e-06
2.45243e-06
8.95569e-06
2.22288e-06
1.0782e-05
1.92985e-06
1.22165e-05
1.64299e-06
1.32865e-05
1.34296e-06
1.4009e-05
1.09091e-06
1.44284e-05
8.35768e-07
1.45338e-05
6.45574e-07
1.43361e-05
4.28584e-07
1.3824e-05
2.26801e-07
1.30124e-05
-2.10577e-07
1.18933e-05
-1.32167e-06
1.01007e-05
-4.09835e-06
5.63309e-06
-9.71683e-06
-1.50544e-05
6.06457e-06
9.53484e-06
1.23074e-05
1.49727e-05
1.75831e-05
2.00355e-05
2.22584e-05
2.41883e-05
2.58313e-05
2.71742e-05
2.82651e-05
2.91009e-05
2.97465e-05
3.01751e-05
3.04019e-05
3.01913e-05
2.88696e-05
2.47713e-05
1.50544e-05
)
;

boundaryField
{
    movingWall
    {
        type            calculated;
        value           uniform 0;
    }
    fixedWalls
    {
        type            calculated;
        value           uniform 0;
    }
    frontAndBack
    {
        type            empty;
        value           nonuniform List<scalar> 0();
    }
}


// ************************************************************************* //
