/*--------------------------------*- C++ -*----------------------------------*\
| =========                 |                                                 |
| \\      /  F ield         | OpenFOAM: The Open Source CFD Toolbox           |
|  \\    /   O peration     | Version:  2212                                  |
|   \\  /    A nd           | Website:  www.openfoam.com                      |
|    \\/     M anipulation  |                                                 |
\*---------------------------------------------------------------------------*/
FoamFile
{
    version     2.0;
    format      ascii;
    arch        "LSB;label=32;scalar=64";
    class       volVectorField;
    location    "3.85";
    object      U;
}
// * * * * * * * * * * * * * * * * * * * * * * * * * * * * * * * * * * * * * //

dimensions      [0 1 -1 0 0 0 0];

internalField   nonuniform List<vector> 
400
(
(0.00164792 -0.00165533 0)
(0.00473065 -0.00185646 0)
(0.00642422 -0.00118044 0)
(0.00549233 -0.000561239 0)
(0.00141133 0.000196337 0)
(-0.00691035 0.00173564 0)
(-0.020532 0.00472768 0)
(-0.0392388 0.00860882 0)
(-0.0602826 0.0111502 0)
(-0.0784867 0.0104259 0)
(-0.0891781 0.00676246 0)
(-0.0899569 0.00171472 0)
(-0.0799425 -0.00352695 0)
(-0.059967 -0.00816818 0)
(-0.0337432 -0.0107509 0)
(-0.00569904 -0.00974201 0)
(0.0162482 -0.00481729 0)
(0.0240818 0.00269099 0)
(0.0160003 0.00638458 0)
(0.00428578 0.0046708 0)
(0.00166016 -0.00494072 0)
(0.00299813 -0.00390045 0)
(-0.000625945 0.000640431 0)
(-0.0114635 0.0064123 0)
(-0.0313397 0.013916 0)
(-0.0607011 0.0234915 0)
(-0.095999 0.0326571 0)
(-0.130314 0.0366998 0)
(-0.157673 0.0332559 0)
(-0.174787 0.0233187 0)
(-0.180228 0.00919978 0)
(-0.174023 -0.00675834 0)
(-0.156747 -0.0228328 0)
(-0.129112 -0.036529 0)
(-0.0933681 -0.0442138 0)
(-0.0522384 -0.0416138 0)
(-0.0116607 -0.0263336 0)
(0.0165251 -0.00148786 0)
(0.0176534 0.0159742 0)
(0.00550271 0.0146706 0)
(-0.000293023 -0.00555068 0)
(-0.00547406 0.000992357 0)
(-0.0196178 0.0142584 0)
(-0.0442459 0.0309271 0)
(-0.0796471 0.0488796 0)
(-0.121045 0.0635978 0)
(-0.160829 0.069838 0)
(-0.193522 0.0654811 0)
(-0.216993 0.0518806 0)
(-0.230642 0.0314904 0)
(-0.234468 0.00663682 0)
(-0.229115 -0.0206554 0)
(-0.214892 -0.0482312 0)
(-0.191296 -0.0724947 0)
(-0.158053 -0.0883279 0)
(-0.115129 -0.0887115 0)
(-0.0643257 -0.0668391 0)
(-0.0139388 -0.0229089 0)
(0.00935713 0.0175356 0)
(0.00415108 0.0233443 0)
(-0.00346431 0.000706636 0)
(-0.017409 0.017316 0)
(-0.0431591 0.0411522 0)
(-0.0788982 0.0674421 0)
(-0.121673 0.090146 0)
(-0.16415 0.102785 0)
(-0.199941 0.101984 0)
(-0.227079 0.0890044 0)
(-0.245811 0.0669646 0)
(-0.256738 0.0385529 0)
(-0.260691 0.0056357 0)
(-0.258467 -0.0304672 0)
(-0.250001 -0.0675432 0)
(-0.234246 -0.102666 0)
(-0.209209 -0.130391 0)
(-0.172193 -0.141943 0)
(-0.120661 -0.125173 0)
(-0.0565897 -0.0708009 0)
(-0.00107281 0.00316526 0)
(0.00473615 0.0279523 0)
(-0.0065947 0.0149117 0)
(-0.0284162 0.0438911 0)
(-0.0625776 0.0763234 0)
(-0.103257 0.107717 0)
(-0.145618 0.12982 0)
(-0.182598 0.136872 0)
(-0.210727 0.128406 0)
(-0.230359 0.107954 0)
(-0.242777 0.0793577 0)
(-0.249704 0.0453974 0)
(-0.252832 0.0076027 0)
(-0.253098 -0.0332381 0)
(-0.250281 -0.0759951 0)
(-0.243805 -0.119364 0)
(-0.230862 -0.159402 0)
(-0.206828 -0.187678 0)
(-0.165682 -0.188891 0)
(-0.102778 -0.142296 0)
(-0.0221336 -0.0390307 0)
(0.00730688 0.0267763 0)
(-0.00839437 0.034737 0)
(-0.0347136 0.0760266 0)
(-0.0721586 0.113744 0)
(-0.111854 0.146096 0)
(-0.148742 0.164335 0)
(-0.177368 0.164422 0)
(-0.196718 0.148488 0)
(-0.208309 0.121562 0)
(-0.214121 0.0879891 0)
(-0.216642 0.0507539 0)
(-0.21787 0.0113168 0)
(-0.218832 -0.0299306 0)
(-0.219735 -0.0734893 0)
(-0.220645 -0.119774 0)
(-0.219352 -0.167585 0)
(-0.210735 -0.211435 0)
(-0.186709 -0.237118 0)
(-0.138719 -0.217404 0)
(-0.0623652 -0.118444 0)
(0.00572538 0.0139721 0)
(-0.00815935 0.0565453 0)
(-0.0348209 0.108986 0)
(-0.0708406 0.148886 0)
(-0.105663 0.179241 0)
(-0.135002 0.191923 0)
(-0.155217 0.184734 0)
(-0.166945 0.161864 0)
(-0.172279 0.129421 0)
(-0.173629 0.0921857 0)
(-0.17353 0.0531878 0)
(-0.173541 0.013665 0)
(-0.174369 -0.0263678 0)
(-0.17657 -0.0681036 0)
(-0.180669 -0.112893 0)
(-0.185979 -0.161887 0)
(-0.188811 -0.213923 0)
(-0.181228 -0.259952 0)
(-0.153244 -0.273696 0)
(-0.0986166 -0.204853 0)
(-0.00885376 -0.0147403 0)
(-0.00602201 0.0768117 0)
(-0.0293143 0.139148 0)
(-0.0605188 0.17927 0)
(-0.0886423 0.206106 0)
(-0.110415 0.212743 0)
(-0.123776 0.19865 0)
(-0.130257 0.169705 0)
(-0.13215 0.132869 0)
(-0.131924 0.093169 0)
(-0.131576 0.0533539 0)
(-0.13184 0.014152 0)
(-0.13292 -0.0248494 0)
(-0.135287 -0.0647484 0)
(-0.139636 -0.106863 0)
(-0.146554 -0.153247 0)
(-0.154664 -0.206276 0)
(-0.157897 -0.263901 0)
(-0.145862 -0.306405 0)
(-0.111536 -0.275781 0)
(-0.0306726 -0.0749095 0)
(-0.00266363 0.092542 0)
(-0.0200554 0.163897 0)
(-0.0444377 0.203369 0)
(-0.0653602 0.22613 0)
(-0.0804411 0.227179 0)
(-0.088771 0.207429 0)
(-0.0921916 0.173934 0)
(-0.0928385 0.134188 0)
(-0.0928351 0.0932525 0)
(-0.0934009 0.0534152 0)
(-0.0946149 0.0147695 0)
(-0.0963876 -0.0235253 0)
(-0.0989016 -0.062334 0)
(-0.102673 -0.102445 0)
(-0.108854 -0.14559 0)
(-0.118153 -0.195793 0)
(-0.127319 -0.257439 0)
(-0.12584 -0.321503 0)
(-0.106924 -0.33299 0)
(-0.0370907 -0.162206 0)
(0.00121746 0.101489 0)
(-0.00874976 0.181473 0)
(-0.0252018 0.2207 0)
(-0.0390096 0.24012 0)
(-0.0483535 0.236981 0)
(-0.0530968 0.21323 0)
(-0.054889 0.1767 0)
(-0.0553869 0.135269 0)
(-0.0561364 0.0939363 0)
(-0.0577188 0.0544607 0)
(-0.0599143 0.0163684 0)
(-0.0625685 -0.0214675 0)
(-0.0656794 -0.0597796 0)
(-0.0694461 -0.0988859 0)
(-0.0748252 -0.1396 0)
(-0.0834154 -0.185715 0)
(-0.0952528 -0.245617 0)
(-0.100221 -0.322186 0)
(-0.0948351 -0.370355 0)
(-0.0308031 -0.241028 0)
(0.005034 0.10259 0)
(0.00294748 0.190908 0)
(-0.0052655 0.231046 0)
(-0.0122755 0.24802 0)
(-0.0165885 0.242032 0)
(-0.0183969 0.216026 0)
(-0.018978 0.178174 0)
(-0.019384 0.136356 0)
(-0.0205768 0.0953315 0)
(-0.0227439 0.056473 0)
(-0.0255847 0.0190253 0)
(-0.02902 -0.0182345 0)
(-0.0330663 -0.0560737 0)
(-0.0376908 -0.0946443 0)
(-0.0434631 -0.133977 0)
(-0.0516807 -0.176648 0)
(-0.0652311 -0.232556 0)
(-0.074047 -0.315754 0)
(-0.0810482 -0.394752 0)
(-0.0228955 -0.305408 0)
(0.00827969 0.0962008 0)
(0.0139876 0.191855 0)
(0.0138855 0.234513 0)
(0.0135022 0.250744 0)
(0.014129 0.243746 0)
(0.0153366 0.217236 0)
(0.0162177 0.179394 0)
(0.0162931 0.137944 0)
(0.0151561 0.0974435 0)
(0.0128608 0.059197 0)
(0.00969392 0.0224768 0)
(0.00563427 -0.0139326 0)
(0.000536146 -0.0509118 0)
(-0.00548676 -0.0886537 0)
(-0.0128411 -0.12686 0)
(-0.0217688 -0.16669 0)
(-0.0375644 -0.217389 0)
(-0.0488492 -0.302026 0)
(-0.067947 -0.406552 0)
(-0.0144842 -0.358281 0)
(0.0100727 0.083471 0)
(0.0229656 0.184357 0)
(0.0305275 0.230679 0)
(0.0363758 0.247312 0)
(0.0419644 0.240537 0)
(0.0468554 0.21495 0)
(0.0502294 0.178415 0)
(0.0518307 0.138297 0)
(0.051609 0.0989706 0)
(0.0497882 0.0618053 0)
(0.0466346 0.0262603 0)
(0.0420735 -0.00881225 0)
(0.0359211 -0.044365 0)
(0.0282642 -0.0806712 0)
(0.0183404 -0.117406 0)
(0.00719518 -0.154903 0)
(-0.0120827 -0.201026 0)
(-0.0246409 -0.283976 0)
(-0.0560468 -0.409137 0)
(-0.00620926 -0.400246 0)
(0.00960522 0.066609 0)
(0.0284063 0.16881 0)
(0.0435062 0.21976 0)
(0.0558671 0.238606 0)
(0.0670006 0.233705 0)
(0.076543 0.210526 0)
(0.0836216 0.176474 0)
(0.0879246 0.138438 0)
(0.0895325 0.100706 0)
(0.0887713 0.064866 0)
(0.0859821 0.0307548 0)
(0.0809922 -0.00266589 0)
(0.0736205 -0.0360801 0)
(0.0641233 -0.0701131 0)
(0.0511845 -0.104591 0)
(0.0365507 -0.139466 0)
(0.0124202 -0.180992 0)
(-0.000570837 -0.26083 0)
(-0.0451348 -0.405003 0)
(0.00264774 -0.434853 0)
(0.00673016 0.0492124 0)
(0.0286676 0.147503 0)
(0.050056 0.201456 0)
(0.0686557 0.222057 0)
(0.0858897 0.219187 0)
(0.101362 0.1992 0)
(0.113818 0.168861 0)
(0.122568 0.134291 0)
(0.127533 0.0995064 0)
(0.12899 0.0662191 0)
(0.127223 0.0346537 0)
(0.122326 0.00398334 0)
(0.113799 -0.0262119 0)
(0.102289 -0.0567951 0)
(0.0855823 -0.0878446 0)
(0.0667749 -0.120012 0)
(0.0371634 -0.157883 0)
(0.0230768 -0.234934 0)
(-0.0348666 -0.39747 0)
(0.0132978 -0.463342 0)
(0.00231009 0.0348019 0)
(0.0230317 0.122967 0)
(0.0498454 0.178204 0)
(0.0751775 0.200803 0)
(0.0994968 0.200413 0)
(0.122062 0.184135 0)
(0.14122 0.158309 0)
(0.155754 0.128182 0)
(0.165255 0.0973654 0)
(0.169955 0.067567 0)
(0.169825 0.0393629 0)
(0.165594 0.01232 0)
(0.155899 -0.013942 0)
(0.142404 -0.0401774 0)
(0.121523 -0.0667243 0)
(0.0984286 -0.0951534 0)
(0.0631186 -0.130212 0)
(0.0461434 -0.205663 0)
(-0.0232163 -0.386053 0)
(0.0282804 -0.484845 0)
(-0.0033768 0.0290569 0)
(0.00963658 0.101115 0)
(0.0361121 0.147433 0)
(0.0674974 0.167754 0)
(0.0999557 0.16885 0)
(0.131268 0.156642 0)
(0.158888 0.136406 0)
(0.181091 0.112279 0)
(0.196855 0.0873259 0)
(0.206543 0.063073 0)
(0.209356 0.0402625 0)
(0.207054 0.0187379 0)
(0.196952 -0.00186105 0)
(0.182567 -0.0220751 0)
(0.158197 -0.042389 0)
(0.13209 -0.0659168 0)
(0.0912199 -0.0997883 0)
(0.0690116 -0.178561 0)
(-0.00485903 -0.369402 0)
(0.0519172 -0.49128 0)
(-0.0137108 0.0189528 0)
(-0.00749458 0.0882322 0)
(0.0185944 0.12357 0)
(0.0552456 0.136246 0)
(0.0958195 0.135637 0)
(0.135654 0.126449 0)
(0.171418 0.111908 0)
(0.200824 0.0943191 0)
(0.222392 0.0760963 0)
(0.23721 0.0582283 0)
(0.243147 0.0416844 0)
(0.244034 0.0263095 0)
(0.234905 0.012295 0)
(0.223326 -0.00123636 0)
(0.198827 -0.0150282 0)
(0.175453 -0.0338458 0)
(0.131812 -0.0666015 0)
(0.106928 -0.145285 0)
(0.0370555 -0.326017 0)
(0.0922014 -0.455819 0)
(-0.105813 0.0827241 0)
(-0.0775944 0.0692242 0)
(-0.0486682 0.0731239 0)
(0.00321933 0.077356 0)
(0.056186 0.0775376 0)
(0.108368 0.0732412 0)
(0.155041 0.0659656 0)
(0.196947 0.0566704 0)
(0.228743 0.0471508 0)
(0.256646 0.03766 0)
(0.272308 0.0291851 0)
(0.287466 0.0213684 0)
(0.288023 0.0147844 0)
(0.292397 0.00852134 0)
(0.276594 0.00167871 0)
(0.269868 -0.00945887 0)
(0.23107 -0.0350724 0)
(0.21756 -0.0951892 0)
(0.150085 -0.229715 0)
(0.170649 -0.341499 0)
(0.130087 0.103832 0)
(0.158572 0.07546 0)
(0.212562 0.0534838 0)
(0.271042 0.0418192 0)
(0.323431 0.0360346 0)
(0.375567 0.0320073 0)
(0.419832 0.0289417 0)
(0.464818 0.0255926 0)
(0.497655 0.0229226 0)
(0.532712 0.0197446 0)
(0.552064 0.0176066 0)
(0.577877 0.0146897 0)
(0.584117 0.0132722 0)
(0.602639 0.010472 0)
(0.594322 0.00952627 0)
(0.603118 0.00512879 0)
(0.56761 0.000197317 0)
(0.547737 -0.0182471 0)
(0.435976 -0.0504051 0)
(0.336896 -0.101408 0)
)
;

boundaryField
{
    movingWall
    {
        type            fixedValue;
        value           uniform (1 0 0);
    }
    fixedWalls
    {
        type            noSlip;
    }
    frontAndBack
    {
        type            empty;
    }
}


// ************************************************************************* //
