/*--------------------------------*- C++ -*----------------------------------*\
| =========                 |                                                 |
| \\      /  F ield         | OpenFOAM: The Open Source CFD Toolbox           |
|  \\    /   O peration     | Version:  2212                                  |
|   \\  /    A nd           | Website:  www.openfoam.com                      |
|    \\/     M anipulation  |                                                 |
\*---------------------------------------------------------------------------*/
FoamFile
{
    version     2.0;
    format      ascii;
    arch        "LSB;label=32;scalar=64";
    class       volScalarField;
    location    "2.36";
    object      p;
}
// * * * * * * * * * * * * * * * * * * * * * * * * * * * * * * * * * * * * * //

dimensions      [0 2 -2 0 0 0 0];

internalField   nonuniform List<scalar> 
400
(
-1.15932e-08
-0.000139332
-0.000474844
-0.000948575
-0.00153529
-0.00220238
-0.00281509
-0.00318122
-0.00313019
-0.0025171
-0.00121519
0.000792621
0.0032369
0.0053769
0.00641803
0.00599013
0.00432558
0.00265338
0.00167075
0.00158141
0.000119905
-3.92921e-05
-0.000312786
-0.000663599
-0.0011011
-0.00166675
-0.0023636
-0.00306691
-0.00350455
-0.00334308
-0.00233144
-0.000469611
0.00185899
0.00400095
0.00516853
0.0049374
0.00353674
0.00195061
0.00120248
0.00125326
0.000472862
0.000249397
-4.48932e-05
-0.00046992
-0.00115079
-0.0022014
-0.00359959
-0.00512145
-0.00636086
-0.00684115
-0.00622988
-0.0045757
-0.00220098
0.000318371
0.00221561
0.00287934
0.00227665
0.00115823
0.00028836
0.00025046
0.000962299
0.000611321
0.00016474
-0.000636058
-0.00203656
-0.00414816
-0.00680203
-0.00957112
-0.0119058
-0.013272
-0.0133322
-0.0121014
-0.00977746
-0.00676998
-0.0037245
-0.00134458
-0.000100162
1.52876e-05
-0.00057722
-0.00120008
0.00120692
0.000710539
-7.2513e-05
-0.0016113
-0.00418104
-0.00776437
-0.0119518
-0.0160944
-0.0195561
-0.021861
-0.0227359
-0.0220667
-0.01995
-0.0166398
-0.0125422
-0.00823784
-0.0044945
-0.00210244
-0.00148104
-0.00320772
0.000823569
0.000139664
-0.00114672
-0.00366746
-0.00762017
-0.0127452
-0.0183282
-0.0235485
-0.0277721
-0.0306445
-0.0320178
-0.0317963
-0.030038
-0.0268778
-0.0224455
-0.0169519
-0.0109773
-0.00586524
-0.00356876
-0.00561841
-0.000454188
-0.00134104
-0.00319678
-0.0067172
-0.0119362
-0.0182949
-0.0248154
-0.0306011
-0.0350973
-0.0380931
-0.0395783
-0.0395784
-0.038158
-0.0353862
-0.0312372
-0.0255861
-0.0185362
-0.0112781
-0.00684822
-0.00693811
-0.00262264
-0.00367115
-0.00603019
-0.0103413
-0.0164664
-0.0235799
-0.0305376
-0.0364579
-0.0409098
-0.0438121
-0.0452442
-0.0453115
-0.0441072
-0.0416895
-0.0380097
-0.0328201
-0.0258368
-0.0175474
-0.0106197
-0.00721169
-0.00536987
-0.00649454
-0.00919488
-0.0139874
-0.020597
-0.0280233
-0.0350554
-0.0408765
-0.0451698
-0.0479374
-0.0493011
-0.0493859
-0.0482882
-0.0460826
-0.0427834
-0.0382138
-0.0319194
-0.0237016
-0.0151626
-0.00898712
-0.00822297
-0.00932617
-0.0121771
-0.0171411
-0.0238643
-0.0312835
-0.0381971
-0.0438535
-0.0480056
-0.050687
-0.0520204
-0.0521136
-0.0510537
-0.0489335
-0.0458434
-0.0417548
-0.0363026
-0.0288985
-0.0203665
-0.0128859
-0.0107374
-0.011748
-0.0145612
-0.0194324
-0.0259809
-0.0331864
-0.0399066
-0.0454252
-0.0495052
-0.0521654
-0.053504
-0.0536056
-0.0525445
-0.0504206
-0.0473913
-0.0435726
-0.0388474
-0.0324993
-0.0249317
-0.0173301
-0.0126527
-0.0134862
-0.0161093
-0.0206482
-0.0267827
-0.0336226
-0.0401247
-0.0455737
-0.0496717
-0.0523831
-0.0537633
-0.0538757
-0.0527842
-0.0505884
-0.047506
-0.0437663
-0.0395581
-0.03411
-0.0276488
-0.0203708
-0.0139231
-0.0144594
-0.016683
-0.0206825
-0.0262136
-0.0325769
-0.0388508
-0.0442928
-0.0484986
-0.0513347
-0.0527986
-0.0529277
-0.0517786
-0.0494748
-0.046252
-0.0424083
-0.0384856
-0.0335404
-0.0279667
-0.0209271
-0.0146094
-0.0147525
-0.016342
-0.0195439
-0.0242782
-0.0300654
-0.0360965
-0.0415799
-0.0459766
-0.0490233
-0.0506352
-0.0508142
-0.0496068
-0.0471509
-0.0437213
-0.0396988
-0.0356853
-0.0308473
-0.0261965
-0.0187133
-0.0148124
-0.0145326
-0.0152618
-0.0173891
-0.0211257
-0.0262297
-0.0319903
-0.0375483
-0.0422113
-0.0455599
-0.0474018
-0.0476811
-0.0464459
-0.0438157
-0.0401223
-0.0357877
-0.0314358
-0.0265186
-0.0229999
-0.0135722
-0.0146524
-0.0140125
-0.0136169
-0.0143803
-0.0169492
-0.0212884
-0.0267595
-0.0324182
-0.037413
-0.0411552
-0.0433295
-0.0438058
-0.0426165
-0.0398467
-0.0358598
-0.031088
-0.0262213
-0.0210424
-0.0180192
-0.00406368
-0.0142233
-0.0133259
-0.011549
-0.0108086
-0.01217
-0.015762
-0.0209747
-0.0267636
-0.0321392
-0.036352
-0.0389644
-0.0397482
-0.0387004
-0.0358869
-0.0316003
-0.026205
-0.0203575
-0.0139663
-0.00827161
0.0146247
-0.0144165
-0.0126483
-0.00899235
-0.00676356
-0.00711008
-0.0101676
-0.0152551
-0.0212306
-0.0270291
-0.0317705
-0.0349243
-0.0361483
-0.0353828
-0.0326259
-0.0280456
-0.0216693
-0.0136621
-0.00276984
0.0137442
0.0544842
-0.0119104
-0.0121959
-0.0067018
-0.00306784
-0.00278299
-0.0056655
-0.010822
-0.0170442
-0.0232587
-0.0284954
-0.0321988
-0.0339399
-0.0336195
-0.0309879
-0.0259107
-0.0175634
-0.00470001
0.0175151
0.0570201
0.126645
-0.0296211
-0.011281
-0.00194516
0.00143918
0.00106836
-0.00218936
-0.0076119
-0.0141203
-0.020655
-0.0262297
-0.0302711
-0.0323341
-0.0322806
-0.0297024
-0.0239545
-0.0128682
0.00785581
0.0482714
0.119471
0.223076
)
;

boundaryField
{
    movingWall
    {
        type            zeroGradient;
    }
    fixedWalls
    {
        type            zeroGradient;
    }
    frontAndBack
    {
        type            empty;
    }
}


// ************************************************************************* //
