/*--------------------------------*- C++ -*----------------------------------*\
| =========                 |                                                 |
| \\      /  F ield         | OpenFOAM: The Open Source CFD Toolbox           |
|  \\    /   O peration     | Version:  2212                                  |
|   \\  /    A nd           | Website:  www.openfoam.com                      |
|    \\/     M anipulation  |                                                 |
\*---------------------------------------------------------------------------*/
FoamFile
{
    version     2.0;
    format      ascii;
    arch        "LSB;label=32;scalar=64";
    class       surfaceScalarField;
    location    "2.36";
    object      phi;
}
// * * * * * * * * * * * * * * * * * * * * * * * * * * * * * * * * * * * * * //

dimensions      [0 3 -1 0 0 0 0];

oriented        oriented;

internalField   nonuniform List<scalar> 
760
(
1.23757e-07
-1.23756e-07
2.24971e-07
-1.01214e-07
2.26066e-07
-1.09446e-09
1.05672e-07
1.20393e-07
-1.72505e-07
2.78177e-07
-6.62774e-07
4.90269e-07
-1.39467e-06
7.31893e-07
-2.30226e-06
9.0759e-07
-3.21374e-06
9.11487e-07
-3.91628e-06
7.02536e-07
-4.24376e-06
3.27477e-07
-4.10059e-06
-1.43168e-07
-3.41981e-06
-6.80778e-07
-2.30436e-06
-1.11545e-06
-9.68031e-07
-1.33633e-06
2.38859e-07
-1.20689e-06
9.55679e-07
-7.1682e-07
9.35697e-07
1.99819e-08
4.22964e-07
5.12734e-07
4.22964e-07
7.35027e-08
-1.97258e-07
-1.45083e-08
-1.32029e-08
-3.65345e-07
3.49743e-07
-1.0678e-06
8.22845e-07
-2.16987e-06
1.38025e-06
-3.61968e-06
1.94008e-06
-5.21575e-06
2.32797e-06
-6.67792e-06
2.36976e-06
-7.77881e-06
2.01238e-06
-8.39387e-06
1.31759e-06
-8.46918e-06
4.02788e-07
-7.97336e-06
-6.38984e-07
-6.9365e-06
-1.71763e-06
-5.38955e-06
-2.6624e-06
-3.46971e-06
-3.25618e-06
-1.46687e-06
-3.20972e-06
1.1423e-07
-2.29792e-06
7.78685e-07
-6.44473e-07
4.86908e-07
8.04511e-07
9.09871e-07
-1.57655e-07
-3.96031e-08
-6.41355e-07
4.70497e-07
-1.53666e-06
1.24504e-06
-2.89079e-06
2.17698e-06
-4.62487e-06
3.11432e-06
-6.49877e-06
3.81399e-06
-8.22229e-06
4.05148e-06
-9.60128e-06
3.74876e-06
-1.05611e-05
2.97219e-06
-1.10826e-05
1.83912e-06
-1.11223e-05
4.42454e-07
-1.07087e-05
-1.05256e-06
-9.83548e-06
-2.59086e-06
-8.45262e-06
-4.04526e-06
-6.54102e-06
-5.16778e-06
-4.19404e-06
-5.55671e-06
-1.79327e-06
-4.6987e-06
-9.28093e-08
-2.34493e-06
2.81614e-07
4.30088e-07
1.19149e-06
-4.65395e-07
4.25792e-07
-1.43049e-06
1.43559e-06
-2.83024e-06
2.6448e-06
-4.6114e-06
3.95813e-06
-6.57221e-06
5.07513e-06
-8.43679e-06
5.67856e-06
-9.99314e-06
5.60783e-06
-1.11662e-05
4.92179e-06
-1.19673e-05
3.77326e-06
-1.24238e-05
2.29568e-06
-1.25234e-05
5.42043e-07
-1.23117e-05
-1.26426e-06
-1.17644e-05
-3.13814e-06
-1.07833e-05
-5.0264e-06
-9.2435e-06
-6.70755e-06
-7.02609e-06
-7.77412e-06
-4.18165e-06
-7.54314e-06
-1.31128e-06
-5.21529e-06
1.13995e-07
-9.95188e-07
1.30548e-06
-7.69576e-07
1.19537e-06
-2.11459e-06
2.7806e-06
-3.80962e-06
4.33984e-06
-5.71097e-06
5.85948e-06
-7.57664e-06
6.94081e-06
-9.18179e-06
7.2837e-06
-1.04197e-05
6.84573e-06
-1.12908e-05
5.79288e-06
-1.18445e-05
4.32697e-06
-1.21477e-05
2.59887e-06
-1.22806e-05
6.74961e-07
-1.2251e-05
-1.29386e-06
-1.20482e-05
-3.34097e-06
-1.15934e-05
-5.48119e-06
-1.07056e-05
-7.59528e-06
-9.10603e-06
-9.37373e-06
-6.51801e-06
-1.01311e-05
-3.06058e-06
-8.67272e-06
-2.50399e-07
-3.80537e-06
1.05508e-06
-9.56274e-07
2.15164e-06
-2.48227e-06
4.3066e-06
-4.22173e-06
6.0793e-06
-5.98424e-06
7.62199e-06
-7.55731e-06
8.51388e-06
-8.79037e-06
8.51676e-06
-9.6468e-06
7.70216e-06
-1.01708e-05
6.31692e-06
-1.04428e-05
4.59889e-06
-1.05597e-05
2.71581e-06
-1.06413e-05
7.56517e-07
-1.06998e-05
-1.23533e-06
-1.07426e-05
-3.29812e-06
-1.07433e-05
-5.48051e-06
-1.05476e-05
-7.79099e-06
-9.82893e-06
-1.00924e-05
-8.10722e-06
-1.18529e-05
-5.00071e-06
-1.17792e-05
-1.0982e-06
-7.70789e-06
-4.31169e-08
-9.73223e-07
3.12487e-06
-2.46386e-06
5.79724e-06
-4.04512e-06
7.66056e-06
-5.5231e-06
9.09997e-06
-6.73821e-06
9.72898e-06
-7.60292e-06
9.38147e-06
-8.12551e-06
8.22475e-06
-8.37573e-06
6.56714e-06
-8.45078e-06
4.67394e-06
-8.45066e-06
2.71569e-06
-8.46671e-06
7.72562e-07
-8.53266e-06
-1.16938e-06
-8.67015e-06
-3.16063e-06
-8.89348e-06
-5.25718e-06
-9.14201e-06
-7.54247e-06
-9.17378e-06
-1.00606e-05
-8.46669e-06
-1.25599e-05
-6.29096e-06
-1.3955e-05
-2.30322e-06
-1.16956e-05
-2.34633e-06
-8.20347e-07
3.94521e-06
-2.10453e-06
7.08142e-06
-3.40803e-06
8.96406e-06
-4.553e-06
1.02449e-05
-5.43122e-06
1.06072e-05
-6.00335e-06
9.9536e-06
-6.30366e-06
8.52506e-06
-6.41043e-06
6.6739e-06
-6.41723e-06
4.68074e-06
-6.40439e-06
2.70285e-06
-6.41855e-06
7.8672e-07
-6.48232e-06
-1.1056e-06
-6.62323e-06
-3.01973e-06
-6.87876e-06
-5.00164e-06
-7.26696e-06
-7.15427e-06
-7.68623e-06
-9.64137e-06
-7.70779e-06
-1.25384e-05
-6.51411e-06
-1.51487e-05
-3.42158e-06
-1.47881e-05
-5.76792e-06
-5.47205e-07
4.49242e-06
-1.51709e-06
8.05131e-06
-2.49204e-06
9.939e-06
-3.30776e-06
1.10607e-05
-3.90046e-06
1.11999e-05
-4.26418e-06
1.03173e-05
-4.44282e-06
8.7037e-06
-4.50667e-06
6.73776e-06
-4.52875e-06
4.70281e-06
-4.55872e-06
2.73283e-06
-4.61251e-06
8.40505e-07
-4.69796e-06
-1.02015e-06
-4.83088e-06
-2.88681e-06
-5.04811e-06
-4.78441e-06
-5.41441e-06
-6.78797e-06
-5.94055e-06
-9.11524e-06
-6.38221e-06
-1.20967e-05
-5.97711e-06
-1.55538e-05
-3.8051e-06
-1.69602e-05
-9.57302e-06
-2.02444e-07
4.69486e-06
-8.04677e-07
8.65354e-06
-1.43729e-06
1.05716e-05
-1.94802e-06
1.15714e-05
-2.3024e-06
1.15543e-05
-2.51587e-06
1.05308e-05
-2.63018e-06
8.81801e-06
-2.69559e-06
6.80317e-06
-2.75661e-06
4.76384e-06
-2.83839e-06
2.81461e-06
-2.94441e-06
9.46523e-07
-3.07339e-06
-8.91172e-07
-3.2284e-06
-2.7318e-06
-3.42932e-06
-4.58349e-06
-3.74134e-06
-6.47595e-06
-4.25544e-06
-8.60113e-06
-4.89825e-06
-1.14539e-05
-5.03163e-06
-1.54204e-05
-3.49127e-06
-1.85005e-05
-1.30643e-05
1.44404e-07
4.55046e-06
-6.14941e-08
8.85944e-06
-3.69693e-07
1.08798e-05
-6.04898e-07
1.18066e-05
-7.4803e-07
1.16974e-05
-8.26641e-07
1.06094e-05
-8.79646e-07
8.87101e-06
-9.40733e-07
6.86425e-06
-1.02693e-06
4.85003e-06
-1.14429e-06
2.93197e-06
-1.29265e-06
1.09489e-06
-1.47225e-06
-7.11576e-07
-1.68317e-06
-2.52087e-06
-1.92634e-06
-4.34031e-06
-2.24273e-06
-6.15957e-06
-2.74252e-06
-8.10134e-06
-3.48103e-06
-1.07154e-05
-3.97995e-06
-1.49215e-05
-2.99357e-06
-1.94869e-05
-1.60579e-05
4.34298e-07
4.11616e-06
6.15626e-07
8.67811e-06
6.63867e-07
1.08316e-05
7.15027e-07
1.17554e-05
7.83327e-07
1.16291e-05
8.37069e-07
1.05557e-05
8.49461e-07
8.85862e-06
8.10089e-07
6.90363e-06
7.20758e-07
4.93936e-06
5.8819e-07
3.06454e-06
4.11613e-07
1.27146e-06
1.86415e-07
-4.86379e-07
-8.72937e-08
-2.24717e-06
-4.22869e-07
-4.00474e-06
-8.26806e-07
-5.75563e-06
-1.36189e-06
-7.56625e-06
-2.1814e-06
-9.8959e-06
-2.95806e-06
-1.41448e-05
-2.46359e-06
-1.99814e-05
-1.85215e-05
6.46024e-07
3.47014e-06
1.18588e-06
8.13825e-06
1.56066e-06
1.04568e-05
1.89869e-06
1.14174e-05
2.20226e-06
1.13255e-05
2.42573e-06
1.03322e-05
2.54636e-06
8.73798e-06
2.5695e-06
6.88049e-06
2.51198e-06
4.99689e-06
2.3865e-06
3.19001e-06
2.19247e-06
1.4655e-06
1.91607e-06
-2.09979e-07
1.55853e-06
-1.88963e-06
1.11717e-06
-3.56338e-06
5.84108e-07
-5.22257e-06
-1.03472e-07
-6.87867e-06
-9.98763e-07
-9.00061e-06
-1.97902e-06
-1.31645e-05
-1.95369e-06
-2.00067e-05
-2.04751e-05
7.33722e-07
2.73641e-06
1.56949e-06
7.30248e-06
2.26069e-06
9.76561e-06
2.89319e-06
1.07849e-05
3.46346e-06
1.07553e-05
3.91273e-06
9.88292e-06
4.20699e-06
8.44373e-06
4.3502e-06
6.73728e-06
4.36501e-06
4.98207e-06
4.27106e-06
3.28396e-06
4.07121e-06
1.66535e-06
3.75001e-06
1.11217e-07
3.30684e-06
-1.44646e-06
2.73347e-06
-2.99001e-06
2.02972e-06
-4.51882e-06
1.2075e-06
-6.05646e-06
1.59376e-07
-7.95248e-06
-1.06326e-06
-1.19419e-05
-1.47726e-06
-1.95927e-05
-2.19524e-05
6.69203e-07
2.06721e-06
1.66834e-06
6.30335e-06
2.62283e-06
8.81111e-06
3.55776e-06
9.84998e-06
4.43589e-06
9.87715e-06
5.17741e-06
9.14139e-06
5.72419e-06
7.89695e-06
6.06513e-06
6.39633e-06
6.21715e-06
4.83006e-06
6.20112e-06
3.29999e-06
6.02284e-06
1.84364e-06
5.67627e-06
4.57778e-07
5.14264e-06
-9.12824e-07
4.42777e-06
-2.27514e-06
3.52861e-06
-3.61965e-06
2.47712e-06
-5.00497e-06
1.21799e-06
-6.69335e-06
-2.61033e-07
-1.04629e-05
-9.92495e-07
-1.88612e-05
-2.29449e-05
4.68482e-07
1.59873e-06
1.47117e-06
5.30066e-06
2.67196e-06
7.61032e-06
3.92997e-06
8.59197e-06
5.15302e-06
8.6541e-06
6.23245e-06
8.06196e-06
7.08454e-06
7.04486e-06
7.67934e-06
5.80153e-06
8.02086e-06
4.48854e-06
8.12519e-06
3.19566e-06
8.00131e-06
1.96752e-06
7.6521e-06
8.06983e-07
7.03765e-06
-2.9837e-07
6.18145e-06
-1.41893e-06
5.07575e-06
-2.51396e-06
3.77139e-06
-3.70061e-06
2.31738e-06
-5.23935e-06
7.53632e-07
-8.89912e-06
-2.42474e-07
-1.78651e-05
-2.31874e-05
8.67712e-08
1.51196e-06
7.93642e-07
4.59379e-06
2.09794e-06
6.30601e-06
3.67306e-06
7.01685e-06
5.29594e-06
7.03122e-06
6.78079e-06
6.57711e-06
8.00935e-06
5.81631e-06
8.93495e-06
4.87592e-06
9.54106e-06
3.88243e-06
9.83662e-06
2.9001e-06
9.82477e-06
1.97937e-06
9.5155e-06
1.11625e-06
8.88886e-06
3.28267e-07
7.93785e-06
-4.67916e-07
6.68622e-06
-1.26233e-06
5.18409e-06
-2.19847e-06
3.58742e-06
-3.64268e-06
2.038e-06
-7.3497e-06
5.72743e-07
-1.63999e-05
-2.26146e-05
-4.78757e-07
1.99071e-06
8.44965e-08
4.03054e-06
1.40779e-06
4.98272e-06
3.24621e-06
5.17843e-06
5.22608e-06
5.05134e-06
7.07268e-06
4.73051e-06
8.63741e-06
4.25158e-06
9.86441e-06
3.64893e-06
1.07219e-05
3.02495e-06
1.1222e-05
2.4e-06
1.13667e-05
1.83471e-06
1.11793e-05
1.30365e-06
1.06705e-05
8.36985e-07
9.84346e-06
3.59159e-07
8.71307e-06
-1.31946e-07
7.33107e-06
-8.16471e-07
5.89276e-06
-2.20437e-06
4.24662e-06
-5.70356e-06
1.96681e-06
-1.41201e-05
-2.06478e-05
-4.14042e-06
6.13113e-06
-3.65577e-06
3.54589e-06
-1.42729e-06
2.75424e-06
1.1628e-06
2.58834e-06
3.70888e-06
2.50526e-06
6.09094e-06
2.34845e-06
8.20406e-06
2.13846e-06
9.98344e-06
1.86955e-06
1.14011e-05
1.60734e-06
1.24748e-05
1.32629e-06
1.32165e-05
1.093e-06
1.3668e-05
8.52085e-07
1.38253e-05
6.79697e-07
1.37115e-05
4.73008e-07
1.32934e-05
2.86101e-07
1.25878e-05
-1.10856e-07
1.16215e-05
-1.23801e-06
9.97438e-06
-4.05648e-06
5.58031e-06
-9.72599e-06
-1.50675e-05
6.13113e-06
9.67702e-06
1.24313e-05
1.50196e-05
1.75249e-05
1.98733e-05
2.20118e-05
2.38813e-05
2.54887e-05
2.68149e-05
2.79079e-05
2.876e-05
2.94397e-05
2.99127e-05
3.01988e-05
3.0088e-05
2.885e-05
2.47935e-05
1.50675e-05
)
;

boundaryField
{
    movingWall
    {
        type            calculated;
        value           uniform 0;
    }
    fixedWalls
    {
        type            calculated;
        value           uniform 0;
    }
    frontAndBack
    {
        type            empty;
        value           nonuniform List<scalar> 0();
    }
}


// ************************************************************************* //
