/*--------------------------------*- C++ -*----------------------------------*\
| =========                 |                                                 |
| \\      /  F ield         | OpenFOAM: The Open Source CFD Toolbox           |
|  \\    /   O peration     | Version:  2212                                  |
|   \\  /    A nd           | Website:  www.openfoam.com                      |
|    \\/     M anipulation  |                                                 |
\*---------------------------------------------------------------------------*/
FoamFile
{
    version     2.0;
    format      ascii;
    arch        "LSB;label=32;scalar=64";
    class       volVectorField;
    location    "4.81";
    object      U;
}
// * * * * * * * * * * * * * * * * * * * * * * * * * * * * * * * * * * * * * //

dimensions      [0 1 -1 0 0 0 0];

internalField   nonuniform List<vector> 
400
(
(0.00167122 -0.001675 0)
(0.00480464 -0.00188105 0)
(0.00653802 -0.00119433 0)
(0.00561601 -0.000570788 0)
(0.00151923 0.000187886 0)
(-0.00685768 0.0017385 0)
(-0.0205868 0.00476851 0)
(-0.0394469 0.00869667 0)
(-0.0606439 0.0112487 0)
(-0.0789326 0.0104872 0)
(-0.0896175 0.00677433 0)
(-0.0903165 0.00168831 0)
(-0.0801605 -0.00358275 0)
(-0.0600192 -0.00823696 0)
(-0.0336316 -0.0108153 0)
(-0.00546092 -0.00978066 0)
(0.016542 -0.00479497 0)
(0.0243301 0.00274392 0)
(0.0161172 0.00644111 0)
(0.00430649 0.00470158 0)
(0.00170109 -0.00502604 0)
(0.00310892 -0.00399009 0)
(-0.000487351 0.00060588 0)
(-0.0113794 0.00643445 0)
(-0.0314084 0.01401 0)
(-0.0610167 0.0236855 0)
(-0.0965815 0.0329311 0)
(-0.131092 0.0369629 0)
(-0.15855 0.0334303 0)
(-0.175673 0.0233753 0)
(-0.181052 0.00914395 0)
(-0.174739 -0.0069059 0)
(-0.157309 -0.0230528 0)
(-0.129497 -0.036781 0)
(-0.0935646 -0.0444499 0)
(-0.0522446 -0.0417735 0)
(-0.0115179 -0.0263514 0)
(0.0167484 -0.00136445 0)
(0.017792 0.0161322 0)
(0.00552822 0.0147679 0)
(-0.000258038 -0.00570607 0)
(-0.00541589 0.000866454 0)
(-0.0196218 0.0142925 0)
(-0.0444348 0.0311437 0)
(-0.0801309 0.0492665 0)
(-0.121835 0.0640824 0)
(-0.161849 0.0703045 0)
(-0.19468 0.0658353 0)
(-0.218218 0.0520773 0)
(-0.23187 0.0315147 0)
(-0.235646 0.00649301 0)
(-0.230206 -0.0209505 0)
(-0.215863 -0.0486451 0)
(-0.192113 -0.0729711 0)
(-0.158687 -0.0887908 0)
(-0.115551 -0.0890677 0)
(-0.0645066 -0.0669897 0)
(-0.0138844 -0.0227771 0)
(0.00943162 0.0177725 0)
(0.00415366 0.0234954 0)
(-0.00347166 0.000539766 0)
(-0.0174881 0.0172741 0)
(-0.0434127 0.0413987 0)
(-0.0794395 0.0679565 0)
(-0.122543 0.0908251 0)
(-0.16528 0.103482 0)
(-0.201233 0.102574 0)
(-0.22847 0.089422 0)
(-0.247252 0.0671824 0)
(-0.258182 0.0385586 0)
(-0.262098 0.00542665 0)
(-0.259804 -0.0308819 0)
(-0.251237 -0.0681218 0)
(-0.23535 -0.103353 0)
(-0.210151 -0.131102 0)
(-0.172937 -0.14257 0)
(-0.121153 -0.125585 0)
(-0.0567752 -0.0708708 0)
(-0.00102659 0.00340434 0)
(0.00474037 0.028134 0)
(-0.00664264 0.0148338 0)
(-0.0286339 0.0440525 0)
(-0.0630642 0.0768528 0)
(-0.104066 0.108524 0)
(-0.146714 0.130732 0)
(-0.183879 0.137722 0)
(-0.212115 0.129092 0)
(-0.231816 0.108433 0)
(-0.244272 0.0796095 0)
(-0.251211 0.0454074 0)
(-0.254324 0.00736296 0)
(-0.254537 -0.0337158 0)
(-0.251625 -0.0766707 0)
(-0.245035 -0.120186 0)
(-0.231951 -0.160294 0)
(-0.207755 -0.188544 0)
(-0.166403 -0.189609 0)
(-0.103216 -0.142706 0)
(-0.02218 -0.0389513 0)
(0.00735314 0.0269747 0)
(-0.00847316 0.0348396 0)
(-0.0350263 0.076451 0)
(-0.0727818 0.114559 0)
(-0.11278 0.147156 0)
(-0.149891 0.165432 0)
(-0.17864 0.165395 0)
(-0.19807 0.149262 0)
(-0.209727 0.122112 0)
(-0.215597 0.0882932 0)
(-0.218166 0.0507912 0)
(-0.219408 0.0110726 0)
(-0.220332 -0.0304447 0)
(-0.221138 -0.0742388 0)
(-0.221919 -0.120695 0)
(-0.220475 -0.168594 0)
(-0.211704 -0.212448 0)
(-0.187517 -0.238056 0)
(-0.139327 -0.218152 0)
(-0.0626831 -0.118798 0)
(0.00579842 0.0141093 0)
(-0.00824709 0.0568635 0)
(-0.0351647 0.109681 0)
(-0.0714925 0.149956 0)
(-0.106573 0.180507 0)
(-0.136079 0.193165 0)
(-0.156385 0.18581 0)
(-0.168196 0.162728 0)
(-0.173624 0.130056 0)
(-0.175084 0.0925644 0)
(-0.175086 0.0532728 0)
(-0.175148 0.0134197 0)
(-0.175959 -0.0269498 0)
(-0.178067 -0.0689887 0)
(-0.182007 -0.113988 0)
(-0.18712 -0.163069 0)
(-0.189754 -0.215078 0)
(-0.182005 -0.261019 0)
(-0.153876 -0.274645 0)
(-0.0991069 -0.205549 0)
(-0.00889518 -0.0146835 0)
(-0.00609452 0.077345 0)
(-0.0296242 0.140094 0)
(-0.0611039 0.180559 0)
(-0.0894367 0.207546 0)
(-0.111337 0.214113 0)
(-0.124781 0.199832 0)
(-0.131362 0.170675 0)
(-0.133384 0.133619 0)
(-0.133308 0.0936628 0)
(-0.133092 0.0535276 0)
(-0.133431 0.0139363 0)
(-0.134518 -0.0254871 0)
(-0.136813 -0.0657786 0)
(-0.141008 -0.108181 0)
(-0.147704 -0.154688 0)
(-0.155568 -0.207663 0)
(-0.158592 -0.265129 0)
(-0.146395 -0.307492 0)
(-0.111975 -0.276699 0)
(-0.0308575 -0.0752015 0)
(-0.00270382 0.0932605 0)
(-0.0202863 0.165061 0)
(-0.0448916 0.204837 0)
(-0.0659756 0.227711 0)
(-0.0811553 0.228658 0)
(-0.0895626 0.208713 0)
(-0.0930892 0.175023 0)
(-0.0938732 0.135077 0)
(-0.0940187 0.0938911 0)
(-0.0947064 0.0537059 0)
(-0.0959919 0.0146152 0)
(-0.0977847 -0.0241718 0)
(-0.10026 -0.0634498 0)
(-0.103924 -0.103934 0)
(-0.109925 -0.147279 0)
(-0.118983 -0.197448 0)
(-0.127918 -0.25887 0)
(-0.126243 -0.322717 0)
(-0.107259 -0.334113 0)
(-0.0372474 -0.162993 0)
(0.00122231 0.102331 0)
(-0.00886842 0.182803 0)
(-0.0254771 0.222303 0)
(-0.0393964 0.241811 0)
(-0.048811 0.238561 0)
(-0.0536188 0.21462 0)
(-0.0555026 0.177911 0)
(-0.0561135 0.136295 0)
(-0.0569753 0.0947058 0)
(-0.0586412 0.054854 0)
(-0.0608867 0.0162767 0)
(-0.0635659 -0.0220927 0)
(-0.0666743 -0.060922 0)
(-0.0703981 -0.10047 0)
(-0.0756767 -0.141471 0)
(-0.0840885 -0.18762 0)
(-0.095719 -0.247265 0)
(-0.100468 -0.3235 0)
(-0.0950352 -0.371528 0)
(-0.0308729 -0.242004 0)
(0.00509207 0.103469 0)
(0.00296042 0.192339 0)
(-0.0053358 0.232738 0)
(-0.0124071 0.249787 0)
(-0.0167607 0.243684 0)
(-0.0186099 0.217493 0)
(-0.0192481 0.17947 0)
(-0.0197192 0.137471 0)
(-0.0209681 0.0961841 0)
(-0.0231704 0.0569378 0)
(-0.0260355 0.0189937 0)
(-0.0294975 -0.0188089 0)
(-0.0335739 -0.057181 0)
(-0.0382154 -0.0962269 0)
(-0.0439765 -0.13592 0)
(-0.0521113 -0.178725 0)
(-0.0655311 -0.234408 0)
(-0.0741413 -0.317188 0)
(-0.0811357 -0.395987 0)
(-0.0229211 -0.306488 0)
(0.00839724 0.0970202 0)
(0.0141424 0.193311 0)
(0.0140314 0.236237 0)
(0.0136433 0.252543 0)
(0.014269 0.245439 0)
(0.0154695 0.218752 0)
(0.0163365 0.18074 0)
(0.0163982 0.139104 0)
(0.0152593 0.098336 0)
(0.0129729 0.0597007 0)
(0.00980412 0.0224934 0)
(0.00571568 -0.0144455 0)
(0.000562822 -0.0519503 0)
(-0.00552057 -0.0901685 0)
(-0.0129422 -0.128769 0)
(-0.0218836 -0.168819 0)
(-0.0376477 -0.219361 0)
(-0.0487709 -0.303509 0)
(-0.0679193 -0.40775 0)
(-0.014467 -0.359364 0)
(0.0102395 0.0841268 0)
(0.023259 0.185747 0)
(0.0308837 0.232376 0)
(0.0367813 0.249099 0)
(0.0424109 0.24223 0)
(0.0473335 0.216467 0)
(0.0507367 0.17975 0)
(0.0523735 0.139433 0)
(0.0521963 0.0998388 0)
(0.0504209 0.0623034 0)
(0.0472862 0.0263027 0)
(0.0426943 -0.00926318 0)
(0.036471 -0.0453214 0)
(0.0287252 -0.0820858 0)
(0.0186723 -0.119216 0)
(0.00742678 -0.156987 0)
(-0.0119259 -0.203045 0)
(-0.0243993 -0.285493 0)
(-0.0559257 -0.41029 0)
(-0.00616485 -0.401259 0)
(0.00978135 0.0670135 0)
(0.0288071 0.170031 0)
(0.0440472 0.22135 0)
(0.0565176 0.240319 0)
(0.0677424 0.235352 0)
(0.0773613 0.21201 0)
(0.0845117 0.17777 0)
(0.0888902 0.139525 0)
(0.0905761 0.101528 0)
(0.089881 0.0653423 0)
(0.0871416 0.0308174 0)
(0.0821096 -0.00307738 0)
(0.0746528 -0.036945 0)
(0.0650472 -0.0713916 0)
(0.0519357 -0.106239 0)
(0.0371382 -0.141404 0)
(0.0128363 -0.182936 0)
(-0.000182986 -0.262296 0)
(-0.0449341 -0.406058 0)
(0.00271965 -0.43573 0)
(0.00685866 0.0493339 0)
(0.0291151 0.148459 0)
(0.0507285 0.20287 0)
(0.0694974 0.223643 0)
(0.0868722 0.220738 0)
(0.102467 0.200599 0)
(0.115036 0.170066 0)
(0.123896 0.135278 0)
(0.128965 0.100237 0)
(0.130502 0.0666332 0)
(0.12878 0.0347048 0)
(0.123858 0.00362175 0)
(0.115268 -0.026959 0)
(0.103632 -0.0579065 0)
(0.0867098 -0.0892857 0)
(0.0676929 -0.121729 0)
(0.03783 -0.159657 0)
(0.0235435 -0.236288 0)
(-0.0346116 -0.398397 0)
(0.0134055 -0.464021 0)
(0.00235957 0.0346926 0)
(0.0234244 0.123583 0)
(0.0505574 0.179341 0)
(0.0761363 0.202173 0)
(0.100662 0.201798 0)
(0.123411 0.185405 0)
(0.142732 0.159405 0)
(0.157412 0.129072 0)
(0.167038 0.0980195 0)
(0.171832 0.0679444 0)
(0.171748 0.0394329 0)
(0.167507 0.0120648 0)
(0.157723 -0.0145232 0)
(0.144091 -0.0410797 0)
(0.122971 -0.0679145 0)
(0.0996295 -0.0965739 0)
(0.0640131 -0.131714 0)
(0.0466624 -0.206765 0)
(-0.0229072 -0.3867 0)
(0.0284341 -0.485297 0)
(-0.00340876 0.0287758 0)
(0.00991934 0.101381 0)
(0.0367559 0.148265 0)
(0.0684417 0.168856 0)
(0.101166 0.170004 0)
(0.132721 0.157714 0)
(0.160559 0.137328 0)
(0.182953 0.113014 0)
(0.198869 0.0878498 0)
(0.208681 0.0633636 0)
(0.211544 0.0402981 0)
(0.209259 0.0185166 0)
(0.199054 -0.00235348 0)
(0.184525 -0.0228078 0)
(0.159898 -0.0433284 0)
(0.133501 -0.0670036 0)
(0.0922497 -0.100942 0)
(0.0695393 -0.179459 0)
(-0.00455683 -0.369814 0)
(0.0520673 -0.491514 0)
(-0.0139045 0.0186749 0)
(-0.00750222 0.0882075 0)
(0.0190083 0.123988 0)
(0.0560313 0.136947 0)
(0.0969685 0.13645 0)
(0.13714 0.127246 0)
(0.173195 0.112615 0)
(0.202856 0.0948961 0)
(0.224605 0.0765138 0)
(0.239573 0.0584745 0)
(0.245553 0.0417367 0)
(0.246446 0.0261771 0)
(0.237185 0.0119612 0)
(0.225464 -0.00172047 0)
(0.200669 -0.0156609 0)
(0.176939 -0.034555 0)
(0.13288 -0.0673357 0)
(0.107496 -0.145733 0)
(0.037318 -0.326088 0)
(0.092305 -0.455859 0)
(-0.105943 0.0825289 0)
(-0.0776919 0.0690843 0)
(-0.0485877 0.0732973 0)
(0.00359956 0.0777117 0)
(0.0569165 0.0779833 0)
(0.109443 0.0736974 0)
(0.15642 0.066375 0)
(0.198599 0.0570047 0)
(0.230576 0.0473852 0)
(0.258618 0.0377923 0)
(0.274307 0.029202 0)
(0.289455 0.0212855 0)
(0.289881 0.0145992 0)
(0.294096 0.00826506 0)
(0.277992 0.00134563 0)
(0.270977 -0.00979486 0)
(0.231871 -0.0353783 0)
(0.217939 -0.0953362 0)
(0.150172 -0.229723 0)
(0.170666 -0.341476 0)
(0.130011 0.103773 0)
(0.158409 0.0753079 0)
(0.212308 0.0533189 0)
(0.270812 0.0416949 0)
(0.323326 0.0359595 0)
(0.37566 0.0319719 0)
(0.420135 0.0289267 0)
(0.465327 0.0255854 0)
(0.498321 0.02291 0)
(0.533491 0.0197231 0)
(0.552891 0.0175701 0)
(0.578698 0.014641 0)
(0.584873 0.0132072 0)
(0.603284 0.0103961 0)
(0.594808 0.00944002 0)
(0.603427 0.00505022 0)
(0.567736 0.000129832 0)
(0.547676 -0.0182919 0)
(0.43581 -0.050414 0)
(0.336811 -0.101397 0)
)
;

boundaryField
{
    movingWall
    {
        type            fixedValue;
        value           uniform (1 0 0);
    }
    fixedWalls
    {
        type            noSlip;
    }
    frontAndBack
    {
        type            empty;
    }
}


// ************************************************************************* //
