/*--------------------------------*- C++ -*----------------------------------*\
| =========                 |                                                 |
| \\      /  F ield         | OpenFOAM: The Open Source CFD Toolbox           |
|  \\    /   O peration     | Version:  2212                                  |
|   \\  /    A nd           | Website:  www.openfoam.com                      |
|    \\/     M anipulation  |                                                 |
\*---------------------------------------------------------------------------*/
FoamFile
{
    version     2.0;
    format      ascii;
    arch        "LSB;label=32;scalar=64";
    class       volVectorField;
    location    "2.37";
    object      U;
}
// * * * * * * * * * * * * * * * * * * * * * * * * * * * * * * * * * * * * * //

dimensions      [0 1 -1 0 0 0 0];

internalField   nonuniform List<vector> 
400
(
(0.00136049 -0.00140756 0)
(0.00380978 -0.00153767 0)
(0.00500989 -0.00102021 0)
(0.00399112 -0.00045639 0)
(0.000169801 0.000283419 0)
(-0.00744754 0.00168132 0)
(-0.0198079 0.00423161 0)
(-0.0367879 0.00756526 0)
(-0.0560986 0.00994632 0)
(-0.0732231 0.0095756 0)
(-0.0837081 0.00641062 0)
(-0.084998 0.00176341 0)
(-0.0761039 -0.00314484 0)
(-0.0576231 -0.00755563 0)
(-0.0330644 -0.0100404 0)
(-0.00661575 -0.00915015 0)
(0.0142031 -0.0046733 0)
(0.0218741 0.00234464 0)
(0.0147676 0.00585058 0)
(0.00402267 0.00432193 0)
(0.00117169 -0.00389201 0)
(0.00165087 -0.00282093 0)
(-0.00225134 0.000996734 0)
(-0.0122769 0.00603448 0)
(-0.0302086 0.0126777 0)
(-0.0566702 0.0211577 0)
(-0.0890478 0.0295497 0)
(-0.121423 0.0338375 0)
(-0.147946 0.0313728 0)
(-0.165048 0.0225778 0)
(-0.171076 0.00949119 0)
(-0.165824 -0.00559928 0)
(-0.149844 -0.0209062 0)
(-0.123738 -0.0340723 0)
(-0.0897149 -0.0415666 0)
(-0.050479 -0.0393381 0)
(-0.0117666 -0.0251965 0)
(0.0149771 -0.00199732 0)
(0.0164094 0.0146244 0)
(0.00522594 0.0136543 0)
(-0.000689753 -0.00372208 0)
(-0.00605268 0.00239249 0)
(-0.0192793 0.0136375 0)
(-0.0415758 0.0280935 0)
(-0.0735795 0.0442455 0)
(-0.111845 0.0582693 0)
(-0.149794 0.0651837 0)
(-0.181843 0.0623029 0)
(-0.205365 0.0503118 0)
(-0.219461 0.0314119 0)
(-0.223961 0.00790408 0)
(-0.219376 -0.0181416 0)
(-0.206023 -0.0446054 0)
(-0.183479 -0.0680246 0)
(-0.151501 -0.083485 0)
(-0.110159 -0.084269 0)
(-0.0614278 -0.0639239 0)
(-0.013481 -0.0227338 0)
(0.00884914 0.0157854 0)
(0.00409798 0.0218747 0)
(-0.0033043 0.00253477 0)
(-0.0162437 0.017564 0)
(-0.0398061 0.0379222 0)
(-0.0722871 0.0612882 0)
(-0.111829 0.0827263 0)
(-0.152454 0.0959917 0)
(-0.187893 0.0970291 0)
(-0.215385 0.0860794 0)
(-0.234735 0.0658529 0)
(-0.246328 0.0390088 0)
(-0.250865 0.00751911 0)
(-0.249139 -0.0271967 0)
(-0.241174 -0.0630111 0)
(-0.225974 -0.0969996 0)
(-0.201651 -0.123954 0)
(-0.165618 -0.135423 0)
(-0.115667 -0.119826 0)
(-0.0539931 -0.0683297 0)
(-0.00112712 0.00184106 0)
(0.0046576 0.0263193 0)
(-0.00597933 0.0155836 0)
(-0.0257264 0.0416938 0)
(-0.0568328 0.0700022 0)
(-0.0943227 0.0988441 0)
(-0.134571 0.12087 0)
(-0.171204 0.129759 0)
(-0.200056 0.123797 0)
(-0.220668 0.105574 0)
(-0.234029 0.0787729 0)
(-0.24163 0.0462505 0)
(-0.245146 0.00971958 0)
(-0.245626 -0.0299272 0)
(-0.24301 -0.0715154 0)
(-0.23664 -0.113667 0)
(-0.223889 -0.152608 0)
(-0.200219 -0.180183 0)
(-0.159897 -0.181627 0)
(-0.0986464 -0.136986 0)
(-0.0210981 -0.0382513 0)
(0.00696884 0.0252688 0)
(-0.00750486 0.0333197 0)
(-0.0311972 0.0709523 0)
(-0.0654212 0.104701 0)
(-0.102596 0.135427 0)
(-0.13857 0.154829 0)
(-0.167877 0.157689 0)
(-0.188459 0.144621 0)
(-0.201217 0.119918 0)
(-0.207899 0.0879528 0)
(-0.210843 0.0518901 0)
(-0.212195 0.0134451 0)
(-0.213146 -0.026852 0)
(-0.214027 -0.0693426 0)
(-0.214881 -0.114475 0)
(-0.213592 -0.161153 0)
(-0.205057 -0.204055 0)
(-0.181316 -0.229232 0)
(-0.134067 -0.210079 0)
(-0.0593596 -0.113993 0)
(0.00532702 0.0130722 0)
(-0.00727653 0.0528257 0)
(-0.0312836 0.101203 0)
(-0.0643621 0.137764 0)
(-0.0974321 0.167558 0)
(-0.126698 0.182485 0)
(-0.148026 0.178736 0)
(-0.161004 0.158891 0)
(-0.167298 0.128528 0)
(-0.169136 0.0926185 0)
(-0.169049 0.0545204 0)
(-0.168854 0.0158107 0)
(-0.169431 -0.0233049 0)
(-0.171434 -0.0639062 0)
(-0.175503 -0.107501 0)
(-0.180969 -0.155414 0)
(-0.18407 -0.206634 0)
(-0.176769 -0.252114 0)
(-0.149111 -0.265731 0)
(-0.0949616 -0.198302 0)
(-0.00829378 -0.0146949 0)
(-0.00538367 0.0709768 0)
(-0.026384 0.129069 0)
(-0.0551344 0.166621 0)
(-0.0821086 0.19384 0)
(-0.104205 0.203591 0)
(-0.118657 0.193415 0)
(-0.126117 0.167533 0)
(-0.128597 0.132546 0)
(-0.128455 0.0938414 0)
(-0.127843 0.0546488 0)
(-0.127753 0.0161146 0)
(-0.128459 -0.0219458 0)
(-0.130492 -0.0605697 0)
(-0.134732 -0.101237 0)
(-0.141862 -0.146306 0)
(-0.150469 -0.198498 0)
(-0.154252 -0.255765 0)
(-0.142696 -0.298094 0)
(-0.108612 -0.268117 0)
(-0.0292907 -0.0720336 0)
(-0.00239458 0.0850373 0)
(-0.0180503 0.151965 0)
(-0.0405236 0.189599 0)
(-0.0606821 0.213535 0)
(-0.0761472 0.21835 0)
(-0.0853072 0.202816 0)
(-0.0893593 0.172333 0)
(-0.0902735 0.134175 0)
(-0.0901392 0.0939134 0)
(-0.0904073 0.0544445 0)
(-0.0913029 0.0163353 0)
(-0.0927029 -0.0210376 0)
(-0.0948272 -0.0584905 0)
(-0.0983565 -0.0968949 0)
(-0.104627 -0.138315 0)
(-0.114451 -0.187374 0)
(-0.124354 -0.248753 0)
(-0.123602 -0.312843 0)
(-0.104777 -0.324269 0)
(-0.0361168 -0.156028 0)
(0.0010492 0.0930022 0)
(-0.00784078 0.168238 0)
(-0.022939 0.206149 0)
(-0.0362183 0.227242 0)
(-0.0458033 0.228255 0)
(-0.0509983 0.208903 0)
(-0.0530773 0.175364 0)
(-0.0536176 0.135361 0)
(-0.0541736 0.0945079 0)
(-0.0555359 0.0552673 0)
(-0.0575208 0.0176292 0)
(-0.05988 -0.0193456 0)
(-0.062623 -0.056309 0)
(-0.066059 -0.0935513 0)
(-0.0713406 -0.132122 0)
(-0.0803165 -0.176579 0)
(-0.0929456 -0.236128 0)
(-0.0989323 -0.313212 0)
(-0.0935531 -0.36151 0)
(-0.030419 -0.233756 0)
(0.00439246 0.0939188 0)
(0.00269963 0.176855 0)
(-0.00469062 0.215906 0)
(-0.0112955 0.234862 0)
(-0.0156078 0.23325 0)
(-0.0174707 0.211754 0)
(-0.0180369 0.176911 0)
(-0.0183457 0.13648 0)
(-0.0193467 0.0958646 0)
(-0.0213751 0.0571805 0)
(-0.0241086 0.0201105 0)
(-0.027355 -0.0163872 0)
(-0.0311363 -0.0529593 0)
(-0.0354635 -0.0896399 0)
(-0.0410243 -0.126553 0)
(-0.0494142 -0.166996 0)
(-0.0635982 -0.222161 0)
(-0.0735676 -0.306139 0)
(-0.0804054 -0.385505 0)
(-0.0227766 -0.297395 0)
(0.00711495 0.0881942 0)
(0.0125425 0.177594 0)
(0.0127602 0.219071 0)
(0.0126169 0.237294 0)
(0.0134297 0.234643 0)
(0.0149351 0.212648 0)
(0.0161388 0.177881 0)
(0.0164775 0.13792 0)
(0.0155681 0.0979218 0)
(0.0133963 0.0598826 0)
(0.0102857 0.0235077 0)
(0.00631812 -0.0122195 0)
(0.0013538 -0.0480027 0)
(-0.00450916 -0.0838668 0)
(-0.011658 -0.11956 0)
(-0.0206134 -0.156757 0)
(-0.0368131 -0.206309 0)
(-0.049277 -0.292066 0)
(-0.0679698 -0.397455 0)
(-0.0146216 -0.350126 0)
(0.00847979 0.0770172 0)
(0.0203325 0.170589 0)
(0.0277354 0.215177 0)
(0.0336492 0.233534 0)
(0.0395116 0.230927 0)
(0.0449273 0.209847 0)
(0.0488726 0.176544 0)
(0.0509194 0.13812 0)
(0.0509998 0.0994624 0)
(0.0493196 0.0625661 0)
(0.0462064 0.0273377 0)
(0.0416448 -0.00714238 0)
(0.0355317 -0.0415674 0)
(0.0278723 -0.0760451 0)
(0.0180639 -0.11026 0)
(0.00697797 -0.144869 0)
(-0.012402 -0.189382 0)
(-0.0259381 -0.273575 0)
(-0.0566226 -0.400129 0)
(-0.00652194 -0.392325 0)
(0.0079399 0.0624668 0)
(0.0247691 0.156433 0)
(0.0390744 0.204749 0)
(0.0511651 0.224671 0)
(0.0624473 0.223415 0)
(0.0725413 0.204522 0)
(0.0803231 0.17381 0)
(0.0852416 0.137738 0)
(0.0872875 0.100943 0)
(0.0867568 0.0655512 0)
(0.0840195 0.0318286 0)
(0.0790335 -0.000941823 0)
(0.0716571 -0.0332409 0)
(0.062048 -0.0655421 0)
(0.0491871 -0.0976156 0)
(0.0346382 -0.129587 0)
(0.0106947 -0.16922 0)
(-0.0027478 -0.250381 0)
(-0.0462484 -0.396431 0)
(0.00213881 -0.427641 0)
(0.00549797 0.0476682 0)
(0.0244878 0.137342 0)
(0.0442529 0.18747 0)
(0.0621165 0.208253 0)
(0.0792023 0.208382 0)
(0.0950213 0.192354 0)
(0.108095 0.165388 0)
(0.117478 0.133039 0)
(0.122943 0.099485 0)
(0.124705 0.06687 0)
(0.123054 0.0358088 0)
(0.118176 0.00584201 0)
(0.109615 -0.0233133 0)
(0.0979767 -0.0523119 0)
(0.0814399 -0.0811666 0)
(0.0628117 -0.110612 0)
(0.0337281 -0.146422 0)
(0.0202702 -0.224702 0)
(-0.0364462 -0.389579 0)
(0.0125104 -0.457324 0)
(0.00179258 0.0354835 0)
(0.0191648 0.115916 0)
(0.0432098 0.166325 0)
(0.0669528 0.18798 0)
(0.0904608 0.189556 0)
(0.1128 0.176515 0)
(0.132178 0.153776 0)
(0.14715 0.125938 0)
(0.15711 0.0965834 0)
(0.162166 0.0677195 0)
(0.162282 0.0402153 0)
(0.158161 0.0139567 0)
(0.148609 -0.0112971 0)
(0.135129 -0.0360415 0)
(0.114677 -0.0606146 0)
(0.0920249 -0.0866966 0)
(0.0576919 -0.119784 0)
(0.0427034 -0.196653 0)
(-0.0253762 -0.380018 0)
(0.0271224 -0.480426 0)
(-0.003147 0.031439 0)
(0.00663182 0.0973525 0)
(0.0296613 0.138063 0)
(0.058646 0.156657 0)
(0.0894571 0.15884 0)
(0.119706 0.149105 0)
(0.146827 0.131509 0)
(0.168938 0.109565 0)
(0.184862 0.08618 0)
(0.194706 0.0630232 0)
(0.197793 0.0410747 0)
(0.195541 0.0203625 0)
(0.185836 0.000784801 0)
(0.171708 -0.0182171 0)
(0.148181 -0.0370225 0)
(0.123023 -0.058891 0)
(0.0839606 -0.0911565 0)
(0.064981 -0.17084 0)
(-0.0073135 -0.365318 0)
(0.0506815 -0.488633 0)
(-0.0118685 0.0214966 0)
(-0.00792845 0.087735 0)
(0.0136331 0.118427 0)
(0.0467506 0.128664 0)
(0.0842972 0.127851 0)
(0.121802 0.119893 0)
(0.156054 0.10708 0)
(0.184572 0.091143 0)
(0.205885 0.0742896 0)
(0.220568 0.0574751 0)
(0.226865 0.0418618 0)
(0.227953 0.0272957 0)
(0.219674 0.0142609 0)
(0.20862 0.00162767 0)
(0.185689 -0.0109621 0)
(0.164155 -0.0288 0)
(0.123145 -0.0607248 0)
(0.10189 -0.141066 0)
(0.0345546 -0.324894 0)
(0.0912451 -0.45497 0)
(-0.104686 0.0845454 0)
(-0.0772115 0.0700341 0)
(-0.0505147 0.070623 0)
(-0.00184095 0.0731526 0)
(0.0477187 0.0728329 0)
(0.0969238 0.0689873 0)
(0.141437 0.062619 0)
(0.181784 0.0542914 0)
(0.21295 0.045688 0)
(0.240486 0.0369304 0)
(0.256535 0.0291551 0)
(0.272022 0.0218825 0)
(0.273673 0.0159268 0)
(0.27894 0.0101403 0)
(0.265216 0.0039779 0)
(0.260116 -0.00695839 0)
(0.223505 -0.0324941 0)
(0.213301 -0.0936466 0)
(0.148667 -0.229461 0)
(0.170336 -0.341433 0)
(0.130851 0.104593 0)
(0.160239 0.0771059 0)
(0.214973 0.0551284 0)
(0.272901 0.0429611 0)
(0.323803 0.0366384 0)
(0.373851 0.032249 0)
(0.416191 0.0290388 0)
(0.459494 0.0256585 0)
(0.491306 0.0230511 0)
(0.525698 0.0199285 0)
(0.544961 0.0178885 0)
(0.570896 0.0150245 0)
(0.57771 0.0137167 0)
(0.596921 0.0109693 0)
(0.589752 0.0101268 0)
(0.599723 0.00569168 0)
(0.565676 0.000769274 0)
(0.547383 -0.0177769 0)
(0.436799 -0.0501649 0)
(0.337444 -0.101327 0)
)
;

boundaryField
{
    movingWall
    {
        type            fixedValue;
        value           uniform (1 0 0);
    }
    fixedWalls
    {
        type            noSlip;
    }
    frontAndBack
    {
        type            empty;
    }
}


// ************************************************************************* //
