/*--------------------------------*- C++ -*----------------------------------*\
| =========                 |                                                 |
| \\      /  F ield         | OpenFOAM: The Open Source CFD Toolbox           |
|  \\    /   O peration     | Version:  2212                                  |
|   \\  /    A nd           | Website:  www.openfoam.com                      |
|    \\/     M anipulation  |                                                 |
\*---------------------------------------------------------------------------*/
FoamFile
{
    version     2.0;
    format      ascii;
    arch        "LSB;label=32;scalar=64";
    class       surfaceScalarField;
    location    "3.385";
    object      phi;
}
// * * * * * * * * * * * * * * * * * * * * * * * * * * * * * * * * * * * * * //

dimensions      [0 3 -1 0 0 0 0];

oriented        oriented;

internalField   nonuniform List<scalar> 
760
(
1.49673e-07
-1.49673e-07
2.80008e-07
-1.30336e-07
2.93417e-07
-1.34085e-08
1.679e-07
1.25517e-07
-1.31333e-07
2.99233e-07
-6.65963e-07
5.3463e-07
-1.46724e-06
8.01275e-07
-2.45232e-06
9.85086e-07
-3.42591e-06
9.7359e-07
-4.15957e-06
7.33655e-07
-4.48648e-06
3.26916e-07
-4.31015e-06
-1.76331e-07
-3.57125e-06
-7.38905e-07
-2.38058e-06
-1.19067e-06
-9.63866e-07
-1.41671e-06
3.09408e-07
-1.27327e-06
1.05261e-06
-7.43203e-07
1.00949e-06
4.31195e-08
4.52421e-07
5.5707e-07
4.52421e-07
1.1446e-07
-2.64133e-07
5.6134e-08
-7.20096e-08
-3.12379e-07
3.55105e-07
-1.07916e-06
8.92294e-07
-2.2892e-06
1.50927e-06
-3.86685e-06
2.11228e-06
-5.57132e-06
2.50575e-06
-7.0966e-06
2.51037e-06
-8.2186e-06
2.09558e-06
-8.82559e-06
1.34065e-06
-8.86943e-06
3.70759e-07
-8.32602e-06
-7.19745e-07
-7.22622e-06
-1.83871e-06
-5.6015e-06
-2.81539e-06
-3.59305e-06
-3.42516e-06
-1.50105e-06
-3.36528e-06
1.5206e-07
-2.39631e-06
8.35549e-07
-6.40369e-07
5.15804e-07
8.76817e-07
9.68225e-07
-1.34392e-07
-1.29741e-07
-6.377e-07
4.31298e-07
-1.61045e-06
1.32786e-06
-3.09407e-06
2.37591e-06
-4.97081e-06
3.38602e-06
-6.95275e-06
4.09423e-06
-8.73044e-06
4.28343e-06
-1.01222e-05
3.90212e-06
-1.10733e-05
3.04674e-06
-1.15752e-05
1.84246e-06
-1.15788e-05
3.74382e-07
-1.1132e-05
-1.16652e-06
-1.02174e-05
-2.75334e-06
-8.78067e-06
-4.2521e-06
-6.80101e-06
-5.40481e-06
-4.36604e-06
-5.80025e-06
-1.86982e-06
-4.89253e-06
-9.41433e-08
-2.41605e-06
2.90488e-07
4.92186e-07
1.25871e-06
-4.94868e-07
3.65127e-07
-1.5363e-06
1.47273e-06
-3.06298e-06
2.85454e-06
-4.98482e-06
4.29775e-06
-7.05257e-06
5.45377e-06
-8.96538e-06
6.00703e-06
-1.05205e-05
5.83854e-06
-1.1671e-05
5.05264e-06
-1.24431e-05
3.81888e-06
-1.28715e-05
2.27077e-06
-1.2943e-05
4.45935e-07
-1.27126e-05
-1.39697e-06
-1.21443e-05
-3.32163e-06
-1.11363e-05
-5.26003e-06
-9.55763e-06
-6.98352e-06
-7.28382e-06
-8.07406e-06
-4.3535e-06
-7.82285e-06
-1.36946e-06
-5.40009e-06
1.17142e-07
-9.94413e-07
1.37586e-06
-8.43892e-07
1.20902e-06
-2.31163e-06
2.94047e-06
-4.14347e-06
4.68637e-06
-6.15358e-06
6.30786e-06
-8.06872e-06
7.36891e-06
-9.6671e-06
7.60541e-06
-1.08678e-05
7.03919e-06
-1.16938e-05
5.87872e-06
-1.22063e-05
4.33138e-06
-1.24783e-05
2.54275e-06
-1.25994e-05
5.67055e-07
-1.25612e-05
-1.43518e-06
-1.23532e-05
-3.52968e-06
-1.18952e-05
-5.71803e-06
-1.10005e-05
-7.87823e-06
-9.3818e-06
-9.69272e-06
-6.74382e-06
-1.04608e-05
-3.18789e-06
-8.95601e-06
-2.62068e-07
-3.92024e-06
1.11379e-06
-1.0593e-06
2.26832e-06
-2.71895e-06
4.60012e-06
-4.57482e-06
6.54224e-06
-6.40254e-06
8.13558e-06
-7.98105e-06
8.94742e-06
-9.17662e-06
8.80098e-06
-9.98019e-06
7.84276e-06
-1.04542e-05
6.35274e-06
-1.06886e-05
4.5658e-06
-1.07846e-05
2.63872e-06
-1.08643e-05
6.46739e-07
-1.09208e-05
-1.37864e-06
-1.09676e-05
-3.48288e-06
-1.09742e-05
-5.71147e-06
-1.07844e-05
-8.06807e-06
-1.00692e-05
-1.04079e-05
-8.33701e-06
-1.2193e-05
-5.17981e-06
-1.21132e-05
-1.14643e-06
-7.95363e-06
-3.26391e-08
-1.07984e-06
3.34816e-06
-2.69055e-06
6.21083e-06
-4.35616e-06
8.20784e-06
-5.86819e-06
9.64761e-06
-7.06722e-06
1.01464e-05
-7.88668e-06
9.62045e-06
-8.35947e-06
8.31554e-06
-8.57043e-06
6.5637e-06
-8.62352e-06
4.61889e-06
-8.61857e-06
2.63377e-06
-8.64211e-06
6.70287e-07
-8.71655e-06
-1.3042e-06
-8.8617e-06
-3.33773e-06
-9.088e-06
-5.48517e-06
-9.33483e-06
-7.82124e-06
-9.36545e-06
-1.03773e-05
-8.65834e-06
-1.29001e-05
-6.46352e-06
-1.4308e-05
-2.39185e-06
-1.20253e-05
-2.42449e-06
-9.08258e-07
4.25642e-06
-2.28802e-06
7.5906e-06
-3.64978e-06
9.5696e-06
-4.81084e-06
1.08087e-05
-5.66905e-06
1.10047e-05
-6.20347e-06
1.01549e-05
-6.46733e-06
8.5794e-06
-6.55017e-06
6.64654e-06
-6.54966e-06
4.61838e-06
-6.54227e-06
2.62638e-06
-6.56798e-06
6.95996e-07
-6.6461e-06
-1.22607e-06
-6.7994e-06
-3.18444e-06
-7.05899e-06
-5.22557e-06
-7.43961e-06
-7.44062e-06
-7.84352e-06
-9.97337e-06
-7.85323e-06
-1.28904e-05
-6.65137e-06
-1.55099e-05
-3.53891e-06
-1.51378e-05
-5.9634e-06
-6.05197e-07
4.86161e-06
-1.64351e-06
8.62891e-06
-2.65782e-06
1.05839e-05
-3.48306e-06
1.16339e-05
-4.06207e-06
1.15837e-05
-4.40193e-06
1.04947e-05
-4.55889e-06
8.73635e-06
-4.61085e-06
6.6985e-06
-4.63182e-06
4.63935e-06
-4.66841e-06
2.66297e-06
-4.73292e-06
7.60504e-07
-4.83333e-06
-1.12566e-06
-4.98132e-06
-3.03645e-06
-5.20756e-06
-4.99933e-06
-5.56801e-06
-7.08017e-06
-6.07215e-06
-9.46924e-06
-6.49084e-06
-1.24717e-05
-6.07646e-06
-1.59243e-05
-3.88618e-06
-1.7328e-05
-9.84959e-06
-2.23458e-07
5.08507e-06
-8.68365e-07
9.27382e-06
-1.52726e-06
1.12428e-05
-2.04701e-06
1.21537e-05
-2.39833e-06
1.1935e-05
-2.60381e-06
1.07002e-05
-2.71068e-06
8.84322e-06
-2.77218e-06
6.76001e-06
-2.83427e-06
4.70144e-06
-2.92038e-06
2.74909e-06
-3.03372e-06
8.73844e-07
-3.17465e-06
-9.84726e-07
-3.34468e-06
-2.86642e-06
-3.55842e-06
-4.78559e-06
-3.87075e-06
-6.76784e-06
-4.36371e-06
-8.97627e-06
-4.97526e-06
-1.18601e-05
-5.09121e-06
-1.58083e-05
-3.53623e-06
-1.8883e-05
-1.33858e-05
1.60706e-07
4.92437e-06
-6.55041e-08
9.50003e-06
-3.91346e-07
1.15686e-05
-6.36564e-07
1.23989e-05
-7.85948e-07
1.20844e-05
-8.69966e-07
1.07842e-05
-9.2827e-07
8.90153e-06
-9.93252e-07
6.82499e-06
-1.08179e-06
4.78997e-06
-1.20134e-06
2.86863e-06
-1.35356e-06
1.02607e-06
-1.54052e-06
-7.97772e-07
-1.76184e-06
-2.6451e-06
-2.01749e-06
-4.52993e-06
-2.33911e-06
-6.44622e-06
-2.82421e-06
-8.49118e-06
-3.53116e-06
-1.11532e-05
-4.00975e-06
-1.53297e-05
-3.0154e-06
-1.98774e-05
-1.64012e-05
4.86959e-07
4.43741e-06
6.81325e-07
9.30566e-06
7.24697e-07
1.15253e-05
7.62089e-07
1.23615e-05
8.10017e-07
1.20364e-05
8.41845e-07
1.07524e-05
8.36491e-07
8.90688e-06
7.85325e-07
6.87615e-06
6.90759e-07
4.88454e-06
5.55826e-07
3.00357e-06
3.77085e-07
1.20481e-06
1.4857e-07
-5.69258e-07
-1.32335e-07
-2.3642e-06
-4.7294e-07
-4.18933e-06
-8.80693e-07
-6.03847e-06
-1.40679e-06
-7.96508e-06
-2.19878e-06
-1.03612e-05
-2.95688e-06
-1.45716e-05
-2.46265e-06
-2.03716e-05
-1.88639e-05
7.32254e-07
3.70515e-06
1.31661e-06
8.7213e-06
1.70289e-06
1.1139e-05
2.02974e-06
1.20346e-05
2.30328e-06
1.17629e-05
2.49049e-06
1.05652e-05
2.58069e-06
8.81669e-06
2.58419e-06
6.87265e-06
2.51657e-06
4.95216e-06
2.38761e-06
3.13253e-06
2.19241e-06
1.40001e-06
1.91755e-06
-2.94395e-07
1.56149e-06
-2.00814e-06
1.11917e-06
-3.74701e-06
5.84108e-07
-5.50341e-06
-9.98841e-08
-7.28109e-06
-9.76303e-07
-9.48478e-06
-1.94131e-06
-1.36066e-05
-1.93567e-06
-2.03772e-05
-2.07995e-05
8.40605e-07
2.86455e-06
1.75643e-06
7.80548e-06
2.48398e-06
1.04114e-05
3.11679e-06
1.14018e-05
3.66045e-06
1.12192e-05
4.06894e-06
1.01567e-05
4.32345e-06
8.56218e-06
4.4371e-06
6.759e-06
4.43441e-06
4.95485e-06
4.33295e-06
3.23399e-06
4.13279e-06
1.60017e-06
3.80954e-06
2.88497e-08
3.37232e-06
-1.57092e-06
2.80158e-06
-3.17626e-06
2.0959e-06
-4.79774e-06
1.26952e-06
-6.45471e-06
2.26565e-07
-8.44182e-06
-9.93681e-07
-1.23864e-05
-1.444e-06
-1.99269e-05
-2.22435e-05
7.76443e-07
2.0881e-06
1.89079e-06
6.69114e-06
2.91094e-06
9.39129e-06
3.86956e-06
1.04432e-05
4.73708e-06
1.03517e-05
5.44513e-06
9.44866e-06
5.95177e-06
8.05554e-06
6.25861e-06
6.45215e-06
6.38768e-06
4.82578e-06
6.35965e-06
3.26202e-06
6.17634e-06
1.78349e-06
5.83124e-06
3.73945e-07
5.30074e-06
-1.04042e-06
4.58652e-06
-2.46204e-06
3.68094e-06
-3.89216e-06
2.61172e-06
-5.38549e-06
1.33142e-06
-7.16152e-06
-1.87192e-07
-1.08678e-05
-9.37441e-07
-1.91766e-05
-2.3181e-05
5.54438e-07
1.53367e-06
1.6975e-06
5.54808e-06
3.00418e-06
8.0846e-06
4.32992e-06
9.11748e-06
5.57772e-06
9.1039e-06
6.64751e-06
8.37888e-06
7.47136e-06
7.23168e-06
8.03484e-06
5.88868e-06
8.35057e-06
4.51005e-06
8.43728e-06
3.1753e-06
8.30316e-06
1.91761e-06
7.94767e-06
7.29428e-07
7.32867e-06
-4.21421e-07
6.46275e-06
-1.59611e-06
5.33728e-06
-2.7667e-06
3.99411e-06
-4.04232e-06
2.49455e-06
-5.66195e-06
8.98822e-07
-9.27206e-06
-1.71631e-07
-1.81062e-05
-2.33526e-05
1.38557e-07
1.39511e-06
9.88839e-07
4.6978e-06
2.42863e-06
6.64481e-06
4.11606e-06
7.43005e-06
5.80983e-06
7.41013e-06
7.32307e-06
6.86564e-06
8.55102e-06
6.00372e-06
9.46239e-06
4.97731e-06
1.00516e-05
3.92084e-06
1.03319e-05
2.89499e-06
1.03098e-05
1.9397e-06
9.99267e-06
1.04659e-06
9.34297e-06
2.28279e-07
8.37133e-06
-6.24476e-07
7.077e-06
-1.47236e-06
5.509e-06
-2.47431e-06
3.82292e-06
-3.97587e-06
2.18744e-06
-7.63657e-06
6.32474e-07
-1.65512e-05
-2.27201e-05
-5.07888e-07
1.903e-06
1.79842e-07
4.01007e-06
1.68972e-06
5.13493e-06
3.70589e-06
5.41389e-06
5.81967e-06
5.29635e-06
7.74823e-06
4.93708e-06
9.3534e-06
4.39856e-06
1.0593e-05
3.73771e-06
1.14481e-05
3.06571e-06
1.19366e-05
2.40653e-06
1.20634e-05
1.81285e-06
1.18501e-05
1.25992e-06
1.13156e-05
7.62798e-07
1.04404e-05
2.50677e-07
9.22908e-06
-2.61008e-07
7.74601e-06
-9.91243e-07
6.17743e-06
-2.4073e-06
4.40811e-06
-5.86725e-06
2.03537e-06
-1.41785e-05
-2.06848e-05
-4.1693e-06
6.0723e-06
-3.63897e-06
3.47974e-06
-1.27539e-06
2.77135e-06
1.48146e-06
2.65704e-06
4.17942e-06
2.59838e-06
6.67691e-06
2.43959e-06
8.86383e-06
2.21164e-06
1.06805e-05
1.92099e-06
1.21092e-05
1.63702e-06
1.31763e-05
1.33949e-06
1.38989e-05
1.09027e-06
1.43211e-05
8.3765e-07
1.44334e-05
6.50558e-07
1.42485e-05
4.35591e-07
1.37515e-05
2.35986e-07
1.29568e-05
-1.96532e-07
1.18598e-05
-1.31035e-06
1.00865e-05
-4.09393e-06
5.62725e-06
-9.71925e-06
-1.50575e-05
6.0723e-06
9.55203e-06
1.23234e-05
1.49804e-05
1.75788e-05
2.00184e-05
2.223e-05
2.4151e-05
2.5788e-05
2.71275e-05
2.82178e-05
2.90554e-05
2.9706e-05
3.01416e-05
3.03776e-05
3.0181e-05
2.88707e-05
2.47768e-05
1.50575e-05
)
;

boundaryField
{
    movingWall
    {
        type            calculated;
        value           uniform 0;
    }
    fixedWalls
    {
        type            calculated;
        value           uniform 0;
    }
    frontAndBack
    {
        type            empty;
        value           nonuniform List<scalar> 0();
    }
}


// ************************************************************************* //
