/*--------------------------------*- C++ -*----------------------------------*\
| =========                 |                                                 |
| \\      /  F ield         | OpenFOAM: The Open Source CFD Toolbox           |
|  \\    /   O peration     | Version:  2212                                  |
|   \\  /    A nd           | Website:  www.openfoam.com                      |
|    \\/     M anipulation  |                                                 |
\*---------------------------------------------------------------------------*/
FoamFile
{
    version     2.0;
    format      ascii;
    arch        "LSB;label=32;scalar=64";
    class       volScalarField;
    location    "0.145";
    object      p;
}
// * * * * * * * * * * * * * * * * * * * * * * * * * * * * * * * * * * * * * //

dimensions      [0 2 -2 0 0 0 0];

internalField   nonuniform List<scalar> 
400
(
-6.12196e-10
-1.94722e-05
2.55828e-06
6.05533e-05
0.000152701
0.000278476
0.000436816
0.000625875
0.000842817
0.00108359
0.00134271
0.00161329
0.00188668
0.00215292
0.00240089
0.0026189
0.00279552
0.00292052
0.00298432
0.00297796
1.86745e-05
-2.01052e-06
1.96435e-05
7.56988e-05
0.000164583
0.000286395
0.000440439
0.000625161
0.000838009
0.00107518
0.00133145
0.00159998
0.00187237
0.00213859
0.00238739
0.00260684
0.00278522
0.00291231
0.00297811
0.00297085
-7.56207e-06
-3.14114e-05
-1.12688e-05
4.32625e-05
0.000130536
0.000251026
0.00040442
0.000589556
0.000804269
0.00104512
0.00130713
0.00158364
0.00186609
0.00214416
0.00240594
0.00263844
0.0028287
0.00296512
0.00303599
0.00302695
-7.44405e-05
-0.000101678
-8.3378e-05
-3.01655e-05
5.63488e-05
0.000177068
0.000332179
0.000521061
0.000742094
0.000992323
0.00126716
0.00156009
0.00186243
0.00216325
0.00244948
0.00270638
0.0029187
0.00307231
0.00315285
0.0031434
-0.000181389
-0.000212445
-0.00019627
-0.0001444
-5.82743e-05
6.35948e-05
0.00022207
0.000417267
0.000648311
0.000912948
0.00120715
0.00152476
0.00185697
0.00219207
0.0025154
0.00280969
0.00305618
0.00323676
0.00333299
0.00332456
-0.000329899
-0.000365733
-0.000352274
-0.00030216
-0.000216583
-9.32831e-05
6.94976e-05
0.000272852
0.000516926
0.000800461
0.00112032
0.00147092
0.00184362
0.00222594
0.00260131
0.00294901
0.00324533
0.00346604
0.00358626
0.00358044
-0.00052198
-0.0005639
-0.000554141
-0.000506767
-0.00042265
-0.000298537
-0.000131518
8.07744e-05
0.000339842
0.000645816
0.000996873
0.00138858
0.00181293
0.002257
0.00270222
0.00312367
0.00349074
0.0037701
0.00392649
0.00392597
-0.0007601
-0.000809741
-0.000805151
-0.000762225
-0.000681443
-0.000558304
-0.000388445
-0.000167883
0.00010664
0.000437116
0.000823663
0.00126366
0.00175086
0.00227264
0.00280893
0.00333016
0.00379671
0.0041617
0.00437317
0.004383
-0.00104717
-0.00110656
-0.00110917
-0.00107327
-0.000998884
-0.000879953
-0.000710327
-0.000484034
-0.000195645
0.000159221
0.000583292
0.00107685
0.00163711
0.00225317
0.00290512
0.00355935
0.00416527
0.0046564
0.00495353
0.00498394
-0.00138655
-0.00145813
-0.00147061
-0.00144534
-0.0013818
-0.00127204
-0.00110774
-0.000880566
-0.000582522
-0.000206367
0.0002539
0.000802322
0.00144303
0.00216848
0.00296269
0.00379103
0.00459159
0.00527074
0.00570509
0.00577834
-0.00178209
-0.00186882
-0.00189446
-0.0018845
-0.00183785
-0.00174421
-0.00159265
-0.00137213
-0.0010718
-0.000681248
-0.000190834
0.000406908
0.00112992
0.00197384
0.00293464
0.00398435
0.00505415
0.00601631
0.00667728
0.0068453
-0.00223856
-0.00234381
-0.00238637
-0.00239747
-0.00237545
-0.00230706
-0.00217816
-0.00197466
-0.00168284
-0.00128915
-0.000779183
-0.000135521
0.000649227
0.00160529
0.00274481
0.00406105
0.00549403
0.00688175
0.00792584
0.00831562
-0.00276252
-0.00288977
-0.0029529
-0.00299159
-0.00300368
-0.00297193
-0.00287809
-0.00270466
-0.00243548
-0.00205515
-0.00154724
-0.000891703
-6.46066e-05
0.000975428
0.00227524
0.00387757
0.00577135
0.00778659
0.00949815
0.0104259
-0.00336446
-0.00351614
-0.00360193
-0.00367471
-0.00373206
-0.00375076
-0.00370662
-0.00357808
-0.00334727
-0.00299915
-0.00251865
-0.00188604
-0.0010705
-1.88987e-05
0.00135694
0.00318242
0.00557449
0.008468
0.0113994
0.0136498
-0.00406421
-0.00423915
-0.00434401
-0.00445491
-0.00457032
-0.00465613
-0.00467835
-0.00460978
-0.00443179
-0.00413303
-0.0037058
-0.00313984
-0.0024129
-0.00147588
-0.000220332
0.00157223
0.00426241
0.00815704
0.0130625
0.0181313
-0.00490003
-0.0050758
-0.00518134
-0.00533481
-0.00552672
-0.00570172
-0.00580934
-0.00581404
-0.00569757
-0.00545647
-0.00509839
-0.00463609
-0.00408161
-0.00343122
-0.00263194
-0.00145662
0.000756159
0.00493732
0.0116259
0.0210411
-0.00593078
-0.00614383
-0.006186
-0.006337
-0.00661395
-0.00690413
-0.00711874
-0.00720532
-0.00714716
-0.00695257
-0.00665293
-0.00629599
-0.0059594
-0.00575122
-0.00581707
-0.00616025
-0.00595301
-0.00364814
0.00310741
0.0192297
-0.00776021
-0.00726426
-0.00694016
-0.00724556
-0.00775436
-0.0082511
-0.00861378
-0.00878364
-0.00876022
-0.00856818
-0.00827301
-0.0079551
-0.00778393
-0.00803967
-0.00921039
-0.0118013
-0.0152667
-0.0152761
-0.00708333
0.0247056
-0.00739863
-0.00964701
-0.00909136
-0.00904518
-0.0094694
-0.0100031
-0.0103785
-0.0105015
-0.0104
-0.0100996
-0.0097135
-0.00932295
-0.00919626
-0.00976354
-0.0116597
-0.0152858
-0.0204969
-0.0151999
0.00978885
0.0711124
-0.0237678
-0.00999607
-0.00631631
-0.00670446
-0.00783171
-0.00878877
-0.00945773
-0.00982449
-0.00996328
-0.00983113
-0.00964171
-0.00938399
-0.00961682
-0.0105103
-0.0127053
-0.0145841
-0.0117938
0.00785537
0.0642919
0.159053
)
;

boundaryField
{
    movingWall
    {
        type            zeroGradient;
    }
    fixedWalls
    {
        type            zeroGradient;
    }
    frontAndBack
    {
        type            empty;
    }
}


// ************************************************************************* //
