/*--------------------------------*- C++ -*----------------------------------*\
| =========                 |                                                 |
| \\      /  F ield         | OpenFOAM: The Open Source CFD Toolbox           |
|  \\    /   O peration     | Version:  2212                                  |
|   \\  /    A nd           | Website:  www.openfoam.com                      |
|    \\/     M anipulation  |                                                 |
\*---------------------------------------------------------------------------*/
FoamFile
{
    version     2.0;
    format      ascii;
    arch        "LSB;label=32;scalar=64";
    class       volVectorField;
    location    "0.755";
    object      U;
}
// * * * * * * * * * * * * * * * * * * * * * * * * * * * * * * * * * * * * * //

dimensions      [0 1 -1 0 0 0 0];

internalField   nonuniform List<vector> 
400
(
(-0.000233674 0.000167234 0)
(-0.00157725 0.000659843 0)
(-0.00399682 0.000859221 0)
(-0.00666878 0.000927676 0)
(-0.00948079 0.000992131 0)
(-0.0124795 0.0010905 0)
(-0.0157137 0.00122144 0)
(-0.0191837 0.00136202 0)
(-0.0227879 0.00146248 0)
(-0.026252 0.00143608 0)
(-0.0290714 0.00116581 0)
(-0.0305119 0.000542609 0)
(-0.0296828 -0.000487523 0)
(-0.0259558 -0.00175168 0)
(-0.0195342 -0.00279738 0)
(-0.011599 -0.00311782 0)
(-0.00404612 -0.00246269 0)
(0.0010857 -0.00111684 0)
(0.00248249 0.000392314 0)
(0.00108566 0.000924632 0)
(-0.000950221 0.00170884 0)
(-0.00438732 0.00383489 0)
(-0.00976573 0.00471439 0)
(-0.0156798 0.00509513 0)
(-0.0218951 0.00540822 0)
(-0.0284261 0.00577346 0)
(-0.0352495 0.00615627 0)
(-0.0422303 0.00642499 0)
(-0.0490359 0.00634658 0)
(-0.0550506 0.00558145 0)
(-0.0593493 0.00374291 0)
(-0.0608132 0.000561614 0)
(-0.058269 -0.00387852 0)
(-0.0509601 -0.00875797 0)
(-0.0393523 -0.0125373 0)
(-0.025263 -0.0135341 0)
(-0.0115741 -0.0109248 0)
(-0.0014456 -0.00563578 0)
(0.00247128 7.86158e-05 0)
(0.00130578 0.00263122 0)
(-0.00141377 0.00491853 0)
(-0.00617826 0.00960859 0)
(-0.0133578 0.0115337 0)
(-0.0211709 0.0124329 0)
(-0.0293362 0.0131154 0)
(-0.0378473 0.0137854 0)
(-0.0466261 0.0143369 0)
(-0.0554626 0.0144674 0)
(-0.0639383 0.0136978 0)
(-0.0713532 0.0113955 0)
(-0.0767075 0.00689498 0)
(-0.0787922 -0.000198032 0)
(-0.0762575 -0.00949934 0)
(-0.0680394 -0.0195777 0)
(-0.0542281 -0.0275351 0)
(-0.0364603 -0.0300162 0)
(-0.0179331 -0.0249942 0)
(-0.00309097 -0.0137449 0)
(0.00314099 -0.00152458 0)
(0.00175942 0.00453877 0)
(-0.00163737 0.00883804 0)
(-0.007111 0.0165181 0)
(-0.0152844 0.019606 0)
(-0.0241321 0.0210686 0)
(-0.0333645 0.022147 0)
(-0.0429977 0.0231333 0)
(-0.0529772 0.023851 0)
(-0.0631436 0.0238412 0)
(-0.0731813 0.0224136 0)
(-0.0825608 0.0186846 0)
(-0.0904533 0.0117005 0)
(-0.0955972 0.000804366 0)
(-0.0963559 -0.0136904 0)
(-0.0906939 -0.0300792 0)
(-0.0772583 -0.0441164 0)
(-0.0567777 -0.0503466 0)
(-0.0319671 -0.044429 0)
(-0.0085974 -0.0262767 0)
(0.00360709 -0.00438729 0)
(0.00255007 0.00726843 0)
(-0.00169118 0.0130822 0)
(-0.00742042 0.0239768 0)
(-0.0160087 0.0283015 0)
(-0.0253203 0.0303743 0)
(-0.0350879 0.031918 0)
(-0.0453943 0.0333429 0)
(-0.0562941 0.0344422 0)
(-0.0678101 0.0346644 0)
(-0.0799287 0.033199 0)
(-0.0925789 0.028997 0)
(-0.105398 0.020752 0)
(-0.117154 0.00707839 0)
(-0.125336 -0.0126486 0)
(-0.125969 -0.0367213 0)
(-0.115697 -0.0599305 0)
(-0.0942491 -0.0741958 0)
(-0.0627664 -0.0719742 0)
(-0.02635 -0.048676 0)
(0.00086809 -0.0121688 0)
(0.0035492 0.0103544 0)
(-0.00161905 0.017353 0)
(-0.00726359 0.0315656 0)
(-0.0158368 0.0372045 0)
(-0.0252028 0.0399689 0)
(-0.0351348 0.042114 0)
(-0.0458151 0.0442277 0)
(-0.0574776 0.0461557 0)
(-0.0704405 0.047373 0)
(-0.0851739 0.0471072 0)
(-0.102363 0.0442816 0)
(-0.122395 0.0370476 0)
(-0.143685 0.0222936 0)
(-0.161348 -0.00304689 0)
(-0.169158 -0.0377401 0)
(-0.163584 -0.0742874 0)
(-0.144169 -0.101649 0)
(-0.109638 -0.109823 0)
(-0.0615463 -0.0872961 0)
(-0.0103777 -0.0320663 0)
(0.00467219 0.0114938 0)
(-0.00144779 0.021403 0)
(-0.00673689 0.0389294 0)
(-0.0149468 0.0459549 0)
(-0.0240189 0.0495094 0)
(-0.033766 0.0524264 0)
(-0.0444724 0.0555531 0)
(-0.056578 0.058909 0)
(-0.0707411 0.0621651 0)
(-0.0879561 0.0647612 0)
(-0.109678 0.0655396 0)
(-0.136819 0.0613129 0)
(-0.166521 0.0456071 0)
(-0.190532 0.0121698 0)
(-0.201894 -0.0366859 0)
(-0.200837 -0.0885997 0)
(-0.187321 -0.131762 0)
(-0.157336 -0.156158 0)
(-0.107661 -0.143981 0)
(-0.0394786 -0.0777132 0)
(0.0035453 0.00459339 0)
(-0.00119725 0.0250308 0)
(-0.00590534 0.0457677 0)
(-0.0134447 0.0542272 0)
(-0.0218801 0.0586481 0)
(-0.0310368 0.0624746 0)
(-0.0412595 0.0669012 0)
(-0.0531418 0.0722498 0)
(-0.0675837 0.0785336 0)
(-0.0858595 0.0853897 0)
(-0.109705 0.090991 0)
(-0.139812 0.0895834 0)
(-0.171461 0.071 0)
(-0.194553 0.0282126 0)
(-0.204549 -0.0329056 0)
(-0.206981 -0.0971981 0)
(-0.201511 -0.154848 0)
(-0.183506 -0.198494 0)
(-0.14598 -0.208577 0)
(-0.083192 -0.153 0)
(-0.00524543 -0.017539 0)
(-0.000889042 0.0280748 0)
(-0.00483297 0.0518221 0)
(-0.0114269 0.0617107 0)
(-0.0188774 0.0670012 0)
(-0.0269684 0.0717529 0)
(-0.0360097 0.0775673 0)
(-0.0465907 0.0851361 0)
(-0.0595805 0.0948164 0)
(-0.0760657 0.106169 0)
(-0.0974196 0.116025 0)
(-0.123834 0.115885 0)
(-0.14998 0.0937322 0)
(-0.166908 0.0442734 0)
(-0.173379 -0.0234721 0)
(-0.177538 -0.0940055 0)
(-0.178617 -0.15977 0)
(-0.17429 -0.219124 0)
(-0.155443 -0.257906 0)
(-0.112453 -0.233007 0)
(-0.0248808 -0.0661765 0)
(-0.000554243 0.0304206 0)
(-0.00361178 0.0568827 0)
(-0.00904147 0.0681179 0)
(-0.0151893 0.0741641 0)
(-0.0217362 0.0796559 0)
(-0.0288428 0.0865988 0)
(-0.0368971 0.0960073 0)
(-0.0464463 0.108435 0)
(-0.0580709 0.123141 0)
(-0.0726664 0.135635 0)
(-0.0905636 0.13558 0)
(-0.107615 0.110651 0)
(-0.117777 0.0575638 0)
(-0.121702 -0.0127692 0)
(-0.125978 -0.0843362 0)
(-0.13105 -0.151116 0)
(-0.137125 -0.216647 0)
(-0.134366 -0.279423 0)
(-0.111807 -0.298291 0)
(-0.0373511 -0.154912 0)
(-0.000237109 0.0320219 0)
(-0.00237816 0.0608132 0)
(-0.00652495 0.0732132 0)
(-0.0111492 0.0797649 0)
(-0.0157892 0.0855976 0)
(-0.0203863 0.0930528 0)
(-0.0250229 0.103342 0)
(-0.0298051 0.117042 0)
(-0.0348093 0.133195 0)
(-0.0406915 0.146637 0)
(-0.0485394 0.146428 0)
(-0.0564586 0.120789 0)
(-0.0615818 0.0670061 0)
(-0.0652716 -0.00387065 0)
(-0.070905 -0.0750781 0)
(-0.0795104 -0.140288 0)
(-0.0930496 -0.204179 0)
(-0.101773 -0.278834 0)
(-0.0966349 -0.337565 0)
(-0.0306318 -0.242472 0)
(3.2103e-06 0.032935 0)
(-0.00132041 0.0636165 0)
(-0.00420854 0.0769112 0)
(-0.007236 0.0836041 0)
(-0.00981112 0.0892257 0)
(-0.0116683 0.0963695 0)
(-0.0126187 0.106342 0)
(-0.0123531 0.119543 0)
(-0.0105674 0.135186 0)
(-0.00781905 0.148399 0)
(-0.00570815 0.148808 0)
(-0.00480042 0.124829 0)
(-0.005818 0.0734387 0)
(-0.01026 0.00515081 0)
(-0.0185344 -0.0642479 0)
(-0.030335 -0.12665 0)
(-0.0502703 -0.186171 0)
(-0.0679529 -0.265647 0)
(-0.0793551 -0.355217 0)
(-0.0198919 -0.303031 0)
(9.85751e-05 0.0333294 0)
(-0.000656625 0.0653986 0)
(-0.00248891 0.0791665 0)
(-0.00402501 0.0855369 0)
(-0.00459493 0.0903693 0)
(-0.00379735 0.0963646 0)
(-0.00140743 0.104832 0)
(0.00325687 0.116184 0)
(0.0108635 0.129592 0)
(0.0209232 0.141271 0)
(0.031349 0.142681 0)
(0.0395883 0.122931 0)
(0.0432036 0.0775593 0)
(0.0403033 0.0151869 0)
(0.0301291 -0.0501229 0)
(0.0149643 -0.108139 0)
(-0.0114198 -0.161419 0)
(-0.0357574 -0.242243 0)
(-0.0633873 -0.360214 0)
(-0.0102103 -0.35212 0)
(-5.26086e-05 0.0335749 0)
(-0.00067347 0.0666452 0)
(-0.00179811 0.0804823 0)
(-0.00204873 0.0859869 0)
(-0.000849809 0.0893893 0)
(0.00220285 0.0935848 0)
(0.00749272 0.0997463 0)
(0.0155261 0.108296 0)
(0.026955 0.118309 0)
(0.0416963 0.12704 0)
(0.0577735 0.128314 0)
(0.071714 0.113441 0)
(0.0797133 0.0771172 0)
(0.0793778 0.0244975 0)
(0.0687842 -0.0339549 0)
(0.0513734 -0.0869386 0)
(0.01886 -0.133539 0)
(-0.00834954 -0.212533 0)
(-0.050272 -0.354547 0)
(-3.27914e-05 -0.389046 0)
(-0.000574841 0.0341218 0)
(-0.00171919 0.0675099 0)
(-0.00271758 0.080303 0)
(-0.00199917 0.0843268 0)
(0.000845025 0.0860126 0)
(0.00589238 0.0882072 0)
(0.0133546 0.0918866 0)
(0.0236112 0.0972107 0)
(0.0371219 0.103489 0)
(0.0538923 0.108737 0)
(0.0724786 0.108895 0)
(0.0896783 0.0979956 0)
(0.100941 0.0711301 0)
(0.103504 0.0303137 0)
(0.0939251 -0.0175073 0)
(0.0758964 -0.0626245 0)
(0.039909 -0.103136 0)
(0.0144837 -0.181365 0)
(-0.0404587 -0.348576 0)
(0.0102099 -0.422731 0)
(-0.00170547 0.0356603 0)
(-0.00406292 0.0699292 0)
(-0.00535689 0.0816754 0)
(-0.00389368 0.0831064 0)
(0.000375707 0.0820779 0)
(0.0070814 0.0816773 0)
(0.0161545 0.0826367 0)
(0.027761 0.0848586 0)
(0.0421367 0.0877044 0)
(0.0592001 0.0897755 0)
(0.077901 0.0885622 0)
(0.0958438 0.0803987 0)
(0.108705 0.061809 0)
(0.113428 0.0327351 0)
(0.1057 -0.00257141 0)
(0.0891187 -0.0381 0)
(0.053158 -0.0716863 0)
(0.0334259 -0.149106 0)
(-0.031579 -0.342107 0)
(0.0239534 -0.451666 0)
(-0.00386223 0.0428349 0)
(-0.0107103 0.0721455 0)
(-0.0130213 0.0770424 0)
(-0.00959261 0.0759189 0)
(-0.00276483 0.0735015 0)
(0.00606956 0.0716054 0)
(0.0166592 0.0707069 0)
(0.0292067 0.0706866 0)
(0.043863 0.0710977 0)
(0.0604704 0.0710144 0)
(0.0781674 0.0690509 0)
(0.0952699 0.0630705 0)
(0.108167 0.0513089 0)
(0.114371 0.0328182 0)
(0.10845 0.0101041 0)
(0.0945815 -0.0151288 0)
(0.0618486 -0.0441051 0)
(0.0490823 -0.124747 0)
(-0.0182633 -0.337 0)
(0.0454606 -0.469185 0)
(-0.00335369 0.0365175 0)
(-0.0100528 0.0843531 0)
(-0.0170243 0.0874563 0)
(-0.0152607 0.0783391 0)
(-0.00838343 0.0705884 0)
(0.00090179 0.06543 0)
(0.0122123 0.0617884 0)
(0.0255024 0.059139 0)
(0.0406653 0.0572173 0)
(0.0573273 0.0552383 0)
(0.0745333 0.0528044 0)
(0.0914473 0.0483892 0)
(0.104531 0.0418429 0)
(0.114035 0.0316245 0)
(0.111784 0.0194749 0)
(0.107003 0.0025236 0)
(0.0808305 -0.0249508 0)
(0.0752875 -0.110473 0)
(0.0194438 -0.313026 0)
(0.0857203 -0.446186 0)
(-0.0980059 0.0957847 0)
(-0.0735894 0.0763214 0)
(-0.0607368 0.0590988 0)
(-0.0349843 0.0515538 0)
(-0.0106868 0.0460259 0)
(0.0131907 0.0415884 0)
(0.0357869 0.038018 0)
(0.0591338 0.0350481 0)
(0.0808813 0.03302 0)
(0.104544 0.0310651 0)
(0.124469 0.0296986 0)
(0.147919 0.0275922 0)
(0.162512 0.025637 0)
(0.182696 0.0223089 0)
(0.184538 0.0180888 0)
(0.197894 0.00851699 0)
(0.174475 -0.0162077 0)
(0.181406 -0.0822958 0)
(0.135026 -0.227164 0)
(0.167216 -0.33938 0)
(0.135112 0.108936 0)
(0.170402 0.0861333 0)
(0.23003 0.0645038 0)
(0.285649 0.0505609 0)
(0.328868 0.0416457 0)
(0.367182 0.0349199 0)
(0.39683 0.0299993 0)
(0.427868 0.0256805 0)
(0.450115 0.0227157 0)
(0.478224 0.0196948 0)
(0.494572 0.0180066 0)
(0.521606 0.0156254 0)
(0.531428 0.0148339 0)
(0.557229 0.0126015 0)
(0.55632 0.0123732 0)
(0.575615 0.0084918 0)
(0.548648 0.00414868 0)
(0.539017 -0.0148185 0)
(0.43713 -0.0472638 0)
(0.338852 -0.0992178 0)
)
;

boundaryField
{
    movingWall
    {
        type            fixedValue;
        value           uniform (1 0 0);
    }
    fixedWalls
    {
        type            noSlip;
    }
    frontAndBack
    {
        type            empty;
    }
}


// ************************************************************************* //
