/*--------------------------------*- C++ -*----------------------------------*\
| =========                 |                                                 |
| \\      /  F ield         | OpenFOAM: The Open Source CFD Toolbox           |
|  \\    /   O peration     | Version:  2212                                  |
|   \\  /    A nd           | Website:  www.openfoam.com                      |
|    \\/     M anipulation  |                                                 |
\*---------------------------------------------------------------------------*/
FoamFile
{
    version     2.0;
    format      ascii;
    arch        "LSB;label=32;scalar=64";
    class       volVectorField;
    location    "4.66";
    object      U;
}
// * * * * * * * * * * * * * * * * * * * * * * * * * * * * * * * * * * * * * //

dimensions      [0 1 -1 0 0 0 0];

internalField   nonuniform List<vector> 
400
(
(0.00166964 -0.00167319 0)
(0.00479917 -0.001879 0)
(0.0065292 -0.00119319 0)
(0.00560631 -0.000570002 0)
(0.00151071 0.000188601 0)
(-0.00686175 0.00173829 0)
(-0.020582 0.00476517 0)
(-0.0394291 0.00868941 0)
(-0.0606131 0.0112405 0)
(-0.0788947 0.0104823 0)
(-0.0895807 0.00677383 0)
(-0.0902876 0.0016913 0)
(-0.0801454 -0.00357707 0)
(-0.06002 -0.00823029 0)
(-0.0336476 -0.0108094 0)
(-0.00548777 -0.0097776 0)
(0.0165117 -0.00479809 0)
(0.0243059 0.00273846 0)
(0.0161063 0.00643568 0)
(0.00430465 0.00469877 0)
(0.00169786 -0.00501878 0)
(0.00310003 -0.00398265 0)
(-0.000498676 0.000608789 0)
(-0.0113865 0.0064328 0)
(-0.0314031 0.0140025 0)
(-0.0609909 0.0236696 0)
(-0.096533 0.032908 0)
(-0.131026 0.0369403 0)
(-0.158474 0.0334149 0)
(-0.175596 0.0233704 0)
(-0.18098 0.00914952 0)
(-0.174678 -0.0068916 0)
(-0.157262 -0.0230317 0)
(-0.129468 -0.0367573 0)
(-0.0935528 -0.0444286 0)
(-0.0522505 -0.0417605 0)
(-0.0115362 -0.0263526 0)
(0.0167249 -0.00137817 0)
(0.0177783 0.0161165 0)
(0.0055258 0.0147588 0)
(-0.000261003 -0.00569306 0)
(-0.00542104 0.000877142 0)
(-0.0196222 0.0142901 0)
(-0.0444202 0.0311263 0)
(-0.0800917 0.0492347 0)
(-0.121769 0.0640413 0)
(-0.161762 0.0702634 0)
(-0.194578 0.0658025 0)
(-0.218108 0.0520579 0)
(-0.231757 0.0315111 0)
(-0.235536 0.00650569 0)
(-0.230104 -0.0209229 0)
(-0.215773 -0.0486059 0)
(-0.192038 -0.0729263 0)
(-0.158631 -0.0887485 0)
(-0.115515 -0.0890374 0)
(-0.0644947 -0.0669803 0)
(-0.0138936 -0.0227944 0)
(0.00942366 0.0177479 0)
(0.0041535 0.0234808 0)
(-0.00347125 0.000554107 0)
(-0.0174822 0.0172784 0)
(-0.0433928 0.041379 0)
(-0.0793954 0.0679141 0)
(-0.12247 0.0907674 0)
(-0.165182 0.103421 0)
(-0.201118 0.102519 0)
(-0.228341 0.0893802 0)
(-0.247113 0.067158 0)
(-0.258039 0.0385545 0)
(-0.261957 0.00544432 0)
(-0.259669 -0.0308428 0)
(-0.251112 -0.0680657 0)
(-0.235239 -0.103286 0)
(-0.210058 -0.131034 0)
(-0.172866 -0.142513 0)
(-0.121109 -0.125552 0)
(-0.0567615 -0.0708712 0)
(-0.00103245 0.00337775 0)
(0.00474027 0.0281161 0)
(-0.00663882 0.0148412 0)
(-0.0286162 0.0440401 0)
(-0.063024 0.0768091 0)
(-0.103998 0.108455 0)
(-0.146619 0.130652 0)
(-0.183763 0.137643 0)
(-0.211984 0.129024 0)
(-0.231672 0.108381 0)
(-0.244118 0.0795778 0)
(-0.251052 0.0453999 0)
(-0.254164 0.00738236 0)
(-0.254381 -0.0336699 0)
(-0.251479 -0.0766025 0)
(-0.244902 -0.120102 0)
(-0.231836 -0.160204 0)
(-0.207659 -0.18846 0)
(-0.166331 -0.189543 0)
(-0.103176 -0.142673 0)
(-0.0221785 -0.0389659 0)
(0.00734858 0.0269542 0)
(-0.00846653 0.034832 0)
(-0.035 0.0764162 0)
(-0.0727285 0.11449 0)
(-0.112699 0.147064 0)
(-0.149787 0.165331 0)
(-0.17852 0.1653 0)
(-0.197936 0.14918 0)
(-0.209579 0.122048 0)
(-0.215437 0.0882516 0)
(-0.217996 0.0507777 0)
(-0.219234 0.011091 0)
(-0.220161 -0.0303945 0)
(-0.220978 -0.0741608 0)
(-0.221775 -0.120597 0)
(-0.22035 -0.168487 0)
(-0.211598 -0.212343 0)
(-0.187432 -0.237963 0)
(-0.139266 -0.218083 0)
(-0.0626541 -0.118771 0)
(0.00579034 0.0140941 0)
(-0.00823939 0.0568374 0)
(-0.0351347 0.109623 0)
(-0.0714351 0.149863 0)
(-0.106491 0.180394 0)
(-0.135978 0.193047 0)
(-0.15627 0.1857 0)
(-0.168067 0.162631 0)
(-0.173479 0.129977 0)
(-0.174923 0.0925104 0)
(-0.17491 0.0532507 0)
(-0.174965 0.013436 0)
(-0.175777 -0.0268933 0)
(-0.177895 -0.0688957 0)
(-0.181854 -0.11387 0)
(-0.18699 -0.162941 0)
(-0.189648 -0.214954 0)
(-0.181919 -0.260908 0)
(-0.153808 -0.274551 0)
(-0.0990569 -0.205484 0)
(-0.0088927 -0.0146921 0)
(-0.00608789 0.0772998 0)
(-0.0295964 0.140013 0)
(-0.061051 0.180446 0)
(-0.0893632 0.207414 0)
(-0.111248 0.21398 0)
(-0.12468 0.199707 0)
(-0.131246 0.170563 0)
(-0.13325 0.133524 0)
(-0.133155 0.0935926 0)
(-0.132922 0.053493 0)
(-0.133252 0.0139472 0)
(-0.134337 -0.0254258 0)
(-0.13664 -0.0656701 0)
(-0.140852 -0.108037 0)
(-0.147574 -0.15453 0)
(-0.155466 -0.207512 0)
(-0.158514 -0.264999 0)
(-0.146336 -0.307381 0)
(-0.111928 -0.276608 0)
(-0.030839 -0.0751764 0)
(-0.00269988 0.0931985 0)
(-0.020265 0.16496 0)
(-0.0448498 0.204706 0)
(-0.0659177 0.227564 0)
(-0.0810857 0.228512 0)
(-0.0894824 0.208575 0)
(-0.0929953 0.174894 0)
(-0.0937629 0.134964 0)
(-0.0938913 0.0938031 0)
(-0.094565 0.0536568 0)
(-0.0958415 0.0146179 0)
(-0.0976309 -0.0241107 0)
(-0.100109 -0.0633326 0)
(-0.103785 -0.103772 0)
(-0.109805 -0.147093 0)
(-0.11889 -0.197267 0)
(-0.127851 -0.258716 0)
(-0.126198 -0.32259 0)
(-0.107223 -0.333999 0)
(-0.0372303 -0.162915 0)
(0.0012223 0.102258 0)
(-0.00885697 0.182686 0)
(-0.0254512 0.222159 0)
(-0.0393595 0.241653 0)
(-0.0487664 0.238403 0)
(-0.0535667 0.21447 0)
(-0.0554405 0.177769 0)
(-0.0560397 0.136166 0)
(-0.0568901 0.094603 0)
(-0.0585471 0.0547929 0)
(-0.0607867 0.0162713 0)
(-0.0634621 -0.0220356 0)
(-0.0665695 -0.0608035 0)
(-0.0702965 -0.100299 0)
(-0.0755849 -0.141266 0)
(-0.0840152 -0.187411 0)
(-0.0956677 -0.247087 0)
(-0.10044 -0.323362 0)
(-0.0950133 -0.371408 0)
(-0.0308649 -0.241904 0)
(0.0050873 0.103391 0)
(0.00296003 0.192212 0)
(-0.00532853 0.232585 0)
(-0.0123942 0.249621 0)
(-0.0167443 0.243519 0)
(-0.0185902 0.217335 0)
(-0.0192241 0.17932 0)
(-0.0196903 0.137334 0)
(-0.0209353 0.0960731 0)
(-0.0231351 0.0568689 0)
(-0.0259979 0.0189808 0)
(-0.0294565 -0.0187592 0)
(-0.0335281 -0.0570688 0)
(-0.0381655 -0.0960585 0)
(-0.0439256 -0.135709 0)
(-0.0520673 -0.178499 0)
(-0.0654996 -0.234209 0)
(-0.0741311 -0.317037 0)
(-0.0811264 -0.39586 0)
(-0.0229181 -0.306377 0)
(0.00838707 0.0969474 0)
(0.0141291 0.193182 0)
(0.0140188 0.236081 0)
(0.0136306 0.252375 0)
(0.0142551 0.245272 0)
(0.015454 0.218591 0)
(0.0163193 0.180588 0)
(0.016379 0.138966 0)
(0.0152371 0.0982228 0)
(0.0129473 0.0596287 0)
(0.00977743 0.0224751 0)
(0.00569185 -0.014404 0)
(0.000546258 -0.0518483 0)
(-0.00552805 -0.090011 0)
(-0.0129394 -0.128565 0)
(-0.0218764 -0.16859 0)
(-0.0376412 -0.219151 0)
(-0.0487799 -0.303354 0)
(-0.0679227 -0.407627 0)
(-0.0144688 -0.359253 0)
(0.0102248 0.0840681 0)
(0.0232332 0.185624 0)
(0.0308519 0.232223 0)
(0.0367441 0.248933 0)
(0.042368 0.242065 0)
(0.0472845 0.21631 0)
(0.0506807 0.179603 0)
(0.0523096 0.1393 0)
(0.0521238 0.0997315 0)
(0.0503404 0.0622341 0)
(0.0472016 0.0262824 0)
(0.0426121 -0.00922892 0)
(0.0363971 -0.0452302 0)
(0.0286629 -0.0819423 0)
(0.018627 -0.119027 0)
(0.00739534 -0.156766 0)
(-0.0119461 -0.202832 0)
(-0.0244261 -0.285336 0)
(-0.0559392 -0.410173 0)
(-0.00616953 -0.401156 0)
(0.00976553 0.0669771 0)
(0.0287714 0.169923 0)
(0.0439987 0.221208 0)
(0.0564583 0.240162 0)
(0.0676726 0.235195 0)
(0.0772811 0.21186 0)
(0.0844202 0.177632 0)
(0.0887865 0.139403 0)
(0.0904602 0.10143 0)
(0.0897547 0.0652786 0)
(0.0870078 0.030797 0)
(0.0819786 -0.00304691 0)
(0.0745306 -0.0368648 0)
(0.0649376 -0.071265 0)
(0.0518466 -0.10607 0)
(0.0370692 -0.141202 0)
(0.0127887 -0.182733 0)
(-0.000225085 -0.262146 0)
(-0.0449558 -0.405952 0)
(0.00271214 -0.435642 0)
(0.00684693 0.0493229 0)
(0.029075 0.148374 0)
(0.0506682 0.202743 0)
(0.0694211 0.223499 0)
(0.0867813 0.220592 0)
(0.102362 0.200462 0)
(0.114916 0.169942 0)
(0.123761 0.135171 0)
(0.128816 0.100153 0)
(0.130341 0.0665796 0)
(0.128612 0.0346881 0)
(0.12369 0.00364812 0)
(0.115106 -0.0268911 0)
(0.103483 -0.0577984 0)
(0.0865843 -0.0891404 0)
(0.067591 -0.121553 0)
(0.0377572 -0.159474 0)
(0.0234939 -0.236151 0)
(-0.0346385 -0.398305 0)
(0.0133944 -0.463955 0)
(0.00235493 0.0347024 0)
(0.023389 0.123528 0)
(0.0504936 0.179239 0)
(0.0760499 0.20205 0)
(0.100556 0.20167 0)
(0.123285 0.185284 0)
(0.142588 0.159296 0)
(0.157251 0.128979 0)
(0.166861 0.0979472 0)
(0.171643 0.0678983 0)
(0.171551 0.0394173 0)
(0.167308 0.0120823 0)
(0.157532 -0.0144713 0)
(0.143913 -0.040993 0)
(0.122817 -0.067796 0)
(0.0995013 -0.0964299 0)
(0.0639184 -0.131561 0)
(0.0466084 -0.206655 0)
(-0.022939 -0.386637 0)
(0.0284184 -0.485254 0)
(-0.00340595 0.0288013 0)
(0.0098937 0.101357 0)
(0.0366981 0.148191 0)
(0.0683567 0.168757 0)
(0.101057 0.169898 0)
(0.132588 0.157613 0)
(0.160403 0.137238 0)
(0.182776 0.112939 0)
(0.198676 0.0877936 0)
(0.208472 0.0633291 0)
(0.211328 0.0402884 0)
(0.209038 0.0185328 0)
(0.198841 -0.00230907 0)
(0.184325 -0.0227376 0)
(0.159722 -0.0432354 0)
(0.133355 -0.0668944 0)
(0.0921436 -0.100826 0)
(0.0694859 -0.17937 0)
(-0.00458696 -0.369775 0)
(0.0520523 -0.491493 0)
(-0.0138869 0.0187001 0)
(-0.00750147 0.0882101 0)
(0.0189712 0.123951 0)
(0.0559608 0.136884 0)
(0.0968646 0.136376 0)
(0.137004 0.127172 0)
(0.173031 0.112547 0)
(0.202666 0.0948389 0)
(0.224396 0.0764707 0)
(0.239347 0.0584472 0)
(0.24532 0.0417281 0)
(0.24621 0.0261869 0)
(0.23696 0.0119916 0)
(0.225251 -0.00167402 0)
(0.200484 -0.0155985 0)
(0.176789 -0.0344843 0)
(0.132773 -0.0672626 0)
(0.10744 -0.14569 0)
(0.0372927 -0.326082 0)
(0.092295 -0.455857 0)
(-0.105931 0.0825467 0)
(-0.0776829 0.0690974 0)
(-0.0485945 0.0732822 0)
(0.0035658 0.07768 0)
(0.0568509 0.0779429 0)
(0.109346 0.0736553 0)
(0.156294 0.0663364 0)
(0.198446 0.0569724 0)
(0.230404 0.0473617 0)
(0.258431 0.0377783 0)
(0.274116 0.0291992 0)
(0.289263 0.0212927 0)
(0.289701 0.0146169 0)
(0.29393 0.00829017 0)
(0.277855 0.00137877 0)
(0.270869 -0.00976126 0)
(0.231793 -0.035348 0)
(0.217903 -0.0953224 0)
(0.150165 -0.229723 0)
(0.170665 -0.341479 0)
(0.130018 0.103778 0)
(0.158424 0.0753216 0)
(0.212332 0.0533339 0)
(0.270833 0.0417064 0)
(0.323336 0.0359666 0)
(0.375652 0.0319754 0)
(0.420107 0.0289283 0)
(0.465281 0.0255861 0)
(0.498259 0.0229112 0)
(0.533419 0.0197251 0)
(0.552813 0.0175736 0)
(0.57862 0.0146458 0)
(0.584801 0.0132136 0)
(0.603223 0.0104037 0)
(0.594762 0.00944869 0)
(0.603399 0.00505816 0)
(0.567725 0.000136524 0)
(0.547684 -0.0182877 0)
(0.435828 -0.0504136 0)
(0.33682 -0.101399 0)
)
;

boundaryField
{
    movingWall
    {
        type            fixedValue;
        value           uniform (1 0 0);
    }
    fixedWalls
    {
        type            noSlip;
    }
    frontAndBack
    {
        type            empty;
    }
}


// ************************************************************************* //
