/*--------------------------------*- C++ -*----------------------------------*\
| =========                 |                                                 |
| \\      /  F ield         | OpenFOAM: The Open Source CFD Toolbox           |
|  \\    /   O peration     | Version:  2212                                  |
|   \\  /    A nd           | Website:  www.openfoam.com                      |
|    \\/     M anipulation  |                                                 |
\*---------------------------------------------------------------------------*/
FoamFile
{
    version     2.0;
    format      ascii;
    arch        "LSB;label=32;scalar=64";
    class       surfaceScalarField;
    location    "4.695";
    object      phi;
}
// * * * * * * * * * * * * * * * * * * * * * * * * * * * * * * * * * * * * * //

dimensions      [0 3 -1 0 0 0 0];

oriented        oriented;

internalField   nonuniform List<scalar> 
760
(
1.54895e-07
-1.54936e-07
2.91073e-07
-1.36178e-07
3.06827e-07
-1.57543e-08
1.80581e-07
1.26247e-07
-1.22589e-07
3.0317e-07
-6.66145e-07
5.43556e-07
-1.48194e-06
8.15795e-07
-2.48343e-06
1.00149e-06
-3.46981e-06
9.86384e-07
-4.20885e-06
7.39034e-07
-4.53366e-06
3.24807e-07
-4.347e-06
-1.86658e-07
-3.59221e-06
-7.54789e-07
-2.3829e-06
-1.20931e-06
-9.48477e-07
-1.43442e-06
3.3696e-07
-1.28544e-06
1.08069e-06
-7.43734e-07
1.02781e-06
5.28858e-08
4.59201e-07
5.68607e-07
4.59202e-07
1.23009e-07
-2.77945e-07
7.09475e-08
-8.41162e-08
-3.00331e-07
3.55524e-07
-1.07958e-06
9.05492e-07
-2.3115e-06
1.5351e-06
-3.91617e-06
2.14822e-06
-5.64455e-06
2.54418e-06
-7.18478e-06
2.54172e-06
-8.31266e-06
2.11427e-06
-8.91829e-06
1.34466e-06
-8.9545e-06
3.61021e-07
-8.39854e-06
-7.4262e-07
-7.28157e-06
-1.87176e-06
-5.63639e-06
-2.85448e-06
-3.60643e-06
-3.46439e-06
-1.49555e-06
-3.39632e-06
1.70779e-07
-2.41006e-06
8.52996e-07
-6.29331e-07
5.23382e-07
8.98221e-07
9.82584e-07
-1.29111e-07
-1.48833e-07
-6.35202e-07
4.21976e-07
-1.62301e-06
1.34333e-06
-3.13319e-06
2.41568e-06
-5.04097e-06
3.44287e-06
-7.04886e-06
4.15611e-06
-8.84285e-06
4.33817e-06
-1.0243e-05
3.94184e-06
-1.11973e-05
3.06862e-06
-1.16982e-05
1.84554e-06
-1.16943e-05
3.57123e-07
-1.12385e-05
-1.19842e-06
-1.03107e-05
-2.79958e-06
-8.85647e-06
-4.3087e-06
-6.85569e-06
-5.46517e-06
-4.39697e-06
-5.85504e-06
-1.8787e-06
-4.92833e-06
-8.92201e-08
-2.41881e-06
2.9354e-07
5.1546e-07
1.27612e-06
-4.99785e-07
3.50951e-07
-1.55611e-06
1.4783e-06
-3.10918e-06
2.8964e-06
-5.06237e-06
4.36887e-06
-7.15734e-06
5.53784e-06
-9.08784e-06
6.08661e-06
-1.0652e-05
5.90237e-06
-1.18071e-05
5.09689e-06
-1.25809e-05
3.84247e-06
-1.30084e-05
2.27304e-06
-1.30749e-05
4.23595e-07
-1.28381e-05
-1.43525e-06
-1.22598e-05
-3.37789e-06
-1.1238e-05
-5.33043e-06
-9.64176e-06
-7.06144e-06
-7.3462e-06
-8.15059e-06
-4.38959e-06
-7.88495e-06
-1.37737e-06
-5.43102e-06
1.19562e-07
-9.81474e-07
1.39569e-06
-8.58668e-07
1.20962e-06
-2.35213e-06
2.97177e-06
-4.21469e-06
4.75895e-06
-6.25279e-06
6.40698e-06
-8.18694e-06
7.47199e-06
-9.79512e-06
7.69478e-06
-1.10003e-05
7.10753e-06
-1.18287e-05
5.92528e-06
-1.23422e-05
4.35601e-06
-1.26139e-05
2.54475e-06
-1.27346e-05
5.44215e-07
-1.26915e-05
-1.4783e-06
-1.24754e-05
-3.59399e-06
-1.20068e-05
-5.79904e-06
-1.1099e-05
-7.96921e-06
-9.46413e-06
-9.78549e-06
-6.80336e-06
-1.05457e-05
-3.21563e-06
-9.01875e-06
-2.61969e-07
-3.93514e-06
1.13372e-06
-1.08149e-06
2.29111e-06
-2.77092e-06
4.6612e-06
-4.65563e-06
6.64366e-06
-6.50504e-06
8.25639e-06
-8.09577e-06
9.06273e-06
-9.29673e-06
8.89574e-06
-1.01033e-05
7.91408e-06
-1.05803e-05
6.40228e-06
-1.08182e-05
4.59396e-06
-1.09175e-05
2.64399e-06
-1.09997e-05
6.26436e-07
-1.10527e-05
-1.42524e-06
-1.1092e-05
-3.55477e-06
-1.10876e-05
-5.80336e-06
-1.08854e-05
-8.17149e-06
-1.01574e-05
-1.05134e-05
-8.41004e-06
-1.22931e-05
-5.22898e-06
-1.21998e-05
-1.15623e-06
-8.00789e-06
-2.25089e-08
-1.10437e-06
3.39547e-06
-2.74386e-06
6.30069e-06
-4.43335e-06
8.33315e-06
-5.96172e-06
9.78476e-06
-7.16925e-06
1.02703e-05
-7.99308e-06
9.71957e-06
-8.47024e-06
8.39124e-06
-8.68754e-06
6.61958e-06
-8.74892e-06
4.65534e-06
-8.75223e-06
2.64729e-06
-8.78098e-06
6.55185e-07
-8.85435e-06
-1.35187e-06
-8.992e-06
-3.41712e-06
-9.20489e-06
-5.59047e-06
-9.43529e-06
-7.94109e-06
-9.45052e-06
-1.04982e-05
-8.73098e-06
-1.30126e-05
-6.5205e-06
-1.44103e-05
-2.41667e-06
-1.21117e-05
-2.43918e-06
-9.29983e-07
4.32546e-06
-2.33435e-06
7.70506e-06
-3.71494e-06
9.71374e-06
-4.8884e-06
1.09582e-05
-5.75369e-06
1.11356e-05
-6.29335e-06
1.02592e-05
-6.56392e-06
8.66181e-06
-6.65636e-06
6.71202e-06
-6.66738e-06
4.66636e-06
-6.67096e-06
2.65088e-06
-6.7039e-06
6.88119e-07
-6.78368e-06
-1.27209e-06
-6.93153e-06
-3.26926e-06
-7.17786e-06
-5.34414e-06
-7.53896e-06
-7.57999e-06
-7.92219e-06
-1.0115e-05
-7.91603e-06
-1.30188e-05
-6.70284e-06
-1.56235e-05
-3.57645e-06
-1.52381e-05
-6.01562e-06
-6.20838e-07
4.9463e-06
-1.67799e-06
8.76221e-06
-2.70637e-06
1.07421e-05
-3.54122e-06
1.17931e-05
-4.12673e-06
1.17211e-05
-4.47253e-06
1.0605e-05
-4.6371e-06
8.82638e-06
-4.69899e-06
6.77391e-06
-4.73112e-06
4.69849e-06
-4.77792e-06
2.69767e-06
-4.84996e-06
7.60161e-07
-4.95402e-06
-1.16803e-06
-5.10027e-06
-3.12302e-06
-5.31755e-06
-5.12687e-06
-5.66079e-06
-7.23674e-06
-6.14238e-06
-9.63339e-06
-6.54185e-06
-1.26193e-05
-6.11696e-06
-1.60484e-05
-3.91584e-06
-1.74392e-05
-9.93146e-06
-2.30507e-07
5.1768e-06
-8.87765e-07
9.41946e-06
-1.55626e-06
1.14106e-05
-2.08302e-06
1.23198e-05
-2.44e-06
1.2078e-05
-2.65119e-06
1.08162e-05
-2.76469e-06
8.93988e-06
-2.83391e-06
6.84312e-06
-2.904e-06
4.76858e-06
-2.99739e-06
2.79107e-06
-3.11698e-06
8.79748e-07
-3.2626e-06
-1.0224e-06
-3.43466e-06
-2.95096e-06
-3.64575e-06
-4.91577e-06
-3.9473e-06
-6.9352e-06
-4.42109e-06
-9.1596e-06
-5.01248e-06
-1.20279e-05
-5.11701e-06
-1.59438e-05
-3.5539e-06
-1.90023e-05
-1.34854e-05
1.63379e-07
5.01342e-06
-6.87206e-08
9.65156e-06
-4.00043e-07
1.17419e-05
-6.49551e-07
1.25693e-05
-8.02909e-07
1.22314e-05
-8.9112e-07
1.09044e-05
-9.53699e-07
9.00246e-06
-1.02268e-06
6.91211e-06
-1.11483e-06
4.86074e-06
-1.23791e-06
2.91414e-06
-1.39425e-06
1.03609e-06
-1.58603e-06
-8.30621e-07
-1.81209e-06
-2.7249e-06
-2.07074e-06
-4.65712e-06
-2.3902e-06
-6.61574e-06
-2.86347e-06
-8.68632e-06
-3.55362e-06
-1.13378e-05
-4.02226e-06
-1.54752e-05
-3.02373e-06
-2.00009e-05
-1.65091e-05
4.99074e-07
4.51435e-06
6.96473e-07
9.45417e-06
7.39613e-07
1.16988e-05
7.75349e-07
1.25336e-05
8.20561e-07
1.21862e-05
8.49708e-07
1.08753e-05
8.42839e-07
9.00933e-06
7.9162e-07
6.96333e-06
6.97454e-07
4.9549e-06
5.62323e-07
3.04927e-06
3.81507e-07
1.21691e-06
1.48789e-07
-5.97903e-07
-1.3785e-07
-2.43826e-06
-4.85032e-07
-4.30994e-06
-8.97676e-07
-6.2031e-06
-1.42134e-06
-8.16266e-06
-2.20327e-06
-1.05559e-05
-2.95506e-06
-1.47234e-05
-2.46158e-06
-2.04943e-05
-1.89707e-05
7.53421e-07
3.76093e-06
1.34939e-06
8.85819e-06
1.74121e-06
1.1307e-05
2.07004e-06
1.22048e-05
2.34277e-06
1.19135e-05
2.52881e-06
1.06893e-05
2.61963e-06
8.9185e-06
2.62599e-06
6.95697e-06
2.56236e-06
5.01854e-06
2.43622e-06
3.17541e-06
2.24075e-06
1.41238e-06
1.96199e-06
-3.19147e-07
1.59961e-06
-2.07588e-06
1.14856e-06
-3.85889e-06
6.03924e-07
-5.65846e-06
-8.68981e-08
-7.47184e-06
-9.60879e-07
-9.68188e-06
-1.92406e-06
-1.37602e-05
-1.92755e-06
-2.04909e-05
-2.08982e-05
8.67375e-07
2.89355e-06
1.80402e-06
7.92155e-06
2.54396e-06
1.05671e-05
3.1836e-06
1.15651e-05
3.73019e-06
1.13669e-05
4.14011e-06
1.02793e-05
4.39715e-06
8.66146e-06
4.51534e-06
6.83878e-06
4.51819e-06
5.01568e-06
4.42154e-06
3.27206e-06
4.22381e-06
1.61011e-06
3.89535e-06
9.31528e-09
3.45227e-06
-1.6328e-06
2.87104e-06
-3.27766e-06
2.1518e-06
-4.93921e-06
1.31203e-06
-6.63207e-06
2.60018e-07
-8.62986e-06
-9.64773e-07
-1.25354e-05
-1.43036e-06
-2.00253e-05
-2.23286e-05
8.03283e-07
2.09027e-06
1.94732e-06
6.77751e-06
2.98746e-06
9.52691e-06
3.95896e-06
1.05936e-05
4.83446e-06
1.04914e-05
5.54767e-06
9.56613e-06
6.05919e-06
8.14994e-06
6.37205e-06
6.52592e-06
6.50769e-06
4.88004e-06
6.485e-06
3.29475e-06
6.30333e-06
1.79178e-06
5.95814e-06
3.5451e-07
5.42002e-06
-1.09469e-06
4.69376e-06
-2.55139e-06
3.77135e-06
-4.0168e-06
2.68115e-06
-5.54188e-06
1.3813e-06
-7.33001e-06
-1.59525e-07
-1.09946e-05
-9.16904e-07
-1.92679e-05
-2.32455e-05
5.75287e-07
1.51498e-06
1.75332e-06
5.59948e-06
3.0887e-06
8.19154e-06
4.43718e-06
9.24512e-06
5.70136e-06
9.2272e-06
6.78253e-06
8.48496e-06
7.61514e-06
7.31733e-06
8.18657e-06
5.9545e-06
8.50963e-06
4.55699e-06
8.60181e-06
3.20256e-06
8.47023e-06
1.92337e-06
8.11263e-06
7.12102e-07
7.48546e-06
-4.67514e-07
6.60535e-06
-1.67128e-06
5.45933e-06
-2.87078e-06
4.08828e-06
-4.17083e-06
2.56232e-06
-5.80405e-06
9.50001e-07
-9.38228e-06
-1.47664e-07
-1.81702e-05
-2.33932e-05
1.50845e-07
1.36414e-06
1.03522e-06
4.7151e-06
2.50925e-06
6.71751e-06
4.22825e-06
7.52612e-06
5.94759e-06
7.50786e-06
7.47988e-06
6.95267e-06
8.72239e-06
6.07482e-06
9.64546e-06
5.03142e-06
1.02444e-05
3.95801e-06
1.05315e-05
2.91549e-06
1.05129e-05
1.94197e-06
1.01946e-05
1.03041e-06
9.53277e-06
1.94324e-07
8.54599e-06
-6.84505e-07
7.22645e-06
-1.55125e-06
5.62502e-06
-2.56939e-06
3.901e-06
-4.08003e-06
2.23434e-06
-7.71562e-06
6.50686e-07
-1.65866e-05
-2.27425e-05
-5.1636e-07
1.8805e-06
1.99164e-07
3.99958e-06
1.7514e-06
5.16527e-06
3.81142e-06
5.4661e-06
5.96362e-06
5.35566e-06
7.92211e-06
4.99419e-06
9.55035e-06
4.44657e-06
1.08071e-05
3.77463e-06
1.16751e-05
3.09002e-06
1.21712e-05
2.41945e-06
1.22994e-05
1.8137e-06
1.20801e-05
1.24974e-06
1.15357e-05
7.38756e-07
1.06391e-05
2.12048e-07
9.39459e-06
-3.06715e-07
7.87287e-06
-1.04768e-06
6.25969e-06
-2.46685e-06
4.45254e-06
-5.90847e-06
2.05387e-06
-1.41879e-05
-2.06886e-05
-4.17838e-06
6.05888e-06
-3.64162e-06
3.46282e-06
-1.24885e-06
2.7725e-06
1.54657e-06
2.67068e-06
4.28294e-06
2.61929e-06
6.81445e-06
2.46267e-06
9.02845e-06
2.23258e-06
1.08651e-05
1.938e-06
1.23064e-05
1.64872e-06
1.33796e-05
1.34626e-06
1.41019e-05
1.09138e-06
1.45179e-05
8.33709e-07
1.46159e-05
6.40739e-07
1.44058e-05
4.22143e-07
1.38802e-05
2.18966e-07
1.30543e-05
-2.21767e-07
1.19176e-05
-1.33024e-06
1.01104e-05
-4.10123e-06
5.63706e-06
-9.71456e-06
-1.50515e-05
6.05888e-06
9.5217e-06
1.22942e-05
1.49649e-05
1.75842e-05
2.00468e-05
2.22794e-05
2.42174e-05
2.58661e-05
2.72124e-05
2.83038e-05
2.91375e-05
2.97782e-05
3.02004e-05
3.04193e-05
3.01976e-05
2.88673e-05
2.47661e-05
1.50515e-05
)
;

boundaryField
{
    movingWall
    {
        type            calculated;
        value           uniform 0;
    }
    fixedWalls
    {
        type            calculated;
        value           uniform 0;
    }
    frontAndBack
    {
        type            empty;
        value           nonuniform List<scalar> 0();
    }
}


// ************************************************************************* //
