/*--------------------------------*- C++ -*----------------------------------*\
| =========                 |                                                 |
| \\      /  F ield         | OpenFOAM: The Open Source CFD Toolbox           |
|  \\    /   O peration     | Version:  2212                                  |
|   \\  /    A nd           | Website:  www.openfoam.com                      |
|    \\/     M anipulation  |                                                 |
\*---------------------------------------------------------------------------*/
FoamFile
{
    version     2.0;
    format      ascii;
    arch        "LSB;label=32;scalar=64";
    class       volScalarField;
    location    "1.74";
    object      p;
}
// * * * * * * * * * * * * * * * * * * * * * * * * * * * * * * * * * * * * * //

dimensions      [0 2 -2 0 0 0 0];

internalField   nonuniform List<scalar> 
400
(
-1.42483e-08
-0.000116117
-0.000354452
-0.000692645
-0.00111821
-0.00159361
-0.00203378
-0.00228942
-0.00219686
-0.00162113
-0.000474009
0.00124168
0.0033349
0.00520564
0.00621087
0.0060185
0.00473831
0.00335096
0.00247672
0.00235531
0.000114972
-1.65977e-05
-0.00020199
-0.000457731
-0.000782344
-0.00118264
-0.00164992
-0.00210322
-0.00235378
-0.00214653
-0.00126972
0.000306455
0.00228448
0.0041479
0.00524574
0.00519006
0.0041298
0.00277777
0.00208384
0.00207227
0.000356919
0.000185187
-1.04718e-05
-0.000304405
-0.000769978
-0.00148167
-0.00244388
-0.00352123
-0.00442484
-0.00477581
-0.00426686
-0.00287119
-0.000855209
0.00131088
0.0029781
0.00359632
0.00311002
0.00210615
0.00127415
0.00118269
0.000611874
0.000364838
9.02901e-05
-0.00041697
-0.00133243
-0.00277851
-0.00470355
-0.00682483
-0.00870356
-0.00986888
-0.00997512
-0.00897402
-0.0070375
-0.0044968
-0.00190183
0.000118648
0.00111032
0.00107537
0.000433548
-0.000156303
0.000629927
0.000294134
-0.000167576
-0.00112077
-0.0028279
-0.00538322
-0.0085887
-0.0119677
-0.0149519
-0.0170528
-0.0179534
-0.0175213
-0.0158123
-0.0130246
-0.00951992
-0.00584375
-0.00271478
-0.00082259
-0.000469726
-0.00203382
0.000164972
-0.000286031
-0.00105046
-0.00264845
-0.00537201
-0.00920384
-0.0137157
-0.0182237
-0.0220871
-0.0248731
-0.0263592
-0.0264228
-0.0250562
-0.0223795
-0.0185278
-0.0137268
-0.00854711
-0.00420811
-0.00236493
-0.00432691
-0.000947415
-0.00153104
-0.00266728
-0.00498465
-0.00872695
-0.0137023
-0.01923
-0.0244719
-0.0287902
-0.0318488
-0.03354
-0.0338457
-0.0327907
-0.030453
-0.0268307
-0.0218265
-0.0155613
-0.00916423
-0.00539134
-0.0058209
-0.00269888
-0.0034041
-0.0049007
-0.00785061
-0.0124034
-0.0181891
-0.0243228
-0.029896
-0.0343389
-0.0374282
-0.0391401
-0.0395215
-0.0386494
-0.0366066
-0.033386
-0.0287731
-0.0224933
-0.0150332
-0.00894189
-0.00617749
-0.00489155
-0.00566719
-0.00744062
-0.0108285
-0.0158874
-0.0221181
-0.0285146
-0.0341683
-0.0385971
-0.0416608
-0.043372
-0.0437837
-0.0429806
-0.0410725
-0.0381415
-0.0340609
-0.0283788
-0.020893
-0.013146
-0.00764461
-0.00720847
-0.00798017
-0.00990688
-0.0135027
-0.0187613
-0.0251347
-0.0315781
-0.0372148
-0.0416264
-0.0447088
-0.0464657
-0.046915
-0.0461152
-0.0441964
-0.0413519
-0.037639
-0.0327082
-0.0259242
-0.0180121
-0.0110373
-0.00933244
-0.0100308
-0.0119719
-0.0155556
-0.020749
-0.0270348
-0.0333989
-0.039001
-0.0434375
-0.0465914
-0.0484301
-0.0489248
-0.0480936
-0.0460757
-0.043156
-0.0395907
-0.035301
-0.0294789
-0.0223855
-0.0151147
-0.0110401
-0.0116003
-0.0134241
-0.0167866
-0.0216838
-0.0276827
-0.0338704
-0.0394383
-0.0439404
-0.0471994
-0.0491316
-0.0496682
-0.0487845
-0.0466295
-0.0435456
-0.0399584
-0.0361277
-0.0311538
-0.0250748
-0.0180062
-0.0122653
-0.0126057
-0.0141401
-0.017086
-0.021487
-0.0270247
-0.0329427
-0.0384583
-0.0430444
-0.0464248
-0.0484476
-0.0490114
-0.0480767
-0.0457862
-0.0425166
-0.0387744
-0.0352242
-0.0307721
-0.0255303
-0.0186384
-0.0130236
-0.0130858
-0.014142
-0.0164341
-0.0201294
-0.0250579
-0.0306188
-0.036048
-0.0407212
-0.0442418
-0.046373
-0.0469729
-0.0460043
-0.04359
-0.0401452
-0.0362611
-0.0326842
-0.0284197
-0.0240466
-0.0167703
-0.0133778
-0.0131451
-0.0135504
-0.0149606
-0.0177577
-0.0219409
-0.027055
-0.0323519
-0.03711
-0.0407998
-0.0430848
-0.0437703
-0.0428061
-0.0403016
-0.0367088
-0.0326408
-0.0288495
-0.0246091
-0.0213964
-0.012333
-0.0134373
-0.01294
-0.0124737
-0.0127944
-0.0145606
-0.0179243
-0.0225409
-0.0276754
-0.0325231
-0.0364238
-0.0389334
-0.0397891
-0.0389322
-0.0364189
-0.0327162
-0.0284102
-0.024276
-0.0198917
-0.0174628
-0.00392272
-0.0132802
-0.012596
-0.0110503
-0.0101959
-0.0109289
-0.0135165
-0.0176728
-0.0226597
-0.0276179
-0.0317772
-0.0345929
-0.0357104
-0.0350396
-0.0326625
-0.0288866
-0.0242107
-0.0193343
-0.0139957
-0.00929727
0.0134786
-0.013863
-0.0122833
-0.00916573
-0.00715659
-0.00706645
-0.00912258
-0.0130029
-0.0179451
-0.0230824
-0.0275677
-0.0307975
-0.0323216
-0.0319894
-0.0297575
-0.0258564
-0.0204539
-0.0137635
-0.00433232
0.0109732
0.0519798
-0.0117516
-0.0123773
-0.00771452
-0.00448674
-0.00380142
-0.00563416
-0.00947465
-0.0145058
-0.0198889
-0.0247213
-0.0283979
-0.0303904
-0.030519
-0.0285211
-0.0242948
-0.017058
-0.00570664
0.0148266
0.0532863
0.123335
-0.0294515
-0.0118759
-0.00347827
-0.000455111
-0.000393564
-0.00258334
-0.00665724
-0.0119148
-0.0175452
-0.0226457
-0.0266052
-0.0288901
-0.0292802
-0.027336
-0.0224251
-0.0124756
0.00671451
0.045569
0.116001
0.219892
)
;

boundaryField
{
    movingWall
    {
        type            zeroGradient;
    }
    fixedWalls
    {
        type            zeroGradient;
    }
    frontAndBack
    {
        type            empty;
    }
}


// ************************************************************************* //
