/*--------------------------------*- C++ -*----------------------------------*\
| =========                 |                                                 |
| \\      /  F ield         | OpenFOAM: The Open Source CFD Toolbox           |
|  \\    /   O peration     | Version:  2212                                  |
|   \\  /    A nd           | Website:  www.openfoam.com                      |
|    \\/     M anipulation  |                                                 |
\*---------------------------------------------------------------------------*/
FoamFile
{
    version     2.0;
    format      ascii;
    arch        "LSB;label=32;scalar=64";
    class       surfaceScalarField;
    location    "3.465";
    object      phi;
}
// * * * * * * * * * * * * * * * * * * * * * * * * * * * * * * * * * * * * * //

dimensions      [0 3 -1 0 0 0 0];

oriented        oriented;

internalField   nonuniform List<scalar> 
760
(
1.50426e-07
-1.50427e-07
2.81606e-07
-1.31179e-07
2.95365e-07
-1.37595e-08
1.69747e-07
1.25618e-07
-1.30036e-07
2.99783e-07
-6.65882e-07
5.35846e-07
-1.46909e-06
8.03209e-07
-2.45632e-06
9.87229e-07
-3.43158e-06
9.75259e-07
-4.166e-06
7.34424e-07
-4.49281e-06
3.26809e-07
-4.31547e-06
-1.77344e-07
-3.57488e-06
-7.40584e-07
-2.38211e-06
-1.19277e-06
-9.63223e-07
-1.41889e-06
3.1178e-07
-1.275e-06
1.05553e-06
-7.43746e-07
1.01161e-06
4.39135e-08
4.53254e-07
5.58358e-07
4.53254e-07
1.15677e-07
-2.66104e-07
5.82575e-08
-7.37602e-08
-3.10628e-07
3.55127e-07
-1.07913e-06
8.94123e-07
-2.29218e-06
1.51283e-06
-3.87345e-06
2.11711e-06
-5.58098e-06
2.51074e-06
-7.10802e-06
2.51427e-06
-8.23059e-06
2.09783e-06
-8.83733e-06
1.34117e-06
-8.88025e-06
3.69731e-07
-8.33546e-06
-7.22142e-07
-7.23383e-06
-1.84221e-06
-5.60689e-06
-2.81971e-06
-3.59597e-06
-3.42982e-06
-1.50155e-06
-3.36942e-06
1.53463e-07
-2.39876e-06
8.37307e-07
-6.3993e-07
5.16656e-07
8.7901e-07
9.6991e-07
-1.33658e-07
-1.32446e-07
-6.37363e-07
4.29945e-07
-1.61221e-06
1.32997e-06
-3.09946e-06
2.38138e-06
-4.98033e-06
3.3937e-06
-6.96547e-06
4.10225e-06
-8.74479e-06
4.29007e-06
-1.0137e-05
3.90648e-06
-1.1088e-05
3.04882e-06
-1.15893e-05
1.84246e-06
-1.15918e-05
3.72285e-07
-1.11441e-05
-1.16992e-06
-1.02281e-05
-2.75814e-06
-8.78975e-06
-4.2581e-06
-6.80802e-06
-5.41154e-06
-4.37049e-06
-5.80695e-06
-1.87161e-06
-4.89764e-06
-9.39453e-08
-2.41759e-06
2.90815e-07
4.9425e-07
1.26072e-06
-4.95581e-07
3.63135e-07
-1.5391e-06
1.47346e-06
-3.06939e-06
2.86027e-06
-4.99538e-06
4.30737e-06
-7.0664e-06
5.46472e-06
-8.9808e-06
6.01665e-06
-1.05361e-05
5.84535e-06
-1.16861e-05
5.05654e-06
-1.24576e-05
3.82028e-06
-1.28852e-05
2.27006e-06
-1.2956e-05
4.43032e-07
-1.27249e-05
-1.401e-06
-1.21558e-05
-3.32723e-06
-1.11468e-05
-5.26708e-06
-9.56669e-06
-6.99165e-06
-7.291e-06
-8.08263e-06
-4.35809e-06
-7.83055e-06
-1.37082e-06
-5.40487e-06
1.17359e-07
-9.93926e-07
1.37808e-06
-8.45951e-07
1.20909e-06
-2.31722e-06
2.94473e-06
-4.15312e-06
4.69617e-06
-6.16662e-06
6.32087e-06
-8.08351e-06
7.38161e-06
-9.68201e-06
7.61514e-06
-1.08819e-05
7.04523e-06
-1.1707e-05
5.88162e-06
-1.22186e-05
4.33188e-06
-1.24899e-05
2.54137e-06
-1.26108e-05
5.63941e-07
-1.25722e-05
-1.43956e-06
-1.23637e-05
-3.53573e-06
-1.19052e-05
-5.72561e-06
-1.10098e-05
-7.88707e-06
-9.3901e-06
-9.70232e-06
-6.75029e-06
-1.04704e-05
-3.19134e-06
-8.96383e-06
-2.62262e-07
-3.923e-06
1.11582e-06
-1.06231e-06
2.27139e-06
-2.72592e-06
4.60834e-06
-4.58541e-06
6.55565e-06
-6.41541e-06
8.15087e-06
-7.9945e-06
8.9607e-06
-9.18942e-06
8.81006e-06
-9.99191e-06
7.84772e-06
-1.0465e-05
6.35471e-06
-1.06988e-05
4.56573e-06
-1.07947e-05
2.63717e-06
-1.08745e-05
6.43809e-07
-1.09309e-05
-1.38316e-06
-1.09775e-05
-3.48919e-06
-1.09836e-05
-5.71951e-06
-1.07931e-05
-8.0775e-06
-1.00773e-05
-1.04181e-05
-8.34421e-06
-1.22034e-05
-5.18509e-06
-1.21229e-05
-1.1477e-06
-7.96039e-06
-3.18765e-08
-1.08308e-06
3.35447e-06
-2.6975e-06
6.22276e-06
-4.36592e-06
8.22407e-06
-5.87941e-06
9.66436e-06
-7.07849e-06
1.01598e-05
-7.89722e-06
9.62879e-06
-8.36921e-06
8.31972e-06
-8.57979e-06
6.56528e-06
-8.63303e-06
4.61898e-06
-8.62861e-06
2.63275e-06
-8.65274e-06
6.67937e-07
-8.72738e-06
-1.30852e-06
-8.87225e-06
-3.34432e-06
-9.09778e-06
-5.49398e-06
-9.34352e-06
-7.83175e-06
-9.37311e-06
-1.03886e-05
-8.66515e-06
-1.29114e-05
-6.46912e-06
-1.4319e-05
-2.39453e-06
-1.2035e-05
-2.42641e-06
-9.11053e-07
4.26553e-06
-2.29391e-06
7.60562e-06
-3.65779e-06
9.58795e-06
-4.81986e-06
1.08264e-05
-5.67811e-06
1.1018e-05
-6.21216e-06
1.01628e-05
-6.47582e-06
8.58337e-06
-6.55897e-06
6.64843e-06
-6.55926e-06
4.61927e-06
-6.55288e-06
2.62638e-06
-6.57939e-06
6.94444e-07
-6.65789e-06
-1.23001e-06
-6.81096e-06
-3.19125e-06
-7.06962e-06
-5.23533e-06
-7.4487e-06
-7.45267e-06
-7.85089e-06
-9.98638e-06
-7.85924e-06
-1.2903e-05
-6.6564e-06
-1.55218e-05
-3.54276e-06
-1.51486e-05
-5.96917e-06
-6.07164e-07
4.87269e-06
-1.64781e-06
8.64627e-06
-2.66372e-06
1.06039e-05
-3.48981e-06
1.16525e-05
-4.06913e-06
1.15973e-05
-4.40913e-06
1.05028e-05
-4.56647e-06
8.7407e-06
-4.61921e-06
6.70117e-06
-4.64128e-06
4.64134e-06
-4.679e-06
2.6641e-06
-4.74436e-06
7.59806e-07
-4.84521e-06
-1.12916e-06
-4.99306e-06
-3.0434e-06
-5.21842e-06
-5.00997e-06
-5.5772e-06
-7.09389e-06
-6.07919e-06
-9.48439e-06
-6.49604e-06
-1.24862e-05
-6.08061e-06
-1.59373e-05
-3.88917e-06
-1.73401e-05
-9.85834e-06
-2.24321e-07
5.09701e-06
-8.70781e-07
9.29273e-06
-1.53085e-06
1.12639e-05
-2.05142e-06
1.21731e-05
-2.40335e-06
1.19493e-05
-2.60948e-06
1.0709e-05
-2.71715e-06
8.84838e-06
-2.77966e-06
6.76368e-06
-2.84285e-06
4.70453e-06
-2.92997e-06
2.75121e-06
-3.04407e-06
8.73907e-07
-3.18542e-06
-9.87807e-07
-3.35539e-06
-2.87343e-06
-3.56847e-06
-4.79689e-06
-3.87935e-06
-6.78301e-06
-4.37011e-06
-8.99363e-06
-4.97947e-06
-1.18768e-05
-5.09411e-06
-1.58226e-05
-3.53816e-06
-1.8896e-05
-1.33965e-05
1.61063e-07
4.93595e-06
-6.59578e-08
9.51975e-06
-3.92614e-07
1.15906e-05
-6.38575e-07
1.24191e-05
-7.88769e-07
1.20995e-05
-8.73745e-07
1.0794e-05
-9.33115e-07
8.90775e-06
-9.99131e-07
6.82969e-06
-1.08859e-06
4.79399e-06
-1.20889e-06
2.87151e-06
-1.36168e-06
1.0267e-06
-1.54897e-06
-8.00519e-07
-1.77024e-06
-2.65216e-06
-2.02551e-06
-4.54162e-06
-2.34612e-06
-6.4624e-06
-2.82939e-06
-8.51036e-06
-3.53421e-06
-1.1172e-05
-4.0115e-06
-1.53453e-05
-3.01649e-06
-1.9891e-05
-1.6413e-05
4.88523e-07
4.44743e-06
6.83197e-07
9.32508e-06
7.26288e-07
1.15475e-05
7.62995e-07
1.23823e-05
8.09875e-07
1.20526e-05
8.40495e-07
1.07633e-05
8.3402e-07
8.91422e-06
7.81951e-07
6.88176e-06
6.86743e-07
4.8892e-06
5.51364e-07
3.00689e-06
3.72302e-07
1.20576e-06
1.43631e-07
-5.71849e-07
-1.374e-07
-2.37112e-06
-4.77753e-07
-4.20127e-06
-8.84978e-07
-6.05518e-06
-1.4099e-06
-7.98543e-06
-2.20017e-06
-1.03817e-05
-2.95723e-06
-1.45883e-05
-2.46282e-06
-2.03854e-05
-1.88758e-05
7.34988e-07
3.71244e-06
1.32076e-06
8.7393e-06
1.70747e-06
1.11608e-05
2.034e-06
1.20558e-05
2.30653e-06
1.17801e-05
2.49244e-06
1.05774e-05
2.58148e-06
8.82517e-06
2.58425e-06
6.879e-06
2.51628e-06
4.95717e-06
2.38721e-06
3.13596e-06
2.19194e-06
1.40103e-06
1.91701e-06
-2.96926e-07
1.56099e-06
-2.0151e-06
1.11862e-06
-3.7589e-06
5.83594e-07
-5.52015e-06
-1.00074e-07
-7.30177e-06
-9.75599e-07
-9.50622e-06
-1.94e-06
-1.36239e-05
-1.93506e-06
-2.03904e-05
-2.08109e-05
8.44075e-07
2.86836e-06
1.76256e-06
7.82082e-06
2.49148e-06
1.04319e-05
3.12463e-06
1.14227e-05
3.66775e-06
1.12369e-05
4.0752e-06
1.017e-05
4.32873e-06
8.57165e-06
4.44179e-06
6.76593e-06
4.43896e-06
4.96e-06
4.33767e-06
3.23725e-06
4.13779e-06
1.60092e-06
3.81433e-06
2.6532e-08
3.37708e-06
-1.57785e-06
2.80595e-06
-3.18778e-06
2.09964e-06
-4.81384e-06
1.27262e-06
-6.47474e-06
2.29446e-07
-8.46305e-06
-9.90916e-07
-1.24035e-05
-1.44271e-06
-1.99386e-05
-2.22536e-05
7.79931e-07
2.08843e-06
1.89818e-06
6.70257e-06
2.92081e-06
9.40922e-06
3.88071e-06
1.04628e-05
4.74849e-06
1.03692e-05
5.45613e-06
9.46233e-06
5.96221e-06
8.06557e-06
6.26876e-06
6.45938e-06
6.3979e-06
4.83086e-06
6.37019e-06
3.26496e-06
6.18712e-06
1.78399e-06
5.84221e-06
3.71441e-07
5.31133e-06
-1.04697e-06
4.5963e-06
-2.47274e-06
3.6894e-06
-3.90694e-06
2.61842e-06
-5.40377e-06
1.33646e-06
-7.18109e-06
-1.84254e-07
-1.08828e-05
-9.35267e-07
-1.91876e-05
-2.31888e-05
5.57151e-07
1.53128e-06
1.70486e-06
5.55486e-06
3.01531e-06
8.09877e-06
4.34383e-06
9.13427e-06
5.59326e-06
9.11973e-06
6.66372e-06
8.39186e-06
7.48778e-06
7.24151e-06
8.05141e-06
5.89576e-06
8.36743e-06
4.51483e-06
8.4545e-06
3.17789e-06
8.32065e-06
1.91784e-06
7.96505e-06
7.27035e-07
7.34533e-06
-4.27253e-07
6.47801e-06
-1.60542e-06
5.35043e-06
-2.77936e-06
4.00437e-06
-4.05771e-06
2.50202e-06
-5.67874e-06
9.04525e-07
-9.28528e-06
-1.68927e-07
-1.81141e-05
-2.33578e-05
1.40163e-07
1.39112e-06
9.94977e-07
4.70005e-06
2.43935e-06
6.65439e-06
4.1309e-06
7.44272e-06
5.82778e-06
7.42285e-06
7.34302e-06
6.87662e-06
8.57224e-06
6.01229e-06
9.48449e-06
4.98351e-06
1.00744e-05
3.92488e-06
1.03553e-05
2.89703e-06
1.03335e-05
1.93961e-06
1.00162e-05
1.04433e-06
9.36507e-06
2.23914e-07
8.39164e-06
-6.31993e-07
7.09432e-06
-1.48203e-06
5.52244e-06
-2.48582e-06
3.83204e-06
-3.98834e-06
2.19295e-06
-7.6462e-06
6.34631e-07
-1.65558e-05
-2.27231e-05
-5.08964e-07
1.90008e-06
1.8239e-07
4.0087e-06
1.69789e-06
5.13889e-06
3.71985e-06
5.42076e-06
5.8386e-06
5.3041e-06
7.77084e-06
4.94438e-06
9.37862e-06
4.40451e-06
1.062e-05
3.74211e-06
1.14764e-05
3.06848e-06
1.19655e-05
2.40791e-06
1.20924e-05
1.81278e-06
1.18782e-05
1.25853e-06
1.13423e-05
7.59749e-07
1.04645e-05
2.45893e-07
9.24899e-06
-2.66566e-07
7.76124e-06
-9.98071e-07
6.18736e-06
-2.41446e-06
4.41353e-06
-5.87236e-06
2.03764e-06
-1.41799e-05
-2.06855e-05
-4.17049e-06
6.07057e-06
-3.63935e-06
3.47755e-06
-1.27195e-06
2.77149e-06
1.48997e-06
2.65883e-06
4.19296e-06
2.60112e-06
6.69477e-06
2.44256e-06
8.885e-06
2.21428e-06
1.0704e-05
1.92307e-06
1.21341e-05
1.63842e-06
1.32017e-05
1.34027e-06
1.39241e-05
1.09037e-06
1.43455e-05
8.37143e-07
1.44559e-05
6.49354e-07
1.42678e-05
4.33965e-07
1.37673e-05
2.3395e-07
1.29688e-05
-1.99571e-07
1.18671e-05
-1.31275e-06
1.00897e-05
-4.09491e-06
5.62857e-06
-9.7188e-06
-1.50569e-05
6.07057e-06
9.54812e-06
1.23196e-05
1.49784e-05
1.75796e-05
2.00221e-05
2.22364e-05
2.41595e-05
2.57979e-05
2.71382e-05
2.82285e-05
2.90657e-05
2.9715e-05
3.0149e-05
3.0383e-05
3.01834e-05
2.88706e-05
2.47757e-05
1.50569e-05
)
;

boundaryField
{
    movingWall
    {
        type            calculated;
        value           uniform 0;
    }
    fixedWalls
    {
        type            calculated;
        value           uniform 0;
    }
    frontAndBack
    {
        type            empty;
        value           nonuniform List<scalar> 0();
    }
}


// ************************************************************************* //
