/*--------------------------------*- C++ -*----------------------------------*\
| =========                 |                                                 |
| \\      /  F ield         | OpenFOAM: The Open Source CFD Toolbox           |
|  \\    /   O peration     | Version:  2212                                  |
|   \\  /    A nd           | Website:  www.openfoam.com                      |
|    \\/     M anipulation  |                                                 |
\*---------------------------------------------------------------------------*/
FoamFile
{
    version     2.0;
    format      ascii;
    arch        "LSB;label=32;scalar=64";
    class       surfaceScalarField;
    location    "0.02";
    object      phi;
}
// * * * * * * * * * * * * * * * * * * * * * * * * * * * * * * * * * * * * * //

dimensions      [0 3 -1 0 0 0 0];

oriented        oriented;

internalField   nonuniform List<scalar> 
760
(
-1.68074e-08
1.68074e-08
-3.48205e-08
1.8013e-08
-5.20026e-08
1.71822e-08
-6.78331e-08
1.58305e-08
-8.19184e-08
1.40853e-08
-9.39192e-08
1.20008e-08
-1.03556e-07
9.63637e-09
-1.1061e-07
7.05389e-09
-1.14925e-07
4.31566e-09
-1.16408e-07
1.48237e-09
-1.15021e-07
-1.38628e-09
-1.10792e-07
-4.22915e-09
-1.03808e-07
-6.98439e-09
-9.42176e-08
-9.59024e-09
-8.22344e-08
-1.19832e-08
-6.81365e-08
-1.40979e-08
-5.22646e-08
-1.58719e-08
-3.5017e-08
-1.72476e-08
-1.68996e-08
-1.81174e-08
-1.68997e-08
-1.89213e-08
3.57287e-08
-3.9129e-08
3.82207e-08
-5.83703e-08
3.64236e-08
-7.6095e-08
3.35552e-08
-9.18565e-08
2.98469e-08
-1.05277e-07
2.5421e-08
-1.16046e-07
2.0406e-08
-1.23926e-07
1.49333e-08
-1.28745e-07
9.13429e-09
-1.30399e-07
3.13687e-09
-1.28852e-07
-2.93345e-09
-1.2413e-07
-8.95085e-09
-1.16327e-07
-1.47872e-08
-1.05607e-07
-2.0311e-08
-9.22031e-08
-2.53869e-08
-7.64223e-08
-2.98786e-08
-5.86424e-08
-3.36519e-08
-3.9314e-08
-3.65759e-08
-1.90075e-08
-3.84239e-08
-3.59072e-08
-1.9899e-08
5.56278e-08
-4.11774e-08
5.94991e-08
-6.14173e-08
5.66634e-08
-8.00335e-08
5.21715e-08
-9.65627e-08
4.6376e-08
-1.10615e-07
3.94733e-08
-1.21876e-07
3.16673e-08
-1.30107e-07
2.31643e-08
-1.35139e-07
1.41664e-08
-1.36871e-07
4.86837e-09
-1.35265e-07
-4.5398e-09
-1.30346e-07
-1.3869e-08
-1.22207e-07
-2.29268e-08
-1.11005e-07
-3.15133e-08
-9.69727e-08
-3.94188e-08
-8.04232e-08
-4.64282e-08
-6.17476e-08
-5.23275e-08
-4.14139e-08
-5.69096e-08
-2.00253e-08
-5.98126e-08
-5.59324e-08
-2.13764e-08
7.70041e-08
-4.42138e-08
8.23366e-08
-6.59077e-08
7.83573e-08
-8.58192e-08
7.2083e-08
-1.03456e-07
6.40125e-08
-1.18413e-07
5.44302e-08
-1.30373e-07
4.36271e-08
-1.391e-07
3.18915e-08
-1.44432e-07
1.94991e-08
-1.46274e-07
6.71016e-09
-1.44589e-07
-6.22522e-09
-1.39398e-07
-1.90599e-08
-1.30785e-07
-3.15398e-08
-1.18901e-07
-4.33973e-08
-1.03973e-07
-5.4347e-08
-8.63127e-08
-6.40881e-08
-6.63271e-08
-7.23131e-08
-4.45149e-08
-7.87218e-08
-2.15326e-08
-8.27948e-08
-7.7465e-08
-2.3444e-08
1.00448e-07
-4.84602e-08
1.07353e-07
-7.21709e-08
1.02068e-07
-9.38651e-08
9.37771e-08
-1.13011e-07
8.31588e-08
-1.29189e-07
7.06082e-08
-1.42083e-07
5.65209e-08
-1.51469e-07
4.1277e-08
-1.57198e-07
2.52288e-08
-1.59186e-07
8.69816e-09
-1.574e-07
-8.01186e-09
-1.51854e-07
-2.46056e-08
-1.42618e-07
-4.07759e-08
-1.29824e-07
-5.61907e-08
-1.13686e-07
-7.04856e-08
-9.45114e-08
-8.32625e-08
-7.27221e-08
-9.41025e-08
-4.88574e-08
-1.02587e-07
-2.36463e-08
-1.08006e-07
-1.01111e-07
-2.61895e-08
1.26638e-07
-5.40873e-08
1.35251e-07
-8.04431e-08
1.28424e-07
-1.04449e-07
1.17783e-07
-1.25526e-07
1.04236e-07
-1.43242e-07
8.83243e-08
-1.57295e-07
7.05742e-08
-1.67488e-07
5.14703e-08
-1.73702e-07
3.14425e-08
-1.7587e-07
1.08665e-08
-1.73966e-07
-9.9161e-09
-1.67995e-07
-3.05766e-08
-1.58001e-07
-5.07697e-08
-1.44084e-07
-7.01075e-08
-1.26425e-07
-8.81447e-08
-1.05315e-07
-1.04372e-07
-8.11851e-08
-1.18233e-07
-5.46237e-08
-1.29148e-07
-2.64612e-08
-1.36168e-07
-1.27573e-07
-2.97381e-08
1.56376e-07
-6.13395e-08
1.66852e-07
-9.10547e-08
1.58139e-07
-1.17949e-07
1.44677e-07
-1.4139e-07
1.27677e-07
-1.60948e-07
1.07883e-07
-1.76361e-07
8.59862e-08
-1.87483e-07
6.25927e-08
-1.94247e-07
3.82068e-08
-1.96624e-07
1.32432e-08
-1.94596e-07
-1.19439e-08
-1.88154e-07
-3.70191e-08
-1.77299e-07
-6.1624e-08
-1.62075e-07
-8.53315e-08
-1.42602e-07
-1.07619e-07
-1.19125e-07
-1.27849e-07
-9.20702e-08
-1.45288e-07
-6.20778e-08
-1.59141e-07
-3.01137e-08
-1.68132e-07
-1.57686e-07
-3.42734e-08
1.90649e-07
-7.05692e-08
2.03148e-07
-1.04473e-07
1.92043e-07
-1.34884e-07
1.75088e-07
-1.61122e-07
1.53915e-07
-1.82791e-07
1.29552e-07
-1.99709e-07
1.02904e-07
-2.11832e-07
7.47154e-08
-2.19179e-07
4.55538e-08
-2.2178e-07
1.5845e-08
-2.19639e-07
-1.4085e-08
-2.1272e-07
-4.39385e-08
-2.0096e-07
-7.3384e-08
-1.84304e-07
-1.01987e-07
-1.62765e-07
-1.29158e-07
-1.36495e-07
-1.54118e-07
-1.05878e-07
-1.75905e-07
-7.15988e-08
-1.93419e-07
-3.48004e-08
-2.04931e-07
-1.92487e-07
-4.00669e-08
2.30716e-07
-8.22901e-08
2.45371e-07
-1.2136e-07
2.31112e-07
-1.55966e-07
2.09694e-07
-1.85404e-07
1.83353e-07
-2.09372e-07
1.5352e-07
-2.27847e-07
1.21379e-07
-2.40954e-07
8.78232e-08
-2.48858e-07
5.34579e-08
-2.51683e-07
1.86694e-08
-2.49463e-07
-1.63051e-08
-2.42126e-07
-5.12751e-08
-2.2951e-07
-8.6e-08
-2.11405e-07
-1.20092e-07
-1.87638e-07
-1.52925e-07
-1.58186e-07
-1.8357e-07
-1.2332e-07
-2.10772e-07
-8.3742e-08
-2.32997e-07
-4.0815e-08
-2.47858e-07
-2.33302e-07
-4.7532e-08
2.78248e-07
-9.72675e-08
2.95106e-07
-1.42671e-07
2.76516e-07
-1.8218e-07
2.49203e-07
-2.1513e-07
2.16302e-07
-2.41432e-07
1.79822e-07
-2.61349e-07
1.41296e-07
-2.75284e-07
1.01758e-07
-2.83627e-07
6.18006e-08
-2.86641e-07
2.16836e-08
-2.84412e-07
-1.85348e-08
-2.76816e-07
-5.88704e-08
-2.63546e-07
-9.92706e-08
-2.44155e-07
-1.39483e-07
-2.1817e-07
-1.7891e-07
-1.85254e-07
-2.16485e-07
-1.45431e-07
-2.50594e-07
-9.93426e-08
-2.79086e-07
-4.86127e-08
-2.98588e-07
-2.81914e-07
-5.73234e-08
3.35571e-07
-1.16677e-07
3.5446e-07
-1.69815e-07
3.29654e-07
-2.14902e-07
2.9429e-07
-2.51472e-07
2.52872e-07
-2.79866e-07
2.08216e-07
-3.00836e-07
1.62266e-07
-3.15219e-07
1.16142e-07
-3.23738e-07
7.03196e-08
-3.26861e-07
2.48065e-08
-3.24742e-07
-2.06538e-08
-3.17194e-07
-6.64178e-08
-3.03704e-07
-1.12761e-07
-2.83485e-07
-1.59702e-07
-2.55598e-07
-2.06797e-07
-2.19171e-07
-2.52912e-07
-1.73739e-07
-2.96026e-07
-1.19692e-07
-3.33133e-07
-5.89199e-08
-3.5936e-07
-3.40834e-07
-7.0524e-08
4.06095e-07
-1.42388e-07
4.26324e-07
-2.04908e-07
3.92175e-07
-2.56069e-07
3.45451e-07
-2.95954e-07
2.92756e-07
-3.25718e-07
2.37981e-07
-3.46917e-07
1.83464e-07
-3.61043e-07
1.30268e-07
-3.69275e-07
7.85518e-08
-3.72354e-07
2.78858e-08
-3.70529e-07
-2.24792e-08
-3.63537e-07
-7.34095e-08
-3.50604e-07
-1.25694e-07
-3.30475e-07
-1.79831e-07
-3.01526e-07
-2.35746e-07
-2.62014e-07
-2.92424e-07
-2.10549e-07
-3.47491e-07
-1.46856e-07
-3.96826e-07
-7.2949e-08
-4.33267e-07
-4.13783e-07
-8.90189e-08
4.95114e-07
-1.77471e-07
5.14776e-07
-2.51194e-07
4.65898e-07
-3.08417e-07
4.02674e-07
-3.5052e-07
3.34859e-07
-3.80145e-07
2.67606e-07
-4.00101e-07
2.0342e-07
-4.12799e-07
1.42966e-07
-4.20008e-07
8.57602e-08
-4.22797e-07
3.0675e-08
-4.21529e-07
-2.37467e-08
-4.15864e-07
-7.90746e-08
-4.04729e-07
-1.36829e-07
-3.86291e-07
-1.98269e-07
-3.57982e-07
-2.64055e-07
-3.16701e-07
-3.33705e-07
-2.594e-07
-4.04793e-07
-1.84257e-07
-4.71969e-07
-9.28481e-08
-5.24675e-07
-5.06631e-07
-1.163e-07
6.11415e-07
-2.27176e-07
6.25651e-07
-3.13719e-07
5.52441e-07
-3.75772e-07
4.64727e-07
-4.17551e-07
3.76638e-07
-4.44272e-07
2.94327e-07
-4.606e-07
2.19748e-07
-4.70109e-07
1.52475e-07
-4.75227e-07
9.08785e-08
-4.77358e-07
3.28061e-08
-4.7699e-07
-2.41151e-08
-4.73726e-07
-8.2339e-08
-4.66219e-07
-1.44335e-07
-4.5202e-07
-2.12468e-07
-4.27395e-07
-2.88681e-07
-3.87287e-07
-3.73812e-07
-3.25799e-07
-4.66281e-07
-2.37792e-07
-5.59976e-07
-1.22681e-07
-6.39787e-07
-6.29312e-07
-1.59337e-07
7.70752e-07
-3.00802e-07
7.67116e-07
-4.00361e-07
6.51999e-07
-4.63302e-07
5.27669e-07
-4.99687e-07
4.13024e-07
-5.18893e-07
3.13533e-07
-5.28025e-07
2.2888e-07
-5.31899e-07
1.56349e-07
-5.33514e-07
9.24933e-08
-5.34501e-07
3.37931e-08
-5.35435e-07
-2.31807e-08
-5.3593e-07
-8.18442e-08
-5.34515e-07
-1.45751e-07
-5.28286e-07
-2.18696e-07
-5.12345e-07
-3.04622e-07
-4.79152e-07
-4.07005e-07
-4.18297e-07
-5.27136e-07
-3.17954e-07
-6.60319e-07
-1.70739e-07
-7.87003e-07
-8.00051e-07
-2.33199e-07
1.00395e-06
-4.15318e-07
9.49235e-07
-5.2318e-07
7.59861e-07
-5.77423e-07
5.81912e-07
-5.99194e-07
4.34794e-07
-6.03785e-07
3.18124e-07
-6.00861e-07
2.25956e-07
-5.96068e-07
1.51556e-07
-5.92517e-07
8.89425e-08
-5.91776e-07
3.30517e-08
-5.94411e-07
-2.05451e-08
-6.00167e-07
-7.60886e-08
-6.07795e-07
-1.38123e-07
-6.14488e-07
-2.12004e-07
-6.14769e-07
-3.04341e-07
-5.98727e-07
-4.23047e-07
-5.49806e-07
-5.76057e-07
-4.43846e-07
-7.66279e-07
-2.55269e-07
-9.7558e-07
-1.05532e-06
-3.73123e-07
1.37707e-06
-6.01969e-07
1.17808e-06
-6.99223e-07
8.57115e-07
-7.24237e-07
6.06926e-07
-7.16077e-07
4.26635e-07
-6.96224e-07
2.98271e-07
-6.7544e-07
2.05172e-07
-6.58764e-07
1.34879e-07
-6.48421e-07
7.85994e-08
-6.45359e-07
2.99902e-08
-6.49962e-07
-1.59423e-08
-6.62272e-07
-6.37784e-08
-6.81842e-07
-1.18553e-07
-7.07072e-07
-1.86774e-07
-7.33643e-07
-2.7777e-07
-7.51265e-07
-4.05425e-07
-7.37648e-07
-5.89674e-07
-6.49517e-07
-8.5441e-07
-4.17686e-07
-1.20741e-06
-1.473e-06
-6.64248e-07
2.04132e-06
-9.11062e-07
1.4249e-06
-9.40713e-07
8.86765e-07
-8.96183e-07
5.62395e-07
-8.35203e-07
3.65655e-07
-7.79179e-07
2.42247e-07
-7.34899e-07
1.60893e-07
-7.0373e-07
1.0371e-07
-6.85393e-07
6.0263e-08
-6.79446e-07
2.40429e-08
-6.85829e-07
-9.55952e-09
-7.0503e-07
-4.45768e-08
-7.38078e-07
-8.55046e-08
-7.8616e-07
-1.38693e-07
-8.49332e-07
-2.14597e-07
-9.22688e-07
-3.32069e-07
-9.85803e-07
-5.2656e-07
-9.77074e-07
-8.63139e-07
-7.40802e-07
-1.44368e-06
-2.21381e-06
-1.22188e-06
3.2632e-06
-1.21657e-06
1.41959e-06
-9.96276e-07
6.66472e-07
-8.02304e-07
3.68424e-07
-6.56111e-07
2.19461e-07
-5.51314e-07
1.3745e-07
-4.78802e-07
8.83806e-08
-4.31204e-07
5.61118e-08
-4.03644e-07
3.27026e-08
-3.93404e-07
1.38032e-08
-3.99569e-07
-3.39427e-09
-4.22926e-07
-2.122e-08
-4.66121e-07
-4.23102e-08
-5.34108e-07
-7.07059e-08
-6.34582e-07
-1.14123e-07
-7.76984e-07
-1.89667e-07
-9.64208e-07
-3.39335e-07
-1.1526e-06
-6.74748e-07
-1.12219e-06
-1.47409e-06
-3.336e-06
3.2632e-06
4.68279e-06
5.34926e-06
5.71768e-06
5.93714e-06
6.07459e-06
6.16298e-06
6.21909e-06
6.25179e-06
6.26559e-06
6.2622e-06
6.24098e-06
6.19867e-06
6.12796e-06
6.01384e-06
5.82417e-06
5.48484e-06
4.81009e-06
3.336e-06
)
;

boundaryField
{
    movingWall
    {
        type            calculated;
        value           uniform 0;
    }
    fixedWalls
    {
        type            calculated;
        value           uniform 0;
    }
    frontAndBack
    {
        type            empty;
        value           nonuniform List<scalar> 0();
    }
}


// ************************************************************************* //
