/*--------------------------------*- C++ -*----------------------------------*\
| =========                 |                                                 |
| \\      /  F ield         | OpenFOAM: The Open Source CFD Toolbox           |
|  \\    /   O peration     | Version:  2212                                  |
|   \\  /    A nd           | Website:  www.openfoam.com                      |
|    \\/     M anipulation  |                                                 |
\*---------------------------------------------------------------------------*/
FoamFile
{
    version     2.0;
    format      ascii;
    arch        "LSB;label=32;scalar=64";
    class       surfaceScalarField;
    location    "1.62";
    object      phi;
}
// * * * * * * * * * * * * * * * * * * * * * * * * * * * * * * * * * * * * * //

dimensions      [0 3 -1 0 0 0 0];

oriented        oriented;

internalField   nonuniform List<scalar> 
760
(
5.99344e-08
-5.99341e-08
8.23145e-08
-2.23802e-08
4.57373e-08
3.65771e-08
-6.50492e-08
1.10786e-07
-2.81056e-07
2.16007e-07
-6.40218e-07
3.59162e-07
-1.16711e-06
5.26892e-07
-1.83617e-06
6.69059e-07
-2.54469e-06
7.08526e-07
-3.13368e-06
5.8899e-07
-3.44976e-06
3.16082e-07
-3.40545e-06
-4.43185e-08
-2.90553e-06
-4.99915e-07
-2.02911e-06
-8.76424e-07
-9.49989e-07
-1.07912e-06
4.49067e-08
-9.94895e-07
6.7833e-07
-6.33423e-07
7.12238e-07
-3.39087e-08
3.34157e-07
3.78081e-07
3.34157e-07
-2.01687e-08
-3.97654e-08
-1.68397e-07
1.25849e-07
-4.7426e-07
3.42439e-07
-9.92055e-07
6.28582e-07
-1.7772e-06
1.00115e-06
-2.83661e-06
1.41858e-06
-4.07924e-06
1.76952e-06
-5.31581e-06
1.90563e-06
-6.33183e-06
1.72455e-06
-6.96841e-06
1.22557e-06
-7.14505e-06
4.92724e-07
-6.80768e-06
-3.81687e-07
-5.97851e-06
-1.32908e-06
-4.68464e-06
-2.1703e-06
-3.05201e-06
-2.71175e-06
-1.33729e-06
-2.70962e-06
7.66331e-09
-1.97837e-06
6.14849e-07
-6.41095e-07
4.00749e-07
5.92181e-07
7.34906e-07
-1.81731e-07
1.41965e-07
-6.09348e-07
5.53466e-07
-1.28027e-06
1.01336e-06
-2.25341e-06
1.60172e-06
-3.54398e-06
2.29172e-06
-5.05316e-06
2.92776e-06
-6.57796e-06
3.29431e-06
-7.90311e-06
3.23079e-06
-8.89192e-06
2.71336e-06
-9.48531e-06
1.81896e-06
-9.64192e-06
6.49333e-07
-9.34261e-06
-6.80999e-07
-8.60438e-06
-2.06731e-06
-7.39044e-06
-3.38424e-06
-5.6958e-06
-4.40639e-06
-3.62741e-06
-4.77801e-06
-1.52978e-06
-4.076e-06
-7.04169e-08
-2.10046e-06
2.59099e-07
2.62666e-07
9.94005e-07
-3.79495e-07
5.2146e-07
-1.11419e-06
1.28816e-06
-2.13839e-06
2.03756e-06
-3.47827e-06
2.94161e-06
-5.07593e-06
3.88937e-06
-6.75434e-06
4.60617e-06
-8.2968e-06
4.83677e-06
-9.54962e-06
4.48361e-06
-1.04581e-05
3.62182e-06
-1.1021e-05
2.3819e-06
-1.12232e-05
8.51501e-07
-1.10745e-05
-8.2972e-07
-1.05895e-05
-2.55232e-06
-9.68411e-06
-4.2896e-06
-8.25217e-06
-5.83832e-06
-6.20205e-06
-6.82813e-06
-3.62454e-06
-6.65351e-06
-1.10729e-06
-4.61771e-06
1.17046e-07
-9.6167e-07
1.11105e-06
-5.63224e-07
1.08468e-06
-1.55679e-06
2.28172e-06
-2.83709e-06
3.31787e-06
-4.37705e-06
4.48157e-06
-6.05592e-06
5.56824e-06
-7.66916e-06
6.21941e-06
-9.03596e-06
6.20357e-06
-1.0075e-05
5.5226e-06
-1.07905e-05
4.3374e-06
-1.12227e-05
2.81406e-06
-1.14212e-05
1.04996e-06
-1.14158e-05
-8.35123e-07
-1.12131e-05
-2.75494e-06
-1.07421e-05
-4.76063e-06
-9.84358e-06
-6.73684e-06
-8.27436e-06
-8.39735e-06
-5.81852e-06
-9.10936e-06
-2.6553e-06
-7.78093e-06
-2.03116e-07
-3.41385e-06
9.07935e-07
-6.80715e-07
1.7654e-06
-1.82407e-06
3.42508e-06
-3.20787e-06
4.70167e-06
-4.75123e-06
6.02493e-06
-6.29967e-06
7.11668e-06
-7.66631e-06
7.58605e-06
-8.72657e-06
7.26383e-06
-9.45634e-06
6.25238e-06
-9.90089e-06
4.78195e-06
-1.01338e-05
3.04699e-06
-1.02526e-05
1.16869e-06
-1.03164e-05
-7.71257e-07
-1.03185e-05
-2.75288e-06
-1.02505e-05
-4.82864e-06
-9.97639e-06
-7.01093e-06
-9.18832e-06
-9.18542e-06
-7.44993e-06
-1.08477e-05
-4.46642e-06
-1.07644e-05
-9.42747e-07
-6.93753e-06
-3.48116e-08
-6.96364e-07
2.46176e-06
-1.85008e-06
4.57879e-06
-3.17769e-06
6.02928e-06
-4.56022e-06
7.40746e-06
-5.8471e-06
8.40356e-06
-6.895e-06
8.63395e-06
-7.63302e-06
8.00185e-06
-8.07704e-06
6.6964e-06
-8.29629e-06
5.00119e-06
-8.37759e-06
3.1283e-06
-8.40713e-06
1.19824e-06
-8.44647e-06
-7.31925e-07
-8.51682e-06
-2.68253e-06
-8.65783e-06
-4.68762e-06
-8.82612e-06
-6.84264e-06
-8.77805e-06
-9.23348e-06
-7.99738e-06
-1.16284e-05
-5.81837e-06
-1.29435e-05
-2.04263e-06
-1.07133e-05
-2.07744e-06
-6.04494e-07
3.06626e-06
-1.63531e-06
5.60962e-06
-2.78281e-06
7.17677e-06
-3.90916e-06
8.53381e-06
-4.89385e-06
9.38825e-06
-5.64444e-06
9.38454e-06
-6.13417e-06
8.49159e-06
-6.40229e-06
6.96452e-06
-6.52236e-06
5.12126e-06
-6.56698e-06
3.17291e-06
-6.58566e-06
1.21692e-06
-6.60065e-06
-7.16931e-07
-6.64889e-06
-2.63429e-06
-6.7974e-06
-4.53911e-06
-7.09966e-06
-6.54039e-06
-7.46558e-06
-8.86756e-06
-7.43913e-06
-1.16549e-05
-6.20074e-06
-1.41818e-05
-3.11498e-06
-1.3799e-05
-5.19242e-06
-4.25083e-07
3.49134e-06
-1.2327e-06
6.41724e-06
-2.12557e-06
8.06964e-06
-2.96024e-06
9.36847e-06
-3.6541e-06
1.00821e-05
-4.16338e-06
9.89381e-06
-4.49305e-06
8.82126e-06
-4.68849e-06
7.15996e-06
-4.8094e-06
5.24218e-06
-4.89961e-06
3.26312e-06
-4.96801e-06
1.28532e-06
-5.00394e-06
-6.81e-07
-5.02968e-06
-2.60855e-06
-5.10903e-06
-4.45976e-06
-5.35948e-06
-6.28994e-06
-5.83044e-06
-8.39661e-06
-6.2499e-06
-1.12354e-05
-5.80447e-06
-1.46273e-05
-3.61831e-06
-1.59852e-05
-8.81073e-06
-1.88491e-07
3.67983e-06
-7.11757e-07
6.9405e-06
-1.31426e-06
8.67214e-06
-1.85292e-06
9.90713e-06
-2.2799e-06
1.05091e-05
-2.59293e-06
1.02068e-05
-2.81475e-06
9.04308e-06
-2.98287e-06
7.32808e-06
-3.1323e-06
5.39161e-06
-3.2785e-06
3.40931e-06
-3.40968e-06
1.4165e-06
-3.50178e-06
-5.889e-07
-3.5561e-06
-2.55423e-06
-3.60936e-06
-4.40649e-06
-3.77733e-06
-6.12197e-06
-4.21979e-06
-7.95414e-06
-4.85598e-06
-1.05992e-05
-4.973e-06
-1.45103e-05
-3.41798e-06
-1.75402e-05
-1.22287e-05
6.44082e-08
3.61542e-06
-1.45053e-07
7.14996e-06
-4.50196e-07
8.97729e-06
-7.02493e-07
1.01594e-05
-8.83928e-07
1.06905e-05
-1.01546e-06
1.03384e-05
-1.12887e-06
9.15649e-06
-1.25373e-06
7.45294e-06
-1.40262e-06
5.54049e-06
-1.57105e-06
3.57774e-06
-1.74502e-06
1.59048e-06
-1.90736e-06
-4.26562e-07
-2.04102e-06
-2.42058e-06
-2.15886e-06
-4.28865e-06
-2.33515e-06
-5.94568e-06
-2.74961e-06
-7.53968e-06
-3.48621e-06
-9.86261e-06
-3.98789e-06
-1.40086e-05
-2.97849e-06
-1.85496e-05
-1.52072e-05
2.7114e-07
3.34428e-06
3.71176e-07
7.04992e-06
3.79385e-07
8.96908e-06
4.18982e-07
1.01198e-05
4.91448e-07
1.06181e-05
5.57367e-07
1.02725e-05
5.75559e-07
9.1383e-06
5.286e-07
7.4999e-06
4.23337e-07
5.64576e-06
2.74633e-07
3.72645e-06
9.23443e-08
1.77277e-06
-1.19583e-07
-2.14635e-07
-3.55522e-07
-2.18464e-06
-6.17116e-07
-4.02705e-06
-9.29765e-07
-5.63303e-06
-1.39743e-06
-7.07201e-06
-2.22237e-06
-9.03768e-06
-3.01237e-06
-1.32186e-05
-2.49383e-06
-1.90681e-05
-1.7701e-05
4.19694e-07
2.92459e-06
7.96685e-07
6.67293e-06
1.09069e-06
8.67507e-06
1.41957e-06
9.79096e-06
1.77817e-06
1.02595e-05
2.08526e-06
9.96537e-06
2.28174e-06
8.94181e-06
2.35813e-06
7.42351e-06
2.33562e-06
5.66827e-06
2.23463e-06
3.82743e-06
2.05756e-06
1.94984e-06
1.78034e-06
6.2584e-08
1.43415e-06
-1.83846e-06
1.00844e-06
-3.60134e-06
5.05409e-07
-5.13001e-06
-1.60506e-07
-6.4061e-06
-1.07472e-06
-8.12347e-06
-2.08901e-06
-1.22043e-05
-2.01132e-06
-1.91458e-05
-1.97124e-05
4.79295e-07
2.44529e-06
1.07319e-06
6.07904e-06
1.62914e-06
8.11911e-06
2.2304e-06
9.18971e-06
2.86813e-06
9.62172e-06
3.44484e-06
9.38866e-06
3.87801e-06
8.50864e-06
4.14219e-06
7.15933e-06
4.25275e-06
5.55771e-06
4.22959e-06
3.8506e-06
4.07087e-06
2.10856e-06
3.76536e-06
3.68086e-07
3.2986e-06
-1.37169e-06
2.68763e-06
-2.99037e-06
1.94907e-06
-4.39144e-06
1.10497e-06
-5.562e-06
1.52715e-08
-7.03377e-06
-1.2205e-06
-1.09685e-05
-1.55265e-06
-1.88137e-05
-2.1265e-05
4.2781e-07
2.01748e-06
1.11787e-06
5.38898e-06
1.8729e-06
7.36408e-06
2.72384e-06
8.33876e-06
3.64397e-06
8.7016e-06
4.51982e-06
8.51281e-06
5.24049e-06
7.78797e-06
5.75222e-06
6.6476e-06
6.04987e-06
5.26007e-06
6.14416e-06
3.7563e-06
6.03462e-06
2.21811e-06
5.70653e-06
6.96174e-07
5.13487e-06
-8.00027e-07
4.34914e-06
-2.20464e-06
3.37317e-06
-3.41546e-06
2.27699e-06
-4.46583e-06
1.00132e-06
-5.7581e-06
-4.22989e-07
-9.54419e-06
-1.09277e-06
-1.81439e-05
-2.23578e-05
2.77662e-07
1.73982e-06
9.36055e-07
4.73059e-06
1.84279e-06
6.45735e-06
2.91447e-06
7.26708e-06
4.09372e-06
7.52234e-06
5.25828e-06
7.34825e-06
6.27453e-06
6.77173e-06
7.05855e-06
5.86357e-06
7.57693e-06
4.74169e-06
7.82222e-06
3.51101e-06
7.78968e-06
2.25065e-06
7.47459e-06
1.01126e-06
6.82609e-06
-1.51523e-07
5.89755e-06
-1.2761e-06
4.71335e-06
-2.23126e-06
3.38208e-06
-3.13457e-06
1.96073e-06
-4.33675e-06
4.31655e-07
-8.01512e-06
-4.35426e-07
-1.72768e-05
-2.27932e-05
-4.7487e-08
1.78731e-06
3.43297e-07
4.3398e-06
1.28602e-06
5.51463e-06
2.573e-06
5.9801e-06
4.02802e-06
6.06732e-06
5.48983e-06
5.88645e-06
6.80874e-06
5.45281e-06
7.88314e-06
4.78917e-06
8.64952e-06
3.97531e-06
9.083e-06
3.07754e-06
9.16223e-06
2.17142e-06
8.8856e-06
1.28789e-06
8.2557e-06
4.78376e-07
7.2546e-06
-2.75006e-07
5.97228e-06
-9.48941e-07
4.51505e-06
-1.67734e-06
3.07194e-06
-2.89363e-06
1.69899e-06
-6.64217e-06
4.34406e-07
-1.60122e-05
-2.23588e-05
-4.22301e-07
2.20961e-06
-1.83629e-07
4.10113e-06
7.16908e-07
4.61409e-06
2.10295e-06
4.59406e-06
3.73366e-06
4.43661e-06
5.39547e-06
4.22464e-06
6.92441e-06
3.92387e-06
8.21528e-06
3.4983e-06
9.18432e-06
3.00627e-06
9.80245e-06
2.4594e-06
1.00438e-05
1.93008e-06
9.9215e-06
1.41018e-06
9.43827e-06
9.61613e-07
8.63453e-06
5.28731e-07
7.57728e-06
1.08315e-07
6.37461e-06
-4.74673e-07
5.21171e-06
-1.73073e-06
3.86249e-06
-5.29295e-06
1.81071e-06
-1.39605e-05
-2.05481e-05
-4.05978e-06
6.26939e-06
-3.66594e-06
3.7073e-06
-1.77296e-06
2.72111e-06
3.88734e-07
2.43236e-06
2.54261e-06
2.28273e-06
4.63808e-06
2.12917e-06
6.59454e-06
1.96741e-06
8.33207e-06
1.76077e-06
9.78409e-06
1.55426e-06
1.09306e-05
1.31291e-06
1.17545e-05
1.10611e-06
1.22829e-05
8.81834e-07
1.25157e-05
7.28797e-07
1.25034e-05
5.41039e-07
1.22264e-05
3.85289e-07
1.17023e-05
4.94622e-08
1.1019e-05
-1.04742e-06
9.68181e-06
-3.95578e-06
5.46114e-06
-9.7398e-06
-1.50869e-05
6.26939e-06
9.97669e-06
1.26978e-05
1.51302e-05
1.74129e-05
1.95421e-05
2.15095e-05
2.32702e-05
2.48245e-05
2.61374e-05
2.72435e-05
2.81254e-05
2.88541e-05
2.93952e-05
2.97805e-05
2.98299e-05
2.87825e-05
2.48267e-05
1.50869e-05
)
;

boundaryField
{
    movingWall
    {
        type            calculated;
        value           uniform 0;
    }
    fixedWalls
    {
        type            calculated;
        value           uniform 0;
    }
    frontAndBack
    {
        type            empty;
        value           nonuniform List<scalar> 0();
    }
}


// ************************************************************************* //
