/*--------------------------------*- C++ -*----------------------------------*\
| =========                 |                                                 |
| \\      /  F ield         | OpenFOAM: The Open Source CFD Toolbox           |
|  \\    /   O peration     | Version:  2212                                  |
|   \\  /    A nd           | Website:  www.openfoam.com                      |
|    \\/     M anipulation  |                                                 |
\*---------------------------------------------------------------------------*/
FoamFile
{
    version     2.0;
    format      ascii;
    arch        "LSB;label=32;scalar=64";
    class       surfaceScalarField;
    location    "3.59";
    object      phi;
}
// * * * * * * * * * * * * * * * * * * * * * * * * * * * * * * * * * * * * * //

dimensions      [0 3 -1 0 0 0 0];

oriented        oriented;

internalField   nonuniform List<scalar> 
760
(
1.51386e-07
-1.51388e-07
2.83637e-07
-1.32251e-07
2.97815e-07
-1.41776e-08
1.7204e-07
1.25775e-07
-1.28464e-07
3.00504e-07
-6.6588e-07
5.37417e-07
-1.47159e-06
8.05708e-07
-2.46161e-06
9.90018e-07
-3.43907e-06
9.77462e-07
-4.17453e-06
7.35459e-07
-4.50118e-06
3.26654e-07
-4.3224e-06
-1.78779e-07
-3.57943e-06
-7.42975e-07
-2.38368e-06
-1.19575e-06
-9.6176e-07
-1.42192e-06
3.1556e-07
-1.27732e-06
1.05987e-06
-7.44312e-07
1.01468e-06
4.51891e-08
4.54446e-07
5.60237e-07
4.54446e-07
1.17256e-07
-2.68644e-07
6.10012e-08
-7.59956e-08
-3.08396e-07
3.55219e-07
-1.07916e-06
8.96539e-07
-2.29608e-06
1.51743e-06
-3.882e-06
2.12333e-06
-5.59349e-06
2.5172e-06
-7.12287e-06
2.5194e-06
-8.24629e-06
2.10088e-06
-8.8528e-06
1.34197e-06
-8.89456e-06
3.68411e-07
-8.34788e-06
-7.25453e-07
-7.24368e-06
-1.84717e-06
-5.61358e-06
-2.82585e-06
-3.59917e-06
-3.43633e-06
-1.50148e-06
-3.375e-06
1.55992e-07
-2.40179e-06
8.40031e-07
-6.3885e-07
5.17919e-07
8.82349e-07
9.72365e-07
-1.32684e-07
-1.3596e-07
-6.36894e-07
4.28215e-07
-1.61445e-06
1.33278e-06
-3.10641e-06
2.38849e-06
-4.99254e-06
3.40356e-06
-6.98173e-06
4.11253e-06
-8.76324e-06
4.29871e-06
-1.01563e-05
3.91242e-06
-1.11073e-05
3.05195e-06
-1.16082e-05
1.84287e-06
-1.16096e-05
3.69785e-07
-1.11606e-05
-1.17451e-06
-1.02428e-05
-2.76492e-06
-8.80194e-06
-4.26671e-06
-6.81714e-06
-5.42113e-06
-4.37596e-06
-5.81619e-06
-1.87348e-06
-4.90426e-06
-9.3351e-08
-2.41898e-06
2.91319e-07
4.97679e-07
1.26368e-06
-4.9648e-07
3.6052e-07
-1.54268e-06
1.47441e-06
-3.07762e-06
2.86772e-06
-5.00886e-06
4.31974e-06
-7.08401e-06
5.47871e-06
-9.00053e-06
6.02904e-06
-1.05563e-05
5.85449e-06
-1.17063e-05
5.06236e-06
-1.24774e-05
3.8231e-06
-1.29046e-05
2.27007e-06
-1.29747e-05
4.39858e-07
-1.27429e-05
-1.40629e-06
-1.21726e-05
-3.33517e-06
-1.1162e-05
-5.2774e-06
-9.57952e-06
-7.00357e-06
-7.30082e-06
-8.09489e-06
-4.36403e-06
-7.84105e-06
-1.37233e-06
-5.41069e-06
1.17714e-07
-9.92362e-07
1.3814e-06
-8.48596e-07
1.20912e-06
-2.32439e-06
2.95021e-06
-4.16548e-06
4.70881e-06
-6.18327e-06
6.33753e-06
-8.10243e-06
7.39786e-06
-9.70134e-06
7.62795e-06
-1.09008e-05
7.05393e-06
-1.17253e-05
5.88689e-06
-1.22365e-05
4.33431e-06
-1.25076e-05
2.5412e-06
-1.26287e-05
5.60943e-07
-1.25899e-05
-1.44512e-06
-1.23807e-05
-3.54434e-06
-1.19211e-05
-5.73699e-06
-1.10242e-05
-7.90051e-06
-9.40244e-06
-9.71666e-06
-6.75947e-06
-1.0484e-05
-3.19584e-06
-8.97431e-06
-2.62356e-07
-3.92585e-06
1.11904e-06
-1.0662e-06
2.27531e-06
-2.73491e-06
4.61892e-06
-4.599e-06
6.5729e-06
-6.43191e-06
8.17044e-06
-8.01189e-06
8.97785e-06
-9.20637e-06
8.82244e-06
-1.00082e-05
7.85571e-06
-1.04808e-05
6.35958e-06
-1.07148e-05
4.56828e-06
-1.08111e-05
2.63754e-06
-1.08918e-05
6.41583e-07
-1.09483e-05
-1.38858e-06
-1.09945e-05
-3.4982e-06
-1.09996e-05
-5.73187e-06
-1.08078e-05
-8.09231e-06
-1.00904e-05
-1.04341e-05
-8.35522e-06
-1.22192e-05
-5.19265e-06
-1.21369e-05
-1.14928e-06
-7.96921e-06
-3.02406e-08
-1.08728e-06
3.36259e-06
-2.70648e-06
6.23812e-06
-4.37849e-06
8.24491e-06
-5.89388e-06
9.68583e-06
-7.09322e-06
1.01772e-05
-7.91138e-06
9.6406e-06
-8.38295e-06
8.32728e-06
-8.59373e-06
6.57036e-06
-8.64791e-06
4.62246e-06
-8.6449e-06
2.63453e-06
-8.67036e-06
6.67048e-07
-8.74567e-06
-1.31326e-06
-8.8903e-06
-3.35357e-06
-9.1146e-06
-5.50757e-06
-9.35842e-06
-7.84849e-06
-9.38598e-06
-1.04065e-05
-8.67623e-06
-1.29289e-05
-6.4778e-06
-1.43353e-05
-2.39833e-06
-1.20487e-05
-2.42857e-06
-9.14691e-07
4.27728e-06
-2.30154e-06
7.62498e-06
-3.66815e-06
9.61152e-06
-4.83152e-06
1.08492e-05
-5.68992e-06
1.10356e-05
-6.22372e-06
1.01744e-05
-6.48746e-06
8.59102e-06
-6.57142e-06
6.65432e-06
-6.57324e-06
4.62429e-06
-6.56875e-06
2.63003e-06
-6.59692e-06
6.95219e-07
-6.6765e-06
-1.23369e-06
-6.82965e-06
-3.20042e-06
-7.0871e-06
-5.25012e-06
-7.46383e-06
-7.47176e-06
-7.86321e-06
-1.00072e-05
-7.8692e-06
-1.29229e-05
-6.66451e-06
-1.554e-05
-3.54856e-06
-1.51646e-05
-5.97713e-06
-6.09747e-07
4.88703e-06
-1.65343e-06
8.66866e-06
-2.67136e-06
1.06295e-05
-3.49851e-06
1.16764e-05
-4.07816e-06
1.16152e-05
-4.41832e-06
1.05146e-05
-4.57613e-06
8.74883e-06
-4.62994e-06
6.70813e-06
-4.65362e-06
4.64797e-06
-4.69317e-06
2.66958e-06
-4.76022e-06
7.62267e-07
-4.86231e-06
-1.13159e-06
-5.01059e-06
-3.05214e-06
-5.2352e-06
-5.02551e-06
-5.59179e-06
-7.11516e-06
-6.09057e-06
-9.50838e-06
-6.50449e-06
-1.2509e-05
-6.08731e-06
-1.59572e-05
-3.89395e-06
-1.7358e-05
-9.87108e-06
-2.25497e-07
5.11252e-06
-8.73987e-07
9.31715e-06
-1.53555e-06
1.1291e-05
-2.05705e-06
1.21978e-05
-2.40957e-06
1.19678e-05
-2.61623e-06
1.07212e-05
-2.72459e-06
8.85719e-06
-2.78809e-06
6.77163e-06
-2.85258e-06
4.71245e-06
-2.94111e-06
2.75811e-06
-3.05661e-06
8.77767e-07
-3.19914e-06
-9.89059e-07
-3.36982e-06
-2.88146e-06
-3.58275e-06
-4.81258e-06
-3.89209e-06
-6.80582e-06
-4.3799e-06
-9.02057e-06
-4.98604e-06
-1.19029e-05
-5.09873e-06
-1.58445e-05
-3.54125e-06
-1.89155e-05
-1.34123e-05
1.61457e-07
4.95107e-06
-6.67043e-08
9.54531e-06
-3.94389e-07
1.16187e-05
-6.4117e-07
1.24446e-05
-7.92101e-07
1.21187e-05
-8.77832e-07
1.0807e-05
-9.37979e-07
8.91733e-06
-1.00473e-06
6.83839e-06
-1.09495e-06
4.80266e-06
-1.21603e-06
2.87919e-06
-1.36969e-06
1.03143e-06
-1.55789e-06
-8.00858e-07
-1.77991e-06
-2.65944e-06
-2.03555e-06
-4.55694e-06
-2.35558e-06
-6.4858e-06
-2.83673e-06
-8.53942e-06
-3.53865e-06
-1.12009e-05
-4.01411e-06
-1.5369e-05
-3.01817e-06
-1.99114e-05
-1.64305e-05
4.90465e-07
4.4606e-06
6.85432e-07
9.35034e-06
7.28079e-07
1.15761e-05
7.63966e-07
1.24087e-05
8.09795e-07
1.20729e-05
8.39407e-07
1.07773e-05
8.32205e-07
8.92454e-06
7.79737e-07
6.89085e-06
6.84362e-07
4.89804e-06
5.48844e-07
3.01471e-06
3.69492e-07
1.21078e-06
1.40354e-07
-5.7172e-07
-1.41367e-07
-2.37772e-06
-4.82237e-07
-4.21607e-06
-8.89663e-07
-6.07837e-06
-1.41364e-06
-8.01545e-06
-2.20183e-06
-1.04128e-05
-2.95759e-06
-1.46133e-05
-2.463e-06
-2.0406e-05
-1.88935e-05
7.38463e-07
3.72214e-06
1.3259e-06
8.76291e-06
1.713e-06
1.1189e-05
2.03904e-06
1.20827e-05
2.3104e-06
1.18015e-05
2.49506e-06
1.05927e-05
2.58332e-06
8.83628e-06
2.58592e-06
6.88826e-06
2.51828e-06
4.96567e-06
2.38971e-06
3.14328e-06
2.19476e-06
1.40574e-06
1.91983e-06
-2.96789e-07
1.56349e-06
-2.02138e-06
1.12044e-06
-3.77303e-06
5.84676e-07
-5.5426e-06
-9.93018e-08
-7.33147e-06
-9.73993e-07
-9.53806e-06
-1.93777e-06
-1.36495e-05
-1.93403e-06
-2.04097e-05
-2.08275e-05
8.48562e-07
2.87357e-06
1.77029e-06
7.84118e-06
2.50073e-06
1.04585e-05
3.13408e-06
1.14493e-05
3.67643e-06
1.12591e-05
4.08276e-06
1.01864e-05
4.33548e-06
8.58356e-06
4.44843e-06
6.77531e-06
4.44613e-06
4.96797e-06
4.34572e-06
3.24369e-06
4.14666e-06
1.60479e-06
3.82353e-06
2.63424e-08
3.38619e-06
-1.58404e-06
2.81431e-06
-3.20115e-06
2.10666e-06
-4.83495e-06
1.27818e-06
-6.50299e-06
2.34222e-07
-8.4941e-06
-9.86559e-07
-1.24287e-05
-1.44068e-06
-1.99556e-05
-2.22682e-05
7.84524e-07
2.08905e-06
1.90765e-06
6.71805e-06
2.9332e-06
9.43296e-06
3.89439e-06
1.04882e-05
4.76225e-06
1.03913e-05
5.4693e-06
9.47931e-06
5.97482e-06
8.07804e-06
6.28136e-06
6.46877e-06
6.41114e-06
4.8382e-06
6.38448e-06
3.27034e-06
6.20246e-06
1.78681e-06
5.8582e-06
3.70607e-07
5.3273e-06
-1.05314e-06
4.61136e-06
-2.48521e-06
3.7026e-06
-3.92619e-06
2.6289e-06
-5.42929e-06
1.34425e-06
-7.20945e-06
-1.798e-07
-1.09047e-05
-9.31972e-07
-1.92034e-05
-2.32002e-05
5.60801e-07
1.52825e-06
1.71451e-06
5.56434e-06
3.0296e-06
8.11788e-06
4.36135e-06
9.15641e-06
5.61252e-06
9.1401e-06
6.68359e-06
8.40824e-06
7.5078e-06
7.25382e-06
8.07175e-06
5.90482e-06
8.38848e-06
4.52146e-06
8.47655e-06
3.18228e-06
8.34369e-06
1.91967e-06
7.98863e-06
7.25668e-07
7.36864e-06
-4.33155e-07
6.49997e-06
-1.61653e-06
5.36976e-06
-2.79598e-06
4.01962e-06
-4.07916e-06
2.51318e-06
-5.70301e-06
9.13019e-07
-9.3045e-06
-1.64918e-07
-1.81255e-05
-2.33651e-05
1.4238e-07
1.38587e-06
1.00324e-06
4.70348e-06
2.45349e-06
6.66762e-06
4.15015e-06
7.45974e-06
5.85073e-06
7.43953e-06
7.36823e-06
6.89073e-06
8.59886e-06
6.0232e-06
9.51221e-06
4.99147e-06
1.01033e-05
3.93034e-06
1.03853e-05
2.9003e-06
1.03646e-05
1.94043e-06
1.00478e-05
1.04245e-06
9.39549e-06
2.19119e-07
8.42026e-06
-6.41297e-07
7.11925e-06
-1.49497e-06
5.54206e-06
-2.50197e-06
3.8454e-06
-4.00634e-06
2.20103e-06
-7.66013e-06
6.37777e-07
-1.65623e-05
-2.27273e-05
-5.10337e-07
1.89621e-06
1.86052e-07
4.00709e-06
1.70914e-06
5.14453e-06
3.73873e-06
5.43016e-06
5.86379e-06
5.31447e-06
7.80056e-06
4.95396e-06
9.41154e-06
4.41222e-06
1.06552e-05
3.74782e-06
1.15134e-05
3.07217e-06
1.20037e-05
2.40996e-06
1.2131e-05
1.81309e-06
1.19163e-05
1.25716e-06
1.13793e-05
7.56103e-07
1.04983e-05
2.39718e-07
9.27753e-06
-2.74168e-07
7.78329e-06
-1.00774e-06
6.20177e-06
-2.42482e-06
4.42136e-06
-5.87972e-06
2.0409e-06
-1.41818e-05
-2.06864e-05
-4.17199e-06
6.0682e-06
-3.63951e-06
3.47462e-06
-1.2668e-06
2.77183e-06
1.50198e-06
2.66138e-06
4.21159e-06
2.60486e-06
6.71901e-06
2.44654e-06
8.91347e-06
2.21776e-06
1.07355e-05
1.92581e-06
1.21674e-05
1.64028e-06
1.3236e-05
1.34137e-06
1.39584e-05
1.09061e-06
1.4379e-05
8.36592e-07
1.44873e-05
6.47825e-07
1.42952e-05
4.31792e-07
1.37899e-05
2.31097e-07
1.29861e-05
-2.0393e-07
1.18776e-05
-1.31623e-06
1.00941e-05
-4.09629e-06
5.63041e-06
-9.71809e-06
-1.5056e-05
6.0682e-06
9.54281e-06
1.23146e-05
1.4976e-05
1.75809e-05
2.00274e-05
2.22452e-05
2.4171e-05
2.58113e-05
2.71526e-05
2.82432e-05
2.90798e-05
2.97277e-05
3.01595e-05
3.03906e-05
3.01866e-05
2.88704e-05
2.47741e-05
1.5056e-05
)
;

boundaryField
{
    movingWall
    {
        type            calculated;
        value           uniform 0;
    }
    fixedWalls
    {
        type            calculated;
        value           uniform 0;
    }
    frontAndBack
    {
        type            empty;
        value           nonuniform List<scalar> 0();
    }
}


// ************************************************************************* //
