/*--------------------------------*- C++ -*----------------------------------*\
| =========                 |                                                 |
| \\      /  F ield         | OpenFOAM: The Open Source CFD Toolbox           |
|  \\    /   O peration     | Version:  2212                                  |
|   \\  /    A nd           | Website:  www.openfoam.com                      |
|    \\/     M anipulation  |                                                 |
\*---------------------------------------------------------------------------*/
FoamFile
{
    version     2.0;
    format      ascii;
    arch        "LSB;label=32;scalar=64";
    class       surfaceScalarField;
    location    "0.58";
    object      phi;
}
// * * * * * * * * * * * * * * * * * * * * * * * * * * * * * * * * * * * * * //

dimensions      [0 3 -1 0 0 0 0];

oriented        oriented;

internalField   nonuniform List<scalar> 
760
(
-3.63657e-08
3.63659e-08
-1.21374e-07
8.50079e-08
-2.25912e-07
1.04538e-07
-3.37316e-07
1.11404e-07
-4.52523e-07
1.15206e-07
-5.71191e-07
1.18669e-07
-6.92701e-07
1.2151e-07
-8.14821e-07
1.2212e-07
-9.32784e-07
1.17963e-07
-1.03838e-06
1.05596e-07
-1.11928e-06
8.09039e-08
-1.15926e-06
3.99774e-08
-1.13905e-06
-2.02116e-08
-1.0433e-06
-9.57504e-08
-8.67433e-07
-1.75867e-07
-6.28247e-07
-2.39186e-07
-3.67902e-07
-2.60346e-07
-1.45376e-07
-2.22525e-07
-1.54061e-08
-1.2997e-07
-1.54059e-08
-9.58649e-08
1.32231e-07
-2.73483e-07
2.62626e-07
-4.84256e-07
3.15311e-07
-7.08313e-07
3.35461e-07
-9.38412e-07
3.45305e-07
-1.17137e-06
3.51625e-07
-1.40364e-06
3.53786e-07
-1.6291e-06
3.47576e-07
-1.83755e-06
3.26412e-07
-2.01367e-06
2.8171e-07
-2.13654e-06
2.03774e-07
-2.18069e-06
8.41287e-08
-2.11952e-06
-8.13769e-08
-1.92905e-06
-2.86217e-07
-1.60629e-06
-4.98626e-07
-1.17965e-06
-6.65828e-07
-7.17998e-07
-7.22e-07
-3.18258e-07
-6.22265e-07
-6.61812e-08
-3.82047e-07
-8.15871e-08
-1.28159e-07
2.6039e-07
-3.55476e-07
4.89943e-07
-6.2099e-07
5.80825e-07
-9.01323e-07
6.15794e-07
-1.18769e-06
6.31669e-07
-1.47577e-06
6.39705e-07
-1.76091e-06
6.38929e-07
-2.03573e-06
6.22395e-07
-2.28856e-06
5.79239e-07
-2.50216e-06
4.95309e-07
-2.65284e-06
3.54458e-07
-2.71105e-06
1.42338e-07
-2.64235e-06
-1.50073e-07
-2.41337e-06
-5.15204e-07
-2.01086e-06
-9.01137e-07
-1.46382e-06
-1.21287e-06
-8.64468e-07
-1.32135e-06
-3.56111e-07
-1.13062e-06
-6.02196e-08
-6.77939e-07
-1.41807e-07
-1.42169e-07
4.02559e-07
-3.93653e-07
7.41427e-07
-6.86082e-07
8.73254e-07
-9.9415e-07
9.23863e-07
-1.30909e-06
9.46609e-07
-1.62723e-06
9.57843e-07
-1.94492e-06
9.56618e-07
-2.25611e-06
9.33588e-07
-2.55065e-06
8.73781e-07
-2.81245e-06
7.57103e-07
-3.01723e-06
5.59244e-07
-3.13094e-06
2.56048e-07
-3.10996e-06
-1.71054e-07
-2.89523e-06
-7.29932e-07
-2.44501e-06
-1.35136e-06
-1.77231e-06
-1.88556e-06
-9.9631e-07
-2.09735e-06
-3.43182e-07
-1.78375e-06
-1.51415e-08
-1.00598e-06
-1.56948e-07
-1.45974e-07
5.48533e-07
-4.06528e-07
1.00198e-06
-7.10393e-07
1.17712e-06
-1.03164e-06
1.24511e-06
-1.3625e-06
1.27747e-06
-1.70125e-06
1.2966e-06
-2.04704e-06
1.30241e-06
-2.39744e-06
1.28399e-06
-2.74658e-06
1.22292e-06
-3.08279e-06
1.09332e-06
-3.38474e-06
8.61188e-07
-3.61428e-06
4.85591e-07
-3.72306e-06
-6.22704e-08
-3.60313e-06
-8.4986e-07
-3.15852e-06
-1.79597e-06
-2.34965e-06
-2.69444e-06
-1.31204e-06
-3.13496e-06
-3.90163e-07
-2.70563e-06
4.91005e-08
-1.44524e-06
-1.07848e-07
-1.4379e-07
6.92323e-07
-4.04387e-07
1.26258e-06
-7.10608e-07
1.48334e-06
-1.03681e-06
1.57131e-06
-1.37682e-06
1.61748e-06
-1.73183e-06
1.65161e-06
-2.10525e-06
1.67583e-06
-2.50058e-06
1.67931e-06
-2.91969e-06
1.64203e-06
-3.36049e-06
1.53411e-06
-3.81253e-06
1.31323e-06
-4.24629e-06
9.1935e-07
-4.58805e-06
2.79487e-07
-4.71175e-06
-7.26163e-07
-4.3927e-06
-2.11502e-06
-3.49036e-06
-3.59678e-06
-2.12378e-06
-4.50153e-06
-7.30257e-07
-4.09915e-06
5.80713e-08
-2.23357e-06
-4.97765e-08
-1.37548e-07
8.29871e-07
-3.9207e-07
1.5171e-06
-6.94227e-07
1.7855e-06
-1.01904e-06
1.89613e-06
-1.36216e-06
1.9606e-06
-1.72819e-06
2.01763e-06
-2.12594e-06
2.07358e-06
-2.56696e-06
2.12033e-06
-3.06488e-06
2.13995e-06
-3.63437e-06
2.1036e-06
-4.28847e-06
1.96734e-06
-5.02174e-06
1.65262e-06
-5.74604e-06
1.00378e-06
-6.29634e-06
-1.75866e-07
-6.26091e-06
-2.15045e-06
-5.40277e-06
-4.45491e-06
-3.77438e-06
-6.12993e-06
-1.74208e-06
-6.13145e-06
-1.64685e-07
-3.81097e-06
-2.14461e-07
-1.2807e-07
9.57941e-07
-3.71537e-07
1.76057e-06
-6.63822e-07
2.07778e-06
-9.80468e-07
2.21277e-06
-1.31867e-06
2.2988e-06
-1.68639e-06
2.38535e-06
-2.09824e-06
2.48543e-06
-2.57542e-06
2.59752e-06
-3.14737e-06
2.7119e-06
-3.85343e-06
2.80966e-06
-4.74028e-06
2.85419e-06
-5.83408e-06
2.74642e-06
-7.04558e-06
2.21529e-06
-8.02534e-06
8.03888e-07
-8.3738e-06
-1.80199e-06
-7.77142e-06
-5.0573e-06
-6.1838e-06
-7.71755e-06
-3.64934e-06
-8.66591e-06
-8.71224e-07
-6.58908e-06
-1.08569e-06
-1.15898e-07
1.07384e-06
-3.43895e-07
1.98857e-06
-6.20372e-07
2.35426e-06
-9.20753e-07
2.51315e-06
-1.24296e-06
2.62101e-06
-1.59739e-06
2.73978e-06
-2.00354e-06
2.89158e-06
-2.49147e-06
3.08545e-06
-3.10622e-06
3.32665e-06
-3.91138e-06
3.61482e-06
-4.97922e-06
3.92203e-06
-6.3388e-06
4.106e-06
-7.85411e-06
3.7306e-06
-9.12306e-06
2.07284e-06
-9.69455e-06
-1.2305e-06
-9.49743e-06
-5.25441e-06
-8.39171e-06
-8.82327e-06
-5.95282e-06
-1.11048e-05
-2.24473e-06
-1.02972e-05
-3.33042e-06
-1.01947e-07
1.17579e-06
-3.10954e-07
2.19757e-06
-5.6581e-07
2.60912e-06
-8.4077e-07
2.78811e-06
-1.13316e-06
2.9134e-06
-1.45399e-06
3.0606e-06
-1.8248e-06
3.26239e-06
-2.27994e-06
3.54058e-06
-2.87214e-06
3.91886e-06
-3.67432e-06
4.417e-06
-4.75379e-06
5.0015e-06
-6.09127e-06
5.44347e-06
-7.4901e-06
5.12943e-06
-8.63582e-06
3.21856e-06
-9.18848e-06
-6.77847e-07
-9.37429e-06
-5.0686e-06
-8.95387e-06
-9.24369e-06
-7.32797e-06
-1.27307e-05
-3.8268e-06
-1.37983e-05
-7.15722e-06
-8.79848e-08
1.26377e-06
-2.7639e-07
2.38598e-06
-5.04881e-07
2.83761e-06
-7.45287e-07
3.02852e-06
-9.92834e-07
3.16095e-06
-1.25657e-06
3.32434e-06
-1.55538e-06
3.5612e-06
-1.91883e-06
3.90403e-06
-2.38992e-06
4.38995e-06
-3.02138e-06
5.04845e-06
-3.84373e-06
5.82385e-06
-4.79787e-06
6.39761e-06
-5.70865e-06
6.04021e-06
-6.42469e-06
3.9346e-06
-6.9826e-06
-1.19939e-07
-7.36206e-06
-4.68913e-06
-7.51044e-06
-9.09531e-06
-6.90419e-06
-1.3337e-05
-4.46155e-06
-1.6241e-05
-1.16188e-05
-7.70776e-08
1.34085e-06
-2.46676e-07
2.55558e-06
-4.46419e-07
3.03735e-06
-6.44726e-07
3.22683e-06
-8.33855e-07
3.35008e-06
-1.01883e-06
3.50931e-06
-1.2114e-06
3.75378e-06
-1.42801e-06
4.12064e-06
-1.688e-06
4.64995e-06
-2.00796e-06
5.36841e-06
-2.38395e-06
6.19984e-06
-2.77631e-06
6.78998e-06
-3.12323e-06
6.38714e-06
-3.44806e-06
4.25943e-06
-3.95742e-06
3.89423e-07
-4.48781e-06
-4.15874e-06
-5.08351e-06
-8.49961e-06
-5.31819e-06
-1.31023e-05
-3.84917e-06
-1.771e-05
-1.54679e-05
-7.38391e-08
1.41469e-06
-2.31594e-07
2.71333e-06
-4.04145e-07
3.2099e-06
-5.55969e-07
3.37865e-06
-6.77175e-07
3.47129e-06
-7.68867e-07
3.601e-06
-8.3438e-07
3.81929e-06
-8.74696e-07
4.16095e-06
-8.83037e-07
4.65829e-06
-8.44545e-07
5.32991e-06
-7.37011e-07
6.09231e-06
-5.88578e-07
6.64154e-06
-5.00719e-07
6.29928e-06
-5.74324e-07
4.33303e-06
-9.59981e-07
7.75079e-07
-1.66714e-06
-3.45159e-06
-2.65451e-06
-7.51224e-06
-3.56195e-06
-1.21948e-05
-2.90681e-06
-1.83651e-05
-1.83747e-05
-8.60119e-08
1.5007e-06
-2.45699e-07
2.87302e-06
-3.95703e-07
3.3599e-06
-4.99246e-07
3.48219e-06
-5.48231e-07
3.52027e-06
-5.42152e-07
3.59492e-06
-4.77728e-07
3.75487e-06
-3.44299e-07
4.02752e-06
-1.11939e-07
4.42593e-06
2.52692e-07
4.96528e-06
7.54485e-07
5.59051e-06
1.36312e-06
6.03291e-06
1.90292e-06
5.75947e-06
2.09492e-06
4.14103e-06
1.72486e-06
1.14514e-06
8.78761e-07
-2.60549e-06
-3.95413e-07
-6.23806e-06
-1.84252e-06
-1.07477e-05
-2.02401e-06
-1.81836e-05
-2.03988e-05
-1.24183e-07
1.62488e-06
-3.09843e-07
3.05868e-06
-4.48661e-07
3.49872e-06
-5.03295e-07
3.53683e-06
-4.77317e-07
3.49429e-06
-3.75638e-07
3.49324e-06
-1.92632e-07
3.57186e-06
9.18273e-08
3.74307e-06
4.94087e-07
4.02367e-06
1.05746e-06
4.40191e-06
1.82197e-06
4.82601e-06
2.73866e-06
5.11621e-06
3.59132e-06
4.90681e-06
4.01717e-06
3.71519e-06
3.75274e-06
1.40957e-06
2.80204e-06
-1.6548e-06
1.2918e-06
-4.72782e-06
-4.87655e-07
-8.96827e-06
-1.22918e-06
-1.74421e-05
-2.16279e-05
-2.0444e-07
1.82932e-06
-4.44939e-07
3.29918e-06
-5.7294e-07
3.62672e-06
-5.7702e-07
3.54091e-06
-4.79219e-07
3.39649e-06
-2.91915e-07
3.30594e-06
-1.22405e-08
3.29219e-06
3.75716e-07
3.35511e-06
8.98889e-07
3.5005e-06
1.59031e-06
3.71048e-06
2.47097e-06
3.94535e-06
3.49565e-06
4.09153e-06
4.46914e-06
3.93332e-06
5.04629e-06
3.13805e-06
4.91041e-06
1.54545e-06
3.9656e-06
-7.09992e-07
2.35568e-06
-3.1179e-06
4.69002e-07
-7.08159e-06
-5.16474e-07
-1.64566e-05
-2.21444e-05
-3.90832e-07
2.22015e-06
-7.92323e-07
3.70067e-06
-8.8585e-07
3.72025e-06
-7.75927e-07
3.43099e-06
-5.71571e-07
3.19213e-06
-2.96103e-07
3.03047e-06
6.33897e-08
2.93269e-06
5.25094e-07
2.8934e-06
1.11874e-06
2.90685e-06
1.86657e-06
2.96266e-06
2.76956e-06
3.04237e-06
3.78773e-06
3.07336e-06
4.75727e-06
2.96378e-06
5.39669e-06
2.49862e-06
5.35043e-06
1.59171e-06
4.54445e-06
9.59929e-08
3.08133e-06
-1.65478e-06
1.56301e-06
-5.56327e-06
3.20364e-07
-1.5214e-05
-2.18241e-05
-4.00605e-07
2.62076e-06
-8.83796e-07
4.18386e-06
-1.07834e-06
3.91479e-06
-1.04224e-06
3.39489e-06
-8.3922e-07
2.98912e-06
-5.17403e-07
2.70865e-06
-8.66834e-08
2.50197e-06
4.644e-07
2.34232e-06
1.13272e-06
2.23853e-06
1.93258e-06
2.1628e-06
2.84138e-06
2.13356e-06
3.83406e-06
2.08069e-06
4.77977e-06
2.01807e-06
5.48622e-06
1.79216e-06
5.67986e-06
1.39807e-06
5.22898e-06
5.46878e-07
4.4414e-06
-8.67211e-07
3.36341e-06
-4.48528e-06
1.58508e-06
-1.34357e-05
-2.0239e-05
-3.92429e-06
6.54505e-06
-3.74532e-06
4.00489e-06
-2.54258e-06
2.71205e-06
-1.36926e-06
2.22157e-06
-2.9337e-07
1.91323e-06
7.52823e-07
1.66246e-06
1.78526e-06
1.46953e-06
2.82168e-06
1.30591e-06
3.85948e-06
1.20073e-06
4.91962e-06
1.10266e-06
5.99213e-06
1.06106e-06
7.074e-06
9.9881e-07
8.10267e-06
9.89406e-07
9.00213e-06
8.92697e-07
9.66273e-06
7.3748e-07
9.89338e-06
3.16223e-07
9.71701e-06
-6.90839e-07
8.96361e-06
-3.73188e-06
5.1927e-06
-9.66475e-06
-1.50463e-05
6.54505e-06
1.05499e-05
1.3262e-05
1.54836e-05
1.73968e-05
1.90592e-05
2.05288e-05
2.18347e-05
2.30354e-05
2.41381e-05
2.51991e-05
2.61979e-05
2.71873e-05
2.808e-05
2.88175e-05
2.91337e-05
2.84429e-05
2.4711e-05
1.50463e-05
)
;

boundaryField
{
    movingWall
    {
        type            calculated;
        value           uniform 0;
    }
    fixedWalls
    {
        type            calculated;
        value           uniform 0;
    }
    frontAndBack
    {
        type            empty;
        value           nonuniform List<scalar> 0();
    }
}


// ************************************************************************* //
