/*--------------------------------*- C++ -*----------------------------------*\
| =========                 |                                                 |
| \\      /  F ield         | OpenFOAM: The Open Source CFD Toolbox           |
|  \\    /   O peration     | Version:  2212                                  |
|   \\  /    A nd           | Website:  www.openfoam.com                      |
|    \\/     M anipulation  |                                                 |
\*---------------------------------------------------------------------------*/
FoamFile
{
    version     2.0;
    format      ascii;
    arch        "LSB;label=32;scalar=64";
    class       volVectorField;
    location    "2.65";
    object      U;
}
// * * * * * * * * * * * * * * * * * * * * * * * * * * * * * * * * * * * * * //

dimensions      [0 1 -1 0 0 0 0];

internalField   nonuniform List<vector> 
400
(
(0.00148382 -0.0015171 0)
(0.00421545 -0.00168393 0)
(0.00564216 -0.00108688 0)
(0.00466381 -0.000497551 0)
(0.000727028 0.000250757 0)
(-0.00718951 0.0017054 0)
(-0.0200715 0.00443188 0)
(-0.0377498 0.00798618 0)
(-0.0577527 0.0104368 0)
(-0.0753173 0.00993317 0)
(-0.0859194 0.00658002 0)
(-0.0870698 0.00178393 0)
(-0.0778188 -0.00324962 0)
(-0.0588247 -0.00775988 0)
(-0.0336545 -0.0103064 0)
(-0.00656047 -0.00940121 0)
(0.0147815 -0.00479408 0)
(0.0226317 0.00244 0)
(0.0152351 0.00604152 0)
(0.00413185 0.00445894 0)
(0.00138207 -0.00435156 0)
(0.00226021 -0.00329613 0)
(-0.00150174 0.000835995 0)
(-0.0118817 0.00619633 0)
(-0.0306365 0.0132046 0)
(-0.058311 0.0221306 0)
(-0.0918864 0.0308236 0)
(-0.125016 0.0349856 0)
(-0.151818 0.0321106 0)
(-0.168886 0.0228786 0)
(-0.17468 0.00942453 0)
(-0.169084 -0.00596951 0)
(-0.152662 -0.0215576 0)
(-0.126033 -0.0349508 0)
(-0.0914045 -0.0425805 0)
(-0.0514697 -0.0402957 0)
(-0.0119873 -0.0257954 0)
(0.0154163 -0.00195091 0)
(0.0168453 0.0150769 0)
(0.00533629 0.0140403 0)
(-0.000508462 -0.00451915 0)
(-0.00577401 0.00176637 0)
(-0.0193876 0.0138733 0)
(-0.0426745 0.0292918 0)
(-0.0761107 0.0462022 0)
(-0.115662 0.0604708 0)
(-0.154274 0.0670167 0)
(-0.186421 0.0634525 0)
(-0.209749 0.0507993 0)
(-0.22354 0.0313648 0)
(-0.227715 0.00742135 0)
(-0.222832 -0.0190219 0)
(-0.209196 -0.0458648 0)
(-0.186339 -0.0696216 0)
(-0.153986 -0.0853095 0)
(-0.112156 -0.0860781 0)
(-0.0627133 -0.0652806 0)
(-0.0138396 -0.0231055 0)
(0.009009 0.0163087 0)
(0.00413419 0.0224208 0)
(-0.00337161 0.00172339 0)
(-0.0167287 0.0174031 0)
(-0.041219 0.0392639 0)
(-0.0750813 0.0638911 0)
(-0.115955 0.085812 0)
(-0.15723 0.098677 0)
(-0.192569 0.0987857 0)
(-0.21962 0.0869146 0)
(-0.23846 0.0659853 0)
(-0.249608 0.0386425 0)
(-0.253839 0.00676765 0)
(-0.25193 -0.0283126 0)
(-0.243847 -0.0644921 0)
(-0.228558 -0.0988844 0)
(-0.204118 -0.126212 0)
(-0.167893 -0.13789 0)
(-0.117531 -0.122062 0)
(-0.0550964 -0.0696213 0)
(-0.00116712 0.00211595 0)
(0.00471002 0.0269146 0)
(-0.00623928 0.015247 0)
(-0.0268647 0.0425661 0)
(-0.0592702 0.0726521 0)
(-0.0980902 0.102553 0)
(-0.139123 0.124465 0)
(-0.175653 0.132344 0)
(-0.203846 0.12513 0)
(-0.223696 0.105924 0)
(-0.236389 0.078492 0)
(-0.243543 0.0456121 0)
(-0.246845 0.00886494 0)
(-0.247277 -0.0309665 0)
(-0.244693 -0.0727967 0)
(-0.23844 -0.115322 0)
(-0.225802 -0.154726 0)
(-0.202198 -0.182741 0)
(-0.161784 -0.184354 0)
(-0.100134 -0.139225 0)
(-0.0215904 -0.0388664 0)
(0.00708606 0.0257759 0)
(-0.0078792 0.0338663 0)
(-0.0326835 0.0730431 0)
(-0.0682681 0.108476 0)
(-0.106455 0.139791 0)
(-0.14264 0.158447 0)
(-0.171336 0.159817 0)
(-0.191011 0.145323 0)
(-0.202935 0.119684 0)
(-0.209001 0.0872452 0)
(-0.211629 0.0510359 0)
(-0.212895 0.0125874 0)
(-0.213908 -0.0277103 0)
(-0.214937 -0.0703358 0)
(-0.215997 -0.115771 0)
(-0.214906 -0.162895 0)
(-0.206536 -0.206303 0)
(-0.182878 -0.231906 0)
(-0.135556 -0.212805 0)
(-0.0604611 -0.115854 0)
(0.00542425 0.0133505 0)
(-0.00764562 0.0543446 0)
(-0.0327708 0.104432 0)
(-0.067083 0.142364 0)
(-0.10082 0.17221 0)
(-0.129913 0.185836 0)
(-0.15044 0.180248 0)
(-0.162534 0.158905 0)
(-0.168129 0.127715 0)
(-0.169559 0.0915331 0)
(-0.169365 0.0534955 0)
(-0.169242 0.0149462 0)
(-0.169984 -0.0240775 0)
(-0.172201 -0.0647749 0)
(-0.176463 -0.108651 0)
(-0.182069 -0.156985 0)
(-0.185249 -0.208674 0)
(-0.177986 -0.254593 0)
(-0.150334 -0.268477 0)
(-0.0961336 -0.200703 0)
(-0.00853389 -0.0147979 0)
(-0.00564936 0.073385 0)
(-0.0276126 0.133253 0)
(-0.0573946 0.171804 0)
(-0.0847894 0.198598 0)
(-0.106567 0.2066 0)
(-0.120282 0.194331 0)
(-0.12705 0.166936 0)
(-0.129074 0.131263 0)
(-0.128772 0.0924916 0)
(-0.128222 0.053549 0)
(-0.128273 0.0153083 0)
(-0.129164 -0.0225998 0)
(-0.131412 -0.0613097 0)
(-0.135818 -0.102303 0)
(-0.143026 -0.147864 0)
(-0.151605 -0.200561 0)
(-0.155302 -0.25825 0)
(-0.143654 -0.300879 0)
(-0.109524 -0.270797 0)
(-0.0297309 -0.0730998 0)
(-0.00250794 0.0881462 0)
(-0.0188976 0.15692 0)
(-0.04219 0.195206 0)
(-0.0626438 0.218328 0)
(-0.0778309 0.221063 0)
(-0.0864656 0.203277 0)
(-0.0900902 0.171303 0)
(-0.0907963 0.132602 0)
(-0.090694 0.09246 0)
(-0.0911041 0.0533998 0)
(-0.0921466 0.0156737 0)
(-0.0937054 -0.0215207 0)
(-0.0959907 -0.0590705 0)
(-0.0996275 -0.0978588 0)
(-0.105906 -0.139879 0)
(-0.11561 -0.18954 0)
(-0.12531 -0.25135 0)
(-0.12435 -0.315718 0)
(-0.105498 -0.327266 0)
(-0.0364011 -0.158098 0)
(0.001114 0.0965302 0)
(-0.0082445 0.173749 0)
(-0.0239557 0.212074 0)
(-0.0374857 0.232116 0)
(-0.0469463 0.230858 0)
(-0.0519039 0.209157 0)
(-0.0538364 0.174139 0)
(-0.0543867 0.133686 0)
(-0.0551021 0.0930701 0)
(-0.056639 0.0543084 0)
(-0.0587535 0.0170697 0)
(-0.061227 -0.0197411 0)
(-0.0640541 -0.0568331 0)
(-0.0675205 -0.0945129 0)
(-0.0727452 -0.133795 0)
(-0.0815242 -0.17899 0)
(-0.0938363 -0.238999 0)
(-0.0994594 -0.316231 0)
(-0.0940542 -0.364605 0)
(-0.0305542 -0.236212 0)
(0.00464983 0.0975415 0)
(0.00276545 0.182742 0)
(-0.00503904 0.222113 0)
(-0.011901 0.239889 0)
(-0.0162889 0.235916 0)
(-0.0182133 0.212034 0)
(-0.018892 0.175716 0)
(-0.0193774 0.134861 0)
(-0.0206164 0.0945113 0)
(-0.0228328 0.0563055 0)
(-0.0256705 0.0196084 0)
(-0.0289797 -0.0167632 0)
(-0.0327501 -0.0535114 0)
(-0.0370094 -0.0906823 0)
(-0.0424458 -0.128392 0)
(-0.0505955 -0.169701 0)
(-0.0644085 -0.225407 0)
(-0.0738964 -0.309439 0)
(-0.080735 -0.388818 0)
(-0.0228388 -0.300194 0)
(0.00759232 0.0915624 0)
(0.0131049 0.18362 0)
(0.0131027 0.22548 0)
(0.0127315 0.242554 0)
(0.013314 0.237587 0)
(0.0145016 0.213225 0)
(0.0153513 0.176964 0)
(0.0153572 0.136525 0)
(0.0141478 0.0967182 0)
(0.0117776 0.0590915 0)
(0.00858622 0.0230312 0)
(0.00460664 -0.0126222 0)
(-0.000262506 -0.0486461 0)
(-0.00595724 -0.0851042 0)
(-0.0129216 -0.121651 0)
(-0.0216157 -0.159801 0)
(-0.0374372 -0.209943 0)
(-0.0493375 -0.295592 0)
(-0.06809 -0.400821 0)
(-0.0146038 -0.35308 0)
(0.00913826 0.0797579 0)
(0.0214062 0.176465 0)
(0.0287921 0.221714 0)
(0.0345348 0.239096 0)
(0.0400879 0.23431 0)
(0.045028 0.210907 0)
(0.0484453 0.176044 0)
(0.050028 0.137018 0)
(0.0497554 0.0984187 0)
(0.0478758 0.0618322 0)
(0.0447049 0.0268473 0)
(0.0402081 -0.00760766 0)
(0.0342275 -0.0423223 0)
(0.0267951 -0.0774625 0)
(0.017224 -0.112587 0)
(0.00638009 -0.148224 0)
(-0.0126975 -0.193397 0)
(-0.0256949 -0.277366 0)
(-0.0565387 -0.403555 0)
(-0.0064351 -0.395308 0)
(0.00862772 0.0642543 0)
(0.0262921 0.161766 0)
(0.0408758 0.211176 0)
(0.0529498 0.230483 0)
(0.0639742 0.22736 0)
(0.0735681 0.206296 0)
(0.080746 0.173974 0)
(0.085112 0.137127 0)
(0.0867475 0.100186 0)
(0.0859979 0.0649325 0)
(0.0832228 0.0313375 0)
(0.0783175 -0.00150525 0)
(0.0710903 -0.0341782 0)
(0.0617215 -0.0671587 0)
(0.049065 -0.100142 0)
(0.034707 -0.133157 0)
(0.0109346 -0.173498 0)
(-0.00215094 -0.254309 0)
(-0.045941 -0.399777 0)
(0.00230724 -0.430454 0)
(0.0060069 0.0483735 0)
(0.0262612 0.141757 0)
(0.0467065 0.193526 0)
(0.0647971 0.214153 0)
(0.081787 0.212792 0)
(0.0972284 0.194809 0)
(0.109764 0.166234 0)
(0.118612 0.132945 0)
(0.12366 0.0990256 0)
(0.125188 0.0663476 0)
(0.123492 0.0352723 0)
(0.118676 0.00513285 0)
(0.110254 -0.0244122 0)
(0.0988159 -0.054054 0)
(0.0823726 -0.0837591 0)
(0.0638096 -0.114192 0)
(0.034699 -0.150759 0)
(0.0211802 -0.228661 0)
(-0.0359201 -0.392731 0)
(0.0127954 -0.459759 0)
(0.0020129 0.0352431 0)
(0.0208185 0.118992 0)
(0.0460783 0.171503 0)
(0.0704749 0.193548 0)
(0.0942359 0.19417 0)
(0.116512 0.179567 0)
(0.135587 0.155367 0)
(0.150159 0.12652 0)
(0.159756 0.0966147 0)
(0.164565 0.0674739 0)
(0.164574 0.0397865 0)
(0.160451 0.013257 0)
(0.150926 -0.0123949 0)
(0.13752 -0.0377496 0)
(0.116963 -0.0630911 0)
(0.0941789 -0.0900437 0)
(0.0595462 -0.123855 0)
(0.0439298 -0.200254 0)
(-0.0245828 -0.38252 0)
(0.0275605 -0.482282 0)
(-0.00322047 0.0304763 0)
(0.00792915 0.0990034 0)
(0.0324753 0.142142 0)
(0.0625137 0.161486 0)
(0.0940078 0.163164 0)
(0.124633 0.152271 0)
(0.151843 0.133448 0)
(0.173849 0.110528 0)
(0.189582 0.0864974 0)
(0.199274 0.0629278 0)
(0.202221 0.0406699 0)
(0.199954 0.0196438 0)
(0.190113 -0.000348176 0)
(0.175892 -0.0198473 0)
(0.152007 -0.0392335 0)
(0.126444 -0.061729 0)
(0.0866721 -0.094598 0)
(0.066525 -0.173959 0)
(-0.00634231 -0.367047 0)
(0.0511726 -0.4898 0)
(-0.0126213 0.0204441 0)
(-0.00770453 0.0879709 0)
(0.0158094 0.120656 0)
(0.0504762 0.131951 0)
(0.0893464 0.131218 0)
(0.127829 0.122686 0)
(0.162673 0.109078 0)
(0.191483 0.0923973 0)
(0.212821 0.0749566 0)
(0.227486 0.0577098 0)
(0.233585 0.0417279 0)
(0.234561 0.0268374 0)
(0.225903 0.0134066 0)
(0.214613 0.00040818 0)
(0.190975 -0.0126521 0)
(0.16865 -0.0308731 0)
(0.126553 -0.063105 0)
(0.103903 -0.14284 0)
(0.035589 -0.32545 0)
(0.091645 -0.455398 0)
(-0.105156 0.0837821 0)
(-0.0773564 0.0696945 0)
(-0.049694 0.0716684 0)
(0.000371913 0.0749401 0)
(0.0514134 0.0748354 0)
(0.101894 0.0707801 0)
(0.147312 0.0640046 0)
(0.188278 0.0552468 0)
(0.219662 0.0462524 0)
(0.247307 0.0371916 0)
(0.263154 0.0291368 0)
(0.278486 0.0216496 0)
(0.279644 0.0154451 0)
(0.284537 0.00947409 0)
(0.269885 0.00304611 0)
(0.264147 -0.00795409 0)
(0.226617 -0.0335223 0)
(0.215109 -0.0942994 0)
(0.149331 -0.229594 0)
(0.170501 -0.341501 0)
(0.130531 0.104272 0)
(0.159536 0.0764221 0)
(0.213965 0.0544425 0)
(0.272132 0.0424846 0)
(0.323669 0.0363906 0)
(0.374612 0.0321534 0)
(0.417768 0.0290035 0)
(0.461781 0.0256354 0)
(0.494008 0.0230026 0)
(0.528673 0.0198603 0)
(0.547955 0.0177821 0)
(0.573845 0.0149008 0)
(0.580408 0.0135485 0)
(0.599352 0.0107849 0)
(0.591695 0.00990115 0)
(0.601206 0.00549045 0)
(0.566548 0.000557168 0)
(0.547618 -0.0179602 0)
(0.436552 -0.0502762 0)
(0.337266 -0.101381 0)
)
;

boundaryField
{
    movingWall
    {
        type            fixedValue;
        value           uniform (1 0 0);
    }
    fixedWalls
    {
        type            noSlip;
    }
    frontAndBack
    {
        type            empty;
    }
}


// ************************************************************************* //
