/*--------------------------------*- C++ -*----------------------------------*\
| =========                 |                                                 |
| \\      /  F ield         | OpenFOAM: The Open Source CFD Toolbox           |
|  \\    /   O peration     | Version:  2212                                  |
|   \\  /    A nd           | Website:  www.openfoam.com                      |
|    \\/     M anipulation  |                                                 |
\*---------------------------------------------------------------------------*/
FoamFile
{
    version     2.0;
    format      ascii;
    arch        "LSB;label=32;scalar=64";
    class       volVectorField;
    location    "3.12";
    object      U;
}
// * * * * * * * * * * * * * * * * * * * * * * * * * * * * * * * * * * * * * //

dimensions      [0 1 -1 0 0 0 0];

internalField   nonuniform List<vector> 
400
(
(0.0015831 -0.00160068 0)
(0.00452625 -0.00178803 0)
(0.00611173 -0.0011426 0)
(0.00515608 -0.00053581 0)
(0.00112413 0.000218214 0)
(-0.00704516 0.00172644 0)
(-0.0203832 0.00461707 0)
(-0.0386957 0.00837353 0)
(-0.0593466 0.010884 0)
(-0.077321 0.0102484 0)
(-0.0879934 0.00670273 0)
(-0.0889202 0.00174591 0)
(-0.0791936 -0.00342308 0)
(-0.0595783 -0.00802085 0)
(-0.0337363 -0.0105934 0)
(-0.00603221 -0.00962337 0)
(0.0157026 -0.00481562 0)
(0.0235504 0.00259444 0)
(0.0157229 0.00625891 0)
(0.00423086 0.00459425 0)
(0.00155004 -0.00470751 0)
(0.00270222 -0.00365724 0)
(-0.000987861 0.000728831 0)
(-0.0116643 0.00634189 0)
(-0.0311187 0.0136519 0)
(-0.0598275 0.022971 0)
(-0.0944531 0.0319494 0)
(-0.12831 0.0360432 0)
(-0.155464 0.0328287 0)
(-0.172575 0.023167 0)
(-0.178163 0.00929764 0)
(-0.172195 -0.00645703 0)
(-0.155243 -0.0223606 0)
(-0.127982 -0.0359558 0)
(-0.0926483 -0.0436279 0)
(-0.0519567 -0.0411468 0)
(-0.0117811 -0.0261523 0)
(0.0161187 -0.0016669 0)
(0.0173593 0.0156463 0)
(0.00544249 0.0144422 0)
(-0.000380875 -0.00513676 0)
(-0.00560757 0.00131731 0)
(-0.0195631 0.0141416 0)
(-0.0436832 0.0303197 0)
(-0.0783157 0.0478482 0)
(-0.118972 0.0623731 0)
(-0.15828 0.0687321 0)
(-0.190758 0.0647021 0)
(-0.214187 0.0514875 0)
(-0.227913 0.0314733 0)
(-0.231895 0.00696333 0)
(-0.226739 -0.0200199 0)
(-0.212751 -0.0473375 0)
(-0.189442 -0.0714308 0)
(-0.156536 -0.0872249 0)
(-0.114022 -0.0877577 0)
(-0.0637256 -0.0662799 0)
(-0.0139012 -0.0229872 0)
(0.00922487 0.0170871 0)
(0.00414174 0.0230067 0)
(-0.00343425 0.00112889 0)
(-0.0171643 0.0173902 0)
(-0.0424336 0.0404578 0)
(-0.077431 0.0660744 0)
(-0.119429 0.0884378 0)
(-0.161395 0.101153 0)
(-0.196991 0.100729 0)
(-0.224107 0.0882183 0)
(-0.24291 0.0666361 0)
(-0.253958 0.038647 0)
(-0.258048 0.00612348 0)
(-0.255972 -0.0296078 0)
(-0.247674 -0.0663716 0)
(-0.232112 -0.101248 0)
(-0.207313 -0.128847 0)
(-0.170598 -0.140456 0)
(-0.119502 -0.12403 0)
(-0.0560341 -0.0703586 0)
(-0.00111476 0.00278426 0)
(0.00471886 0.0275661 0)
(-0.00646025 0.015078 0)
(-0.0278215 0.0434184 0)
(-0.0612888 0.0749168 0)
(-0.101204 0.105682 0)
(-0.14299 0.127674 0)
(-0.179753 0.135059 0)
(-0.207903 0.12713 0)
(-0.227644 0.107214 0)
(-0.240201 0.0791014 0)
(-0.247247 0.0455688 0)
(-0.250471 0.00816798 0)
(-0.250829 -0.0323122 0)
(-0.248133 -0.0747529 0)
(-0.24177 -0.11784 0)
(-0.228967 -0.157671 0)
(-0.20511 -0.185865 0)
(-0.164241 -0.187222 0)
(-0.101797 -0.141149 0)
(-0.0219274 -0.0389485 0)
(0.00721688 0.0263972 0)
(-0.00819153 0.0344303 0)
(-0.0339122 0.0748926 0)
(-0.0706023 0.111678 0)
(-0.10965 0.143566 0)
(-0.146196 0.161942 0)
(-0.174814 0.162564 0)
(-0.194292 0.14726 0)
(-0.206026 0.120894 0)
(-0.211948 0.0877947 0)
(-0.214518 0.0509676 0)
(-0.215776 0.0119054 0)
(-0.216788 -0.0289985 0)
(-0.217782 -0.0722324 0)
(-0.218798 -0.118235 0)
(-0.21763 -0.165827 0)
(-0.209146 -0.209542 0)
(-0.185281 -0.235204 0)
(-0.137546 -0.215701 0)
(-0.0616463 -0.117456 0)
(0.00560901 0.0137405 0)
(-0.0079498 0.0557046 0)
(-0.03399 0.10721 0)
(-0.0693 0.146282 0)
(-0.103627 0.176372 0)
(-0.132798 0.18941 0)
(-0.153094 0.182899 0)
(-0.164947 0.160705 0)
(-0.17036 0.128812 0)
(-0.171708 0.092021 0)
(-0.171542 0.0534152 0)
(-0.171495 0.014282 0)
(-0.17232 -0.0253566 0)
(-0.174588 -0.0667044 0)
(-0.178832 -0.11118 0)
(-0.184342 -0.159974 0)
(-0.187383 -0.211933 0)
(-0.179974 -0.257958 0)
(-0.152147 -0.271764 0)
(-0.0976852 -0.203307 0)
(-0.00872313 -0.0147608 0)
(-0.0058628 0.0754659 0)
(-0.028605 0.136808 0)
(-0.059203 0.176243 0)
(-0.0869626 0.20299 0)
(-0.108656 0.210154 0)
(-0.122097 0.196837 0)
(-0.128635 0.16858 0)
(-0.130504 0.132256 0)
(-0.130164 0.0929557 0)
(-0.129667 0.0535183 0)
(-0.129825 0.0147399 0)
(-0.130865 -0.023787 0)
(-0.133267 -0.0632002 0)
(-0.137758 -0.104901 0)
(-0.144917 -0.151029 0)
(-0.153323 -0.204011 0)
(-0.156818 -0.26173 0)
(-0.144989 -0.30432 0)
(-0.110771 -0.273908 0)
(-0.030317 -0.0742151 0)
(-0.00258881 0.0907845 0)
(-0.0195553 0.16109 0)
(-0.04346 0.200012 0)
(-0.0641176 0.222833 0)
(-0.0791489 0.22453 0)
(-0.0875152 0.205607 0)
(-0.0909197 0.17278 0)
(-0.0914692 0.133492 0)
(-0.0913015 0.0929092 0)
(-0.09171 0.0534442 0)
(-0.0928193 0.0152612 0)
(-0.0945378 -0.0224904 0)
(-0.0970562 -0.0607282 0)
(-0.10092 -0.100314 0)
(-0.107305 -0.143086 0)
(-0.116914 -0.19319 0)
(-0.126399 -0.255011 0)
(-0.125196 -0.319265 0)
(-0.106351 -0.330806 0)
(-0.0368292 -0.160635 0)
(0.00118619 0.099478 0)
(-0.00851454 0.178328 0)
(-0.0246324 0.217104 0)
(-0.0382557 0.236671 0)
(-0.0475509 0.234241 0)
(-0.0522773 0.211334 0)
(-0.054 0.17545 0)
(-0.0543705 0.134443 0)
(-0.0549623 0.0934469 0)
(-0.0564195 0.0543616 0)
(-0.0585354 0.0167717 0)
(-0.0611367 -0.0204768 0)
(-0.0642242 -0.0581637 0)
(-0.068022 -0.0966563 0)
(-0.0735204 -0.136864 0)
(-0.0823613 -0.182762 0)
(-0.0945173 -0.242867 0)
(-0.0998315 -0.319811 0)
(-0.0944923 -0.368116 0)
(-0.030694 -0.239167 0)
(0.00488343 0.100523 0)
(0.00289043 0.187556 0)
(-0.0051362 0.227283 0)
(-0.012029 0.244452 0)
(-0.0162852 0.239197 0)
(-0.0180346 0.214036 0)
(-0.0185227 0.17682 0)
(-0.0188103 0.135415 0)
(-0.0198828 0.0947303 0)
(-0.0219683 0.0562797 0)
(-0.0247571 0.019353 0)
(-0.0281448 -0.0173045 0)
(-0.0321502 -0.0544974 0)
(-0.0367594 -0.0924099 0)
(-0.042562 -0.131134 0)
(-0.0509251 -0.173431 0)
(-0.0647143 -0.229475 0)
(-0.0738895 -0.313168 0)
(-0.0808827 -0.392396 0)
(-0.0228574 -0.303351 0)
(0.00799765 0.0942918 0)
(0.013623 0.188458 0)
(0.0135616 0.230679 0)
(0.0132137 0.247096 0)
(0.0138829 0.240805 0)
(0.0151674 0.215117 0)
(0.0161496 0.177909 0)
(0.0163256 0.136891 0)
(0.0152718 0.0967559 0)
(0.0130238 0.058938 0)
(0.00989005 0.022746 0)
(0.00587568 -0.0130624 0)
(0.000829183 -0.0493917 0)
(-0.00515289 -0.0864582 0)
(-0.0124645 -0.124006 0)
(-0.0214317 -0.163338 0)
(-0.0373507 -0.214076 0)
(-0.0489637 -0.299334 0)
(-0.0679716 -0.404245 0)
(-0.0145166 -0.356204 0)
(0.00968375 0.0819472 0)
(0.0222987 0.181105 0)
(0.0297601 0.226871 0)
(0.0355602 0.243627 0)
(0.0411547 0.237504 0)
(0.0461105 0.21272 0)
(0.049574 0.176839 0)
(0.0512518 0.13719 0)
(0.0510783 0.0982572 0)
(0.0492746 0.0615248 0)
(0.0461373 0.026493 0)
(0.0416166 -0.00800335 0)
(0.0355297 -0.0429143 0)
(0.0279324 -0.0785513 0)
(0.0181087 -0.114617 0)
(0.00702651 -0.151534 0)
(-0.0122319 -0.197564 0)
(-0.0250201 -0.281177 0)
(-0.0562294 -0.406872 0)
(-0.00628916 -0.398256 0)
(0.00920021 0.065661 0)
(0.0274978 0.165932 0)
(0.0423295 0.216137 0)
(0.0545282 0.234978 0)
(0.0655901 0.230612 0)
(0.0751438 0.208174 0)
(0.0822743 0.17478 0)
(0.0866247 0.137252 0)
(0.0882563 0.0999476 0)
(0.0874971 0.0645509 0)
(0.0846965 0.0309365 0)
(0.079763 -0.00190564 0)
(0.0724781 -0.0347086 0)
(0.0630643 -0.0681113 0)
(0.0502849 -0.101947 0)
(0.0357978 -0.136224 0)
(0.0118299 -0.177562 0)
(-0.00120943 -0.258064 0)
(-0.0454661 -0.402885 0)
(0.00251587 -0.433084 0)
(0.00643674 0.0489067 0)
(0.0276456 0.14521 0)
(0.0485666 0.198169 0)
(0.0668736 0.218588 0)
(0.0839335 0.216124 0)
(0.0993284 0.196804 0)
(0.111765 0.167116 0)
(0.120511 0.133086 0)
(0.125463 0.0987588 0)
(0.126906 0.0659188 0)
(0.12513 0.0348239 0)
(0.120281 0.0046924 0)
(0.111833 -0.0249577 0)
(0.100443 -0.0549699 0)
(0.0839754 -0.0854357 0)
(0.0653993 -0.117036 0)
(0.0360934 -0.154648 0)
(0.0222711 -0.232299 0)
(-0.0353142 -0.395559 0)
(0.0130948 -0.461913 0)
(0.00219688 0.0350253 0)
(0.0221203 0.121449 0)
(0.048224 0.175501 0)
(0.0730686 0.197707 0)
(0.0970485 0.197527 0)
(0.119385 0.181772 0)
(0.138399 0.156526 0)
(0.152846 0.126925 0)
(0.162287 0.0965682 0)
(0.166951 0.0672101 0)
(0.166823 0.0394475 0)
(0.162639 0.0128736 0)
(0.153075 -0.0129077 0)
(0.13975 -0.0386249 0)
(0.119191 -0.064652 0)
(0.0964263 -0.0925969 0)
(0.0615544 -0.127378 0)
(0.0451964 -0.203432 0)
(-0.0237948 -0.384654 0)
(0.027984 -0.483843 0)
(-0.00330515 0.0296779 0)
(0.00896501 0.100397 0)
(0.0346063 0.145394 0)
(0.0653483 0.165184 0)
(0.0972954 0.166337 0)
(0.1282 0.154512 0)
(0.155516 0.134765 0)
(0.1775 0.111121 0)
(0.193123 0.0866092 0)
(0.202709 0.0627659 0)
(0.205516 0.0403585 0)
(0.203222 0.0192281 0)
(0.193306 -0.000945861 0)
(0.179143 -0.0207599 0)
(0.155181 -0.0406913 0)
(0.129525 -0.0638935 0)
(0.0892827 -0.0975366 0)
(0.0679764 -0.176701 0)
(-0.00547024 -0.368482 0)
(0.0516137 -0.490716 0)
(-0.0132663 0.0195814 0)
(-0.00751561 0.088225 0)
(0.0175593 0.122508 0)
(0.0533605 0.134562 0)
(0.0931543 0.133792 0)
(0.132323 0.124762 0)
(0.16757 0.110528 0)
(0.196582 0.0932886 0)
(0.217917 0.0754169 0)
(0.232561 0.0578765 0)
(0.238505 0.0416696 0)
(0.239429 0.026603 0)
(0.230572 0.0129289 0)
(0.219244 -0.000337119 0)
(0.195282 -0.013841 0)
(0.172534 -0.0324787 0)
(0.129662 -0.0651281 0)
(0.10573 -0.144314 0)
(0.0364797 -0.325805 0)
(0.0919787 -0.455673 0)
(-0.105523 0.0831675 0)
(-0.0774147 0.0694982 0)
(-0.0489444 0.0726475 0)
(0.00222673 0.0764676 0)
(0.0543943 0.0764832 0)
(0.10583 0.0722249 0)
(0.151899 0.0651092 0)
(0.19331 0.0560148 0)
(0.224824 0.0467183 0)
(0.252531 0.0374322 0)
(0.268213 0.0291709 0)
(0.283436 0.0215312 0)
(0.284277 0.0151323 0)
(0.288953 0.00900091 0)
(0.273733 0.00231468 0)
(0.267535 -0.00880092 0)
(0.229333 -0.0344436 0)
(0.216658 -0.0948513 0)
(0.149822 -0.229675 0)
(0.170594 -0.341513 0)
(0.130264 0.103983 0)
(0.158953 0.0758247 0)
(0.213139 0.053865 0)
(0.271533 0.0420953 0)
(0.323608 0.0361917 0)
(0.375277 0.0320762 0)
(0.419077 0.0289703 0)
(0.463632 0.0256092 0)
(0.49617 0.0229527 0)
(0.531022 0.0197917 0)
(0.550311 0.0176814 0)
(0.576148 0.0147846 0)
(0.582531 0.0133968 0)
(0.601264 0.0106149 0)
(0.593258 0.00969152 0)
(0.60239 0.00528145 0)
(0.56725 0.000338234 0)
(0.547761 -0.0181428 0)
(0.436246 -0.0503658 0)
(0.337049 -0.101409 0)
)
;

boundaryField
{
    movingWall
    {
        type            fixedValue;
        value           uniform (1 0 0);
    }
    fixedWalls
    {
        type            noSlip;
    }
    frontAndBack
    {
        type            empty;
    }
}


// ************************************************************************* //
