/*--------------------------------*- C++ -*----------------------------------*\
| =========                 |                                                 |
| \\      /  F ield         | OpenFOAM: The Open Source CFD Toolbox           |
|  \\    /   O peration     | Version:  2212                                  |
|   \\  /    A nd           | Website:  www.openfoam.com                      |
|    \\/     M anipulation  |                                                 |
\*---------------------------------------------------------------------------*/
FoamFile
{
    version     2.0;
    format      ascii;
    arch        "LSB;label=32;scalar=64";
    class       surfaceScalarField;
    location    "1.21";
    object      phi;
}
// * * * * * * * * * * * * * * * * * * * * * * * * * * * * * * * * * * * * * //

dimensions      [0 3 -1 0 0 0 0];

oriented        oriented;

internalField   nonuniform List<scalar> 
760
(
7.60866e-09
-7.60851e-09
-4.17536e-08
4.93622e-08
-1.27737e-07
8.59831e-08
-2.46065e-07
1.18328e-07
-4.13765e-07
1.677e-07
-6.53381e-07
2.39616e-07
-9.79685e-07
3.26304e-07
-1.38469e-06
4.05003e-07
-1.82213e-06
4.37444e-07
-2.20448e-06
3.82353e-07
-2.42518e-06
2.20693e-07
-2.40296e-06
-2.22135e-08
-2.05793e-06
-3.45037e-07
-1.44262e-06
-6.15306e-07
-6.9e-07
-7.52621e-07
-3.55886e-09
-6.86442e-07
4.29506e-07
-4.33065e-07
4.63664e-07
-3.41576e-08
2.21627e-07
2.42037e-07
2.21627e-07
-9.91842e-08
9.15756e-08
-3.34355e-07
2.84532e-07
-6.51195e-07
4.02823e-07
-1.0487e-06
5.15833e-07
-1.55346e-06
6.72465e-07
-2.18697e-06
8.7312e-07
-2.93861e-06
1.07794e-06
-3.74642e-06
1.21282e-06
-4.4959e-06
1.18692e-06
-5.04522e-06
9.31676e-07
-5.27395e-06
4.49428e-07
-5.10435e-06
-1.91816e-07
-4.50309e-06
-9.46304e-07
-3.50914e-06
-1.60925e-06
-2.24858e-06
-2.01319e-06
-9.51117e-07
-1.9839e-06
3.32822e-08
-1.41746e-06
4.52442e-07
-4.53318e-07
2.9121e-07
4.03269e-07
5.12837e-07
-2.29278e-07
3.20854e-07
-6.63183e-07
7.18437e-07
-1.20631e-06
9.45946e-07
-1.85709e-06
1.16662e-06
-2.64148e-06
1.45685e-06
-3.56955e-06
1.8012e-06
-4.6094e-06
2.11779e-06
-5.67454e-06
2.27795e-06
-6.63135e-06
2.14374e-06
-7.33137e-06
1.63169e-06
-7.65557e-06
7.73626e-07
-7.53822e-06
-3.09162e-07
-6.96353e-06
-1.52099e-06
-5.92521e-06
-2.64757e-06
-4.46567e-06
-3.47273e-06
-2.73143e-06
-3.71814e-06
-1.05857e-06
-3.09033e-06
2.35342e-08
-1.53542e-06
2.27237e-07
1.99566e-07
7.40074e-07
-3.45542e-07
6.66396e-07
-9.51144e-07
1.32404e-06
-1.6824e-06
1.6772e-06
-2.53689e-06
2.02111e-06
-3.54378e-06
2.46375e-06
-4.71315e-06
2.97056e-06
-6.00539e-06
3.41003e-06
-7.3117e-06
3.58426e-06
-8.47063e-06
3.30267e-06
-9.33068e-06
2.49175e-06
-9.79273e-06
1.23567e-06
-9.7951e-06
-3.06795e-07
-9.37758e-06
-1.93851e-06
-8.48976e-06
-3.53539e-06
-7.07283e-06
-4.88965e-06
-5.12037e-06
-5.6706e-06
-2.81803e-06
-5.39268e-06
-7.53225e-07
-3.60022e-06
1.4265e-07
-6.96308e-07
8.82724e-07
-4.29366e-07
1.09576e-06
-1.15916e-06
2.05383e-06
-2.02762e-06
2.54566e-06
-3.0342e-06
3.02768e-06
-4.21414e-06
3.64369e-06
-5.5743e-06
4.33073e-06
-7.04816e-06
4.88389e-06
-8.47923e-06
5.01533e-06
-9.67977e-06
4.50321e-06
-1.05337e-05
3.34563e-06
-1.10166e-05
1.7186e-06
-1.1078e-05
-2.45342e-07
-1.08544e-05
-2.16216e-06
-1.0269e-05
-4.12083e-06
-9.20019e-06
-5.95841e-06
-7.48387e-06
-7.38691e-06
-5.0024e-06
-7.87415e-06
-2.0866e-06
-6.51601e-06
-9.63112e-08
-2.6866e-06
7.86413e-07
-4.68204e-07
1.56397e-06
-1.26293e-06
2.84856e-06
-2.20781e-06
3.49055e-06
-3.29942e-06
4.11928e-06
-4.56574e-06
4.91001e-06
-5.98607e-06
5.75106e-06
-7.4462e-06
6.34402e-06
-8.75911e-06
6.32824e-06
-9.76493e-06
5.50903e-06
-1.04174e-05
3.99811e-06
-1.07679e-05
2.06909e-06
-1.08716e-05
-1.41614e-07
-1.08008e-05
-2.23302e-06
-1.05477e-05
-4.37387e-06
-1.00066e-05
-6.49958e-06
-8.92033e-06
-8.47315e-06
-6.93454e-06
-9.85994e-06
-3.88921e-06
-9.56134e-06
-7.14541e-07
-5.86127e-06
7.18722e-08
-4.53578e-07
2.01754e-06
-1.24351e-06
3.63849e-06
-2.18725e-06
4.43429e-06
-3.26431e-06
5.19634e-06
-4.47762e-06
6.12332e-06
-5.77203e-06
7.04546e-06
-7.00991e-06
7.58191e-06
-8.02776e-06
7.34609e-06
-8.73032e-06
6.21159e-06
-9.1281e-06
4.39589e-06
-9.29612e-06
2.23711e-06
-9.38073e-06
-5.7002e-08
-9.35948e-06
-2.25427e-06
-9.32236e-06
-4.411e-06
-9.25379e-06
-6.56815e-06
-8.92744e-06
-8.79949e-06
-7.86386e-06
-1.09235e-05
-5.47948e-06
-1.19457e-05
-1.75842e-06
-9.58232e-06
-1.68655e-06
-3.83603e-07
2.40115e-06
-1.09415e-06
4.34904e-06
-1.95073e-06
5.29087e-06
-2.90463e-06
6.15024e-06
-3.93126e-06
7.14995e-06
-4.96332e-06
8.07752e-06
-5.88448e-06
8.50307e-06
-6.58885e-06
8.05046e-06
-7.03956e-06
6.6623e-06
-7.271e-06
4.62733e-06
-7.35079e-06
2.31691e-06
-7.37626e-06
-3.1536e-08
-7.35362e-06
-2.27691e-06
-7.37548e-06
-4.38914e-06
-7.5216e-06
-6.42203e-06
-7.71655e-06
-8.60455e-06
-7.51222e-06
-1.11278e-05
-6.1005e-06
-1.33574e-05
-2.87636e-06
-1.28065e-05
-4.56291e-06
-2.67143e-07
2.66829e-06
-8.30772e-07
4.91267e-06
-1.52502e-06
5.98511e-06
-2.27127e-06
6.89649e-06
-3.02572e-06
7.9044e-06
-3.73562e-06
8.78742e-06
-4.33568e-06
9.10313e-06
-4.78507e-06
8.49985e-06
-5.08812e-06
6.96535e-06
-5.27553e-06
4.81474e-06
-5.38188e-06
2.42326e-06
-5.42244e-06
9.01842e-09
-5.42636e-06
-2.27299e-06
-5.4468e-06
-4.36869e-06
-5.60864e-06
-6.26018e-06
-5.99211e-06
-8.22107e-06
-6.3239e-06
-1.07961e-05
-5.78096e-06
-1.39004e-05
-3.51609e-06
-1.50713e-05
-8.079e-06
-1.23776e-07
2.79207e-06
-4.90978e-07
5.27987e-06
-9.72435e-07
6.46657e-06
-1.46262e-06
7.38668e-06
-1.90611e-06
8.34789e-06
-2.27991e-06
9.16123e-06
-2.57877e-06
9.40199e-06
-2.81783e-06
8.73891e-06
-3.02209e-06
7.16961e-06
-3.20591e-06
4.99856e-06
-3.36649e-06
2.58384e-06
-3.49245e-06
1.34979e-07
-3.56846e-06
-2.19699e-06
-3.63123e-06
-4.30592e-06
-3.7934e-06
-6.09802e-06
-4.2281e-06
-7.78637e-06
-4.86324e-06
-1.01609e-05
-4.9572e-06
-1.38064e-05
-3.38033e-06
-1.66482e-05
-1.14593e-05
2.8716e-08
2.76335e-06
-1.24471e-07
5.43306e-06
-3.71893e-07
6.71399e-06
-5.91165e-07
7.60595e-06
-7.20105e-07
8.47683e-06
-7.64634e-07
9.20576e-06
-7.78377e-07
9.41573e-06
-8.11411e-07
8.77194e-06
-8.93152e-07
7.25135e-06
-1.03429e-06
5.1397e-06
-1.21843e-06
2.76797e-06
-1.42594e-06
3.42493e-07
-1.62167e-06
-2.00126e-06
-1.82151e-06
-4.10608e-06
-2.07853e-06
-5.841e-06
-2.57198e-06
-7.29292e-06
-3.39207e-06
-9.34083e-06
-3.94312e-06
-1.32554e-05
-2.94377e-06
-1.76476e-05
-1.44031e-05
1.48121e-07
2.61523e-06
2.01616e-07
5.37956e-06
1.89015e-07
6.72659e-06
2.30323e-07
7.56464e-06
3.94099e-07
8.31305e-06
6.69887e-07
8.92997e-06
9.73159e-07
9.11246e-06
1.20011e-06
8.54499e-06
1.28432e-06
7.16714e-06
1.22216e-06
5.20186e-06
1.04612e-06
2.94402e-06
7.75478e-07
6.13133e-07
4.52118e-07
-1.6779e-06
7.66791e-08
-3.73064e-06
-4.16831e-07
-5.34749e-06
-1.08093e-06
-6.62882e-06
-2.06543e-06
-8.35634e-06
-2.95205e-06
-1.23688e-05
-2.46796e-06
-1.81316e-05
-1.68711e-05
2.24394e-07
2.39084e-06
4.44132e-07
5.15982e-06
6.289e-07
6.54182e-06
8.87937e-07
7.3056e-06
1.30575e-06
7.89524e-06
1.87281e-06
8.36291e-06
2.48604e-06
8.49923e-06
2.99665e-06
8.03438e-06
3.3005e-06
6.86329e-06
3.37493e-06
5.12743e-06
3.24506e-06
3.07389e-06
2.93241e-06
9.25786e-07
2.45437e-06
-1.19986e-06
1.84222e-06
-3.11849e-06
1.12329e-06
-4.62856e-06
2.34389e-07
-5.73992e-06
-9.0527e-07
-7.21668e-06
-2.05836e-06
-1.12157e-05
-2.00424e-06
-1.81858e-05
-1.88753e-05
2.42492e-07
2.14834e-06
5.68352e-07
4.83396e-06
9.11782e-07
6.19839e-06
1.34978e-06
6.8676e-06
1.95817e-06
7.28686e-06
2.73769e-06
7.58339e-06
3.59282e-06
7.6441e-06
4.36233e-06
7.26487e-06
4.90556e-06
6.32006e-06
5.15967e-06
4.87331e-06
5.12564e-06
3.10791e-06
4.82328e-06
1.22815e-06
4.24185e-06
-6.18424e-07
3.44808e-06
-2.32472e-06
2.48887e-06
-3.66936e-06
1.40646e-06
-4.65751e-06
8.72119e-08
-5.89743e-06
-1.26607e-06
-9.86238e-06
-1.57787e-06
-1.7874e-05
-2.04532e-05
1.91233e-07
1.95711e-06
5.3452e-07
4.49068e-06
9.74051e-07
5.75886e-06
1.54764e-06
6.29402e-06
2.29605e-06
6.53844e-06
3.21687e-06
6.66257e-06
4.23232e-06
6.62865e-06
5.19461e-06
6.30258e-06
5.94552e-06
5.56915e-06
6.38272e-06
4.43611e-06
6.47056e-06
3.02008e-06
6.21985e-06
1.47886e-06
5.60386e-06
-2.43803e-09
4.70424e-06
-1.42509e-06
3.57846e-06
-2.54358e-06
2.32447e-06
-3.40352e-06
9.13561e-07
-4.48652e-06
-5.36704e-07
-8.41212e-06
-1.16105e-06
-1.72496e-05
-2.16142e-05
7.67366e-08
1.88037e-06
3.62285e-07
4.20513e-06
8.53234e-07
5.26791e-06
1.52322e-06
5.62403e-06
2.36486e-06
5.69681e-06
3.36312e-06
5.66431e-06
4.45452e-06
5.53724e-06
5.51885e-06
5.23825e-06
6.40605e-06
4.68195e-06
6.99329e-06
3.84887e-06
7.20648e-06
2.80689e-06
7.02314e-06
1.6622e-06
6.48159e-06
5.39118e-07
5.55287e-06
-4.96376e-07
4.35814e-06
-1.34886e-06
3.02962e-06
-2.075e-06
1.63062e-06
-3.08752e-06
1.08312e-07
-6.88981e-06
-6.10511e-07
-1.65308e-05
-2.22247e-05
-1.89784e-07
2.07016e-06
-1.3344e-07
4.14878e-06
3.69706e-07
4.76477e-06
1.17194e-06
4.8218e-06
2.14859e-06
4.72016e-06
3.23874e-06
4.57417e-06
4.38451e-06
4.39147e-06
5.49911e-06
4.12364e-06
6.45772e-06
3.72335e-06
7.14551e-06
3.16107e-06
7.47088e-06
2.48152e-06
7.40016e-06
1.73292e-06
6.92509e-06
1.0142e-06
6.07936e-06
3.49348e-07
4.94516e-06
-2.14659e-07
3.69458e-06
-8.24416e-07
2.48505e-06
-1.87799e-06
1.31597e-06
-5.72073e-06
2.43915e-07
-1.54587e-05
-2.19808e-05
-3.68581e-07
2.43874e-06
-4.29491e-07
4.20969e-06
1.46843e-08
4.32059e-06
8.09847e-07
4.02663e-06
1.81697e-06
3.71304e-06
2.9291e-06
3.46204e-06
4.07505e-06
3.24552e-06
5.19072e-06
3.00797e-06
6.17252e-06
2.74155e-06
6.9333e-06
2.4003e-06
7.38597e-06
2.02885e-06
7.50375e-06
1.61513e-06
7.27425e-06
1.2437e-06
6.73859e-06
8.85006e-07
5.95366e-06
5.70275e-07
5.13769e-06
-8.45154e-09
4.37041e-06
-1.1107e-06
3.39281e-06
-4.74313e-06
1.61875e-06
-1.36847e-05
-2.03621e-05
-3.96153e-06
6.40027e-06
-3.62114e-06
3.8693e-06
-2.03286e-06
2.73231e-06
-3.36254e-07
2.33003e-06
1.29308e-06
2.0837e-06
2.87935e-06
1.87577e-06
4.41588e-06
1.70899e-06
5.87959e-06
1.54426e-06
7.21457e-06
1.40657e-06
8.37711e-06
1.23775e-06
9.31201e-06
1.09396e-06
1.00075e-05
9.19674e-07
1.0444e-05
8.07193e-07
1.0669e-05
6.59987e-07
1.07073e-05
5.31952e-07
1.04964e-05
2.02445e-07
1.01738e-05
-7.88113e-07
9.2437e-06
-3.813e-06
5.2879e-06
-9.72888e-06
-1.50742e-05
6.40027e-06
1.02696e-05
1.30019e-05
1.53319e-05
1.74156e-05
1.92914e-05
2.10004e-05
2.25446e-05
2.39512e-05
2.51889e-05
2.62829e-05
2.72026e-05
2.80098e-05
2.86698e-05
2.92017e-05
2.94042e-05
2.8616e-05
2.4803e-05
1.50742e-05
)
;

boundaryField
{
    movingWall
    {
        type            calculated;
        value           uniform 0;
    }
    fixedWalls
    {
        type            calculated;
        value           uniform 0;
    }
    frontAndBack
    {
        type            empty;
        value           nonuniform List<scalar> 0();
    }
}


// ************************************************************************* //
