/*--------------------------------*- C++ -*----------------------------------*\
| =========                 |                                                 |
| \\      /  F ield         | OpenFOAM: The Open Source CFD Toolbox           |
|  \\    /   O peration     | Version:  2212                                  |
|   \\  /    A nd           | Website:  www.openfoam.com                      |
|    \\/     M anipulation  |                                                 |
\*---------------------------------------------------------------------------*/
FoamFile
{
    version     2.0;
    format      ascii;
    arch        "LSB;label=32;scalar=64";
    class       volScalarField;
    location    "2.54";
    object      p;
}
// * * * * * * * * * * * * * * * * * * * * * * * * * * * * * * * * * * * * * //

dimensions      [0 2 -2 0 0 0 0];

internalField   nonuniform List<scalar> 
400
(
1.86574e-06
-0.00582681
-0.0129651
-0.0184176
-0.0204353
-0.0182417
-0.0117771
-0.00148688
0.0118342
0.0271461
0.0432415
0.0588202
0.0725759
0.0833059
0.0900503
0.0922645
0.0900233
0.0842412
0.0768779
0.0710643
0.00577926
-0.000220178
-0.00580626
-0.00954514
-0.0106018
-0.00843574
-0.00297305
0.00547101
0.0162998
0.0287087
0.0417469
0.0543831
0.0655836
0.0744072
0.0801176
0.0823132
0.0810747
0.0770521
0.0712713
0.065315
0.0133332
0.00503157
-0.000997627
-0.00442564
-0.00527568
-0.00326689
0.00159924
0.00902443
0.0184989
0.0293462
0.0407625
0.0518668
0.0617657
0.0696336
0.0748042
0.0768753
0.0758389
0.0720831
0.0658026
0.0575325
0.0201374
0.00869376
0.00122351
-0.00267104
-0.0037248
-0.0018882
0.0027282
0.00978139
0.0187772
0.0290919
0.039989
0.0506511
0.0602301
0.0679131
0.0730003
0.0749986
0.0737629
0.0694532
0.0616
0.0500995
0.0245
0.00977087
0.000587381
-0.00398941
-0.00530485
-0.00351011
0.00117177
0.00833142
0.0174588
0.0279459
0.0390819
0.050067
0.060046
0.0681622
0.0736235
0.0757948
0.074366
0.0692868
0.0595225
0.044534
0.0251758
0.00714776
-0.00380446
-0.00905972
-0.0105147
-0.00850265
-0.00335963
0.00442642
0.0143102
0.0256758
0.0378106
0.0499002
0.0610451
0.0703002
0.0767317
0.0795139
0.0781359
0.0723304
0.0605361
0.0418868
0.0210914
-0.000264678
-0.012937
-0.0187119
-0.0200324
-0.0174165
-0.0113211
-0.00232253
0.00898742
0.021973
0.0359064
0.0499412
0.0631091
0.0743423
0.0825189
0.0865665
0.0857177
0.079444
0.0656172
0.0430685
0.0111406
-0.0136206
-0.0278776
-0.0338568
-0.0346062
-0.0308601
-0.0232155
-0.0123479
0.00110201
0.0164809
0.0330494
0.0499305
0.0660803
0.0802869
0.0911977
0.0974271
0.0978673
0.091633
0.0758932
0.0491133
-0.00596957
-0.0342689
-0.0498726
-0.0555512
-0.0550928
-0.0495173
-0.0395962
-0.026116
-0.00975982
0.00882017
0.028898
0.0495904
0.0697944
0.0881515
0.103045
0.112698
0.115548
0.110189
0.0928313
0.0614084
-0.0318597
-0.0638787
-0.0804194
-0.0850098
-0.0824228
-0.0740811
-0.0609836
-0.0440393
-0.0239542
-0.00133961
0.0231428
0.0486581
0.0740926
0.0979693
0.118393
0.133123
0.139986
0.136815
0.118438
0.0819309
-0.0686701
-0.104606
-0.121347
-0.123593
-0.117518
-0.105129
-0.087721
-0.0663282
-0.0416397
-0.0141583
0.0156029
0.0469505
0.078853
0.109791
0.137621
0.159583
0.172724
0.173775
0.155518
0.113568
-0.119405
-0.15936
-0.174917
-0.172759
-0.16115
-0.142931
-0.119762
-0.0927797
-0.0625801
-0.0294503
0.00637054
0.0444709
0.0840525
0.1237
0.161134
0.193083
0.215665
0.224074
0.208048
0.16063
-0.188631
-0.232244
-0.243941
-0.23395
-0.213697
-0.187157
-0.156375
-0.122504
-0.0859004
-0.0464746
-0.00401689
0.0415364
0.0898398
0.139827
0.189317
0.234687
0.271072
0.291662
0.28174
0.229773
-0.283977
-0.329307
-0.331834
-0.308282
-0.27471
-0.236442
-0.195766
-0.153612
-0.109842
-0.0637473
-0.01444
0.0388613
0.0965522
0.158275
0.222372
0.285286
0.341395
0.381573
0.384912
0.331832
-0.41932
-0.459673
-0.442352
-0.395794
-0.342131
-0.287741
-0.234617
-0.182931
-0.131611
-0.0789865
-0.0232156
0.0374737
0.104552
0.178836
0.25986
0.344969
0.428615
0.499698
0.529673
0.48539
-0.620533
-0.636745
-0.578678
-0.494194
-0.411242
-0.335659
-0.267781
-0.205978
-0.147537
-0.0893839
-0.028427
0.0383473
0.113806
0.200471
0.299974
0.412024
0.533028
0.651774
0.732771
0.722394
-0.935925
-0.878516
-0.741742
-0.597949
-0.474393
-0.37266
-0.288869
-0.217763
-0.153954
-0.0924644
-0.0287179
0.0416951
0.123263
0.220717
0.338925
0.482154
0.651996
0.841341
1.01527
1.0975
-1.47642
-1.20663
-0.920503
-0.691388
-0.517305
-0.387544
-0.290061
-0.213337
-0.148124
-0.0872159
-0.024578
0.0454571
0.128937
0.23307
0.367103
0.542678
0.771293
1.05932
1.40329
1.73014
-2.53965
-1.63055
-1.04444
-0.710959
-0.495751
-0.352093
-0.254531
-0.183583
-0.126169
-0.0735955
-0.0192695
0.0427864
0.119212
0.218782
0.354812
0.547983
0.826392
1.23658
1.91168
2.92419
-4.36666
-2.04463
-0.973542
-0.563181
-0.357846
-0.240147
-0.170119
-0.123783
-0.0874815
-0.0535107
-0.0166549
0.0276601
0.0846069
0.161729
0.272411
0.442098
0.718218
1.22571
2.41103
4.84853
)
;

boundaryField
{
    movingWall
    {
        type            zeroGradient;
    }
    fixedWalls
    {
        type            zeroGradient;
    }
    frontAndBack
    {
        type            empty;
    }
}


// ************************************************************************* //
