/*--------------------------------*- C++ -*----------------------------------*\
| =========                 |                                                 |
| \\      /  F ield         | OpenFOAM: The Open Source CFD Toolbox           |
|  \\    /   O peration     | Version:  2212                                  |
|   \\  /    A nd           | Website:  www.openfoam.com                      |
|    \\/     M anipulation  |                                                 |
\*---------------------------------------------------------------------------*/
FoamFile
{
    version     2.0;
    format      ascii;
    arch        "LSB;label=32;scalar=64";
    class       volScalarField;
    location    "2.705";
    object      p;
}
// * * * * * * * * * * * * * * * * * * * * * * * * * * * * * * * * * * * * * //

dimensions      [0 2 -2 0 0 0 0];

internalField   nonuniform List<scalar> 
400
(
2.60293e-08
-0.000143753
-0.000500003
-0.0010013
-0.00161945
-0.00232634
-0.00297281
-0.00335965
-0.00331832
-0.0027003
-0.00136661
0.00070626
0.0032347
0.0054464
0.00651004
0.00604011
0.00428726
0.00254236
0.00152974
0.00144479
0.000117728
-4.64744e-05
-0.000340757
-0.000706731
-0.0011618
-0.00176035
-0.00250857
-0.003269
-0.00374951
-0.00359912
-0.00255746
-0.000630381
0.00178171
0.00399704
0.00519431
0.00493354
0.00345667
0.00180763
0.00103958
0.00110211
0.000501275
0.000256444
-5.84629e-05
-0.000508377
-0.00123477
-0.00236198
-0.00385832
-0.00547505
-0.00678141
-0.00728351
-0.00664672
-0.00493438
-0.00247723
0.000127527
0.00208512
0.00276509
0.00213488
0.000981276
9.34073e-05
6.65332e-05
0.00104564
0.000669188
0.000177152
-0.000696131
-0.00221355
-0.00447749
-0.00728413
-0.0101755
-0.0125848
-0.0139764
-0.0140201
-0.0127384
-0.0103315
-0.0072231
-0.00407949
-0.00162509
-0.000335249
-0.00019894
-0.000787944
-0.00141952
0.0013728
0.000826825
-5.00064e-05
-0.00174473
-0.00452596
-0.00833636
-0.012709
-0.0169679
-0.020483
-0.0227987
-0.0236565
-0.0229392
-0.0207477
-0.017342
-0.0131344
-0.00871321
-0.00485709
-0.00237549
-0.001706
-0.00346961
0.0010313
0.000275931
-0.00116448
-0.00393179
-0.00818172
-0.0135734
-0.0193283
-0.0246225
-0.0288548
-0.031706
-0.0330471
-0.0327825
-0.0309716
-0.0277419
-0.0232162
-0.0176012
-0.0114814
-0.00622612
-0.00384636
-0.00591674
-0.000270105
-0.00124808
-0.00331486
-0.00715264
-0.0127193
-0.0193399
-0.0259857
-0.0317897
-0.0362529
-0.0392076
-0.0406607
-0.040635
-0.0391856
-0.0363679
-0.0321428
-0.0263778
-0.0191764
-0.0117481
-0.00718922
-0.0072114
-0.00253107
-0.003682
-0.00628999
-0.0109592
-0.0174444
-0.0247872
-0.0318165
-0.03771
-0.0421056
-0.044962
-0.0463711
-0.0464323
-0.0452227
-0.0427808
-0.039041
-0.0337456
-0.0266114
-0.0181359
-0.0110229
-0.00747695
-0.00541189
-0.00664084
-0.00960546
-0.0147701
-0.0217305
-0.0293493
-0.036411
-0.0421784
-0.0464073
-0.0491355
-0.0504911
-0.0505881
-0.0495036
-0.0472903
-0.043943
-0.0392741
-0.0328304
-0.0244201
-0.015674
-0.0093302
-0.00839798
-0.00960162
-0.012717
-0.018051
-0.0251108
-0.0326987
-0.0396216
-0.0452164
-0.0493077
-0.0519605
-0.0533
-0.0534198
-0.052386
-0.0502679
-0.0471356
-0.0429498
-0.0373473
-0.0297495
-0.0210149
-0.0133742
-0.0110102
-0.0121169
-0.0151866
-0.020418
-0.0272952
-0.0346688
-0.0414044
-0.0468709
-0.0509021
-0.0535453
-0.0549012
-0.0550386
-0.054009
-0.0518898
-0.048815
-0.0448924
-0.0400088
-0.0334645
-0.0257031
-0.0179595
-0.0129738
-0.0139008
-0.016765
-0.0216496
-0.0281127
-0.0351442
-0.0416956
-0.0471199
-0.0511878
-0.053894
-0.0552982
-0.0554484
-0.0543843
-0.0521883
-0.0490444
-0.0451816
-0.0407953
-0.0351419
-0.0284946
-0.0210914
-0.014249
-0.0148622
-0.0173083
-0.0216374
-0.0275032
-0.034098
-0.0404758
-0.0459387
-0.050141
-0.0529849
-0.054475
-0.0546353
-0.0535013
-0.0511723
-0.0478612
-0.0438633
-0.0397297
-0.0345626
-0.0288121
-0.0216554
-0.0149116
-0.0150979
-0.0168763
-0.020383
-0.0254577
-0.0315237
-0.0377266
-0.0432909
-0.0477222
-0.050793
-0.0524302
-0.0526259
-0.0514063
-0.0488879
-0.0453284
-0.0411076
-0.0368455
-0.0317594
-0.0269567
-0.0193353
-0.0150742
-0.0147936
-0.0156519
-0.0180375
-0.0221045
-0.0275312
-0.0335386
-0.039251
-0.0439994
-0.0473948
-0.04926
-0.0495354
-0.0482515
-0.0455106
-0.041633
-0.0370454
-0.0323973
-0.0272076
-0.0235492
-0.0139498
-0.0148564
-0.0141787
-0.0138297
-0.0147678
-0.0176276
-0.022316
-0.0281053
-0.0339987
-0.0391411
-0.0429622
-0.0451625
-0.0456134
-0.0443371
-0.041404
-0.0371722
-0.0320853
-0.026872
-0.0213972
-0.0181465
-0.00406463
-0.0143482
-0.0133881
-0.0115575
-0.0108748
-0.0124638
-0.0164099
-0.0219987
-0.0280997
-0.0336915
-0.0380266
-0.0406801
-0.0414293
-0.0402665
-0.0372384
-0.0326464
-0.0268676
-0.0206044
-0.0138375
-0.00781449
0.0150947
-0.0144279
-0.0125882
-0.0087865
-0.00648874
-0.00699134
-0.0103903
-0.015889
-0.0222369
-0.0283148
-0.0332264
-0.0364457
-0.0376344
-0.0367352
-0.0337468
-0.0288248
-0.0219978
-0.0134698
-0.00207721
0.0148086
0.0554433
-0.0118032
-0.0119733
-0.0062177
-0.00246112
-0.00231423
-0.00553833
-0.0111283
-0.0177632
-0.0243016
-0.0297464
-0.0335424
-0.0352654
-0.0348179
-0.0319361
-0.0264757
-0.0176327
-0.00418473
0.0185988
0.058422
0.12789
-0.0295104
-0.0109305
-0.00130428
0.00219552
0.00168981
-0.00190703
-0.00776886
-0.0147061
-0.0215868
-0.0273918
-0.0315442
-0.0336013
-0.0334277
-0.03061
-0.0245048
-0.0129355
0.00840445
0.0493671
0.120804
0.224287
)
;

boundaryField
{
    movingWall
    {
        type            zeroGradient;
    }
    fixedWalls
    {
        type            zeroGradient;
    }
    frontAndBack
    {
        type            empty;
    }
}


// ************************************************************************* //
