/*--------------------------------*- C++ -*----------------------------------*\
| =========                 |                                                 |
| \\      /  F ield         | OpenFOAM: The Open Source CFD Toolbox           |
|  \\    /   O peration     | Version:  2212                                  |
|   \\  /    A nd           | Website:  www.openfoam.com                      |
|    \\/     M anipulation  |                                                 |
\*---------------------------------------------------------------------------*/
FoamFile
{
    version     2.0;
    format      ascii;
    arch        "LSB;label=32;scalar=64";
    class       volVectorField;
    location    "4.53";
    object      U;
}
// * * * * * * * * * * * * * * * * * * * * * * * * * * * * * * * * * * * * * //

dimensions      [0 1 -1 0 0 0 0];

internalField   nonuniform List<vector> 
400
(
(0.00166765 -0.00167163 0)
(0.00479287 -0.00187699 0)
(0.00651959 -0.0011921 0)
(0.00559594 -0.000569274 0)
(0.00150171 0.00018929 0)
(-0.0068661 0.00173808 0)
(-0.0205772 0.00476176 0)
(-0.0394113 0.00868198 0)
(-0.0605821 0.0112321 0)
(-0.0788563 0.0104771 0)
(-0.0895429 0.00677297 0)
(-0.0902573 0.00169396 0)
(-0.0801284 -0.00357166 0)
(-0.0600187 -0.0082237 0)
(-0.0336616 -0.0108034 0)
(-0.0055132 -0.0097742 0)
(0.0164819 -0.00480071 0)
(0.0242814 0.00273318 0)
(0.0160949 0.00643016 0)
(0.00430262 0.0046958 0)
(0.00169426 -0.0050116 0)
(0.00309024 -0.00397502 0)
(-0.000511044 0.000611651 0)
(-0.0113943 0.00643087 0)
(-0.031398 0.0139946 0)
(-0.0609648 0.0236532 0)
(-0.096484 0.0328847 0)
(-0.13096 0.0369175 0)
(-0.158399 0.0333995 0)
(-0.175519 0.0233653 0)
(-0.180909 0.00915457 0)
(-0.174616 -0.00687787 0)
(-0.157214 -0.023011 0)
(-0.129436 -0.0367336 0)
(-0.0935395 -0.0444068 0)
(-0.052255 -0.0417465 0)
(-0.0115537 -0.0263524 0)
(0.0167015 -0.00139115 0)
(0.0177643 0.0161007 0)
(0.00552321 0.0147492 0)
(-0.00026426 -0.00567951 0)
(-0.00542676 0.000888335 0)
(-0.019623 0.0142874 0)
(-0.0444054 0.031108 0)
(-0.0800516 0.0492018 0)
(-0.121703 0.0639999 0)
(-0.161675 0.0702228 0)
(-0.194478 0.0657708 0)
(-0.218 0.0520391 0)
(-0.231647 0.0315074 0)
(-0.235428 0.00651768 0)
(-0.230004 -0.0208963 0)
(-0.215684 -0.0485676 0)
(-0.191964 -0.0728819 0)
(-0.158575 -0.0887058 0)
(-0.11548 -0.0890056 0)
(-0.0644823 -0.066969 0)
(-0.0139023 -0.0228102 0)
(0.00941545 0.0177234 0)
(0.00415319 0.0234657 0)
(-0.0034709 0.000569252 0)
(-0.0174762 0.0172829 0)
(-0.0433721 0.0413584 0)
(-0.07935 0.0678701 0)
(-0.122396 0.0907091 0)
(-0.165085 0.10336 0)
(-0.201005 0.102466 0)
(-0.228216 0.0893405 0)
(-0.246981 0.0671348 0)
(-0.257903 0.0385503 0)
(-0.261821 0.00546069 0)
(-0.259538 -0.0308059 0)
(-0.250991 -0.0680117 0)
(-0.235131 -0.103221 0)
(-0.209967 -0.130967 0)
(-0.172797 -0.142455 0)
(-0.121065 -0.125517 0)
(-0.0567477 -0.0708701 0)
(-0.00103838 0.00335132 0)
(0.00474006 0.0280975 0)
(-0.00663489 0.0148492 0)
(-0.0285979 0.0440274 0)
(-0.0629825 0.0767639 0)
(-0.103928 0.108386 0)
(-0.146523 0.130572 0)
(-0.18365 0.137567 0)
(-0.211858 0.12896 0)
(-0.231535 0.108332 0)
(-0.243973 0.0795477 0)
(-0.250901 0.0453921 0)
(-0.25401 0.00739947 0)
(-0.25423 -0.0336273 0)
(-0.251338 -0.0765379 0)
(-0.244773 -0.120021 0)
(-0.231723 -0.160116 0)
(-0.207565 -0.188376 0)
(-0.16626 -0.189477 0)
(-0.103135 -0.14264 0)
(-0.022177 -0.0389803 0)
(0.00734404 0.0269329 0)
(-0.00845972 0.0348245 0)
(-0.0349728 0.0763806 0)
(-0.0726739 0.114419 0)
(-0.112617 0.146971 0)
(-0.149685 0.165234 0)
(-0.178404 0.165211 0)
(-0.197808 0.149104 0)
(-0.20944 0.121988 0)
(-0.215287 0.0882118 0)
(-0.217836 0.0507629 0)
(-0.219068 0.0111056 0)
(-0.219996 -0.0303493 0)
(-0.220821 -0.0740876 0)
(-0.221632 -0.120503 0)
(-0.220225 -0.168383 0)
(-0.211493 -0.212239 0)
(-0.187346 -0.23787 0)
(-0.139205 -0.218013 0)
(-0.0626255 -0.118744 0)
(0.00578224 0.0140782 0)
(-0.00823155 0.0568109 0)
(-0.035104 0.109563 0)
(-0.0713767 0.14977 0)
(-0.106409 0.180282 0)
(-0.13588 0.192935 0)
(-0.156161 0.185598 0)
(-0.167946 0.162542 0)
(-0.173344 0.129904 0)
(-0.174771 0.0924578 0)
(-0.174743 0.053226 0)
(-0.174789 0.0134464 0)
(-0.175599 -0.0268441 0)
(-0.177725 -0.0688098 0)
(-0.1817 -0.113757 0)
(-0.186859 -0.162815 0)
(-0.18954 -0.214831 0)
(-0.181832 -0.260796 0)
(-0.15374 -0.274456 0)
(-0.099007 -0.20542 0)
(-0.00889064 -0.0147017 0)
(-0.00608118 0.077254 0)
(-0.0295681 0.139931 0)
(-0.0609975 0.180332 0)
(-0.0892902 0.207286 0)
(-0.111163 0.213854 0)
(-0.124584 0.199592 0)
(-0.131137 0.17046 0)
(-0.133125 0.133434 0)
(-0.133012 0.0935236 0)
(-0.132761 0.0534543 0)
(-0.133079 0.01395 0)
(-0.13416 -0.0253747 0)
(-0.136468 -0.0655714 0)
(-0.140695 -0.107902 0)
(-0.14744 -0.154376 0)
(-0.155361 -0.207362 0)
(-0.158434 -0.264867 0)
(-0.146275 -0.307267 0)
(-0.11188 -0.276518 0)
(-0.030821 -0.075153 0)
(-0.0026959 0.0931356 0)
(-0.0202433 0.164857 0)
(-0.0448072 0.204576 0)
(-0.0658598 0.227422 0)
(-0.0810182 0.228374 0)
(-0.0894065 0.208448 0)
(-0.0929074 0.174778 0)
(-0.0936594 0.134858 0)
(-0.0937704 0.0937161 0)
(-0.0944286 0.0536024 0)
(-0.0956942 0.0146104 0)
(-0.0974777 -0.0240622 0)
(-0.0999573 -0.0632273 0)
(-0.103642 -0.103619 0)
(-0.109682 -0.146912 0)
(-0.118793 -0.197086 0)
(-0.127781 -0.258559 0)
(-0.126151 -0.32246 0)
(-0.107184 -0.333883 0)
(-0.0372128 -0.162839 0)
(0.00122233 0.102183 0)
(-0.00884499 0.182568 0)
(-0.0254241 0.222015 0)
(-0.0393218 0.2415 0)
(-0.0487219 0.238256 0)
(-0.0535161 0.214333 0)
(-0.055381 0.177639 0)
(-0.0559688 0.136046 0)
(-0.0568071 0.0945011 0)
(-0.058454 0.0547253 0)
(-0.0606857 0.016254 0)
(-0.0633554 -0.0219928 0)
(-0.0664602 -0.0606984 0)
(-0.0701896 -0.100137 0)
(-0.0754875 -0.141066 0)
(-0.0839368 -0.187203 0)
(-0.0956123 -0.246906 0)
(-0.10041 -0.323219 0)
(-0.0949894 -0.371284 0)
(-0.0308563 -0.241804 0)
(0.00508257 0.103312 0)
(0.00296027 0.192084 0)
(-0.00531974 0.232433 0)
(-0.0123792 0.249461 0)
(-0.0167256 0.243366 0)
(-0.0185685 0.217191 0)
(-0.0191982 0.179183 0)
(-0.0196594 0.137206 0)
(-0.0208997 0.0959629 0)
(-0.0230959 0.0567929 0)
(-0.0259552 0.0189549 0)
(-0.0294093 -0.0187249 0)
(-0.0334757 -0.0569707 0)
(-0.038109 -0.0958998 0)
(-0.0438683 -0.135502 0)
(-0.0520179 -0.178272 0)
(-0.065464 -0.234005 0)
(-0.0741183 -0.316881 0)
(-0.0811154 -0.395729 0)
(-0.0229146 -0.306264 0)
(0.00837685 0.0968727 0)
(0.0141165 0.19305 0)
(0.0140081 0.235926 0)
(0.013621 0.252212 0)
(0.0142455 0.245115 0)
(0.0154439 0.218445 0)
(0.0163084 0.180449 0)
(0.0163669 0.138835 0)
(0.0152227 0.0981103 0)
(0.0129302 0.0595493 0)
(0.00975941 0.0224434 0)
(0.00567655 -0.0143782 0)
(0.000537564 -0.0517604 0)
(-0.00552845 -0.0898627 0)
(-0.0129304 -0.128365 0)
(-0.0218641 -0.168359 0)
(-0.037631 -0.218934 0)
(-0.0487869 -0.303192 0)
(-0.0679248 -0.407499 0)
(-0.0144701 -0.359139 0)
(0.0102097 0.0840074 0)
(0.0232077 0.185497 0)
(0.0308219 0.232069 0)
(0.0367105 0.248771 0)
(0.0423308 0.241909 0)
(0.0472432 0.216165 0)
(0.0506344 0.179468 0)
(0.0522567 0.139176 0)
(0.0520632 0.0996247 0)
(0.050272 0.0621578 0)
(0.0471284 0.0262493 0)
(0.0425397 -0.00920948 0)
(0.0363311 -0.0451526 0)
(0.0286068 -0.0818073 0)
(0.0185864 -0.118839 0)
(0.00736754 -0.156541 0)
(-0.0119639 -0.202611 0)
(-0.024452 -0.285171 0)
(-0.0559521 -0.41005 0)
(-0.0061741 -0.401049 0)
(0.00974916 0.0669389 0)
(0.0287355 0.16981 0)
(0.0439513 0.221062 0)
(0.056402 0.240005 0)
(0.0676084 0.235043 0)
(0.0772093 0.21172 0)
(0.0843397 0.177504 0)
(0.0886959 0.139287 0)
(0.0903584 0.101332 0)
(0.0896424 0.065209 0)
(0.0868871 0.0307654 0)
(0.0818574 -0.00303066 0)
(0.0744151 -0.0367972 0)
(0.0648323 -0.0711457 0)
(0.0517601 -0.105902 0)
(0.0370015 -0.140995 0)
(0.0127418 -0.182522 0)
(-0.000267411 -0.261987 0)
(-0.0449775 -0.40584 0)
(0.00270449 -0.43555 0)
(0.00683466 0.0493107 0)
(0.0290338 0.148285 0)
(0.0506076 0.202612 0)
(0.0693463 0.223352 0)
(0.0866944 0.220449 0)
(0.102264 0.200331 0)
(0.114806 0.169824 0)
(0.123639 0.135069 0)
(0.12868 0.100069 0)
(0.130193 0.0665213 0)
(0.128456 0.0346626 0)
(0.123531 0.00366314 0)
(0.114949 -0.0268329 0)
(0.103337 -0.0576956 0)
(0.0864586 -0.0889948 0)
(0.0674876 -0.121371 0)
(0.0376828 -0.159283 0)
(0.0234429 -0.236006 0)
(-0.0346662 -0.398207 0)
(0.0133828 -0.463884 0)
(0.00235 0.0347119 0)
(0.023352 0.12347 0)
(0.0504278 0.179132 0)
(0.0759625 0.201922 0)
(0.10045 0.20154 0)
(0.123163 0.185164 0)
(0.14245 0.15919 0)
(0.157098 0.128888 0)
(0.166694 0.0978749 0)
(0.171462 0.0678487 0)
(0.171362 0.0393953 0)
(0.167115 0.0120927 0)
(0.157342 -0.0144252 0)
(0.143733 -0.0409091 0)
(0.122659 -0.067676 0)
(0.0993684 -0.0962801 0)
(0.0638199 -0.131401 0)
(0.0465521 -0.206538 0)
(-0.0229722 -0.38657 0)
(0.0284019 -0.485207 0)
(-0.00340311 0.0288274 0)
(0.00986636 0.101332 0)
(0.0366372 0.148112 0)
(0.0682685 0.168653 0)
(0.100944 0.169789 0)
(0.132453 0.157511 0)
(0.160248 0.137149 0)
(0.182602 0.112865 0)
(0.198485 0.0877368 0)
(0.208266 0.0632922 0)
(0.211113 0.0402749 0)
(0.208816 0.0185448 0)
(0.198625 -0.00226798 0)
(0.184118 -0.0226684 0)
(0.159539 -0.0431403 0)
(0.133201 -0.0667803 0)
(0.0920317 -0.100704 0)
(0.0694295 -0.179276 0)
(-0.00461888 -0.369732 0)
(0.0520364 -0.49147 0)
(-0.0138686 0.0187261 0)
(-0.0075014 0.0882119 0)
(0.0189311 0.123911 0)
(0.0558856 0.136817 0)
(0.0967554 0.136298 0)
(0.136864 0.127095 0)
(0.172863 0.112478 0)
(0.202472 0.0947809 0)
(0.224183 0.0764263 0)
(0.239117 0.058418 0)
(0.245082 0.0417171 0)
(0.245967 0.0261945 0)
(0.236726 0.0120207 0)
(0.225028 -0.00162736 0)
(0.200289 -0.0155339 0)
(0.17663 -0.03441 0)
(0.132659 -0.067185 0)
(0.107381 -0.145643 0)
(0.0372657 -0.326076 0)
(0.0922842 -0.455854 0)
(-0.105919 0.0825653 0)
(-0.077674 0.0691107 0)
(-0.0486028 0.0732655 0)
(0.00352889 0.077646 0)
(0.0567806 0.0779002 0)
(0.109243 0.0736115 0)
(0.156161 0.0662966 0)
(0.198286 0.0569392 0)
(0.230227 0.0473376 0)
(0.258238 0.0377635 0)
(0.273918 0.0291956 0)
(0.289064 0.0212991 0)
(0.289512 0.0146344 0)
(0.293755 0.00831586 0)
(0.277709 0.00141332 0)
(0.270753 -0.00972582 0)
(0.23171 -0.0353158 0)
(0.217865 -0.0953074 0)
(0.150158 -0.229722 0)
(0.170663 -0.341482 0)
(0.130025 0.103784 0)
(0.158439 0.0753361 0)
(0.212356 0.0533497 0)
(0.270855 0.0417183 0)
(0.323346 0.0359739 0)
(0.375643 0.0319789 0)
(0.420078 0.0289299 0)
(0.465232 0.025587 0)
(0.498195 0.0229125 0)
(0.533343 0.0197273 0)
(0.552731 0.0175773 0)
(0.578538 0.0146507 0)
(0.584725 0.0132203 0)
(0.603157 0.0104116 0)
(0.594712 0.00945775 0)
(0.603367 0.00506649 0)
(0.567713 0.00014362 0)
(0.547692 -0.0182832 0)
(0.435847 -0.050413 0)
(0.336829 -0.1014 0)
)
;

boundaryField
{
    movingWall
    {
        type            fixedValue;
        value           uniform (1 0 0);
    }
    fixedWalls
    {
        type            noSlip;
    }
    frontAndBack
    {
        type            empty;
    }
}


// ************************************************************************* //
