/*--------------------------------*- C++ -*----------------------------------*\
| =========                 |                                                 |
| \\      /  F ield         | OpenFOAM: The Open Source CFD Toolbox           |
|  \\    /   O peration     | Version:  2212                                  |
|   \\  /    A nd           | Website:  www.openfoam.com                      |
|    \\/     M anipulation  |                                                 |
\*---------------------------------------------------------------------------*/
FoamFile
{
    version     2.0;
    format      ascii;
    arch        "LSB;label=32;scalar=64";
    class       surfaceScalarField;
    location    "0.025";
    object      phi;
}
// * * * * * * * * * * * * * * * * * * * * * * * * * * * * * * * * * * * * * //

dimensions      [0 3 -1 0 0 0 0];

oriented        oriented;

internalField   nonuniform List<scalar> 
760
(
-1.9915e-08
1.9915e-08
-4.16691e-08
2.17542e-08
-6.24588e-08
2.07896e-08
-8.16248e-08
1.91661e-08
-9.86893e-08
1.70645e-08
-1.1324e-07
1.45507e-08
-1.24936e-07
1.1696e-08
-1.33511e-07
8.57471e-09
-1.38773e-07
5.2618e-09
-1.40603e-07
1.83051e-09
-1.38956e-07
-1.64677e-09
-1.3386e-07
-5.09601e-09
-1.25418e-07
-8.44205e-09
-1.13809e-07
-1.1609e-08
-9.92904e-08
-1.45188e-08
-8.21993e-08
-1.7091e-08
-6.29505e-08
-1.92488e-08
-4.20311e-08
-2.09194e-08
-2.00875e-08
-2.19436e-08
-2.00875e-08
-2.2832e-08
4.27471e-08
-4.76453e-08
4.65674e-08
-7.13163e-08
4.44606e-08
-9.3136e-08
4.09858e-08
-1.12552e-07
3.64802e-08
-1.29096e-07
3.10952e-08
-1.42387e-07
2.49862e-08
-1.52125e-07
1.83129e-08
-1.58097e-07
1.12345e-08
-1.60174e-07
3.90702e-09
-1.58304e-07
-3.51651e-09
-1.52518e-07
-1.0882e-08
-1.42928e-07
-1.80321e-08
-1.29733e-07
-2.48045e-08
-1.1322e-07
-3.10316e-08
-9.37675e-08
-3.65435e-08
-7.18437e-08
-4.11726e-08
-4.80093e-08
-4.47538e-08
-2.3005e-08
-4.69479e-08
-4.30925e-08
-2.4029e-08
6.67761e-08
-5.01804e-08
7.27188e-08
-7.51011e-08
6.93813e-08
-9.80385e-08
6.39231e-08
-1.18419e-07
5.68606e-08
-1.3576e-07
4.84364e-08
-1.49673e-07
3.88987e-08
-1.59858e-07
2.84985e-08
-1.66106e-07
1.74819e-08
-1.68285e-07
6.08671e-09
-1.66347e-07
-5.45464e-09
-1.60319e-07
-1.69101e-08
-1.50309e-07
-2.80422e-08
-1.3651e-07
-3.86035e-08
-1.19208e-07
-4.83333e-08
-9.87883e-08
-5.69634e-08
-7.57352e-08
-6.42258e-08
-5.06327e-08
-6.98563e-08
-2.42638e-08
-7.33168e-08
-6.73564e-08
-2.58015e-08
9.25775e-08
-5.38601e-08
1.00777e-07
-8.05638e-08
9.6085e-08
-1.05092e-07
8.8451e-08
-1.26834e-07
7.86034e-08
-1.45292e-07
6.68938e-08
-1.6007e-07
5.36766e-08
-1.70874e-07
3.93028e-08
-1.77501e-07
2.41089e-08
-1.79827e-07
8.41273e-09
-1.77802e-07
-7.47936e-09
-1.71449e-07
-2.32636e-08
-1.60865e-07
-3.86264e-08
-1.46232e-07
-5.32359e-08
-1.27829e-07
-6.67366e-08
-1.0604e-07
-7.87523e-08
-8.13684e-08
-8.88976e-08
-5.44359e-08
-9.67887e-08
-2.60949e-08
-1.01658e-07
-9.34513e-08
-2.82846e-08
1.20862e-07
-5.90089e-08
1.31502e-07
-8.81863e-08
1.25262e-07
-1.14904e-07
1.15169e-07
-1.38506e-07
1.02205e-07
-1.58471e-07
8.68591e-08
-1.74408e-07
6.9613e-08
-1.86035e-07
5.09297e-08
-1.93165e-07
3.12389e-08
-1.95686e-07
1.09345e-08
-1.93553e-07
-9.61286e-09
-1.86777e-07
-3.00393e-08
-1.75438e-07
-4.99655e-08
-1.59694e-07
-6.89796e-08
-1.39804e-07
-8.66268e-08
-1.16147e-07
-1.02409e-07
-8.92448e-08
-1.158e-07
-5.97689e-08
-1.26265e-07
-2.86681e-08
-1.32759e-07
-1.22119e-07
-3.15839e-08
1.52446e-07
-6.58354e-08
1.65753e-07
-9.82589e-08
1.57686e-07
-1.27819e-07
1.44729e-07
-1.538e-07
1.28186e-07
-1.75668e-07
1.08727e-07
-1.93045e-07
8.69904e-08
-2.05684e-07
6.35684e-08
-2.1343e-07
3.89851e-08
-2.16196e-07
1.37e-08
-2.13939e-07
-1.18692e-08
-2.0666e-07
-3.73183e-08
-1.94405e-07
-6.22207e-08
-1.7729e-07
-8.60948e-08
-1.55531e-07
-1.08385e-07
-1.29486e-07
-1.28454e-07
-9.9685e-08
-1.45601e-07
-6.68631e-08
-1.59087e-07
-3.21013e-08
-1.6752e-07
-1.54221e-07
-3.5849e-08
1.88295e-07
-7.46341e-08
2.04538e-07
-1.11181e-07
1.94233e-07
-1.44294e-07
1.77842e-07
-1.73192e-07
1.57084e-07
-1.97341e-07
1.32876e-07
-2.16412e-07
1.06061e-07
-2.30219e-07
7.7376e-08
-2.38671e-07
4.74373e-08
-2.41723e-07
1.67515e-08
-2.39344e-07
-1.42482e-08
-2.31512e-07
-4.51501e-08
-2.18221e-07
-7.55117e-08
-1.99513e-07
-1.04803e-07
-1.75526e-07
-1.32372e-07
-1.46559e-07
-1.57421e-07
-1.13133e-07
-1.79027e-07
-7.60488e-08
-1.96171e-07
-3.65637e-08
-2.07006e-07
-1.90784e-07
-4.12986e-08
2.29594e-07
-8.58296e-08
2.49069e-07
-1.27518e-07
2.35922e-07
-1.64959e-07
2.15283e-07
-1.97311e-07
1.89435e-07
-2.24079e-07
1.59644e-07
-2.45031e-07
1.27013e-07
-2.60104e-07
9.24491e-08
-2.69311e-07
5.66444e-08
-2.72679e-07
2.01191e-08
-2.70199e-07
-1.67278e-08
-2.61817e-07
-5.35321e-08
-2.47443e-07
-8.98855e-08
-2.26996e-07
-1.2525e-07
-2.00477e-07
-1.58892e-07
-1.68063e-07
-1.89835e-07
-1.3022e-07
-2.1687e-07
-8.78028e-08
-2.38588e-07
-4.23006e-08
-2.52508e-07
-2.33085e-07
-4.82567e-08
2.7785e-07
-1.00041e-07
3.00853e-07
-1.48071e-07
2.83953e-07
-1.90678e-07
2.5789e-07
-2.26985e-07
2.25742e-07
-2.56613e-07
1.89272e-07
-2.79522e-07
1.49922e-07
-2.95853e-07
1.0878e-07
-3.05795e-07
6.65861e-08
-3.09487e-07
2.38112e-08
-3.0696e-07
-1.92542e-08
-2.98114e-07
-6.23786e-08
-2.82731e-07
-1.05268e-07
-2.60535e-07
-1.47446e-07
-2.31293e-07
-1.88134e-07
-1.94956e-07
-2.26172e-07
-1.51843e-07
-2.59983e-07
-1.02825e-07
-2.87605e-07
-4.96805e-08
-3.05652e-07
-2.82766e-07
-5.72168e-08
3.35067e-07
-1.18189e-07
3.61826e-07
-1.73996e-07
3.3976e-07
-2.22643e-07
3.06536e-07
-2.63301e-07
2.66401e-07
-2.95848e-07
2.21819e-07
-3.20587e-07
1.74661e-07
-3.37997e-07
1.2619e-07
-3.4854e-07
7.71293e-08
-3.52529e-07
2.77999e-08
-3.50054e-07
-2.17287e-08
-3.40953e-07
-7.148e-08
-3.24825e-07
-1.21396e-07
-3.01101e-07
-1.71171e-07
-2.69164e-07
-2.20071e-07
-2.28568e-07
-2.66769e-07
-1.79309e-07
-3.09241e-07
-1.22173e-07
-3.44742e-07
-5.92754e-08
-3.6855e-07
-3.42041e-07
-6.89599e-08
4.04027e-07
-1.41692e-07
4.34558e-07
-2.06994e-07
4.05061e-07
-2.62522e-07
3.62065e-07
-3.07685e-07
3.11563e-07
-3.42875e-07
2.57009e-07
-3.68985e-07
2.00772e-07
-3.87025e-07
1.44229e-07
-3.97862e-07
8.79663e-08
-4.0206e-07
3.1998e-08
-3.99798e-07
-2.39903e-08
-3.90836e-07
-8.04424e-08
-3.74521e-07
-1.3771e-07
-3.49857e-07
-1.95835e-07
-3.15646e-07
-2.54282e-07
-2.70756e-07
-3.11658e-07
-2.14554e-07
-3.65443e-07
-1.47485e-07
-4.11811e-07
-7.20034e-08
-4.44031e-07
-4.14044e-07
-8.47772e-08
4.88804e-07
-1.72796e-07
5.22576e-07
-2.49621e-07
4.81886e-07
-3.12665e-07
4.25109e-07
-3.6199e-07
3.60888e-07
-3.9897e-07
2.93989e-07
-4.25469e-07
2.27271e-07
-4.4329e-07
1.62051e-07
-4.53865e-07
9.85411e-08
-4.58096e-07
3.62292e-08
-4.56285e-07
-2.58013e-08
-4.48104e-07
-8.86233e-08
-4.32585e-07
-1.5323e-07
-4.08152e-07
-2.20268e-07
-3.72748e-07
-2.89686e-07
-3.24139e-07
-3.60268e-07
-2.605e-07
-4.29082e-07
-1.81392e-07
-4.90919e-07
-8.94093e-08
-5.36015e-07
-5.03454e-07
-1.06917e-07
5.95721e-07
-2.15197e-07
6.30857e-07
-3.05795e-07
5.72484e-07
-3.76388e-07
4.95701e-07
-4.28591e-07
4.13091e-07
-4.65558e-07
3.30957e-07
-4.90673e-07
2.52385e-07
-5.06858e-07
1.78236e-07
-5.16275e-07
1.07958e-07
-5.2024e-07
4.01944e-08
-5.1921e-07
-2.68312e-08
-5.12773e-07
-9.50601e-08
-4.99607e-07
-1.66396e-07
-4.77428e-07
-2.42447e-07
-4.43005e-07
-3.24109e-07
-3.92392e-07
-4.1088e-07
-3.21641e-07
-4.99833e-07
-2.28277e-07
-5.84283e-07
-1.14255e-07
-6.50037e-07
-6.17708e-07
-1.3955e-07
7.35271e-07
-2.75203e-07
7.6651e-07
-3.81609e-07
6.7889e-07
-4.58345e-07
5.72437e-07
-5.10409e-07
4.65155e-07
-5.44045e-07
3.64593e-07
-5.64887e-07
2.73227e-07
-5.77287e-07
1.90636e-07
-5.84232e-07
1.14902e-07
-5.8747e-07
4.34331e-08
-5.87635e-07
-2.66666e-08
-5.84269e-07
-9.84258e-08
-5.75736e-07
-1.74929e-07
-5.59011e-07
-2.59172e-07
-5.29431e-07
-3.53689e-07
-4.80607e-07
-4.59704e-07
-4.04963e-07
-5.75478e-07
-2.95705e-07
-6.93541e-07
-1.51824e-07
-7.93917e-07
-7.69533e-07
-1.90976e-07
9.26247e-07
-3.63967e-07
9.39501e-07
-4.86571e-07
8.01494e-07
-5.64835e-07
6.50702e-07
-6.10718e-07
5.11037e-07
-6.35467e-07
3.89342e-07
-6.47694e-07
2.85454e-07
-6.53301e-07
1.96243e-07
-6.56012e-07
1.17613e-07
-6.57892e-07
4.53139e-08
-6.59718e-07
-2.48407e-08
-6.6108e-07
-9.70646e-08
-6.60225e-07
-1.75783e-07
-6.53616e-07
-2.65781e-07
-6.35191e-07
-3.72113e-07
-5.95502e-07
-4.99393e-07
-5.21292e-07
-6.49689e-07
-3.9716e-07
-8.17673e-07
-2.13012e-07
-9.78064e-07
-9.82545e-07
-2.79092e-07
1.20534e-06
-5.01805e-07
1.16221e-06
-6.35263e-07
9.34952e-07
-7.03748e-07
7.19187e-07
-7.32421e-07
5.39711e-07
-7.39684e-07
3.96605e-07
-7.37333e-07
2.83103e-07
-7.32374e-07
1.91284e-07
-7.28741e-07
1.13981e-07
-7.28478e-07
4.50502e-08
-7.32392e-07
-2.09268e-08
-7.40277e-07
-8.91792e-08
-7.50713e-07
-1.65347e-07
-7.60357e-07
-2.56137e-07
-7.62543e-07
-3.69928e-07
-7.44996e-07
-5.1694e-07
-6.86868e-07
-7.07816e-07
-5.57127e-07
-9.47414e-07
-3.2192e-07
-1.21327e-06
-1.30447e-06
-4.45598e-07
1.65094e-06
-7.26065e-07
1.44268e-06
-8.48325e-07
1.05721e-06
-8.82679e-07
7.5354e-07
-8.75688e-07
5.32721e-07
-8.53413e-07
3.7433e-07
-8.29241e-07
2.58931e-07
-8.0962e-07
1.71662e-07
-7.97507e-07
1.01868e-07
-7.94245e-07
4.1788e-08
-8.00456e-07
-1.47156e-08
-8.16343e-07
-7.3292e-08
-8.41534e-07
-1.40156e-07
-8.74285e-07
-2.23385e-07
-9.09556e-07
-3.34657e-07
-9.34893e-07
-4.91603e-07
-9.22655e-07
-7.20054e-07
-8.18073e-07
-1.052e-06
-5.31748e-07
-1.4996e-06
-1.83621e-06
-7.91085e-07
2.44202e-06
-1.09611e-06
1.74771e-06
-1.13898e-06
1.10008e-06
-1.09007e-06
7.04622e-07
-1.01883e-06
4.61483e-07
-9.51919e-07
3.07421e-07
-8.98384e-07
2.05396e-07
-8.60411e-07
1.33689e-07
-8.37967e-07
7.94242e-08
-8.30693e-07
3.45137e-08
-8.38666e-07
-6.74234e-09
-8.62629e-07
-4.93294e-08
-9.04048e-07
-9.87374e-08
-9.64696e-07
-1.62737e-07
-1.04512e-06
-2.54236e-07
-1.13985e-06
-3.96866e-07
-1.22401e-06
-6.35903e-07
-1.22021e-06
-1.05579e-06
-9.34386e-07
-1.78542e-06
-2.7706e-06
-1.46409e-06
3.90611e-06
-1.44506e-06
1.72867e-06
-1.16598e-06
8.2101e-07
-9.24868e-07
4.63509e-07
-7.42897e-07
2.79512e-07
-6.11573e-07
1.76097e-07
-5.20125e-07
1.13948e-07
-4.59605e-07
7.31691e-08
-4.23979e-07
4.37981e-08
-4.0984e-07
2.03743e-08
-4.15973e-07
-6.09513e-10
-4.43331e-07
-2.19712e-08
-4.9515e-07
-4.69184e-08
-5.77577e-07
-8.03092e-08
-7.00164e-07
-1.3165e-07
-8.7433e-07
-2.227e-07
-1.10255e-06
-4.07687e-07
-1.32382e-06
-8.34516e-07
-1.27854e-06
-1.8307e-06
-4.04914e-06
3.90611e-06
5.63478e-06
6.45579e-06
6.9193e-06
7.19882e-06
7.37491e-06
7.48886e-06
7.56203e-06
7.60583e-06
7.6262e-06
7.62559e-06
7.60362e-06
7.5567e-06
7.47639e-06
7.34474e-06
7.12204e-06
6.71436e-06
5.87984e-06
4.04914e-06
)
;

boundaryField
{
    movingWall
    {
        type            calculated;
        value           uniform 0;
    }
    fixedWalls
    {
        type            calculated;
        value           uniform 0;
    }
    frontAndBack
    {
        type            empty;
        value           nonuniform List<scalar> 0();
    }
}


// ************************************************************************* //
