/*--------------------------------*- C++ -*----------------------------------*\
| =========                 |                                                 |
| \\      /  F ield         | OpenFOAM: The Open Source CFD Toolbox           |
|  \\    /   O peration     | Version:  2212                                  |
|   \\  /    A nd           | Website:  www.openfoam.com                      |
|    \\/     M anipulation  |                                                 |
\*---------------------------------------------------------------------------*/
FoamFile
{
    version     2.0;
    format      ascii;
    arch        "LSB;label=32;scalar=64";
    class       volScalarField;
    location    "4.545";
    object      p;
}
// * * * * * * * * * * * * * * * * * * * * * * * * * * * * * * * * * * * * * //

dimensions      [0 2 -2 0 0 0 0];

internalField   nonuniform List<scalar> 
400
(
-3.78095e-08
-0.000150987
-0.00053313
-0.00106773
-0.00172526
-0.00248241
-0.00316996
-0.00358052
-0.0035478
-0.00291807
-0.00153725
0.000622955
0.0032472
0.00551323
0.00654533
0.00595561
0.00405419
0.00221214
0.00117454
0.00110349
0.000115607
-5.82026e-05
-0.000375314
-0.000760931
-0.00123908
-0.0018798
-0.00269243
-0.00352351
-0.00405552
-0.0039137
-0.00282647
-0.00081267
0.00169531
0.00396795
0.00514338
0.00478123
0.00316173
0.00144036
0.000659337
0.000747055
0.000532609
0.00026322
-7.69677e-05
-0.000557051
-0.0013402
-0.00256489
-0.00419079
-0.00594125
-0.00734871
-0.00788604
-0.00721073
-0.00541678
-0.00285526
-0.00016241
0.00182849
0.00247666
0.00177223
0.000572116
-0.000325385
-0.000326039
0.00114198
0.000733908
0.000188917
-0.00077063
-0.0024337
-0.00489986
-0.00793154
-0.0110306
-0.0135923
-0.0150549
-0.0150854
-0.0137272
-0.0111951
-0.00794495
-0.00467787
-0.00213913
-0.000799811
-0.000635148
-0.00121663
-0.00184768
0.00156314
0.000958711
-2.81955e-05
-0.00191177
-0.00496616
-0.00910196
-0.0137934
-0.0183187
-0.022022
-0.0244382
-0.0253083
-0.0245125
-0.0221744
-0.0185813
-0.0141697
-0.00954525
-0.00550161
-0.00287268
-0.00212404
-0.00394203
0.00126664
0.000426247
-0.00119858
-0.00427373
-0.00892785
-0.014747
-0.0208801
-0.0264677
-0.0308989
-0.0338567
-0.0352128
-0.0348672
-0.0329017
-0.0294617
-0.0246858
-0.0187917
-0.0123778
-0.00685504
-0.004325
-0.00643939
-7.32588e-05
-0.00116151
-0.00348679
-0.00773717
-0.0138083
-0.0209165
-0.0279642
-0.0340674
-0.0387318
-0.0417964
-0.0432684
-0.0431683
-0.0415621
-0.0385167
-0.0340075
-0.0279159
-0.0203587
-0.012577
-0.00776483
-0.00767177
-0.00246305
-0.00374113
-0.00666251
-0.011817
-0.0188638
-0.026718
-0.0341528
-0.0403466
-0.0449495
-0.0479264
-0.0493662
-0.0493645
-0.0479993
-0.0453162
-0.0412639
-0.0356069
-0.0280824
-0.0191997
-0.0117118
-0.00790907
-0.00552936
-0.00689162
-0.0101987
-0.0158868
-0.023432
-0.0315642
-0.0390272
-0.0450958
-0.0495399
-0.0524005
-0.0537995
-0.053844
-0.0526085
-0.050149
-0.0464722
-0.0414161
-0.0345614
-0.0257246
-0.0165617
-0.009901
-0.00870225
-0.0100382
-0.0135046
-0.0193726
-0.0270182
-0.0351119
-0.0424295
-0.0483249
-0.0526353
-0.0554259
-0.0568144
-0.056888
-0.0557101
-0.0533505
-0.0498868
-0.0453019
-0.0392757
-0.031255
-0.0221296
-0.0142018
-0.0114535
-0.0126907
-0.0161049
-0.021861
-0.0293118
-0.0371819
-0.0443071
-0.0500722
-0.0543212
-0.057101
-0.0585051
-0.0585979
-0.0574303
-0.0550777
-0.0516781
-0.0473567
-0.0420433
-0.0350868
-0.0269755
-0.0190023
-0.013488
-0.0145407
-0.0177313
-0.0231136
-0.0301281
-0.0376483
-0.0445896
-0.0503123
-0.0545958
-0.0574345
-0.0588831
-0.0589867
-0.0577874
-0.0553619
-0.0519002
-0.0476404
-0.0428209
-0.0367627
-0.029805
-0.0222258
-0.0147731
-0.0154895
-0.0182307
-0.0230173
-0.0294052
-0.0364831
-0.0432579
-0.0490263
-0.0534466
-0.0564213
-0.0579521
-0.0580612
-0.056786
-0.0542252
-0.0505942
-0.0461936
-0.0416167
-0.0360425
-0.0300249
-0.0227229
-0.015406
-0.0156517
-0.0176723
-0.0215796
-0.0271381
-0.0336805
-0.0402941
-0.0461814
-0.0508428
-0.0540494
-0.0557268
-0.0558696
-0.0544941
-0.0517283
-0.047831
-0.0431887
-0.0384543
-0.032953
-0.0279501
-0.0201597
-0.015518
-0.0152406
-0.0162585
-0.0189618
-0.0234571
-0.0293501
-0.03579
-0.0418567
-0.0468614
-0.0504075
-0.0523147
-0.0525235
-0.0510746
-0.048059
-0.0438063
-0.0387577
-0.0336031
-0.027979
-0.0241624
-0.0143504
-0.0152288
-0.014507
-0.0142109
-0.0153499
-0.0185579
-0.0236937
-0.0299417
-0.0362326
-0.0416717
-0.0456714
-0.0479266
-0.0483085
-0.0468412
-0.0435945
-0.0389367
-0.0333334
-0.0275729
-0.0216441
-0.0181085
-0.00390095
-0.0146254
-0.01359
-0.0116884
-0.0110596
-0.0129017
-0.0172691
-0.0233427
-0.0298909
-0.0358313
-0.0403859
-0.043119
-0.0438054
-0.0424384
-0.0390509
-0.0339754
-0.0276101
-0.0207253
-0.0134116
-0.00697489
0.0158852
-0.0145642
-0.0126457
-0.0086606
-0.00626557
-0.00692864
-0.010718
-0.0167175
-0.023555
-0.030032
-0.035208
-0.0385364
-0.0396698
-0.0385549
-0.0352046
-0.0297653
-0.0222797
-0.0130113
-0.000933448
0.016399
0.056817
-0.0117935
-0.0118394
-0.00577302
-0.00185197
-0.00183813
-0.00543905
-0.0115416
-0.0186985
-0.0256767
-0.031422
-0.0353573
-0.0370523
-0.0364099
-0.0331555
-0.0271388
-0.0175926
-0.00333959
0.0201885
0.0603687
0.129548
-0.029509
-0.0106513
-0.00067608
0.00298279
0.00235172
-0.00161678
-0.00799321
-0.015465
-0.022805
-0.0289339
-0.0332493
-0.0352972
-0.0349413
-0.0317664
-0.0251418
-0.0129007
0.00924522
0.0508933
0.122578
0.225831
)
;

boundaryField
{
    movingWall
    {
        type            zeroGradient;
    }
    fixedWalls
    {
        type            zeroGradient;
    }
    frontAndBack
    {
        type            empty;
    }
}


// ************************************************************************* //
