/*--------------------------------*- C++ -*----------------------------------*\
| =========                 |                                                 |
| \\      /  F ield         | OpenFOAM: The Open Source CFD Toolbox           |
|  \\    /   O peration     | Version:  2212                                  |
|   \\  /    A nd           | Website:  www.openfoam.com                      |
|    \\/     M anipulation  |                                                 |
\*---------------------------------------------------------------------------*/
FoamFile
{
    version     2.0;
    format      ascii;
    arch        "LSB;label=32;scalar=64";
    class       surfaceScalarField;
    location    "2.68";
    object      phi;
}
// * * * * * * * * * * * * * * * * * * * * * * * * * * * * * * * * * * * * * //

dimensions      [0 3 -1 0 0 0 0];

oriented        oriented;

internalField   nonuniform List<scalar> 
760
(
1.37659e-07
-1.37662e-07
2.5489e-07
-1.17231e-07
2.63087e-07
-8.19726e-09
1.39856e-07
1.23231e-07
-1.49469e-07
2.89326e-07
-6.62559e-07
5.13091e-07
-1.42949e-06
7.66928e-07
-2.37568e-06
9.46191e-07
-3.31806e-06
9.4238e-07
-4.03691e-06
7.18855e-07
-4.36609e-06
3.29181e-07
-4.21024e-06
-1.55852e-07
-3.50495e-06
-7.05292e-07
-2.35571e-06
-1.14924e-06
-9.80802e-07
-1.37491e-06
2.60806e-07
-1.24161e-06
9.96126e-07
-7.35321e-07
9.70059e-07
2.60671e-08
4.37366e-07
5.32693e-07
4.37366e-07
9.57979e-08
-2.33459e-07
2.46571e-08
-4.60899e-08
-3.34958e-07
3.51418e-07
-1.07071e-06
8.58985e-07
-2.22878e-06
1.44739e-06
-3.74394e-06
2.02825e-06
-5.3939e-06
2.4169e-06
-6.88562e-06
2.43791e-06
-7.9948e-06
2.05155e-06
-8.60485e-06
1.32891e-06
-8.6653e-06
3.89624e-07
-8.14839e-06
-6.7276e-07
-7.08455e-06
-1.76914e-06
-5.50354e-06
-2.73025e-06
-3.54294e-06
-3.3355e-06
-1.4961e-06
-3.28845e-06
1.2273e-07
-2.35415e-06
8.022e-07
-6.53403e-07
5.00284e-07
8.34609e-07
9.37649e-07
-1.44032e-07
-8.94271e-08
-6.3741e-07
4.47288e-07
-1.57281e-06
1.28682e-06
-2.99447e-06
2.28064e-06
-4.8018e-06
3.25472e-06
-6.72823e-06
3.95468e-06
-8.47344e-06
4.16211e-06
-9.85134e-06
3.81581e-06
-1.08e-05
3.00018e-06
-1.13071e-05
1.83603e-06
-1.13279e-05
4.10419e-07
-1.08995e-05
-1.10113e-06
-1.001e-05
-2.65865e-06
-8.60645e-06
-4.1338e-06
-6.66791e-06
-5.27405e-06
-4.28262e-06
-5.67374e-06
-1.83668e-06
-4.8001e-06
-9.72548e-08
-2.39282e-06
2.8578e-07
4.51574e-07
1.22343e-06
-4.80454e-07
3.91027e-07
-1.48481e-06
1.45164e-06
-2.95085e-06
2.75286e-06
-4.80449e-06
4.13429e-06
-6.81674e-06
5.26696e-06
-8.69769e-06
5.83563e-06
-1.02415e-05
5.7059e-06
-1.13911e-05
4.96544e-06
-1.21679e-05
3.777e-06
-1.26043e-05
2.27236e-06
-1.26888e-05
4.94997e-07
-1.24703e-05
-1.31971e-06
-1.19177e-05
-3.21125e-06
-1.09304e-05
-5.12102e-06
-9.37963e-06
-6.82485e-06
-7.14344e-06
-7.90993e-06
-4.26452e-06
-7.67902e-06
-1.34253e-06
-5.31481e-06
1.14989e-07
-1.00595e-06
1.33842e-06
-8.08278e-07
1.1993e-06
-2.2174e-06
2.86076e-06
-3.9833e-06
4.51876e-06
-5.93793e-06
6.08892e-06
-7.82091e-06
7.14995e-06
-9.40935e-06
7.42407e-06
-1.06131e-05
6.90964e-06
-1.14478e-05
5.80016e-06
-1.19709e-05
4.30007e-06
-1.22532e-05
2.55472e-06
-1.238e-05
6.21715e-07
-1.23498e-05
-1.34986e-06
-1.21505e-05
-3.41055e-06
-1.17019e-05
-5.56965e-06
-1.08193e-05
-7.70746e-06
-9.21952e-06
-9.50967e-06
-6.61694e-06
-1.02816e-05
-3.12116e-06
-8.81059e-06
-2.57809e-07
-3.8693e-06
1.08061e-06
-1.01005e-06
2.20935e-06
-2.60584e-06
4.45655e-06
-4.40433e-06
6.31725e-06
-6.1949e-06
7.87949e-06
-7.75977e-06
8.71482e-06
-8.95867e-06
8.62297e-06
-9.77278e-06
7.72376e-06
-1.02588e-05
6.28617e-06
-1.05035e-05
4.54476e-06
-1.06066e-05
2.65786e-06
-1.0688e-05
7.03142e-07
-1.07502e-05
-1.28771e-06
-1.08022e-05
-3.35851e-06
-1.08141e-05
-5.55781e-06
-1.06293e-05
-7.89219e-06
-9.9199e-06
-1.02191e-05
-8.20081e-06
-1.20007e-05
-5.0787e-06
-1.19327e-05
-1.12157e-06
-7.82643e-06
-4.09625e-08
-1.02892e-06
3.23827e-06
-2.58187e-06
6.0095e-06
-4.20452e-06
7.9399e-06
-5.69354e-06
9.36851e-06
-6.88932e-06
9.9106e-06
-7.71705e-06
9.4507e-06
-8.20088e-06
8.20759e-06
-8.42085e-06
6.50613e-06
-8.47874e-06
4.60266e-06
-8.47458e-06
2.65369e-06
-8.49643e-06
7.24997e-07
-8.57166e-06
-1.21249e-06
-8.71991e-06
-3.21026e-06
-8.95268e-06
-5.32505e-06
-9.20791e-06
-7.63695e-06
-9.24525e-06
-1.01818e-05
-8.5424e-06
-1.27035e-05
-6.36193e-06
-1.41132e-05
-2.34205e-06
-1.18463e-05
-2.38301e-06
-8.66343e-07
4.10462e-06
-2.20014e-06
7.3433e-06
-3.5316e-06
9.27136e-06
-4.67951e-06
1.05164e-05
-5.53878e-06
1.07699e-05
-6.08123e-06
9.99316e-06
-6.35336e-06
8.47972e-06
-6.44115e-06
6.59392e-06
-6.44129e-06
4.60279e-06
-6.43144e-06
2.64385e-06
-6.45341e-06
7.46966e-07
-6.52768e-06
-1.13822e-06
-6.67917e-06
-3.05876e-06
-6.94218e-06
-5.06204e-06
-7.33283e-06
-7.2463e-06
-7.74995e-06
-9.76465e-06
-7.76874e-06
-1.26848e-05
-6.57207e-06
-1.53098e-05
-3.47158e-06
-1.49468e-05
-5.85459e-06
-5.77967e-07
4.68259e-06
-1.58395e-06
8.34928e-06
-2.57854e-06
1.02659e-05
-3.39652e-06
1.13344e-05
-3.97771e-06
1.13511e-05
-4.32396e-06
1.03394e-05
-4.48714e-06
8.6429e-06
-4.54289e-06
6.64967e-06
-4.565e-06
4.6249e-06
-4.60064e-06
2.67949e-06
-4.66202e-06
8.08349e-07
-4.75618e-06
-1.04406e-06
-4.89675e-06
-2.91819e-06
-5.11848e-06
-4.8403e-06
-5.48312e-06
-6.88166e-06
-6.00106e-06
-9.24671e-06
-6.43337e-06
-1.22524e-05
-6.02319e-06
-1.572e-05
-3.84099e-06
-1.7129e-05
-9.69558e-06
-2.14605e-07
4.89719e-06
-8.4056e-07
8.97524e-06
-1.48822e-06
1.09136e-05
-2.00452e-06
1.18507e-05
-2.35789e-06
1.17044e-05
-2.56799e-06
1.05495e-05
-2.67998e-06
8.7549e-06
-2.74615e-06
6.71584e-06
-2.81181e-06
4.69055e-06
-2.89988e-06
2.76756e-06
-3.01204e-06
9.20509e-07
-3.14648e-06
-9.09627e-07
-3.30519e-06
-2.75948e-06
-3.50664e-06
-4.63886e-06
-3.81366e-06
-6.57464e-06
-4.31478e-06
-8.74559e-06
-4.94145e-06
-1.16258e-05
-5.0645e-06
-1.5597e-05
-3.51447e-06
-1.8679e-05
-1.32101e-05
1.51355e-07
4.74584e-06
-6.81645e-08
9.19476e-06
-3.88884e-07
1.12343e-05
-6.33565e-07
1.20954e-05
-7.85155e-07
1.1856e-05
-8.72828e-07
1.06372e-05
-9.35713e-07
8.81778e-06
-1.00608e-06
6.7862e-06
-1.09987e-06
4.78434e-06
-1.22315e-06
2.89085e-06
-1.37545e-06
1.07281e-06
-1.5569e-06
-7.28182e-07
-1.76593e-06
-2.55045e-06
-2.00567e-06
-4.39911e-06
-2.31372e-06
-6.26659e-06
-2.79819e-06
-8.26112e-06
-3.51668e-06
-1.09073e-05
-4.00214e-06
-1.51115e-05
-3.00804e-06
-1.96731e-05
-1.62181e-05
4.6015e-07
4.28569e-06
6.45091e-07
9.00982e-06
6.85531e-07
1.11939e-05
7.2168e-07
1.20592e-05
7.69408e-07
1.18083e-05
8.00778e-07
1.06058e-05
7.93355e-07
8.8252e-06
7.3864e-07
6.84092e-06
6.39595e-07
4.88339e-06
5.01764e-07
3.02868e-06
3.236e-07
1.25097e-06
1.00731e-07
-5.05312e-07
-1.70878e-07
-2.27884e-06
-4.96499e-07
-4.07349e-06
-8.88385e-07
-5.87471e-06
-1.40679e-06
-7.74271e-06
-2.20446e-06
-1.01096e-05
-2.9673e-06
-1.43486e-05
-2.46831e-06
-2.01721e-05
-1.86864e-05
6.89915e-07
3.59577e-06
1.25014e-06
8.44959e-06
1.62575e-06
1.08183e-05
1.94932e-06
1.17357e-05
2.2249e-06
1.15327e-05
2.41513e-06
1.04156e-05
2.50628e-06
8.73405e-06
2.50852e-06
6.83867e-06
2.43907e-06
4.95284e-06
2.30931e-06
3.15844e-06
2.11601e-06
1.44427e-06
1.84576e-06
-2.35065e-07
1.49817e-06
-1.93125e-06
1.06756e-06
-3.64287e-06
5.47203e-07
-5.35435e-06
-1.24821e-07
-7.07069e-06
-1.00288e-06
-9.23157e-06
-1.97034e-06
-1.33812e-05
-1.9497e-06
-2.01928e-05
-2.06361e-05
7.89278e-07
2.80649e-06
1.66547e-06
7.5734e-06
2.37181e-06
1.01119e-05
2.99647e-06
1.1111e-05
3.54059e-06
1.09886e-05
3.95354e-06
1.00026e-05
4.2125e-06
8.4751e-06
4.32928e-06
6.72189e-06
4.32909e-06
4.95303e-06
4.23048e-06
3.25705e-06
4.03366e-06
1.64109e-06
3.71785e-06
8.07474e-08
3.2862e-06
-1.4996e-06
2.72379e-06
-3.08047e-06
2.02956e-06
-4.66012e-06
1.2155e-06
-6.25663e-06
1.80051e-07
-8.19612e-06
-1.03637e-06
-1.21648e-05
-1.46465e-06
-1.97645e-05
-2.21008e-05
7.25773e-07
2.08072e-06
1.78576e-06
6.51342e-06
2.77275e-06
9.12494e-06
3.71493e-06
1.01688e-05
4.5777e-06
1.01258e-05
5.28858e-06
9.29174e-06
5.80108e-06
7.96259e-06
6.11411e-06
6.40887e-06
6.24913e-06
4.818e-06
6.22715e-06
3.27904e-06
6.05059e-06
1.81765e-06
5.71027e-06
4.21071e-07
5.18569e-06
-9.75017e-07
4.47818e-06
-2.37296e-06
3.58241e-06
-3.76435e-06
2.52909e-06
-5.20331e-06
1.26594e-06
-6.93297e-06
-2.27545e-07
-1.06713e-05
-9.67621e-07
-1.90244e-05
-2.30684e-05
5.145e-07
1.56622e-06
1.5929e-06
5.43502e-06
2.85024e-06
7.86759e-06
4.14218e-06
8.87688e-06
5.37249e-06
8.89553e-06
6.4377e-06
8.22653e-06
7.26486e-06
7.13543e-06
7.83517e-06
5.83856e-06
8.15906e-06
4.49412e-06
8.25443e-06
3.18367e-06
8.12867e-06
1.9434e-06
7.78095e-06
7.68794e-07
7.16891e-06
-3.62979e-07
6.31124e-06
-1.51529e-06
5.19787e-06
-2.65098e-06
3.87663e-06
-3.88207e-06
2.40208e-06
-5.45841e-06
8.23813e-07
-9.09301e-06
-2.07863e-07
-1.79927e-05
-2.32762e-05
1.14549e-07
1.45167e-06
8.99802e-07
4.64976e-06
2.27822e-06
6.48918e-06
3.914e-06
7.2411e-06
5.57297e-06
7.23655e-06
7.06855e-06
6.73095e-06
8.2909e-06
5.91309e-06
9.20375e-06
4.92571e-06
9.79797e-06
3.89989e-06
1.00853e-05
2.89631e-06
1.00701e-05
1.95868e-06
9.75933e-06
1.07951e-06
9.12218e-06
2.74169e-07
8.16067e-06
-5.53773e-07
6.8858e-06
-1.37612e-06
5.34917e-06
-2.34543e-06
3.70699e-06
-3.81624e-06
2.11402e-06
-7.50004e-06
6.03234e-07
-1.6482e-05
-2.2673e-05
-4.93014e-07
1.94469e-06
1.36431e-07
4.02032e-06
1.56172e-06
5.06389e-06
3.49726e-06
5.30555e-06
5.54974e-06
5.18408e-06
7.43944e-06
4.84125e-06
9.02334e-06
4.32919e-06
1.02544e-05
3.6947e-06
1.11086e-05
3.04563e-06
1.16019e-05
2.40303e-06
1.17374e-05
1.8232e-06
1.15365e-05
1.28039e-06
1.10137e-05
7.96992e-07
1.01595e-05
3.00351e-07
8.98374e-06
-2.00313e-07
7.54714e-06
-9.08831e-07
6.0409e-06
-2.31e-06
4.33084e-06
-5.78998e-06
2.00267e-06
-1.41538e-05
-2.06703e-05
-4.15545e-06
6.10013e-06
-3.64613e-06
3.51101e-06
-1.34528e-06
2.76303e-06
1.33525e-06
2.62503e-06
3.96404e-06
2.55529e-06
6.40807e-06
2.39722e-06
8.55989e-06
2.17737e-06
1.03579e-05
1.89664e-06
1.17806e-05
1.62295e-06
1.28503e-05
1.33331e-06
1.35818e-05
1.09172e-06
1.40176e-05
8.44641e-07
1.41501e-05
6.64426e-07
1.3997e-05
4.53535e-07
1.35365e-05
2.60138e-07
1.2784e-05
-1.56337e-07
1.17492e-05
-1.27518e-06
1.0036e-05
-4.07684e-06
5.60631e-06
-9.72406e-06
-1.5064e-05
6.10013e-06
9.61114e-06
1.23742e-05
1.49992e-05
1.75545e-05
1.99517e-05
2.21291e-05
2.40257e-05
2.56487e-05
2.6982e-05
2.80737e-05
2.89183e-05
2.95828e-05
3.00363e-05
3.02964e-05
3.01401e-05
2.88649e-05
2.47881e-05
1.5064e-05
)
;

boundaryField
{
    movingWall
    {
        type            calculated;
        value           uniform 0;
    }
    fixedWalls
    {
        type            calculated;
        value           uniform 0;
    }
    frontAndBack
    {
        type            empty;
        value           nonuniform List<scalar> 0();
    }
}


// ************************************************************************* //
