/*--------------------------------*- C++ -*----------------------------------*\
| =========                 |                                                 |
| \\      /  F ield         | OpenFOAM: The Open Source CFD Toolbox           |
|  \\    /   O peration     | Version:  2212                                  |
|   \\  /    A nd           | Website:  www.openfoam.com                      |
|    \\/     M anipulation  |                                                 |
\*---------------------------------------------------------------------------*/
FoamFile
{
    version     2.0;
    format      ascii;
    arch        "LSB;label=32;scalar=64";
    class       surfaceScalarField;
    location    "0.595";
    object      phi;
}
// * * * * * * * * * * * * * * * * * * * * * * * * * * * * * * * * * * * * * //

dimensions      [0 3 -1 0 0 0 0];

oriented        oriented;

internalField   nonuniform List<scalar> 
760
(
-3.69217e-08
3.69217e-08
-1.23729e-07
8.68075e-08
-2.30586e-07
1.06857e-07
-3.44584e-07
1.13998e-07
-4.62719e-07
1.18136e-07
-5.84784e-07
1.22064e-07
-7.1025e-07
1.25466e-07
-8.36868e-07
1.26618e-07
-9.59643e-07
1.22774e-07
-1.0698e-06
1.10153e-07
-1.15399e-06
8.41977e-08
-1.19458e-06
4.05898e-08
-1.17057e-06
-2.40141e-08
-1.06578e-06
-1.04792e-07
-8.76458e-07
-1.89319e-07
-6.2295e-07
-2.53508e-07
-3.5296e-07
-2.69991e-07
-1.2992e-07
-2.2304e-07
-7.8657e-09
-1.22054e-07
-7.86546e-09
-9.84665e-08
1.35388e-07
-2.81115e-07
2.69455e-07
-4.97999e-07
3.23741e-07
-7.2888e-07
3.44879e-07
-9.66531e-07
3.55786e-07
-1.20784e-06
3.63375e-07
-1.44924e-06
3.66859e-07
-1.68428e-06
3.61661e-07
-1.9021e-06
3.40595e-07
-2.08616e-06
2.94215e-07
-2.21376e-06
2.11801e-07
-2.25724e-06
8.40641e-08
-2.1878e-06
-9.34494e-08
-1.98021e-06
-3.1239e-07
-1.63315e-06
-5.36376e-07
-1.18066e-06
-7.06e-07
-7.00457e-07
-7.5019e-07
-2.96787e-07
-6.2671e-07
-5.43622e-08
-3.64479e-07
-6.22277e-08
-1.32268e-07
2.67656e-07
-3.66872e-07
5.0406e-07
-6.41039e-07
5.97908e-07
-9.3094e-07
6.3478e-07
-1.22776e-06
6.52609e-07
-1.5272e-06
6.62816e-07
-1.82447e-06
6.64129e-07
-2.11176e-06
6.48948e-07
-2.37655e-06
6.05389e-07
-2.60023e-06
5.17888e-07
-2.75707e-06
3.68644e-07
-2.81499e-06
1.41988e-07
-2.73659e-06
-1.71858e-07
-2.48627e-06
-5.62702e-07
-2.05179e-06
-9.70856e-07
-1.46891e-06
-1.28888e-06
-8.42618e-07
-1.37648e-06
-3.27821e-07
-1.14151e-06
-4.4875e-08
-6.47425e-07
-1.07103e-07
-1.47093e-07
4.14749e-07
-4.07131e-07
7.64098e-07
-7.09631e-07
9.00408e-07
-1.02879e-06
9.53938e-07
-1.35582e-06
9.79639e-07
-1.68709e-06
9.94089e-07
-2.01888e-06
9.95922e-07
-2.34484e-06
9.74905e-07
-2.65414e-06
9.14688e-07
-2.92951e-06
7.93254e-07
-3.14477e-06
5.83906e-07
-3.26301e-06
2.60226e-07
-3.23657e-06
-1.98295e-07
-3.00123e-06
-7.98037e-07
-2.5133e-06
-1.45879e-06
-1.79266e-06
-2.00952e-06
-9.76593e-07
-2.19255e-06
-3.0979e-07
-1.80831e-06
2.20526e-09
-9.59421e-07
-1.04898e-07
-1.51096e-07
5.65845e-07
-4.20577e-07
1.03358e-06
-7.34989e-07
1.21482e-06
-1.06791e-06
1.28686e-06
-1.41162e-06
1.32335e-06
-1.76459e-06
1.34706e-06
-2.12611e-06
1.35744e-06
-2.49382e-06
1.34262e-06
-2.86172e-06
1.28259e-06
-3.2177e-06
1.14923e-06
-3.5393e-06
9.05504e-07
-3.78553e-06
5.06462e-07
-3.90318e-06
-8.06463e-08
-3.77313e-06
-9.28084e-07
-3.2916e-06
-1.94033e-06
-2.42419e-06
-2.87694e-06
-1.32907e-06
-3.28767e-06
-3.71414e-07
-2.76596e-06
6.98578e-08
-1.40069e-06
-3.50398e-08
-1.48585e-07
7.1443e-07
-4.17712e-07
1.30271e-06
-7.34165e-07
1.53127e-06
-1.07187e-06
1.62457e-06
-1.42481e-06
1.67629e-06
-1.79459e-06
1.71683e-06
-2.18516e-06
1.74801e-06
-2.6007e-06
1.75816e-06
-3.04393e-06
1.72582e-06
-3.51379e-06
1.6191e-06
-4.00078e-06
1.39249e-06
-4.47366e-06
9.79338e-07
-4.85067e-06
2.96371e-07
-4.98721e-06
-7.91546e-07
-4.64175e-06
-2.28579e-06
-3.68077e-06
-3.83792e-06
-2.24606e-06
-4.72238e-06
-7.76805e-07
-4.23521e-06
5.98282e-08
-2.23733e-06
2.47884e-08
-1.41581e-07
8.56011e-07
-4.0358e-07
1.5647e-06
-7.14963e-07
1.84266e-06
-1.05041e-06
1.96002e-06
-1.40584e-06
2.03173e-06
-1.7865e-06
2.09749e-06
-2.20221e-06
2.16372e-06
-2.66605e-06
2.222e-06
-3.1939e-06
2.25366e-06
-3.80374e-06
2.22893e-06
-4.51262e-06
2.10138e-06
-5.31456e-06
1.78128e-06
-6.10344e-06
1.08525e-06
-6.68429e-06
-2.10699e-07
-6.62898e-06
-2.3411e-06
-5.72824e-06
-4.73866e-06
-4.04498e-06
-6.40563e-06
-1.90395e-06
-6.37625e-06
-2.00547e-07
-3.94073e-06
-1.75758e-07
-1.30983e-07
9.86995e-07
-3.80314e-07
1.81404e-06
-6.8018e-07
2.14252e-06
-1.00587e-06
2.28571e-06
-1.35492e-06
2.38077e-06
-1.73609e-06
2.47866e-06
-2.16545e-06
2.59309e-06
-2.66659e-06
2.72314e-06
-3.27279e-06
2.85986e-06
-4.02879e-06
2.98493e-06
-4.98558e-06
3.05817e-06
-6.16221e-06
2.9579e-06
-7.43733e-06
2.36037e-06
-8.42197e-06
7.73943e-07
-8.73319e-06
-2.02988e-06
-8.11549e-06
-5.35636e-06
-6.51666e-06
-8.00446e-06
-3.90489e-06
-8.98802e-06
-9.69074e-07
-6.87655e-06
-1.14483e-06
-1.17417e-07
1.10441e-06
-3.49185e-07
2.0458e-06
-6.3101e-07
2.42435e-06
-9.38105e-07
2.5928e-06
-1.26866e-06
2.71133e-06
-1.63388e-06
2.84388e-06
-2.05483e-06
3.01404e-06
-2.56428e-06
3.23259e-06
-3.21157e-06
3.50715e-06
-4.0649e-06
3.83827e-06
-5.19461e-06
4.18788e-06
-6.60749e-06
4.37077e-06
-8.12453e-06
3.87741e-06
-9.32564e-06
1.97506e-06
-9.83231e-06
-1.52321e-06
-9.64107e-06
-5.5476e-06
-8.5768e-06
-9.06873e-06
-6.16786e-06
-1.1397e-05
-2.39013e-06
-1.06543e-05
-3.53496e-06
-1.01894e-07
1.20631e-06
-3.12216e-07
2.25613e-06
-5.69687e-07
2.68182e-06
-8.48325e-07
2.87144e-06
-1.1455e-06
3.0085e-06
-1.47272e-06
3.17111e-06
-1.85269e-06
3.39401e-06
-2.32165e-06
3.70154e-06
-2.9346e-06
4.12009e-06
-3.76376e-06
4.66743e-06
-4.8633e-06
5.28742e-06
-6.18121e-06
5.68869e-06
-7.49333e-06
5.18953e-06
-8.51832e-06
3.00005e-06
-9.03484e-06
-1.00669e-06
-9.22086e-06
-5.36158e-06
-8.85617e-06
-9.43343e-06
-7.33743e-06
-1.29157e-05
-3.9306e-06
-1.40611e-05
-7.46556e-06
-8.63126e-08
1.29262e-06
-2.73384e-07
2.4432e-06
-5.01431e-07
2.90986e-06
-7.41966e-07
3.11198e-06
-9.89875e-07
3.25641e-06
-1.25412e-06
3.43535e-06
-1.55367e-06
3.69356e-06
-1.918e-06
4.06587e-06
-2.38847e-06
4.59057e-06
-3.01117e-06
5.29013e-06
-3.80174e-06
6.07799e-06
-4.68282e-06
6.56977e-06
-5.48563e-06
5.99234e-06
-6.11585e-06
3.63027e-06
-6.63868e-06
-4.83867e-07
-7.02804e-06
-4.97222e-06
-7.22816e-06
-9.23331e-06
-6.72886e-06
-1.3415e-05
-4.4075e-06
-1.63825e-05
-1.18731e-05
-7.38996e-08
1.36652e-06
-2.3955e-07
2.60885e-06
-4.3573e-07
3.10604e-06
-6.30461e-07
3.30671e-06
-8.15254e-07
3.4412e-06
-9.94341e-07
3.61443e-06
-1.17843e-06
3.87765e-06
-1.38204e-06
4.26948e-06
-1.62051e-06
4.82904e-06
-1.90139e-06
5.57101e-06
-2.2164e-06
6.393e-06
-2.52963e-06
6.883e-06
-2.80577e-06
6.26848e-06
-3.1097e-06
3.9342e-06
-3.61717e-06
2.35976e-08
-4.16841e-06
-4.42098e-06
-4.80562e-06
-8.5961e-06
-5.1118e-06
-1.31088e-05
-3.72959e-06
-1.77647e-05
-1.56027e-05
-6.9416e-08
1.43593e-06
-2.20899e-07
2.76033e-06
-3.87053e-07
3.2722e-06
-5.31917e-07
3.45157e-06
-6.44559e-07
3.55384e-06
-7.24849e-07
3.69472e-06
-7.74366e-07
3.92716e-06
-7.91429e-07
4.28655e-06
-7.67365e-07
4.80497e-06
-6.72724e-07
5.47637e-06
-5.03272e-07
6.22355e-06
-3.02419e-07
6.68215e-06
-2.03302e-07
6.16936e-06
-2.77465e-07
4.00836e-06
-6.89385e-07
4.35518e-07
-1.42391e-06
-3.68645e-06
-2.45384e-06
-7.56617e-06
-3.41149e-06
-1.21512e-05
-2.82224e-06
-1.83539e-05
-1.84249e-05
-8.07544e-08
1.51669e-06
-2.32366e-07
2.91194e-06
-3.73649e-07
3.41348e-06
-4.67481e-07
3.5454e-06
-5.04686e-07
3.59105e-06
-4.83426e-07
3.67346e-06
-3.98413e-07
3.84215e-06
-2.34453e-07
4.12259e-06
4.30842e-08
4.52744e-06
4.42952e-07
5.0765e-06
9.9837e-07
5.66813e-06
1.65233e-06
6.02819e-06
2.204e-06
5.61769e-06
2.34962e-06
3.86274e-06
1.92605e-06
8.59083e-07
1.0372e-06
-2.79759e-06
-2.63046e-07
-6.26593e-06
-1.7359e-06
-1.06783e-05
-1.96209e-06
-1.81277e-05
-2.0387e-05
-1.18598e-07
1.63529e-06
-2.95113e-07
3.08846e-06
-4.23627e-07
3.542e-06
-4.6662e-07
3.5884e-06
-4.26815e-07
3.55124e-06
-3.08281e-07
3.55493e-06
-1.04887e-07
3.63876e-06
2.04456e-07
3.81324e-06
6.36859e-07
4.09504e-06
1.24543e-06
4.46793e-06
2.04984e-06
4.86371e-06
2.98597e-06
5.09206e-06
3.81576e-06
4.7879e-06
4.17778e-06
3.50072e-06
3.85206e-06
1.1848e-06
2.85318e-06
-1.79871e-06
1.31328e-06
-4.72602e-06
-4.70007e-07
-8.89502e-06
-1.21036e-06
-1.73874e-05
-2.15973e-05
-1.98827e-07
1.83411e-06
-4.29721e-07
3.31935e-06
-5.46648e-07
3.65892e-06
-5.38027e-07
3.57978e-06
-4.25339e-07
3.43855e-06
-2.20366e-07
3.34995e-06
8.08475e-08
3.33754e-06
4.90604e-07
3.40349e-06
1.03954e-06
3.5461e-06
1.75962e-06
3.74785e-06
2.66219e-06
3.96114e-06
3.68821e-06
4.06605e-06
4.62768e-06
3.84843e-06
5.13654e-06
2.99186e-06
4.93283e-06
1.38852e-06
3.94257e-06
-8.08447e-07
2.3221e-06
-3.10555e-06
4.47946e-07
-7.02087e-06
-5.21159e-07
-1.64183e-05
-2.21185e-05
-3.86568e-07
2.22068e-06
-7.79451e-07
3.71223e-06
-8.61317e-07
3.74079e-06
-7.37355e-07
3.45582e-06
-5.16794e-07
3.21799e-06
-2.2352e-07
3.05668e-06
1.54215e-07
2.95981e-06
6.37719e-07
2.91998e-06
1.25146e-06
2.93236e-06
2.01652e-06
2.98279e-06
2.92785e-06
3.0498e-06
3.93631e-06
3.05759e-06
4.86934e-06
2.9154e-06
5.44397e-06
2.41723e-06
5.3288e-06
1.50369e-06
4.48467e-06
3.56745e-08
3.02463e-06
-1.6455e-06
1.53272e-06
-5.52897e-06
3.10271e-07
-1.51958e-05
-2.18082e-05
-3.98099e-07
2.61878e-06
-8.72032e-07
4.18617e-06
-1.0539e-06
3.92266e-06
-1.003e-06
3.40491e-06
-7.84302e-07
2.9993e-06
-4.46644e-07
2.71902e-06
6.08732e-10
2.51255e-06
5.66311e-07
2.35428e-06
1.24828e-06
2.25039e-06
2.05806e-06
2.17301e-06
2.96864e-06
2.13923e-06
3.94892e-06
2.0773e-06
4.86355e-06
2.00077e-06
5.52047e-06
1.76031e-06
5.66498e-06
1.35918e-06
5.17782e-06
5.22835e-07
4.39651e-06
-8.64191e-07
3.33928e-06
-4.47174e-06
1.57633e-06
-1.34329e-05
-2.02319e-05
-3.92377e-06
6.54255e-06
-3.74068e-06
4.00308e-06
-2.53068e-06
2.71265e-06
-1.34879e-06
2.22302e-06
-2.64635e-07
1.91514e-06
7.89721e-07
1.66467e-06
1.83018e-06
1.4721e-06
2.87538e-06
1.30908e-06
3.92154e-06
1.20424e-06
4.98858e-06
1.10597e-06
6.06444e-06
1.06337e-06
7.14323e-06
9.98513e-07
8.15924e-06
9.8476e-07
9.03614e-06
8.83412e-07
9.66763e-06
7.27684e-07
9.87821e-06
3.1225e-07
9.70202e-06
-6.87992e-07
8.95654e-06
-3.72626e-06
5.18879e-06
-9.66512e-06
-1.50431e-05
6.54255e-06
1.05456e-05
1.32583e-05
1.54813e-05
1.73965e-05
1.90611e-05
2.05332e-05
2.18423e-05
2.30465e-05
2.41525e-05
2.52159e-05
2.62144e-05
2.71991e-05
2.80826e-05
2.88102e-05
2.91225e-05
2.84345e-05
2.47082e-05
1.50431e-05
)
;

boundaryField
{
    movingWall
    {
        type            calculated;
        value           uniform 0;
    }
    fixedWalls
    {
        type            calculated;
        value           uniform 0;
    }
    frontAndBack
    {
        type            empty;
        value           nonuniform List<scalar> 0();
    }
}


// ************************************************************************* //
