/*--------------------------------*- C++ -*----------------------------------*\
| =========                 |                                                 |
| \\      /  F ield         | OpenFOAM: The Open Source CFD Toolbox           |
|  \\    /   O peration     | Version:  2212                                  |
|   \\  /    A nd           | Website:  www.openfoam.com                      |
|    \\/     M anipulation  |                                                 |
\*---------------------------------------------------------------------------*/
FoamFile
{
    version     2.0;
    format      ascii;
    arch        "LSB;label=32;scalar=64";
    class       volScalarField;
    location    "1.41";
    object      p;
}
// * * * * * * * * * * * * * * * * * * * * * * * * * * * * * * * * * * * * * //

dimensions      [0 2 -2 0 0 0 0];

internalField   nonuniform List<scalar> 
400
(
-2.60617e-09
-0.000106392
-0.000279329
-0.000517073
-0.000807093
-0.00111628
-0.00138206
-0.00150376
-0.00135306
-0.000810951
0.000186304
0.00161503
0.0033342
0.00486571
0.00573107
0.00567966
0.00473985
0.0036812
0.00297092
0.00284288
0.00010768
3.54959e-07
-0.000139169
-0.000329435
-0.000565543
-0.000831156
-0.00110292
-0.00132473
-0.00137836
-0.00109535
-0.000321959
0.000982405
0.00259616
0.00411921
0.00505056
0.00508436
0.00432054
0.00326192
0.00267388
0.00262296
0.00028587
0.0001318
-1.31127e-05
-0.00022674
-0.000540745
-0.000980625
-0.00155744
-0.00221077
-0.00276433
-0.00294351
-0.00248115
-0.00130983
0.00034882
0.00211856
0.0034793
0.0039905
0.00359974
0.00275761
0.00201336
0.0018901
0.000388516
0.000190666
5.81703e-06
-0.000317691
-0.000874569
-0.0017566
-0.00300357
-0.00450768
-0.0059685
-0.00695772
-0.00709501
-0.00627689
-0.00467372
-0.00255553
-0.000382383
0.00129375
0.00206116
0.00192408
0.00126673
0.000726351
0.000265244
1.54424e-05
-0.000262436
-0.000813633
-0.00182629
-0.00347323
-0.00578187
-0.00851014
-0.0111677
-0.013189
-0.0141452
-0.0138776
-0.0124535
-0.0100469
-0.00699633
-0.00382061
-0.00118316
0.000308343
0.000448344
-0.00095743
-0.000243373
-0.00055752
-0.000994405
-0.001903
-0.00357848
-0.00624928
-0.00985596
-0.0139349
-0.0177704
-0.0207209
-0.022404
-0.0226549
-0.021461
-0.0189894
-0.0154359
-0.0110704
-0.0064574
-0.00270511
-0.00120618
-0.00306614
-0.00123342
-0.00162428
-0.0022774
-0.00363387
-0.00607735
-0.00982919
-0.0146702
-0.0198704
-0.0245268
-0.0279955
-0.0299883
-0.0304377
-0.0294059
-0.0270789
-0.0235652
-0.0188452
-0.0130631
-0.00727232
-0.00396572
-0.00464021
-0.00269342
-0.00316218
-0.00405275
-0.00586172
-0.00901414
-0.0136714
-0.0194431
-0.0253717
-0.0304529
-0.0341021
-0.0361346
-0.0365778
-0.0355765
-0.0333541
-0.0300606
-0.0255861
-0.0196824
-0.0127927
-0.00730731
-0.0050554
-0.00449081
-0.00501713
-0.00611703
-0.00829183
-0.0119599
-0.0172158
-0.0235523
-0.0298734
-0.0351467
-0.0388564
-0.040878
-0.0412634
-0.0401886
-0.0379229
-0.034744
-0.0306569
-0.0252558
-0.0182975
-0.0111941
-0.00628721
-0.0064155
-0.00694839
-0.00818902
-0.0105803
-0.014507
-0.0200278
-0.0266063
-0.0330984
-0.0384768
-0.0422555
-0.0443096
-0.0446631
-0.0434715
-0.0410393
-0.0377872
-0.0339425
-0.0292199
-0.0229279
-0.0156258
-0.00920021
-0.00824454
-0.00872094
-0.0100047
-0.0124337
-0.0163552
-0.021832
-0.0283764
-0.0348733
-0.0403124
-0.0441833
-0.0463097
-0.0466643
-0.0453556
-0.042698
-0.0392625
-0.0354987
-0.0313902
-0.0260512
-0.0195446
-0.0127646
-0.0097926
-0.0101649
-0.0113729
-0.0136522
-0.0173235
-0.0224837
-0.028726
-0.0350522
-0.0404829
-0.0444325
-0.0466344
-0.0470147
-0.0456313
-0.0427435
-0.0391534
-0.0353928
-0.0318105
-0.0273599
-0.0218619
-0.0152404
-0.0109874
-0.0111998
-0.0121921
-0.0141447
-0.0173453
-0.0219421
-0.0276349
-0.0336035
-0.0389122
-0.0428857
-0.0451493
-0.0455651
-0.0441492
-0.0412466
-0.037563
-0.0337712
-0.0306555
-0.0268088
-0.0221556
-0.0156642
-0.0118215
-0.0118402
-0.0124767
-0.0139127
-0.0164434
-0.0202746
-0.0252341
-0.0306785
-0.035735
-0.0396591
-0.0419725
-0.0424631
-0.0411648
-0.0383624
-0.034745
-0.0310778
-0.0281038
-0.024638
-0.0208164
-0.0139574
-0.0123363
-0.0121544
-0.0123141
-0.0130822
-0.0148229
-0.0177884
-0.0219167
-0.0267219
-0.0314187
-0.0352339
-0.0376087
-0.0382578
-0.0371773
-0.0345995
-0.031186
-0.0276732
-0.024758
-0.0214484
-0.0188202
-0.0102953
-0.0126298
-0.0122538
-0.011767
-0.011748
-0.0126797
-0.014827
-0.0181788
-0.0223576
-0.0266772
-0.0303767
-0.0328464
-0.0337265
-0.0329775
-0.030714
-0.0275681
-0.0241818
-0.0212156
-0.017878
-0.0163556
-0.00346005
-0.0127623
-0.0122531
-0.0109778
-0.0101363
-0.0103292
-0.0118194
-0.0145834
-0.0182849
-0.0223204
-0.025963
-0.028582
-0.0297361
-0.029304
-0.0274665
-0.0245738
-0.0211471
-0.0177783
-0.0138431
-0.010488
0.011882
-0.0137436
-0.0123045
-0.00977751
-0.00812413
-0.00779903
-0.00892275
-0.0113962
-0.0148724
-0.0188131
-0.0225225
-0.0253894
-0.0269096
-0.0269095
-0.0253686
-0.0225802
-0.018708
-0.0139958
-0.00657815
0.00702715
0.0482569
-0.012013
-0.0129058
-0.00910778
-0.00650678
-0.00573424
-0.00668711
-0.00910176
-0.0125643
-0.016586
-0.0204666
-0.023642
-0.0255386
-0.025957
-0.0246555
-0.0216678
-0.016319
-0.00734085
0.010758
0.0477387
0.118303
-0.0295957
-0.0127158
-0.00535422
-0.00297139
-0.00279229
-0.00409123
-0.00673004
-0.0103804
-0.0145854
-0.0186538
-0.0220445
-0.0241995
-0.0248958
-0.0237191
-0.0201146
-0.0119998
0.00494772
0.0414509
0.110698
0.214953
)
;

boundaryField
{
    movingWall
    {
        type            zeroGradient;
    }
    fixedWalls
    {
        type            zeroGradient;
    }
    frontAndBack
    {
        type            empty;
    }
}


// ************************************************************************* //
