/*--------------------------------*- C++ -*----------------------------------*\
| =========                 |                                                 |
| \\      /  F ield         | OpenFOAM: The Open Source CFD Toolbox           |
|  \\    /   O peration     | Version:  2212                                  |
|   \\  /    A nd           | Website:  www.openfoam.com                      |
|    \\/     M anipulation  |                                                 |
\*---------------------------------------------------------------------------*/
FoamFile
{
    version     2.0;
    format      ascii;
    arch        "LSB;label=32;scalar=64";
    class       volVectorField;
    location    "3.265";
    object      U;
}
// * * * * * * * * * * * * * * * * * * * * * * * * * * * * * * * * * * * * * //

dimensions      [0 1 -1 0 0 0 0];

internalField   nonuniform List<vector> 
400
(
(0.00160286 -0.00161772 0)
(0.00458824 -0.00180925 0)
(0.00620688 -0.001155 0)
(0.00525962 -0.000544588 0)
(0.00121335 0.000211089 0)
(-0.0070031 0.00172957 0)
(-0.0204302 0.00465181 0)
(-0.0388668 0.00844692 0)
(-0.059641 0.0109669 0)
(-0.0776864 0.0103032 0)
(-0.0883628 0.00672041 0)
(-0.0892426 0.00173599 0)
(-0.0794283 -0.00345415 0)
(-0.0597059 -0.00806395 0)
(-0.0337515 -0.0106391 0)
(-0.00594685 -0.00965792 0)
(0.015852 -0.00481674 0)
(0.0236978 0.00262188 0)
(0.0157989 0.00629394 0)
(0.00424525 0.00461521 0)
(0.00158217 -0.00477763 0)
(0.00278809 -0.00373006 0)
(-0.000884139 0.000701244 0)
(-0.0116104 0.0063623 0)
(-0.0311944 0.0137331 0)
(-0.0601055 0.0231332 0)
(-0.0949429 0.0321719 0)
(-0.128946 0.0362511 0)
(-0.156165 0.032963 0)
(-0.173273 0.0232123 0)
(-0.178812 0.0092648 0)
(-0.172768 -0.00655022 0)
(-0.155716 -0.0225024 0)
(-0.128344 -0.0361248 0)
(-0.0928896 -0.0437996 0)
(-0.052068 -0.0412846 0)
(-0.0117691 -0.0262084 0)
(0.016222 -0.00161924 0)
(0.0174368 0.0157353 0)
(0.00545776 0.0145038 0)
(-0.000356875 -0.00525771 0)
(-0.00557404 0.00122426 0)
(-0.01959 0.0141788 0)
(-0.0438663 0.0305055 0)
(-0.0787361 0.0481676 0)
(-0.119627 0.062759 0)
(-0.159092 0.0690857 0)
(-0.191642 0.0649511 0)
(-0.215082 0.051608 0)
(-0.228775 0.0314703 0)
(-0.232698 0.0068526 0)
(-0.227473 -0.0202217 0)
(-0.21341 -0.0476114 0)
(-0.190016 -0.0717496 0)
(-0.157014 -0.0875525 0)
(-0.114382 -0.088043 0)
(-0.0639343 -0.0664539 0)
(-0.0139372 -0.0229794 0)
(0.00925336 0.0172031 0)
(0.00414305 0.0230956 0)
(-0.00344564 0.00101068 0)
(-0.0172444 0.0173772 0)
(-0.0426627 0.0406722 0)
(-0.0778888 0.0664956 0)
(-0.120132 0.0889733 0)
(-0.162269 0.101675 0)
(-0.197937 0.101134 0)
(-0.225058 0.0884647 0)
(-0.243825 0.0667246 0)
(-0.254813 0.0385943 0)
(-0.258839 0.00594829 0)
(-0.256702 -0.0298892 0)
(-0.248346 -0.0667346 0)
(-0.232729 -0.101673 0)
(-0.207869 -0.129303 0)
(-0.171079 -0.140899 0)
(-0.119866 -0.124384 0)
(-0.0562251 -0.0705189 0)
(-0.00111483 0.00286873 0)
(0.00472457 0.0276646 0)
(-0.00650259 0.0150411 0)
(-0.0280051 0.0435736 0)
(-0.0616848 0.0753504 0)
(-0.101838 0.106314 0)
(-0.143812 0.128355 0)
(-0.180658 0.135644 0)
(-0.208804 0.127538 0)
(-0.228495 0.107431 0)
(-0.240979 0.079145 0)
(-0.247951 0.045467 0)
(-0.251111 0.00794733 0)
(-0.251418 -0.0326255 0)
(-0.248675 -0.0751348 0)
(-0.242284 -0.118281 0)
(-0.229458 -0.15816 0)
(-0.205575 -0.186382 0)
(-0.164652 -0.187718 0)
(-0.102097 -0.14152 0)
(-0.0220099 -0.0390221 0)
(0.00724191 0.0264858 0)
(-0.00825331 0.0345376 0)
(-0.034155 0.0752495 0)
(-0.0710742 0.112316 0)
(-0.110325 0.144358 0)
(-0.14699 0.162709 0)
(-0.175621 0.163166 0)
(-0.195052 0.147642 0)
(-0.206714 0.121064 0)
(-0.21256 0.0877848 0)
(-0.215067 0.0508156 0)
(-0.216272 0.0116466 0)
(-0.217235 -0.0293298 0)
(-0.218185 -0.0726157 0)
(-0.219175 -0.118658 0)
(-0.217994 -0.166286 0)
(-0.209506 -0.210038 0)
(-0.185634 -0.23573 0)
(-0.137865 -0.216209 0)
(-0.061872 -0.117799 0)
(0.00563403 0.0137801 0)
(-0.00801227 0.0559729 0)
(-0.0342379 0.107762 0)
(-0.0697609 0.147088 0)
(-0.104244 0.177276 0)
(-0.133479 0.190219 0)
(-0.153757 0.18349 0)
(-0.165559 0.161047 0)
(-0.170917 0.12893 0)
(-0.172221 0.0919576 0)
(-0.172024 0.0532099 0)
(-0.171945 0.0139693 0)
(-0.172731 -0.0257443 0)
(-0.174955 -0.0671431 0)
(-0.179156 -0.111643 0)
(-0.184629 -0.160446 0)
(-0.187645 -0.21241 0)
(-0.180228 -0.258453 0)
(-0.152398 -0.272286 0)
(-0.0979334 -0.203775 0)
(-0.00877849 -0.0147931 0)
(-0.00590886 0.0758844 0)
(-0.0288123 0.13753 0)
(-0.0595891 0.17718 0)
(-0.0874632 0.203973 0)
(-0.109192 0.210989 0)
(-0.122613 0.197416 0)
(-0.129123 0.168893 0)
(-0.130973 0.132344 0)
(-0.130628 0.0928629 0)
(-0.130129 0.0532802 0)
(-0.13027 0.0143841 0)
(-0.131276 -0.0242325 0)
(-0.133639 -0.0637073 0)
(-0.13808 -0.105438 0)
(-0.145185 -0.151567 0)
(-0.153539 -0.20453 0)
(-0.156999 -0.262231 0)
(-0.14515 -0.304837 0)
(-0.110936 -0.274423 0)
(-0.0304212 -0.0744607 0)
(-0.00260831 0.0913225 0)
(-0.0196958 0.16195 0)
(-0.043737 0.201048 0)
(-0.0644756 0.223873 0)
(-0.0795305 0.225385 0)
(-0.087891 0.206186 0)
(-0.091295 0.173091 0)
(-0.0918564 0.133582 0)
(-0.0917086 0.0928209 0)
(-0.0921253 0.0532026 0)
(-0.0932208 0.0148875 0)
(-0.0949109 -0.0229681 0)
(-0.0973957 -0.0612765 0)
(-0.101218 -0.100901 0)
(-0.107553 -0.143684 0)
(-0.117102 -0.193767 0)
(-0.126536 -0.255543 0)
(-0.125291 -0.319782 0)
(-0.106454 -0.331361 0)
(-0.0368834 -0.161087 0)
(0.00119938 0.100085 0)
(-0.00857179 0.179283 0)
(-0.0247792 0.218209 0)
(-0.0384548 0.237756 0)
(-0.0477691 0.235125 0)
(-0.052506 0.211937 0)
(-0.0542509 0.175789 0)
(-0.0546528 0.134563 0)
(-0.0552749 0.0933804 0)
(-0.0567428 0.0541252 0)
(-0.0588476 0.016385 0)
(-0.0614277 -0.0209792 0)
(-0.0644926 -0.0587419 0)
(-0.0682645 -0.0972804 0)
(-0.073729 -0.137513 0)
(-0.0825182 -0.183404 0)
(-0.0946166 -0.243451 0)
(-0.0998695 -0.320334 0)
(-0.0945391 -0.368649 0)
(-0.0307054 -0.239641 0)
(0.00493307 0.101137 0)
(0.00292311 0.188564 0)
(-0.00514519 0.228431 0)
(-0.0120636 0.245569 0)
(-0.016335 0.24011 0)
(-0.0181055 0.214672 0)
(-0.0186277 0.177196 0)
(-0.0189543 0.135571 0)
(-0.0200602 0.0946901 0)
(-0.0221605 0.0560529 0)
(-0.0249477 0.0189609 0)
(-0.028328 -0.0178212 0)
(-0.0323252 -0.0550931 0)
(-0.036922 -0.0930519 0)
(-0.0427083 -0.13181 0)
(-0.0510372 -0.174123 0)
(-0.0647804 -0.230121 0)
(-0.0738871 -0.313728 0)
(-0.0808966 -0.392941 0)
(-0.022856 -0.303849 0)
(0.00808491 0.0948484 0)
(0.0137481 0.189464 0)
(0.0136916 0.231836 0)
(0.0133483 0.248227 0)
(0.0140141 0.241746 0)
(0.0152778 0.215796 0)
(0.0162234 0.178336 0)
(0.0163584 0.137093 0)
(0.0152689 0.0967493 0)
(0.0129971 0.0587301 0)
(0.0098479 0.0223599 0)
(0.00581982 -0.0135824 0)
(0.000763533 -0.0499969 0)
(-0.00521914 -0.087112 0)
(-0.0125295 -0.124697 0)
(-0.0214797 -0.16406 0)
(-0.0373693 -0.214768 0)
(-0.048914 -0.299909 0)
(-0.0679509 -0.404766 0)
(-0.0145023 -0.356689 0)
(0.00979839 0.0823806 0)
(0.0225098 0.182052 0)
(0.0300208 0.228002 0)
(0.0358553 0.244752 0)
(0.0414647 0.238462 0)
(0.046411 0.213432 0)
(0.049846 0.177305 0)
(0.0514888 0.13743 0)
(0.0512816 0.0982831 0)
(0.0494475 0.0613444 0)
(0.0462776 0.0261296 0)
(0.041721 -0.00850438 0)
(0.0356009 -0.0435128 0)
(0.0279845 -0.0792052 0)
(0.0181442 -0.11531 0)
(0.00705947 -0.152271 0)
(-0.0121926 -0.198294 0)
(-0.0249265 -0.281781 0)
(-0.0561825 -0.407385 0)
(-0.0062679 -0.398717 0)
(0.00931458 0.0659208 0)
(0.0277708 0.166751 0)
(0.0427021 0.21719 0)
(0.054972 0.23606 0)
(0.0660774 0.231566 0)
(0.075645 0.208912 0)
(0.0827659 0.175288 0)
(0.0870943 0.13754 0)
(0.088698 0.100023 0)
(0.087905 0.064421 0)
(0.0850688 0.0306231 0)
(0.0800719 -0.00237457 0)
(0.072726 -0.0352797 0)
(0.0632698 -0.0687407 0)
(0.0504486 -0.102618 0)
(0.0359366 -0.136943 0)
(0.0119498 -0.178292 0)
(-0.00106825 -0.258664 0)
(-0.0453916 -0.403365 0)
(0.00254682 -0.433493 0)
(0.00651642 0.0489817 0)
(0.0279389 0.145847 0)
(0.0490133 0.199103 0)
(0.0674293 0.219596 0)
(0.0845652 0.21704 0)
(0.100005 0.197535 0)
(0.11246 0.167636 0)
(0.121206 0.133396 0)
(0.126145 0.0988673 0)
(0.127557 0.065834 0)
(0.125736 0.0345662 0)
(0.120816 0.00428183 0)
(0.112301 -0.0254661 0)
(0.100839 -0.0555413 0)
(0.084293 -0.0860534 0)
(0.0656629 -0.117707 0)
(0.0363075 -0.15535 0)
(0.0224433 -0.232883 0)
(-0.0352168 -0.396 0)
(0.01314 -0.462249 0)
(0.00222576 0.0349529 0)
(0.0223714 0.121856 0)
(0.0486875 0.176248 0)
(0.0736903 0.198581 0)
(0.0977904 0.19836 0)
(0.120214 0.182465 0)
(0.139286 0.157042 0)
(0.153761 0.127255 0)
(0.163207 0.0967179 0)
(0.16785 0.067187 0)
(0.167675 0.0392702 0)
(0.163419 0.012567 0)
(0.153765 -0.0133083 0)
(0.140344 -0.0390979 0)
(0.119677 -0.0651798 0)
(0.0968276 -0.0931784 0)
(0.0618755 -0.128001 0)
(0.0454004 -0.203935 0)
(-0.0236674 -0.384983 0)
(0.0280498 -0.484084 0)
(-0.00332659 0.0294995 0)
(0.00914222 0.100582 0)
(0.0350175 0.145945 0)
(0.0659504 0.16589 0)
(0.0980569 0.167039 0)
(0.129094 0.155114 0)
(0.156508 0.135223 0)
(0.178558 0.111422 0)
(0.19421 0.0867558 0)
(0.203797 0.0627678 0)
(0.206566 0.0402305 0)
(0.204215 0.0189944 0)
(0.194196 -0.00126837 0)
(0.179924 -0.0211412 0)
(0.155831 -0.0411159 0)
(0.130061 -0.0643571 0)
(0.0896939 -0.0980409 0)
(0.0682054 -0.17713 0)
(-0.0053312 -0.368704 0)
(0.0516822 -0.490858 0)
(-0.0133895 0.0194045 0)
(-0.00751845 0.0882187 0)
(0.0178292 0.122789 0)
(0.0538659 0.135015 0)
(0.0938809 0.134294 0)
(0.133242 0.125223 0)
(0.168639 0.110901 0)
(0.19776 0.0935531 0)
(0.21915 0.075568 0)
(0.233817 0.0579216 0)
(0.239726 0.0416144 0)
(0.240594 0.0264686 0)
(0.231624 0.0127207 0)
(0.220194 -0.000586117 0)
(0.196076 -0.014132 0)
(0.173175 -0.0327936 0)
(0.13014 -0.0654632 0)
(0.106008 -0.144542 0)
(0.0366181 -0.325861 0)
(0.0920308 -0.455715 0)
(-0.105604 0.0830461 0)
(-0.0774694 0.0694218 0)
(-0.0488792 0.0727734 0)
(0.00248546 0.0767058 0)
(0.054871 0.0767681 0)
(0.106513 0.0725009 0)
(0.152749 0.0653406 0)
(0.194293 0.0561866 0)
(0.225878 0.0468229 0)
(0.253622 0.0374751 0)
(0.26928 0.0291544 0)
(0.284459 0.0214706 0)
(0.285201 0.0150322 0)
(0.289778 0.00887811 0)
(0.274401 0.00216394 0)
(0.268076 -0.00895095 0)
(0.22974 -0.0345883 0)
(0.216883 -0.0949339 0)
(0.149896 -0.229688 0)
(0.170609 -0.341514 0)
(0.130216 0.103942 0)
(0.158849 0.0757256 0)
(0.21298 0.0537613 0)
(0.271396 0.0420199 0)
(0.323555 0.0361493 0)
(0.375351 0.0320585 0)
(0.419279 0.0289644 0)
(0.463951 0.0256066 0)
(0.496569 0.0229463 0)
(0.531472 0.0197801 0)
(0.550771 0.0176624 0)
(0.576593 0.0147604 0)
(0.58293 0.0133661 0)
(0.601603 0.0105808 0)
(0.593516 0.00965332 0)
(0.602569 0.00524688 0)
(0.567343 0.000305538 0)
(0.547769 -0.0181691 0)
(0.436194 -0.0503778 0)
(0.337016 -0.101411 0)
)
;

boundaryField
{
    movingWall
    {
        type            fixedValue;
        value           uniform (1 0 0);
    }
    fixedWalls
    {
        type            noSlip;
    }
    frontAndBack
    {
        type            empty;
    }
}


// ************************************************************************* //
