/*--------------------------------*- C++ -*----------------------------------*\
| =========                 |                                                 |
| \\      /  F ield         | OpenFOAM: The Open Source CFD Toolbox           |
|  \\    /   O peration     | Version:  2212                                  |
|   \\  /    A nd           | Website:  www.openfoam.com                      |
|    \\/     M anipulation  |                                                 |
\*---------------------------------------------------------------------------*/
FoamFile
{
    version     2.0;
    format      ascii;
    arch        "LSB;label=32;scalar=64";
    class       volScalarField;
    location    "1.03";
    object      p;
}
// * * * * * * * * * * * * * * * * * * * * * * * * * * * * * * * * * * * * * //

dimensions      [0 2 -2 0 0 0 0];

internalField   nonuniform List<scalar> 
400
(
1.8851e-09
-9.16221e-05
-0.000164044
-0.000238633
-0.000317155
-0.000383298
-0.000401964
-0.000319354
-6.86784e-05
0.000412273
0.00115254
0.00212042
0.00318937
0.00409311
0.00458317
0.00455131
0.0040148
0.00340955
0.00297606
0.00288122
0.000111319
1.59991e-05
-3.67959e-05
-9.29426e-05
-0.000160645
-0.00022612
-0.000262498
-0.000227192
-5.85578e-05
0.000314674
0.000942525
0.00181811
0.00283115
0.00373563
0.00425306
0.0042413
0.0037872
0.00319568
0.00281778
0.00275985
0.000139764
2.6188e-05
-2.40001e-05
-8.71918e-05
-0.000183432
-0.000307761
-0.000444585
-0.000559226
-0.000582491
-0.000408378
6.73022e-05
0.000875835
0.00193286
0.00297361
0.0036801
0.00383518
0.00347624
0.00289261
0.002406
0.00229799
1.88003e-05
-0.000113899
-0.000176072
-0.000272014
-0.000435877
-0.000678343
-0.00100561
-0.00140588
-0.00181555
-0.00208625
-0.00201329
-0.00146798
-0.00047311
0.000777922
0.00195958
0.0027104
0.00283995
0.00245484
0.00184615
0.00150122
-0.000334764
-0.000485092
-0.000576314
-0.00073421
-0.00100923
-0.00143893
-0.00207662
-0.00297875
-0.00413592
-0.00536
-0.00623538
-0.00633694
-0.00567493
-0.004247
-0.00232383
-0.000373862
0.00105266
0.00158329
0.00128535
0.000262167
-0.000970253
-0.00113941
-0.0012806
-0.00153497
-0.00197501
-0.00268431
-0.00380462
-0.00552216
-0.00790258
-0.0106332
-0.01297
-0.0141819
-0.0140083
-0.0124871
-0.00980788
-0.00640879
-0.0029869
-0.000476867
0.000264318
-0.0014431
-0.0018938
-0.00208415
-0.00229784
-0.00268657
-0.00335265
-0.0044471
-0.00623282
-0.00904083
-0.0129503
-0.0174154
-0.0213092
-0.0236497
-0.0240225
-0.0224882
-0.0192827
-0.0147393
-0.00937598
-0.00439465
-0.00189408
-0.0032126
-0.00306646
-0.00327857
-0.00358292
-0.00413631
-0.00507261
-0.00661466
-0.00913854
-0.0130691
-0.0184036
-0.0243123
-0.029313
-0.0322905
-0.0329136
-0.031361
-0.0279938
-0.0230943
-0.01682
-0.00996144
-0.00503123
-0.00370414
-0.00440963
-0.00463805
-0.0050366
-0.00575882
-0.00695977
-0.00891434
-0.0120654
-0.0168563
-0.0231728
-0.0299851
-0.0355798
-0.0387932
-0.0394331
-0.0377975
-0.0343998
-0.0296383
-0.0234915
-0.0160128
-0.00888133
-0.00442969
-0.00582055
-0.00605008
-0.00652385
-0.00738074
-0.00877809
-0.0110105
-0.0145324
-0.0197574
-0.0265103
-0.0337185
-0.0395817
-0.0429073
-0.0435376
-0.0418039
-0.0383401
-0.0337818
-0.028211
-0.0212176
-0.0134462
-0.00694537
-0.00719811
-0.00739893
-0.00790829
-0.00882926
-0.010306
-0.0126222
-0.0162008
-0.0214123
-0.0280921
-0.0352484
-0.0411247
-0.0445073
-0.0451692
-0.0433794
-0.0398317
-0.0354283
-0.0305404
-0.0245772
-0.01757
-0.0105226
-0.00844284
-0.00860423
-0.00908285
-0.00997084
-0.0113889
-0.0135934
-0.0169421
-0.0217588
-0.027916
-0.0345502
-0.0401402
-0.0434885
-0.0442257
-0.0424931
-0.0389561
-0.0347354
-0.0305593
-0.0257256
-0.0199406
-0.0131252
-0.00951506
-0.00961224
-0.0099946
-0.0107415
-0.0119758
-0.013904
-0.0168055
-0.0209315
-0.0262035
-0.0319533
-0.0369552
-0.0400979
-0.0409332
-0.039388
-0.0361486
-0.0322432
-0.0286931
-0.0247913
-0.0201607
-0.013647
-0.0104009
-0.0104172
-0.0106306
-0.0111405
-0.0120835
-0.0136284
-0.0159731
-0.0192871
-0.0235258
-0.0282172
-0.032431
-0.0351992
-0.0359885
-0.0348439
-0.0320976
-0.0286747
-0.0256129
-0.0223271
-0.018761
-0.012081
-0.0111244
-0.0110498
-0.0110273
-0.0112172
-0.0118051
-0.012934
-0.0147349
-0.0173046
-0.0206012
-0.0242976
-0.0277193
-0.0300819
-0.0308694
-0.0300108
-0.0277728
-0.0248561
-0.022194
-0.0192123
-0.0169646
-0.00884056
-0.0117529
-0.0115583
-0.0111825
-0.0109701
-0.0111923
-0.011952
-0.0133202
-0.0153338
-0.0179356
-0.02088
-0.0236781
-0.0257088
-0.0264928
-0.0258679
-0.0240524
-0.0215362
-0.0191119
-0.0162069
-0.0152734
-0.00301588
-0.0123216
-0.0120392
-0.0112296
-0.0105339
-0.0104037
-0.0108633
-0.0119324
-0.0135948
-0.0157726
-0.0182551
-0.0206693
-0.0225099
-0.0233514
-0.0229519
-0.0214285
-0.0190914
-0.0165818
-0.0133813
-0.0110826
0.0106326
-0.0138514
-0.0126327
-0.0108092
-0.00968913
-0.00932194
-0.0096331
-0.0105732
-0.0120866
-0.0140897
-0.0163815
-0.0186628
-0.0204849
-0.0214794
-0.0213159
-0.0200087
-0.0174952
-0.0141018
-0.00807512
0.0038885
0.0448848
-0.0125856
-0.013885
-0.0111202
-0.00928638
-0.00857309
-0.00874097
-0.009609
-0.011062
-0.0130332
-0.0152982
-0.0176206
-0.0195343
-0.0207303
-0.0207138
-0.0193417
-0.0157729
-0.00876577
0.00734135
0.042765
0.113282
-0.0301045
-0.0140858
-0.0079173
-0.00629982
-0.00612036
-0.00656922
-0.00762264
-0.00923604
-0.0113688
-0.0137673
-0.0162227
-0.0182979
-0.0197059
-0.0198312
-0.0179325
-0.0117271
0.00322386
0.0375476
0.105435
0.209595
)
;

boundaryField
{
    movingWall
    {
        type            zeroGradient;
    }
    fixedWalls
    {
        type            zeroGradient;
    }
    frontAndBack
    {
        type            empty;
    }
}


// ************************************************************************* //
