/*--------------------------------*- C++ -*----------------------------------*\
| =========                 |                                                 |
| \\      /  F ield         | OpenFOAM: The Open Source CFD Toolbox           |
|  \\    /   O peration     | Version:  2212                                  |
|   \\  /    A nd           | Website:  www.openfoam.com                      |
|    \\/     M anipulation  |                                                 |
\*---------------------------------------------------------------------------*/
FoamFile
{
    version     2.0;
    format      ascii;
    arch        "LSB;label=32;scalar=64";
    class       surfaceScalarField;
    location    "4.28";
    object      phi;
}
// * * * * * * * * * * * * * * * * * * * * * * * * * * * * * * * * * * * * * //

dimensions      [0 3 -1 0 0 0 0];

oriented        oriented;

internalField   nonuniform List<scalar> 
760
(
1.54161e-07
-1.54161e-07
2.89477e-07
-1.35316e-07
3.04875e-07
-1.53977e-08
1.78706e-07
1.26169e-07
-1.23926e-07
3.02632e-07
-6.66214e-07
5.42288e-07
-1.4799e-06
8.13685e-07
-2.47898e-06
9.99084e-07
-3.46351e-06
9.84529e-07
-4.20184e-06
7.38324e-07
-4.52709e-06
3.25256e-07
-4.34219e-06
-1.84899e-07
-3.59001e-06
-7.52186e-07
-2.38365e-06
-1.20636e-06
-9.51884e-07
-1.43176e-06
3.31901e-07
-1.28378e-06
1.07594e-06
-7.44042e-07
1.02487e-06
5.10688e-08
4.58146e-07
5.66728e-07
4.58146e-07
1.2174e-07
-2.759e-07
6.86991e-08
-8.22758e-08
-3.02275e-07
3.55576e-07
-1.0798e-06
9.03694e-07
-2.30858e-06
1.53142e-06
-3.90925e-06
2.14295e-06
-5.63399e-06
2.53842e-06
-7.17185e-06
2.53695e-06
-8.29874e-06
2.11141e-06
-8.90453e-06
1.34412e-06
-8.94193e-06
3.62658e-07
-8.38802e-06
-7.38816e-07
-7.27388e-06
-1.86632e-06
-5.63204e-06
-2.8482e-06
-3.60548e-06
-3.45832e-06
-1.4974e-06
-3.39187e-06
1.67126e-07
-2.40857e-06
8.4994e-07
-6.31746e-07
5.22119e-07
8.94549e-07
9.80265e-07
-1.29987e-07
-1.45914e-07
-6.3582e-07
4.23558e-07
-1.62155e-06
1.34131e-06
-3.12786e-06
2.41001e-06
-5.03092e-06
3.43448e-06
-7.03465e-06
4.14668e-06
-8.8258e-06
4.32957e-06
-1.02242e-05
3.93538e-06
-1.11777e-05
3.06491e-06
-1.16785e-05
1.84489e-06
-1.16757e-05
3.59862e-07
-1.12214e-05
-1.19311e-06
-1.02959e-05
-2.79183e-06
-8.84476e-06
-4.29933e-06
-6.84766e-06
-5.45543e-06
-4.39288e-06
-5.84665e-06
-1.87803e-06
-4.92342e-06
-9.04199e-08
-2.41935e-06
2.92956e-07
5.11173e-07
1.27322e-06
-4.99209e-07
3.53295e-07
-1.55349e-06
1.47784e-06
-3.10267e-06
2.89049e-06
-5.05101e-06
4.35835e-06
-7.14148e-06
5.52494e-06
-9.06869e-06
6.07389e-06
-1.06308e-05
5.89168e-06
-1.17845e-05
5.08905e-06
-1.25575e-05
3.8379e-06
-1.29847e-05
2.27211e-06
-1.30518e-05
4.27016e-07
-1.28161e-05
-1.42881e-06
-1.22398e-05
-3.3682e-06
-1.12208e-05
-5.31834e-06
-9.62787e-06
-7.04832e-06
-7.33635e-06
-8.13816e-06
-4.38431e-06
-7.87546e-06
-1.37661e-06
-5.42706e-06
1.19026e-07
-9.84461e-07
1.39225e-06
-8.56588e-07
1.20988e-06
-2.34626e-06
2.96751e-06
-4.20403e-06
4.74826e-06
-6.23745e-06
6.39177e-06
-8.168e-06
7.45549e-06
-9.77381e-06
7.67971e-06
-1.09774e-05
7.09523e-06
-1.18045e-05
5.91617e-06
-1.23171e-05
4.3505e-06
-1.25883e-05
2.54332e-06
-1.27088e-05
5.47522e-07
-1.26667e-05
-1.47092e-06
-1.24524e-05
-3.58253e-06
-1.19862e-05
-5.78453e-06
-1.10813e-05
-7.95315e-06
-9.44991e-06
-9.76959e-06
-6.79358e-06
-1.05318e-05
-3.21149e-06
-9.00915e-06
-2.62218e-07
-3.93373e-06
1.13003e-06
-1.07816e-06
2.28804e-06
-2.76297e-06
4.65232e-06
-4.64292e-06
6.62821e-06
-6.48834e-06
8.2372e-06
-8.07632e-06
9.04347e-06
-9.27543e-06
8.87882e-06
-1.00804e-05
7.90022e-06
-1.05559e-05
6.39162e-06
-1.07923e-05
4.58693e-06
-1.08903e-05
2.64135e-06
-1.09719e-05
6.29053e-07
-1.10256e-05
-1.41713e-06
-1.10667e-05
-3.54147e-06
-1.10651e-05
-5.78617e-06
-1.08659e-05
-8.15236e-06
-1.0141e-05
-1.04944e-05
-8.39708e-06
-1.22757e-05
-5.22074e-06
-1.21855e-05
-1.15483e-06
-7.99964e-06
-2.47965e-08
-1.1005e-06
3.38854e-06
-2.73532e-06
6.28714e-06
-4.42061e-06
8.31351e-06
-5.94571e-06
9.76229e-06
-7.15097e-06
1.02487e-05
-7.97302e-06
9.70087e-06
-8.4483e-06
8.3755e-06
-8.66339e-06
6.60671e-06
-8.72234e-06
4.64588e-06
-8.72349e-06
2.6425e-06
-8.75105e-06
6.56613e-07
-8.82477e-06
-1.34341e-06
-8.96433e-06
-3.40191e-06
-9.1805e-06
-5.57001e-06
-9.41482e-06
-7.91803e-06
-9.43375e-06
-1.04755e-05
-8.71724e-06
-1.29922e-05
-6.51019e-06
-1.43925e-05
-2.41245e-06
-1.20974e-05
-2.43725e-06
-9.26395e-07
4.31493e-06
-2.32659e-06
7.68734e-06
-3.7037e-06
9.69062e-06
-4.87447e-06
1.0933e-05
-5.73771e-06
1.1112e-05
-6.27547e-06
1.02386e-05
-6.54377e-06
8.6438e-06
-6.63341e-06
6.69635e-06
-6.6414e-06
4.65387e-06
-6.6423e-06
2.64341e-06
-6.67362e-06
6.87929e-07
-6.75324e-06
-1.26378e-06
-6.90268e-06
-3.25248e-06
-7.15235e-06
-5.32033e-06
-7.51809e-06
-7.5523e-06
-7.90607e-06
-1.00875e-05
-7.90356e-06
-1.29947e-05
-6.69303e-06
-1.56031e-05
-3.56972e-06
-1.52207e-05
-6.00697e-06
-6.18112e-07
4.93304e-06
-1.67194e-06
8.74116e-06
-2.6976e-06
1.07163e-05
-3.53025e-06
1.17657e-05
-4.11391e-06
1.16956e-05
-4.45781e-06
1.05825e-05
-4.62007e-06
8.80607e-06
-4.67921e-06
6.75548e-06
-4.70845e-06
4.6831e-06
-4.75272e-06
2.68768e-06
-4.82304e-06
7.58244e-07
-4.92651e-06
-1.16031e-06
-5.07357e-06
-3.10541e-06
-5.29337e-06
-5.10053e-06
-5.64085e-06
-7.20483e-06
-6.1276e-06
-9.60077e-06
-6.53136e-06
-1.2591e-05
-6.10894e-06
-1.60255e-05
-3.91019e-06
-1.74194e-05
-9.91716e-06
-2.29123e-07
5.16217e-06
-8.84107e-07
9.39614e-06
-1.55068e-06
1.13828e-05
-2.07581e-06
1.22908e-05
-2.43127e-06
1.20511e-05
-2.64082e-06
1.07921e-05
-2.75243e-06
8.91767e-06
-2.81952e-06
6.82257e-06
-2.88747e-06
4.75106e-06
-2.979e-06
2.7792e-06
-3.0971e-06
8.76345e-07
-3.24183e-06
-1.01558e-06
-3.41384e-06
-2.93339e-06
-3.62609e-06
-4.88829e-06
-3.93054e-06
-6.90038e-06
-4.4088e-06
-9.12252e-06
-5.00461e-06
-1.19952e-05
-5.11167e-06
-1.59184e-05
-3.55037e-06
-1.89807e-05
-1.34675e-05
1.63124e-07
4.99904e-06
-6.78138e-08
9.62708e-06
-3.98019e-07
1.17131e-05
-6.46537e-07
1.25394e-05
-7.98893e-07
1.22034e-05
-8.8601e-07
1.08792e-05
-9.47449e-07
8.97911e-06
-1.01532e-06
6.89044e-06
-1.10644e-06
4.84218e-06
-1.22854e-06
2.90131e-06
-1.38388e-06
1.03168e-06
-1.57465e-06
-8.24804e-07
-1.79994e-06
-2.70811e-06
-2.05838e-06
-4.62985e-06
-2.37879e-06
-6.57997e-06
-2.85495e-06
-8.64636e-06
-3.54876e-06
-1.13014e-05
-4.01955e-06
-1.54476e-05
-3.022e-06
-1.99783e-05
-1.64895e-05
4.97228e-07
4.50181e-06
6.94263e-07
9.43005e-06
7.37512e-07
1.16698e-05
7.73571e-07
1.25033e-05
8.19266e-07
1.21578e-05
8.48868e-07
1.08496e-05
8.42235e-07
8.98575e-06
7.90971e-07
6.9417e-06
6.96743e-07
4.93641e-06
5.61698e-07
3.03635e-06
3.81369e-07
1.21201e-06
1.49545e-07
-5.9298e-07
-1.35945e-07
-2.42262e-06
-4.81884e-07
-4.28391e-06
-8.93718e-07
-6.16813e-06
-1.41809e-06
-8.12199e-06
-2.20216e-06
-1.05173e-05
-2.95524e-06
-1.46946e-05
-2.46169e-06
-2.04718e-05
-1.89512e-05
7.50002e-07
3.75181e-06
1.34411e-06
8.83594e-06
1.73492e-06
1.1279e-05
2.06322e-06
1.2175e-05
2.33579e-06
1.18852e-05
2.52167e-06
1.06637e-05
2.61197e-06
8.89544e-06
2.6174e-06
6.93628e-06
2.55265e-06
5.00116e-06
2.42574e-06
3.16326e-06
2.23028e-06
1.40747e-06
1.95242e-06
-3.15121e-07
1.59147e-06
-2.06167e-06
1.14236e-06
-3.8348e-06
5.99791e-07
-5.62556e-06
-8.95397e-08
-7.43266e-06
-9.63908e-07
-9.64292e-06
-1.92735e-06
-1.37311e-05
-1.92909e-06
-2.04701e-05
-2.08803e-05
8.62958e-07
2.88885e-06
1.79613e-06
7.90277e-06
2.53382e-06
1.05413e-05
3.17195e-06
1.15369e-05
3.71751e-06
1.13396e-05
4.12653e-06
1.02547e-05
4.38238e-06
8.63958e-06
4.499e-06
6.81966e-06
4.50016e-06
5e-06
4.40209e-06
3.26132e-06
4.20363e-06
1.60594e-06
3.87632e-06
1.21856e-08
3.43468e-06
-1.62002e-06
2.85597e-06
-3.2561e-06
2.1399e-06
-4.90949e-06
1.3032e-06
-6.59596e-06
2.53344e-07
-8.59306e-06
-9.70373e-07
-1.25074e-05
-1.43298e-06
-2.00075e-05
-2.23133e-05
7.9882e-07
2.09003e-06
1.93785e-06
6.76374e-06
2.97442e-06
9.50473e-06
3.94329e-06
1.0568e-05
4.81677e-06
1.04661e-05
5.52826e-06
9.54321e-06
6.03797e-06
8.12987e-06
6.34877e-06
6.50886e-06
6.48232e-06
4.86645e-06
6.45798e-06
3.28566e-06
6.27567e-06
1.78825e-06
5.93038e-06
3.57476e-07
5.39413e-06
-1.08377e-06
4.6708e-06
-2.53277e-06
3.75237e-06
-3.99107e-06
2.66693e-06
-5.51052e-06
1.37139e-06
-7.29752e-06
-1.64823e-07
-1.09712e-05
-9.20831e-07
-1.92515e-05
-2.32341e-05
5.71836e-07
1.5182e-06
1.74401e-06
5.59157e-06
3.0744e-06
8.17434e-06
4.41862e-06
9.22377e-06
5.67933e-06
9.20543e-06
6.75763e-06
8.46491e-06
7.58765e-06
7.29984e-06
8.15657e-06
5.93994e-06
8.47729e-06
4.54573e-06
8.56769e-06
3.19527e-06
8.43514e-06
1.9208e-06
8.07784e-06
7.14777e-07
7.45254e-06
-4.58469e-07
6.57574e-06
-1.65598e-06
5.43445e-06
-2.84978e-06
4.06952e-06
-4.14559e-06
2.54917e-06
-5.77717e-06
9.40282e-07
-9.36229e-06
-1.52162e-07
-1.8159e-05
-2.33863e-05
1.4883e-07
1.36937e-06
1.02757e-06
4.71283e-06
2.49578e-06
6.70613e-06
4.20916e-06
7.51039e-06
5.92359e-06
7.49101e-06
7.45175e-06
6.93675e-06
8.69071e-06
6.06088e-06
9.61064e-06
5.02001e-06
1.02069e-05
3.9495e-06
1.04919e-05
2.91024e-06
1.04722e-05
1.94055e-06
1.01539e-05
1.03303e-06
9.49461e-06
2.00821e-07
8.51122e-06
-6.72579e-07
7.19715e-06
-1.53571e-06
5.60273e-06
-2.55118e-06
3.88635e-06
-4.06079e-06
2.2257e-06
-7.70164e-06
6.47364e-07
-1.65807e-05
-2.27389e-05
-5.14907e-07
1.88428e-06
1.96229e-07
4.00169e-06
1.74159e-06
5.16077e-06
3.7942e-06
5.45778e-06
5.93949e-06
5.34572e-06
7.89215e-06
4.98409e-06
9.51548e-06
4.43756e-06
1.07683e-05
3.76723e-06
1.1633e-05
3.08474e-06
1.21269e-05
2.41633e-06
1.22545e-05
1.81303e-06
1.20361e-05
1.25139e-06
1.14936e-05
7.43289e-07
1.06015e-05
2.19569e-07
9.36367e-06
-2.97913e-07
7.8496e-06
-1.0371e-06
6.24491e-06
-2.45609e-06
4.44471e-06
-5.90144e-06
2.05063e-06
-1.41866e-05
-2.06883e-05
-4.17675e-06
6.06102e-06
-3.64073e-06
3.46567e-06
-1.25251e-06
2.77256e-06
1.5366e-06
2.66867e-06
4.26638e-06
2.61594e-06
6.79172e-06
2.45875e-06
9.00045e-06
2.22883e-06
1.08329e-05
1.93478e-06
1.22712e-05
1.64638e-06
1.33428e-05
1.34481e-06
1.40648e-05
1.09104e-06
1.44818e-05
8.34392e-07
1.45824e-05
6.42601e-07
1.43773e-05
4.24734e-07
1.38572e-05
2.22189e-07
1.30372e-05
-2.17156e-07
1.19079e-05
-1.32676e-06
1.01066e-05
-4.10014e-06
5.6355e-06
-9.71555e-06
-1.50528e-05
6.06102e-06
9.52669e-06
1.22992e-05
1.49679e-05
1.75839e-05
2.00426e-05
2.22714e-05
2.42062e-05
2.58526e-05
2.71974e-05
2.82885e-05
2.91228e-05
2.97655e-05
3.01902e-05
3.04124e-05
3.01952e-05
2.88685e-05
2.47683e-05
1.50528e-05
)
;

boundaryField
{
    movingWall
    {
        type            calculated;
        value           uniform 0;
    }
    fixedWalls
    {
        type            calculated;
        value           uniform 0;
    }
    frontAndBack
    {
        type            empty;
        value           nonuniform List<scalar> 0();
    }
}


// ************************************************************************* //
