/*--------------------------------*- C++ -*----------------------------------*\
| =========                 |                                                 |
| \\      /  F ield         | OpenFOAM: The Open Source CFD Toolbox           |
|  \\    /   O peration     | Version:  2212                                  |
|   \\  /    A nd           | Website:  www.openfoam.com                      |
|    \\/     M anipulation  |                                                 |
\*---------------------------------------------------------------------------*/
FoamFile
{
    version     2.0;
    format      ascii;
    arch        "LSB;label=32;scalar=64";
    class       volVectorField;
    location    "0.555";
    object      U;
}
// * * * * * * * * * * * * * * * * * * * * * * * * * * * * * * * * * * * * * //

dimensions      [0 1 -1 0 0 0 0];

internalField   nonuniform List<vector> 
400
(
(-0.000236316 0.000210329 0)
(-0.00136334 0.000595772 0)
(-0.00329438 0.000752001 0)
(-0.00540864 0.000803197 0)
(-0.00758848 0.000833852 0)
(-0.0098242 0.00086785 0)
(-0.0121099 0.000903216 0)
(-0.014419 0.000927763 0)
(-0.0166874 0.000922494 0)
(-0.0187986 0.000861284 0)
(-0.0205702 0.000711811 0)
(-0.0217488 0.00044068 0)
(-0.0220186 2.32724e-05 0)
(-0.0210587 -0.000539711 0)
(-0.0186596 -0.00116473 0)
(-0.0148786 -0.00170085 0)
(-0.0101802 -0.00195075 0)
(-0.00539486 -0.00175372 0)
(-0.0014747 -0.00107293 0)
(7.49104e-05 -0.000101733 0)
(-0.000714083 0.00142259 0)
(-0.00323075 0.00300158 0)
(-0.00711036 0.00364214 0)
(-0.0113275 0.00387502 0)
(-0.0156535 0.00398932 0)
(-0.0200368 0.00407227 0)
(-0.0244239 0.00411713 0)
(-0.0287286 0.00407514 0)
(-0.0328054 0.0038709 0)
(-0.036428 0.00340596 0)
(-0.0392752 0.00256683 0)
(-0.0409355 0.00124779 0)
(-0.0409366 -0.000606035 0)
(-0.0388035 -0.00292324 0)
(-0.0342463 -0.00539034 0)
(-0.0274109 -0.00744092 0)
(-0.0190624 -0.00834979 0)
(-0.0105643 -0.00753906 0)
(-0.0035413 -0.00493315 0)
(-0.000309679 -0.00116196 0)
(-0.00096815 0.00367398 0)
(-0.00422694 0.00703084 0)
(-0.00911838 0.00836943 0)
(-0.014383 0.00886847 0)
(-0.0197514 0.00907839 0)
(-0.0251609 0.00917108 0)
(-0.0305396 0.0091364 0)
(-0.0357812 0.00887831 0)
(-0.0407183 0.00824807 0)
(-0.0450957 0.00705513 0)
(-0.0485523 0.00508545 0)
(-0.0506163 0.00214661 0)
(-0.0507146 -0.0018524 0)
(-0.0482231 -0.00676939 0)
(-0.0426691 -0.0119894 0)
(-0.034086 -0.0163453 0)
(-0.0233783 -0.0182695 0)
(-0.0124602 -0.0164719 0)
(-0.00374066 -0.010905 0)
(-0.000149362 -0.00301221 0)
(-0.00106691 0.00627833 0)
(-0.00466715 0.0116491 0)
(-0.0100555 0.013743 0)
(-0.01583 0.0145157 0)
(-0.0217119 0.0148187 0)
(-0.0276529 0.014918 0)
(-0.0335967 0.0148034 0)
(-0.0394584 0.0143341 0)
(-0.0450962 0.0132881 0)
(-0.0502786 0.0113767 0)
(-0.0546488 0.00826528 0)
(-0.0576972 0.00363149 0)
(-0.0587397 -0.00272847 0)
(-0.0568615 -0.0107301 0)
(-0.0511231 -0.0194806 0)
(-0.0411276 -0.0270547 0)
(-0.0277247 -0.0305411 0)
(-0.0136377 -0.0273137 0)
(-0.00281662 -0.0174519 0)
(0.00052089 -0.0043526 0)
(-0.00108407 0.00901461 0)
(-0.00479982 0.0165172 0)
(-0.0103958 0.0194034 0)
(-0.0164026 0.0204681 0)
(-0.0225493 0.0208948 0)
(-0.0288191 0.0210573 0)
(-0.0351979 0.0209546 0)
(-0.0416565 0.02041 0)
(-0.0481215 0.0191339 0)
(-0.0544347 0.0167319 0)
(-0.0602953 0.0127116 0)
(-0.0651995 0.00652294 0)
(-0.0683778 -0.00229943 0)
(-0.068501 -0.0138076 0)
(-0.0637857 -0.0272588 0)
(-0.0528322 -0.0397892 0)
(-0.0359385 -0.0462774 0)
(-0.0166793 -0.0413135 0)
(-0.0015514 -0.0248175 0)
(0.00169478 -0.00465145 0)
(-0.00105627 0.0117623 0)
(-0.00475846 0.0214634 0)
(-0.0103965 0.0251848 0)
(-0.0164825 0.0265818 0)
(-0.0227632 0.027197 0)
(-0.0292641 0.0275313 0)
(-0.0360335 0.0276106 0)
(-0.043129 0.0272409 0)
(-0.0505914 0.0260805 0)
(-0.0584068 0.023636 0)
(-0.066446 0.0192418 0)
(-0.0743388 0.0120523 0)
(-0.0812357 0.00113432 0)
(-0.0855686 -0.0142071 0)
(-0.0843045 -0.0339164 0)
(-0.0738629 -0.0543269 0)
(-0.0532996 -0.067072 0)
(-0.0264445 -0.0614216 0)
(-0.00216531 -0.0350821 0)
(0.0031849 -0.00381967 0)
(-0.00099862 0.0144404 0)
(-0.0046032 0.0263686 0)
(-0.0101739 0.0309676 0)
(-0.016231 0.0327474 0)
(-0.0225412 0.0336333 0)
(-0.0291771 0.0342781 0)
(-0.0362631 0.0347623 0)
(-0.0439696 0.0349077 0)
(-0.0524996 0.0343596 0)
(-0.0620688 0.0325701 0)
(-0.0728746 0.0287506 0)
(-0.0849724 0.0217606 0)
(-0.0978734 0.009861 0)
(-0.109723 -0.00923771 0)
(-0.115371 -0.0365815 0)
(-0.108042 -0.0689857 0)
(-0.0855346 -0.0934237 0)
(-0.0506521 -0.0911888 0)
(-0.0105795 -0.0535033 0)
(0.00435468 -0.00371822 0)
(-0.000916966 0.0169896 0)
(-0.00435763 0.0311435 0)
(-0.00976982 0.0366534 0)
(-0.0156926 0.0388595 0)
(-0.0219072 0.0400913 0)
(-0.0285301 0.0411845 0)
(-0.0357643 0.0423113 0)
(-0.0439088 0.0433613 0)
(-0.0533697 0.0440426 0)
(-0.0646787 0.0438621 0)
(-0.0785581 0.042057 0)
(-0.095937 0.0373005 0)
(-0.117089 0.0267235 0)
(-0.138935 0.00505527 0)
(-0.153587 -0.0324488 0)
(-0.151685 -0.081961 0)
(-0.13124 -0.123904 0)
(-0.092613 -0.132189 0)
(-0.0364539 -0.0894949 0)
(0.00289472 -0.0106025 0)
(-0.000815664 0.0193609 0)
(-0.00403574 0.0357113 0)
(-0.00920297 0.0421455 0)
(-0.0148732 0.044794 0)
(-0.0208289 0.0464122 0)
(-0.0272157 0.0480512 0)
(-0.0343015 0.0500191 0)
(-0.0425022 0.0523414 0)
(-0.0524273 0.054902 0)
(-0.0649377 0.0574368 0)
(-0.0812984 0.0594122 0)
(-0.103384 0.0593022 0)
(-0.13233 0.0521915 0)
(-0.163604 0.0276969 0)
(-0.184769 -0.0236881 0)
(-0.187183 -0.0938533 0)
(-0.173494 -0.156211 0)
(-0.139919 -0.183766 0)
(-0.0805767 -0.150496 0)
(-0.00577802 -0.0318234 0)
(-0.000703364 0.0215157 0)
(-0.00366203 0.040005 0)
(-0.00850712 0.0473432 0)
(-0.0137973 0.0504018 0)
(-0.0192956 0.0523806 0)
(-0.0251518 0.054577 0)
(-0.0316627 0.0574763 0)
(-0.0393078 0.0613071 0)
(-0.0488234 0.066248 0)
(-0.0612606 0.0724286 0)
(-0.078123 0.0795747 0)
(-0.101752 0.0853899 0)
(-0.133571 0.0816477 0)
(-0.167163 0.0529483 0)
(-0.186906 -0.0113277 0)
(-0.190531 -0.101007 0)
(-0.185638 -0.182981 0)
(-0.165189 -0.237345 0)
(-0.118478 -0.228742 0)
(-0.0238074 -0.0804897 0)
(-0.000597539 0.0234373 0)
(-0.00328673 0.0439789 0)
(-0.00775909 0.0521509 0)
(-0.0125489 0.0555164 0)
(-0.0173769 0.0577358 0)
(-0.0223658 0.0603725 0)
(-0.0277861 0.0641073 0)
(-0.0340779 0.0694005 0)
(-0.0419163 0.0767674 0)
(-0.0522126 0.086737 0)
(-0.0660969 0.0990268 0)
(-0.0854354 0.109866 0)
(-0.111316 0.107756 0)
(-0.137216 0.0749201 0)
(-0.151833 0.00256476 0)
(-0.155401 -0.0959795 0)
(-0.156866 -0.190795 0)
(-0.15118 -0.271808 0)
(-0.125358 -0.30497 0)
(-0.0375085 -0.177012 0)
(-0.000529163 0.0251528 0)
(-0.0029993 0.0476367 0)
(-0.00710004 0.0565072 0)
(-0.0113001 0.0599854 0)
(-0.0152633 0.0622109 0)
(-0.0190631 0.065014 0)
(-0.0228917 0.0692499 0)
(-0.0270401 0.0755614 0)
(-0.031916 0.0846973 0)
(-0.0379856 0.0973895 0)
(-0.0456438 0.113106 0)
(-0.0559646 0.126748 0)
(-0.070457 0.12499 0)
(-0.0848963 0.0900063 0)
(-0.0924739 0.0156647 0)
(-0.0954139 -0.0809474 0)
(-0.103718 -0.17799 0)
(-0.110973 -0.274269 0)
(-0.107394 -0.351992 0)
(-0.0309767 -0.279766 0)
(-0.000547178 0.0267559 0)
(-0.00293737 0.0510375 0)
(-0.00675046 0.0603627 0)
(-0.010329 0.0636548 0)
(-0.0132836 0.0655503 0)
(-0.0156498 0.0681155 0)
(-0.0175272 0.0723133 0)
(-0.0190102 0.0788547 0)
(-0.0201525 0.0885261 0)
(-0.0208994 0.102024 0)
(-0.021001 0.118627 0)
(-0.0209014 0.132842 0)
(-0.0229011 0.131569 0)
(-0.026171 0.0979559 0)
(-0.0287773 0.0266339 0)
(-0.0331834 -0.0649134 0)
(-0.0482966 -0.156932 0)
(-0.0655889 -0.256557 0)
(-0.0833565 -0.365952 0)
(-0.0162275 -0.343825 0)
(-0.000738551 0.0284829 0)
(-0.00332483 0.0544646 0)
(-0.00702047 0.0639252 0)
(-0.0099866 0.0665813 0)
(-0.0118466 0.0676702 0)
(-0.0126542 0.0694817 0)
(-0.0124469 0.0729916 0)
(-0.0111536 0.0788393 0)
(-0.0085383 0.0876523 0)
(-0.00414721 0.0998574 0)
(0.002605 0.114903 0)
(0.011885 0.128117 0)
(0.0210827 0.127842 0)
(0.0273949 0.0985264 0)
(0.0289372 0.0340706 0)
(0.022896 -0.0495087 0)
(0.00140822 -0.132352 0)
(-0.0227098 -0.229395 0)
(-0.0617195 -0.366986 0)
(-0.00365775 -0.392093 0)
(-0.00122427 0.0306296 0)
(-0.00447267 0.0579221 0)
(-0.00839367 0.0667001 0)
(-0.010821 0.0682318 0)
(-0.0115017 0.0681917 0)
(-0.010686 0.0688804 0)
(-0.00844413 0.0711788 0)
(-0.00462751 0.0755664 0)
(0.00109898 0.0823927 0)
(0.0095476 0.0919431 0)
(0.0215121 0.103613 0)
(0.0369958 0.114088 0)
(0.0535686 0.114448 0)
(0.0667945 0.0919379 0)
(0.0719233 0.0395655 0)
(0.0666504 -0.0326455 0)
(0.0413276 -0.103962 0)
(0.0149881 -0.193604 0)
(-0.0432917 -0.356648 0)
(0.0100765 -0.427553 0)
(-0.0022643 0.0338332 0)
(-0.00676652 0.0631538 0)
(-0.011158 0.0710891 0)
(-0.0130302 0.0702704 0)
(-0.0124904 0.0680526 0)
(-0.0101086 0.0669203 0)
(-0.00605094 0.0674387 0)
(-0.000190149 0.0697781 0)
(0.00797391 0.0740459 0)
(0.0191748 0.0803417 0)
(0.0339888 0.0878953 0)
(0.052384 0.0944079 0)
(0.0722811 0.0942041 0)
(0.0893552 0.0782434 0)
(0.0970477 0.0400565 0)
(0.0932406 -0.0165945 0)
(0.0661048 -0.0748302 0)
(0.0408516 -0.160748 0)
(-0.0308262 -0.349201 0)
(0.0249157 -0.456107 0)
(-0.00419055 0.0422995 0)
(-0.0128009 0.0677198 0)
(-0.0180762 0.0696078 0)
(-0.0181896 0.0669284 0)
(-0.0154252 0.063901 0)
(-0.0111502 0.0617958 0)
(-0.00547301 0.0609363 0)
(0.00196843 0.0613637 0)
(0.0117592 0.063149 0)
(0.0245075 0.0661555 0)
(0.0405238 0.0698945 0)
(0.0595745 0.0727884 0)
(0.0798417 0.0718197 0)
(0.0982205 0.0613662 0)
(0.106794 0.037204 0)
(0.105167 -0.00190788 0)
(0.0790533 -0.0465853 0)
(0.0581319 -0.13152 0)
(-0.0156817 -0.339467 0)
(0.0471436 -0.471899 0)
(-0.00306889 0.0370748 0)
(-0.011466 0.0828076 0)
(-0.0218547 0.0836479 0)
(-0.0239059 0.0733515 0)
(-0.0212088 0.0654178 0)
(-0.0162261 0.0602288 0)
(-0.00912166 0.0566644 0)
(0.000172184 0.0542063 0)
(0.011844 0.0529134 0)
(0.0261623 0.0524414 0)
(0.0429567 0.0527805 0)
(0.062133 0.0526433 0)
(0.0814751 0.0512788 0)
(0.100608 0.0448755 0)
(0.109635 0.0322114 0)
(0.114078 0.00839363 0)
(0.0923156 -0.0264606 0)
(0.0813425 -0.114239 0)
(0.0211484 -0.314338 0)
(0.0868743 -0.447432 0)
(-0.0978231 0.0965255 0)
(-0.074143 0.0762585 0)
(-0.0629727 0.058012 0)
(-0.039508 0.0501233 0)
(-0.0177877 0.0444933 0)
(0.00357299 0.0399362 0)
(0.0239173 0.0362456 0)
(0.0449369 0.033175 0)
(0.0646108 0.0311451 0)
(0.0865091 0.0294813 0)
(0.105749 0.028801 0)
(0.129636 0.0279084 0)
(0.146298 0.0276123 0)
(0.17085 0.0255877 0)
(0.177829 0.0215524 0)
(0.1973 0.0101279 0)
(0.177713 -0.0168805 0)
(0.184043 -0.0836146 0)
(0.135531 -0.227168 0)
(0.167643 -0.34008 0)
(0.135391 0.109481 0)
(0.171307 0.0869111 0)
(0.231209 0.065249 0)
(0.286586 0.0511988 0)
(0.329234 0.0420991 0)
(0.36681 0.0352347 0)
(0.395569 0.030183 0)
(0.425795 0.0257435 0)
(0.447049 0.0226769 0)
(0.474452 0.0195807 0)
(0.49004 0.0178884 0)
(0.517106 0.0155571 0)
(0.527113 0.0149272 0)
(0.5542 0.0128515 0)
(0.554711 0.0127016 0)
(0.575921 0.00868344 0)
(0.550169 0.00396999 0)
(0.540757 -0.0150164 0)
(0.438012 -0.0471721 0)
(0.339032 -0.0990941 0)
)
;

boundaryField
{
    movingWall
    {
        type            fixedValue;
        value           uniform (1 0 0);
    }
    fixedWalls
    {
        type            noSlip;
    }
    frontAndBack
    {
        type            empty;
    }
}


// ************************************************************************* //
