/*--------------------------------*- C++ -*----------------------------------*\
| =========                 |                                                 |
| \\      /  F ield         | OpenFOAM: The Open Source CFD Toolbox           |
|  \\    /   O peration     | Version:  2212                                  |
|   \\  /    A nd           | Website:  www.openfoam.com                      |
|    \\/     M anipulation  |                                                 |
\*---------------------------------------------------------------------------*/
FoamFile
{
    version     2.0;
    format      ascii;
    arch        "LSB;label=32;scalar=64";
    class       volScalarField;
    location    "4.505";
    object      p;
}
// * * * * * * * * * * * * * * * * * * * * * * * * * * * * * * * * * * * * * //

dimensions      [0 2 -2 0 0 0 0];

internalField   nonuniform List<scalar> 
400
(
-2.85343e-08
-0.000150971
-0.000533023
-0.0010675
-0.0017249
-0.00248186
-0.00316926
-0.00357973
-0.00354699
-0.00291732
-0.00153671
0.000623143
0.00324707
0.00551306
0.0065456
0.00595671
0.00405612
0.00221456
0.00117706
0.00110595
0.000115619
-5.81637e-05
-0.000375204
-0.000760753
-0.00123884
-0.00187941
-0.00269179
-0.00352258
-0.00405439
-0.00391255
-0.00282552
-0.000812074
0.00169558
0.00396816
0.00514399
0.00478261
0.00316398
0.00144295
0.000661979
0.000749566
0.000532488
0.0002632
-7.69089e-05
-0.000556885
-0.00133983
-0.00256415
-0.0041895
-0.00593937
-0.00734636
-0.00788352
-0.00720838
-0.00541479
-0.00285367
-0.000161067
0.00182994
0.00247857
0.00177474
0.000574942
-0.000322511
-0.000323332
0.00114157
0.00073364
0.000188838
-0.00077037
-0.00243285
-0.00489813
-0.00792878
-0.0110268
-0.0135877
-0.0150498
-0.0150803
-0.0137225
-0.011191
-0.00794143
-0.00467479
-0.00213623
-0.000796911
-0.000632212
-0.00121365
-0.00184477
0.00156228
0.000958116
-2.83488e-05
-0.00191112
-0.0049643
-0.00909858
-0.0137883
-0.0183121
-0.0220143
-0.0244297
-0.0252995
-0.0245041
-0.0221667
-0.0185746
-0.0141642
-0.00954066
-0.00549784
-0.00286949
-0.00212114
-0.00393885
0.00126551
0.00042551
-0.00119852
-0.00427227
-0.00892448
-0.0147414
-0.0208723
-0.026458
-0.0308876
-0.0338442
-0.0351999
-0.0348545
-0.03289
-0.0294513
-0.0246771
-0.0187847
-0.0123725
-0.00685112
-0.00432179
-0.00643583
-7.42818e-05
-0.00116202
-0.00348611
-0.0077345
-0.013803
-0.0209085
-0.0279535
-0.0340544
-0.0387168
-0.0417799
-0.0432511
-0.0431512
-0.041546
-0.0385023
-0.0339952
-0.0279061
-0.0203512
-0.0125717
-0.00776103
-0.00766851
-0.00246351
-0.00374097
-0.00666083
-0.0118129
-0.0188566
-0.0267076
-0.0341394
-0.0403304
-0.0449309
-0.0479059
-0.0493447
-0.0493429
-0.0479788
-0.0452977
-0.041248
-0.035594
-0.0280725
-0.0191926
-0.0117072
-0.007906
-0.00552892
-0.0068905
-0.0101959
-0.0158811
-0.0234228
-0.0315516
-0.0390112
-0.0450767
-0.049518
-0.0523763
-0.053774
-0.0538183
-0.0525838
-0.0501265
-0.0464528
-0.0414001
-0.0345489
-0.0257154
-0.0165555
-0.00989704
-0.00870082
-0.010036
-0.0135006
-0.0193656
-0.0270076
-0.0350976
-0.0424115
-0.0483035
-0.0526107
-0.0553989
-0.0567858
-0.056859
-0.0556821
-0.0533248
-0.0498644
-0.0452834
-0.039261
-0.0312439
-0.0221216
-0.014196
-0.0114513
-0.0126878
-0.0161001
-0.0218531
-0.0293001
-0.0371664
-0.0442879
-0.0500494
-0.0542951
-0.0570722
-0.0584745
-0.0585669
-0.0574003
-0.05505
-0.0516539
-0.0473367
-0.0420273
-0.0350745
-0.0269661
-0.0189949
-0.0134853
-0.0145373
-0.0177261
-0.0231053
-0.0301162
-0.0376325
-0.04457
-0.0502891
-0.0545693
-0.0574052
-0.058852
-0.0589551
-0.0577568
-0.0553338
-0.0518756
-0.0476201
-0.0428048
-0.0367503
-0.0297953
-0.0222176
-0.0147703
-0.0154861
-0.0182256
-0.0230094
-0.0293938
-0.0364678
-0.0432389
-0.0490037
-0.0534207
-0.0563927
-0.0579218
-0.0580305
-0.0567563
-0.0541981
-0.0505707
-0.0461745
-0.041602
-0.0360314
-0.0300162
-0.0227153
-0.0154033
-0.0156487
-0.0176679
-0.0215727
-0.0271279
-0.0336667
-0.0402767
-0.0461605
-0.0508186
-0.0540227
-0.0556985
-0.055841
-0.0544666
-0.0517034
-0.0478099
-0.0431722
-0.0384423
-0.0329445
-0.0279433
-0.0201542
-0.0155155
-0.0152381
-0.016255
-0.0189564
-0.023449
-0.0293387
-0.035775
-0.0418383
-0.0468398
-0.0503836
-0.0522893
-0.0524979
-0.0510503
-0.0480374
-0.0437887
-0.0387448
-0.0335948
-0.0279743
-0.0241587
-0.0143483
-0.0152267
-0.0145051
-0.0142087
-0.0153465
-0.0185524
-0.0236853
-0.0299299
-0.0362174
-0.0416535
-0.0456507
-0.0479045
-0.0482865
-0.0468205
-0.0435768
-0.0389232
-0.0333248
-0.027569
-0.0216437
-0.01811
-0.00390305
-0.0146238
-0.0135888
-0.0116875
-0.0110585
-0.0128992
-0.0172641
-0.0233344
-0.0298793
-0.0358167
-0.0403689
-0.0431006
-0.0437869
-0.0424214
-0.0390371
-0.033966
-0.0276058
-0.020726
-0.0134163
-0.006982
0.0158788
-0.0145633
-0.0126452
-0.00866106
-0.00626672
-0.0069291
-0.0107164
-0.0167128
-0.023547
-0.0300209
-0.0351944
-0.0385214
-0.0396547
-0.0385414
-0.035194
-0.029759
-0.0222789
-0.0130162
-0.000942886
0.0163872
0.0568072
-0.0117934
-0.0118398
-0.00577507
-0.00185517
-0.00184094
-0.00544002
-0.0115396
-0.0186931
-0.0256682
-0.0314109
-0.0353446
-0.0370394
-0.0363983
-0.0331467
-0.0271345
-0.0175938
-0.00334676
0.0201765
0.060355
0.129537
-0.0295087
-0.0106523
-0.000679043
0.00297866
0.00234788
-0.00161885
-0.00799242
-0.0154609
-0.0227975
-0.0289238
-0.0332375
-0.0352851
-0.0349303
-0.0317581
-0.0251376
-0.0129016
0.00923852
0.0508822
0.122566
0.225821
)
;

boundaryField
{
    movingWall
    {
        type            zeroGradient;
    }
    fixedWalls
    {
        type            zeroGradient;
    }
    frontAndBack
    {
        type            empty;
    }
}


// ************************************************************************* //
