/*--------------------------------*- C++ -*----------------------------------*\
| =========                 |                                                 |
| \\      /  F ield         | OpenFOAM: The Open Source CFD Toolbox           |
|  \\    /   O peration     | Version:  2212                                  |
|   \\  /    A nd           | Website:  www.openfoam.com                      |
|    \\/     M anipulation  |                                                 |
\*---------------------------------------------------------------------------*/
FoamFile
{
    version     2.0;
    format      ascii;
    arch        "LSB;label=32;scalar=64";
    class       surfaceScalarField;
    location    "3.82";
    object      phi;
}
// * * * * * * * * * * * * * * * * * * * * * * * * * * * * * * * * * * * * * //

dimensions      [0 3 -1 0 0 0 0];

oriented        oriented;

internalField   nonuniform List<scalar> 
760
(
1.52621e-07
-1.52622e-07
2.86231e-07
-1.3361e-07
3.00909e-07
-1.46783e-08
1.74906e-07
1.26003e-07
-1.26576e-07
3.01482e-07
-6.66153e-07
5.39578e-07
-1.47535e-06
8.092e-07
-2.46934e-06
9.93986e-07
-3.44996e-06
9.80617e-07
-4.18681e-06
7.36851e-07
-4.513e-06
3.26195e-07
-4.33169e-06
-1.81315e-07
-3.58473e-06
-7.46961e-07
-2.38424e-06
-1.20049e-06
-9.57799e-07
-1.42644e-06
3.22627e-07
-1.28043e-06
1.06708e-06
-7.44457e-07
1.0194e-06
4.76785e-08
4.562e-07
5.63205e-07
4.56201e-07
1.19282e-07
-2.71904e-07
6.44596e-08
-7.87869e-08
-3.05712e-07
3.55493e-07
-1.07957e-06
8.99857e-07
-2.30176e-06
1.52368e-06
-3.89409e-06
2.1319e-06
-5.61124e-06
2.52635e-06
-7.14421e-06
2.52696e-06
-8.26913e-06
2.10554e-06
-8.87542e-06
1.34314e-06
-8.91541e-06
3.66184e-07
-8.3657e-06
-7.31021e-07
-7.25724e-06
-1.85542e-06
-5.622e-06
-2.83573e-06
-3.60216e-06
-3.44628e-06
-1.49975e-06
-3.38284e-06
1.60982e-07
-2.40518e-06
8.4457e-07
-6.3591e-07
5.19875e-07
8.879e-07
9.76076e-07
-1.31465e-07
-1.40439e-07
-6.36437e-07
4.26186e-07
-1.6177e-06
1.33676e-06
-3.116e-06
2.39816e-06
-5.00937e-06
3.41704e-06
-7.00452e-06
4.12705e-06
-8.7898e-06
4.31163e-06
-1.01849e-05
3.92205e-06
-1.11369e-05
3.05758e-06
-1.16379e-05
1.84409e-06
-1.16377e-05
3.66033e-07
-1.11866e-05
-1.18211e-06
-1.02657e-05
-2.77635e-06
-8.8205e-06
-4.28094e-06
-6.83038e-06
-5.4364e-06
-4.38326e-06
-5.82997e-06
-1.87537e-06
-4.91308e-06
-9.19763e-08
-2.4193e-06
2.9208e-07
5.03843e-07
1.26816e-06
-4.97722e-07
3.57283e-07
-1.54755e-06
1.47601e-06
-3.08875e-06
2.87795e-06
-5.02721e-06
4.33662e-06
-7.10847e-06
5.4983e-06
-9.02894e-06
6.04752e-06
-1.05869e-05
5.86963e-06
-1.17383e-05
5.07339e-06
-1.25103e-05
3.8296e-06
-1.29378e-05
2.2716e-06
-1.30071e-05
4.35356e-07
-1.27741e-05
-1.41518e-06
-1.22015e-05
-3.34892e-06
-1.11874e-05
-5.29504e-06
-9.60048e-06
-7.02332e-06
-7.31618e-06
-8.11426e-06
-4.37275e-06
-7.85651e-06
-1.37412e-06
-5.41793e-06
1.18284e-07
-9.8856e-07
1.38644e-06
-8.52158e-07
1.20944e-06
-2.33405e-06
2.9579e-06
-4.18222e-06
4.72612e-06
-6.20624e-06
6.36064e-06
-8.12953e-06
7.42159e-06
-9.73069e-06
7.64869e-06
-1.09315e-05
7.07043e-06
-1.17571e-05
5.89901e-06
-1.22692e-05
4.3417e-06
-1.25409e-05
2.5433e-06
-1.26624e-05
5.5682e-07
-1.26228e-05
-1.45479e-06
-1.24119e-05
-3.55983e-06
-1.19497e-05
-5.75722e-06
-1.10494e-05
-7.92364e-06
-9.42328e-06
-9.74035e-06
-6.77432e-06
-1.05055e-05
-3.20256e-06
-8.98969e-06
-2.62247e-07
-3.92887e-06
1.12419e-06
-1.07144e-06
2.28088e-06
-2.74707e-06
4.63354e-06
-4.61766e-06
6.59671e-06
-6.45526e-06
8.19824e-06
-8.03785e-06
9.00418e-06
-9.23365e-06
8.8445e-06
-1.00365e-05
7.87328e-06
-1.05104e-05
6.37294e-06
-1.07458e-05
4.57712e-06
-1.08436e-05
2.64103e-06
-1.09253e-05
6.38599e-07
-1.09816e-05
-1.39855e-06
-1.10263e-05
-3.51516e-06
-1.10289e-05
-5.7546e-06
-1.0834e-05
-8.11856e-06
-1.01132e-05
-1.04612e-05
-8.37385e-06
-1.22448e-05
-5.20492e-06
-1.21586e-05
-1.15158e-06
-7.98221e-06
-2.73876e-08
-1.09297e-06
3.37385e-06
-2.71875e-06
6.25931e-06
-4.396e-06
8.27396e-06
-5.91483e-06
9.71707e-06
-7.11589e-06
1.02052e-05
-7.93506e-06
9.66367e-06
-8.40783e-06
8.34605e-06
-8.62037e-06
6.58548e-06
-8.67684e-06
4.63358e-06
-8.67619e-06
2.64039e-06
-8.70343e-06
6.65831e-07
-8.77915e-06
-1.32282e-06
-8.92261e-06
-3.37169e-06
-9.14414e-06
-5.53307e-06
-9.38421e-06
-7.87849e-06
-9.408e-06
-1.04374e-05
-8.69502e-06
-1.29578e-05
-6.49237e-06
-1.43613e-05
-2.40443e-06
-1.20701e-05
-2.43182e-06
-9.19656e-07
4.29351e-06
-2.31203e-06
7.65169e-06
-3.68267e-06
9.6446e-06
-4.8485e-06
1.08829e-05
-5.70817e-06
1.10649e-05
-6.2429e-06
1.01984e-05
-6.50798e-06
8.61113e-06
-6.59398e-06
6.67148e-06
-6.59843e-06
4.63803e-06
-6.59668e-06
2.63863e-06
-6.62709e-06
6.96239e-07
-6.70789e-06
-1.24202e-06
-6.8607e-06
-3.21887e-06
-7.11587e-06
-5.2779e-06
-7.4885e-06
-7.50585e-06
-7.88315e-06
-1.00427e-05
-7.88533e-06
-1.29556e-05
-6.67775e-06
-1.55689e-05
-3.55802e-06
-1.51899e-05
-5.98983e-06
-6.13257e-07
4.90676e-06
-1.66109e-06
8.69952e-06
-2.68193e-06
1.06654e-05
-3.51083e-06
1.17118e-05
-4.09142e-06
1.16455e-05
-4.43233e-06
1.05393e-05
-4.59121e-06
8.77001e-06
-4.64666e-06
6.72693e-06
-4.67245e-06
4.66382e-06
-4.71428e-06
2.68047e-06
-4.78352e-06
7.65481e-07
-4.88738e-06
-1.13817e-06
-5.03649e-06
-3.06976e-06
-5.26026e-06
-5.05413e-06
-5.61379e-06
-7.15233e-06
-6.10774e-06
-9.54877e-06
-6.51726e-06
-1.25461e-05
-6.0976e-06
-1.59885e-05
-3.90155e-06
-1.73859e-05
-9.89138e-06
-2.27026e-07
5.13379e-06
-8.78185e-07
9.35068e-06
-1.54165e-06
1.13289e-05
-2.06427e-06
1.22344e-05
-2.41739e-06
1.19986e-05
-2.62446e-06
1.07464e-05
-2.7333e-06
8.87885e-06
-2.79753e-06
6.79117e-06
-2.86306e-06
4.72935e-06
-2.95292e-06
2.77032e-06
-3.07009e-06
8.82656e-07
-3.21453e-06
-9.93733e-07
-3.38701e-06
-2.89728e-06
-3.60086e-06
-4.84028e-06
-3.90905e-06
-6.84414e-06
-4.39321e-06
-9.0646e-06
-4.99496e-06
-1.19443e-05
-5.10509e-06
-1.58784e-05
-3.54571e-06
-1.89453e-05
-1.34371e-05
1.62106e-07
4.97168e-06
-6.73621e-08
9.58015e-06
-3.9608e-07
1.16576e-05
-6.43397e-07
1.24817e-05
-7.9451e-07
1.21497e-05
-8.80177e-07
1.0832e-05
-9.40081e-07
8.93875e-06
-1.00653e-06
6.85762e-06
-1.09657e-06
4.81939e-06
-1.21788e-06
2.89163e-06
-1.37244e-06
1.03722e-06
-1.56231e-06
-8.03868e-07
-1.78663e-06
-2.67297e-06
-2.0445e-06
-4.5824e-06
-2.36557e-06
-6.52308e-06
-2.84507e-06
-8.5851e-06
-3.5436e-06
-1.12458e-05
-4.01697e-06
-1.5405e-05
-3.02017e-06
-1.99421e-05
-1.64573e-05
4.93221e-07
4.47846e-06
6.88854e-07
9.38452e-06
7.31448e-07
1.1615e-05
7.67187e-07
1.2446e-05
8.1297e-07
1.2104e-05
8.42887e-07
1.08021e-05
8.36473e-07
8.94517e-06
7.8515e-07
6.90894e-06
6.9089e-07
4.91365e-06
5.5604e-07
3.02648e-06
3.765e-07
1.21676e-06
1.46109e-07
-5.73477e-07
-1.37617e-07
-2.38924e-06
-4.81225e-07
-4.23879e-06
-8.91177e-07
-6.11313e-06
-1.41575e-06
-8.06052e-06
-2.20227e-06
-1.04593e-05
-2.95685e-06
-1.46504e-05
-2.46261e-06
-2.04363e-05
-1.89199e-05
7.4324e-07
3.73522e-06
1.33314e-06
8.79462e-06
1.72127e-06
1.12269e-05
2.04764e-06
1.21196e-05
2.319e-06
1.18326e-05
2.50395e-06
1.06172e-05
2.59319e-06
8.85592e-06
2.59738e-06
6.90475e-06
2.53154e-06
4.9795e-06
2.40433e-06
3.15368e-06
2.20988e-06
1.41122e-06
1.93427e-06
-2.97864e-07
1.57613e-06
-2.0311e-06
1.1304e-06
-3.79306e-06
5.91496e-07
-5.57423e-06
-9.49836e-08
-7.37404e-06
-9.69653e-07
-9.58461e-06
-1.93325e-06
-1.36868e-05
-1.93192e-06
-2.04377e-05
-2.08518e-05
8.54634e-07
2.88059e-06
1.7808e-06
7.86845e-06
2.51361e-06
1.04941e-05
3.14805e-06
1.14852e-05
3.69078e-06
1.12899e-05
4.09747e-06
1.02105e-05
4.35109e-06
8.6023e-06
4.46555e-06
6.79028e-06
4.46507e-06
4.97998e-06
4.36628e-06
3.25247e-06
4.16814e-06
1.60936e-06
3.84483e-06
2.54494e-08
3.40627e-06
-1.59255e-06
2.83204e-06
-3.21882e-06
2.12107e-06
-4.86326e-06
1.28913e-06
-6.5421e-06
2.42705e-07
-8.53818e-06
-9.79332e-07
-1.24648e-05
-1.43727e-06
-1.99797e-05
-2.22891e-05
7.90695e-07
2.08989e-06
1.92026e-06
6.73889e-06
2.94977e-06
9.46458e-06
3.91312e-06
1.05218e-05
4.78209e-06
1.04209e-05
5.4898e-06
9.50278e-06
5.99616e-06
8.09594e-06
6.304e-06
6.48244e-06
6.43542e-06
4.84857e-06
6.41037e-06
3.27751e-06
6.22948e-06
1.79024e-06
5.88558e-06
3.69356e-07
5.35393e-06
-1.0609e-06
4.63602e-06
-2.50091e-06
3.72394e-06
-3.95118e-06
2.64561e-06
-5.46377e-06
1.35639e-06
-7.24896e-06
-1.73021e-07
-1.09354e-05
-9.26935e-07
-1.92258e-05
-2.3216e-05
5.6571e-07
1.52418e-06
1.72726e-06
5.57734e-06
3.04835e-06
8.14349e-06
4.38447e-06
9.18572e-06
5.63838e-06
9.16698e-06
6.7111e-06
8.43007e-06
7.53652e-06
7.27052e-06
8.10172e-06
5.91723e-06
8.41989e-06
4.53041e-06
8.50935e-06
3.18805e-06
8.37756e-06
1.92203e-06
8.02288e-06
7.24035e-07
7.40229e-06
-4.40307e-07
6.53164e-06
-1.63027e-06
5.39777e-06
-2.81731e-06
4.0418e-06
-4.1078e-06
2.52947e-06
-5.73663e-06
9.25449e-07
-9.33136e-06
-1.59083e-07
-1.81413e-05
-2.33751e-05
1.45365e-07
1.37882e-06
1.01417e-06
4.70853e-06
2.47199e-06
6.68567e-06
4.17524e-06
7.48247e-06
5.8807e-06
7.46151e-06
7.40147e-06
6.90931e-06
8.63437e-06
6.03761e-06
9.54958e-06
5.00203e-06
1.01424e-05
3.93754e-06
1.04259e-05
2.90456e-06
1.04064e-05
1.94156e-06
1.00902e-05
1.04023e-06
9.43667e-06
2.13245e-07
8.45931e-06
-6.52908e-07
7.15373e-06
-1.51174e-06
5.56955e-06
-2.52362e-06
3.86422e-06
-4.0313e-06
2.21244e-06
-7.67958e-06
6.42215e-07
-1.65711e-05
-2.27329e-05
-5.12198e-07
1.89102e-06
1.9111e-07
4.00522e-06
1.72431e-06
5.15248e-06
3.76386e-06
5.44291e-06
5.89711e-06
5.32827e-06
7.83977e-06
4.96664e-06
9.45499e-06
4.42239e-06
1.07017e-05
3.75535e-06
1.15622e-05
3.077e-06
1.20542e-05
2.41262e-06
1.21822e-05
1.81349e-06
1.1967e-05
1.25545e-06
1.14288e-05
7.51465e-07
1.05441e-05
2.31769e-07
9.31664e-06
-2.84266e-07
7.8139e-06
-1.02088e-06
6.22189e-06
-2.43929e-06
4.43231e-06
-5.89e-06
2.04546e-06
-1.41842e-05
-2.06874e-05
-4.17389e-06
6.0649e-06
-3.63934e-06
3.47068e-06
-1.25933e-06
2.77247e-06
1.51864e-06
2.66494e-06
4.23696e-06
2.60995e-06
6.75173e-06
2.45187e-06
8.95173e-06
2.22239e-06
1.07776e-05
1.92946e-06
1.22119e-05
1.64273e-06
1.32817e-05
1.34281e-06
1.40043e-05
1.0909e-06
1.44239e-05
8.35866e-07
1.45295e-05
6.45801e-07
1.43324e-05
4.28892e-07
1.3821e-05
2.27198e-07
1.301e-05
-2.09975e-07
1.18919e-05
-1.32118e-06
1.01001e-05
-4.09817e-06
5.63285e-06
-9.71695e-06
-1.50546e-05
6.0649e-06
9.53558e-06
1.2308e-05
1.4973e-05
1.75829e-05
2.00348e-05
2.22572e-05
2.41867e-05
2.58294e-05
2.71722e-05
2.82631e-05
2.9099e-05
2.97448e-05
3.01737e-05
3.04009e-05
3.01909e-05
2.88697e-05
2.47715e-05
1.50546e-05
)
;

boundaryField
{
    movingWall
    {
        type            calculated;
        value           uniform 0;
    }
    fixedWalls
    {
        type            calculated;
        value           uniform 0;
    }
    frontAndBack
    {
        type            empty;
        value           nonuniform List<scalar> 0();
    }
}


// ************************************************************************* //
