/*--------------------------------*- C++ -*----------------------------------*\
| =========                 |                                                 |
| \\      /  F ield         | OpenFOAM: The Open Source CFD Toolbox           |
|  \\    /   O peration     | Version:  2212                                  |
|   \\  /    A nd           | Website:  www.openfoam.com                      |
|    \\/     M anipulation  |                                                 |
\*---------------------------------------------------------------------------*/
FoamFile
{
    version     2.0;
    format      ascii;
    arch        "LSB;label=32;scalar=64";
    class       surfaceScalarField;
    location    "3.22";
    object      phi;
}
// * * * * * * * * * * * * * * * * * * * * * * * * * * * * * * * * * * * * * //

dimensions      [0 3 -1 0 0 0 0];

oriented        oriented;

internalField   nonuniform List<scalar> 
760
(
1.47769e-07
-1.47768e-07
2.75982e-07
-1.28213e-07
2.88458e-07
-1.24754e-08
1.63154e-07
1.25304e-07
-1.3468e-07
2.97835e-07
-6.66147e-07
5.31466e-07
-1.46235e-06
7.96201e-07
-2.4418e-06
9.79449e-07
-3.41105e-06
9.6925e-07
-4.1428e-06
7.31755e-07
-4.47014e-06
3.27334e-07
-4.29655e-06
-1.73583e-07
-3.562e-06
-7.34557e-07
-2.37662e-06
-1.18538e-06
-9.65305e-07
-1.41132e-06
3.0374e-07
-1.26905e-06
1.04565e-06
-7.41912e-07
1.0045e-06
4.11542e-08
4.50493e-07
5.54005e-07
4.50493e-07
1.11489e-07
-2.59257e-07
5.09804e-08
-6.77045e-08
-3.16544e-07
3.55049e-07
-1.07892e-06
8.87676e-07
-2.28122e-06
1.50014e-06
-3.84942e-06
2.09967e-06
-5.54576e-06
2.49254e-06
-7.06631e-06
2.5e-06
-8.18682e-06
2.08976e-06
-8.79462e-06
1.33955e-06
-8.84105e-06
3.73763e-07
-8.30136e-06
-7.13269e-07
-7.20631e-06
-1.8296e-06
-5.58724e-06
-2.80446e-06
-3.585e-06
-3.41356e-06
-1.49905e-06
-3.35499e-06
1.49219e-07
-2.39019e-06
8.31629e-07
-6.41255e-07
5.13872e-07
8.71762e-07
9.64364e-07
-1.36064e-07
-1.23193e-07
-6.38213e-07
4.34443e-07
-1.6056e-06
1.32244e-06
-3.07984e-06
2.36191e-06
-4.94577e-06
3.36607e-06
-6.91906e-06
4.07295e-06
-8.69203e-06
4.26552e-06
-1.00824e-05
3.89032e-06
-1.1034e-05
3.0414e-06
-1.15374e-05
1.84299e-06
-1.15443e-05
3.80616e-07
-1.11004e-05
-1.15714e-06
-1.01893e-05
-2.74076e-06
-8.75681e-06
-4.2369e-06
-6.7823e-06
-5.38806e-06
-4.35375e-06
-5.78355e-06
-1.86439e-06
-4.87954e-06
-9.40913e-08
-2.41156e-06
2.89854e-07
4.87818e-07
1.25422e-06
-4.92911e-07
3.69718e-07
-1.52893e-06
1.47046e-06
-3.04631e-06
2.83982e-06
-4.95729e-06
4.2729e-06
-7.01606e-06
5.42484e-06
-8.92402e-06
5.98092e-06
-1.04782e-05
5.8197e-06
-1.163e-05
5.04206e-06
-1.24043e-05
3.81574e-06
-1.28352e-05
2.27386e-06
-1.29097e-05
4.55131e-07
-1.26814e-05
-1.38541e-06
-1.21154e-05
-3.30676e-06
-1.111e-05
-5.24227e-06
-9.53454e-06
-6.96356e-06
-7.26503e-06
-8.05306e-06
-4.34103e-06
-7.80353e-06
-1.36535e-06
-5.38724e-06
1.16776e-07
-9.9431e-07
1.37099e-06
-8.38578e-07
1.2083e-06
-2.2973e-06
2.92918e-06
-4.11859e-06
4.66111e-06
-6.1195e-06
6.27381e-06
-8.02939e-06
7.33472e-06
-9.62682e-06
7.57834e-06
-1.08293e-05
7.02222e-06
-1.16585e-05
5.87121e-06
-1.21743e-05
4.33157e-06
-1.24493e-05
2.54887e-06
-1.25722e-05
5.78015e-07
-1.25358e-05
-1.42182e-06
-1.23292e-05
-3.51332e-06
-1.18724e-05
-5.69915e-06
-1.09787e-05
-7.8572e-06
-9.36169e-06
-9.67007e-06
-6.72738e-06
-1.04378e-05
-3.17861e-06
-8.93601e-06
-2.61261e-07
-3.91166e-06
1.10973e-06
-1.05164e-06
2.25994e-06
-2.70115e-06
4.57869e-06
-4.54752e-06
6.50748e-06
-6.36884e-06
8.09512e-06
-7.94516e-06
8.91105e-06
-9.14203e-06
8.77522e-06
-9.9486e-06
7.82879e-06
-1.0426e-05
6.34857e-06
-1.06633e-05
4.56889e-06
-1.07614e-05
2.647e-06
-1.08422e-05
6.58779e-07
-1.09004e-05
-1.36362e-06
-1.09485e-05
-3.46522e-06
-1.0956e-05
-5.69164e-06
-1.07667e-05
-8.04649e-06
-1.00518e-05
-1.0385e-05
-8.32045e-06
-1.21692e-05
-5.16671e-06
-1.20898e-05
-1.14283e-06
-7.93554e-06
-3.30934e-08
-1.07167e-06
3.33161e-06
-2.67292e-06
6.17994e-06
-4.33107e-06
8.16564e-06
-5.83886e-06
9.60291e-06
-7.0372e-06
1.01094e-05
-7.85835e-06
9.59637e-06
-8.33351e-06
8.30395e-06
-8.54643e-06
6.56148e-06
-8.60065e-06
4.62312e-06
-8.5962e-06
2.64254e-06
-8.6201e-06
6.82681e-07
-8.69568e-06
-1.28804e-06
-8.84244e-06
-3.31846e-06
-9.07071e-06
-5.46336e-06
-9.31945e-06
-7.79775e-06
-9.3513e-06
-1.03532e-05
-8.64465e-06
-1.28758e-05
-6.45116e-06
-1.42832e-05
-2.38516e-06
-1.20015e-05
-2.41826e-06
-9.01288e-07
4.2329e-06
-2.27323e-06
7.55188e-06
-3.62938e-06
9.52179e-06
-4.78749e-06
1.0761e-05
-5.64518e-06
1.09671e-05
-6.18036e-06
1.01315e-05
-6.44492e-06
8.56852e-06
-6.52775e-06
6.64431e-06
-6.52652e-06
4.62189e-06
-6.51834e-06
2.63436e-06
-6.54397e-06
7.08318e-07
-6.6229e-06
-1.20911e-06
-6.77795e-06
-3.16341e-06
-7.0402e-06
-5.20111e-06
-7.42403e-06
-7.41392e-06
-7.83097e-06
-9.94623e-06
-7.84259e-06
-1.28642e-05
-6.64163e-06
-1.54842e-05
-3.53023e-06
-1.51129e-05
-5.94849e-06
-6.00425e-07
4.83332e-06
-1.63294e-06
8.58439e-06
-2.64317e-06
1.0532e-05
-3.46605e-06
1.15839e-05
-4.04401e-06
1.1545e-05
-4.38324e-06
1.04708e-05
-4.53924e-06
8.72451e-06
-4.58965e-06
6.69472e-06
-4.60884e-06
4.64108e-06
-4.64413e-06
2.66965e-06
-4.70835e-06
7.72536e-07
-4.8094e-06
-1.10805e-06
-4.95908e-06
-3.01373e-06
-5.18802e-06
-4.97218e-06
-5.55214e-06
-7.0498e-06
-6.06041e-06
-9.43796e-06
-6.48227e-06
-1.24423e-05
-6.0692e-06
-1.58973e-05
-3.88048e-06
-1.73016e-05
-9.82897e-06
-2.2161e-07
5.05493e-06
-8.62848e-07
9.22563e-06
-1.51896e-06
1.11881e-05
-2.0367e-06
1.21016e-05
-2.38633e-06
1.18947e-05
-2.58996e-06
1.06744e-05
-2.6946e-06
8.82915e-06
-2.75364e-06
6.75376e-06
-2.8135e-06
4.70094e-06
-2.89816e-06
2.75431e-06
-3.01106e-06
8.85432e-07
-3.15245e-06
-9.66661e-07
-3.32387e-06
-2.84232e-06
-3.53989e-06
-4.75616e-06
-3.85559e-06
-6.73409e-06
-4.35293e-06
-8.94062e-06
-4.96858e-06
-1.18267e-05
-5.08665e-06
-1.57792e-05
-3.53305e-06
-1.88552e-05
-1.3362e-05
1.59437e-07
4.89549e-06
-6.52949e-08
9.45036e-06
-3.89457e-07
1.15123e-05
-6.33087e-07
1.23453e-05
-7.80535e-07
1.20421e-05
-8.6204e-07
1.07559e-05
-9.17422e-07
8.88454e-06
-9.79579e-07
6.81592e-06
-1.06582e-06
4.78718e-06
-1.18387e-06
2.87236e-06
-1.33542e-06
1.03698e-06
-1.52249e-06
-7.7959e-07
-1.74485e-06
-2.61996e-06
-2.00221e-06
-4.4988e-06
-2.32639e-06
-6.40991e-06
-2.81525e-06
-8.45176e-06
-3.52633e-06
-1.11156e-05
-4.00726e-06
-1.52983e-05
-3.01379e-06
-1.98487e-05
-1.63758e-05
4.82645e-07
4.41285e-06
6.75633e-07
9.25738e-06
7.18932e-07
1.1469e-05
7.57282e-07
1.23069e-05
8.07322e-07
1.19921e-05
8.42078e-07
1.07212e-05
8.3984e-07
8.88677e-06
7.9148e-07
6.86428e-06
6.99105e-07
4.87956e-06
5.65732e-07
3.00573e-06
3.87955e-07
1.21476e-06
1.5966e-07
-5.51295e-07
-1.21429e-07
-2.33887e-06
-4.63124e-07
-4.15711e-06
-8.72528e-07
-6.00051e-06
-1.40128e-06
-7.92301e-06
-2.19677e-06
-1.03201e-05
-2.9569e-06
-1.45381e-05
-2.46277e-06
-2.03428e-05
-1.88386e-05
7.25144e-07
3.68771e-06
1.30526e-06
8.67726e-06
1.68955e-06
1.10847e-05
2.01613e-06
1.19803e-05
2.29123e-06
1.1717e-05
2.48117e-06
1.05312e-05
2.5743e-06
8.79365e-06
2.58031e-06
6.85827e-06
2.51463e-06
4.94524e-06
2.38718e-06
3.13318e-06
2.19333e-06
1.40861e-06
1.91937e-06
-2.77334e-07
1.5635e-06
-1.983e-06
1.12106e-06
-3.71466e-06
5.85567e-07
-5.46502e-06
-9.9441e-08
-7.238e-06
-9.77962e-07
-9.44159e-06
-1.94427e-06
-1.35718e-05
-1.93714e-06
-2.035e-05
-2.07757e-05
8.31918e-07
2.85579e-06
1.74047e-06
7.7687e-06
2.46365e-06
1.03615e-05
3.09439e-06
1.13496e-05
3.63812e-06
1.11732e-05
4.04822e-06
1.01211e-05
4.30488e-06
8.53699e-06
4.42049e-06
6.74266e-06
4.41937e-06
4.94636e-06
4.31916e-06
3.23339e-06
4.11995e-06
1.60782e-06
3.7993e-06
4.33141e-08
3.36295e-06
-1.54666e-06
2.79343e-06
-3.14514e-06
2.08901e-06
-4.7606e-06
1.26364e-06
-6.41263e-06
2.20829e-07
-8.39878e-06
-9.99362e-07
-1.23516e-05
-1.44673e-06
-1.99026e-05
-2.22225e-05
7.67991e-07
2.0878e-06
1.87233e-06
6.66436e-06
2.88551e-06
9.34836e-06
3.83975e-06
1.03954e-05
4.7052e-06
1.03078e-05
5.41303e-06
9.41329e-06
5.92041e-06
8.02961e-06
6.22818e-06
6.43488e-06
6.35817e-06
4.81637e-06
6.33123e-06
3.26033e-06
6.1497e-06
1.78935e-06
5.80593e-06
3.87086e-07
5.27807e-06
-1.01879e-06
4.5667e-06
-2.43377e-06
3.66434e-06
-3.85823e-06
2.59866e-06
-5.34695e-06
1.32147e-06
-7.12159e-06
-1.93147e-07
-1.0837e-05
-9.41873e-07
-1.91539e-05
-2.31643e-05
5.48059e-07
1.53974e-06
1.67975e-06
5.53267e-06
2.97672e-06
8.05138e-06
4.29474e-06
9.07734e-06
5.53733e-06
9.06519e-06
6.60421e-06
8.34641e-06
7.42678e-06
7.20703e-06
7.98984e-06
5.87182e-06
8.30573e-06
4.50049e-06
8.39327e-06
3.17279e-06
8.26071e-06
1.92191e-06
7.90773e-06
7.40068e-07
7.29242e-06
-4.03488e-07
6.43103e-06
-1.57239e-06
5.31081e-06
-2.73801e-06
3.97371e-06
-4.00985e-06
2.47961e-06
-5.62749e-06
8.87248e-07
-9.24467e-06
-1.77161e-07
-1.80895e-05
-2.33415e-05
1.34927e-07
1.40481e-06
9.74573e-07
4.69303e-06
2.40319e-06
6.62276e-06
4.0802e-06
7.40033e-06
5.76565e-06
7.37975e-06
7.27308e-06
6.83897e-06
8.49731e-06
5.98281e-06
9.40644e-06
4.96269e-06
9.99454e-06
3.91238e-06
1.0275e-05
2.89233e-06
1.02541e-05
1.94279e-06
9.93934e-06
1.05485e-06
9.29514e-06
2.40719e-07
8.32881e-06
-6.06054e-07
7.04165e-06
-1.45086e-06
5.48184e-06
-2.45003e-06
3.8044e-06
-3.95006e-06
2.17611e-06
-7.61638e-06
6.28003e-07
-1.65414e-05
-2.27135e-05
-5.05161e-07
1.90997e-06
1.74293e-07
4.01357e-06
1.6711e-06
5.12596e-06
3.67344e-06
5.39799e-06
5.77508e-06
5.2781e-06
7.69437e-06
4.91968e-06
9.29289e-06
4.38429e-06
1.05282e-05
3.72737e-06
1.13809e-05
3.05967e-06
1.1869e-05
2.40428e-06
1.19974e-05
1.81433e-06
1.17878e-05
1.26446e-06
1.12577e-05
7.70796e-07
1.03897e-05
2.61946e-07
9.18772e-06
-2.48836e-07
7.71452e-06
-9.76832e-07
6.15678e-06
-2.39232e-06
4.39672e-06
-5.85631e-06
2.03056e-06
-1.41752e-05
-2.06829e-05
-4.16635e-06
6.07632e-06
-3.63767e-06
3.48489e-06
-1.28283e-06
2.77113e-06
1.46219e-06
2.65297e-06
4.14828e-06
2.59201e-06
6.63538e-06
2.43258e-06
8.81431e-06
2.20536e-06
1.06256e-05
1.91606e-06
1.20514e-05
1.63385e-06
1.31178e-05
1.33791e-06
1.38418e-05
1.09039e-06
1.4267e-05
8.3917e-07
1.43843e-05
6.53526e-07
1.4207e-05
4.393e-07
1.37178e-05
2.40371e-07
1.29311e-05
-1.90137e-07
1.18441e-05
-1.30532e-06
1.00795e-05
-4.09173e-06
5.62432e-06
-9.72004e-06
-1.50586e-05
6.07632e-06
9.56121e-06
1.23323e-05
1.49853e-05
1.75773e-05
2.00099e-05
2.22153e-05
2.41313e-05
2.57652e-05
2.71031e-05
2.81935e-05
2.90326e-05
2.96862e-05
3.01255e-05
3.03658e-05
3.01757e-05
2.88704e-05
2.47786e-05
1.50586e-05
)
;

boundaryField
{
    movingWall
    {
        type            calculated;
        value           uniform 0;
    }
    fixedWalls
    {
        type            calculated;
        value           uniform 0;
    }
    frontAndBack
    {
        type            empty;
        value           nonuniform List<scalar> 0();
    }
}


// ************************************************************************* //
