/*--------------------------------*- C++ -*----------------------------------*\
| =========                 |                                                 |
| \\      /  F ield         | OpenFOAM: The Open Source CFD Toolbox           |
|  \\    /   O peration     | Version:  2212                                  |
|   \\  /    A nd           | Website:  www.openfoam.com                      |
|    \\/     M anipulation  |                                                 |
\*---------------------------------------------------------------------------*/
FoamFile
{
    version     2.0;
    format      ascii;
    arch        "LSB;label=32;scalar=64";
    class       volVectorField;
    location    "1.845";
    object      U;
}
// * * * * * * * * * * * * * * * * * * * * * * * * * * * * * * * * * * * * * //

dimensions      [0 1 -1 0 0 0 0];

internalField   nonuniform List<vector> 
400
(
(0.000942011 -0.00102261 0)
(0.00243239 -0.00101114 0)
(0.00283656 -0.000660901 0)
(0.00165522 -0.00022697 0)
(-0.00174814 0.000394342 0)
(-0.00822596 0.00154031 0)
(-0.0185348 0.00346286 0)
(-0.0327247 0.00598796 0)
(-0.0491708 0.00803132 0)
(-0.0643837 0.00811995 0)
(-0.0744115 0.00576682 0)
(-0.0765258 0.0018193 0)
(-0.0694992 -0.00251893 0)
(-0.0534765 -0.00656018 0)
(-0.0316227 -0.00890935 0)
(-0.00773346 -0.00824033 0)
(0.0112977 -0.00448152 0)
(0.018667 0.0017456 0)
(0.012963 0.00502483 0)
(0.00364732 0.00380951 0)
(0.000545241 -0.00239635 0)
(-0.000105578 -0.00111117 0)
(-0.00434982 0.00168463 0)
(-0.0131149 0.00548517 0)
(-0.0279971 0.0106804 0)
(-0.0498785 0.0174489 0)
(-0.0773871 0.0245107 0)
(-0.106239 0.0289366 0)
(-0.131122 0.0279822 0)
(-0.148138 0.0211619 0)
(-0.155197 0.00990532 0)
(-0.151644 -0.00368624 0)
(-0.137932 -0.01773 0)
(-0.114413 -0.0300725 0)
(-0.0832529 -0.0373099 0)
(-0.0471371 -0.0357173 0)
(-0.0115086 -0.0233879 0)
(0.0129065 -0.00275268 0)
(0.0146718 0.0126307 0)
(0.00484127 0.0121867 0)
(-0.00100561 -0.00114273 0)
(-0.00641704 0.00439814 0)
(-0.0181957 0.0126955 0)
(-0.0368333 0.0236851 0)
(-0.063463 0.0368267 0)
(-0.0964481 0.0493963 0)
(-0.130922 0.0570615 0)
(-0.161533 0.0565363 0)
(-0.185005 0.0474025 0)
(-0.199931 0.031244 0)
(-0.205759 0.0101574 0)
(-0.202665 -0.0137727 0)
(-0.190914 -0.0384508 0)
(-0.170163 -0.0606009 0)
(-0.140258 -0.0755658 0)
(-0.101496 -0.0770559 0)
(-0.0561508 -0.0591137 0)
(-0.0121793 -0.0221153 0)
(0.00833247 0.013401 0)
(0.004038 0.0198137 0)
(-0.00303362 0.0047951 0)
(-0.0142885 0.0175675 0)
(-0.0342298 0.0329096 0)
(-0.0614993 0.0515404 0)
(-0.0956305 0.0704736 0)
(-0.132668 0.0842247 0)
(-0.166964 0.0880628 0)
(-0.19485 0.0807046 0)
(-0.215338 0.0639086 0)
(-0.228424 0.0400794 0)
(-0.234413 0.0111859 0)
(-0.233899 -0.021212 0)
(-0.226965 -0.0550948 0)
(-0.212704 -0.0874649 0)
(-0.189397 -0.113373 0)
(-0.15475 -0.124792 0)
(-0.107155 -0.110983 0)
(-0.0492521 -0.063845 0)
(-0.000812345 0.00044106 0)
(0.00454942 0.0241537 0)
(-0.00501105 0.0157549 0)
(-0.0215181 0.0377932 0)
(-0.0477311 0.0600204 0)
(-0.0800046 0.0844329 0)
(-0.116386 0.105665 0)
(-0.151817 0.11708 0)
(-0.181547 0.115294 0)
(-0.203942 0.101291 0)
(-0.219408 0.0781294 0)
(-0.228957 0.0485333 0)
(-0.233927 0.0143182 0)
(-0.235336 -0.0234632 0)
(-0.2333 -0.063547 0)
(-0.227025 -0.104198 0)
(-0.214187 -0.141736 0)
(-0.190533 -0.168278 0)
(-0.15093 -0.169881 0)
(-0.0918115 -0.127902 0)
(-0.0189489 -0.0359597 0)
(0.00653555 0.0235063 0)
(-0.00615903 0.0303469 0)
(-0.0258414 0.0625108 0)
(-0.0550036 0.0902279 0)
(-0.0879872 0.117793 0)
(-0.122015 0.138371 0)
(-0.152022 0.145464 0)
(-0.174709 0.137517 0)
(-0.189974 0.117373 0)
(-0.199108 0.0890085 0)
(-0.203984 0.0555227 0)
(-0.20664 0.0188099 0)
(-0.208356 -0.0203869 0)
(-0.209544 -0.0620229 0)
(-0.210096 -0.106216 0)
(-0.208152 -0.15176 0)
(-0.198784 -0.193352 0)
(-0.174441 -0.217388 0)
(-0.127338 -0.198331 0)
(-0.0543479 -0.105871 0)
(0.00498337 0.0125172 0)
(-0.00600725 0.0463947 0)
(-0.0260709 0.0884889 0)
(-0.0546575 0.119839 0)
(-0.0848344 0.148106 0)
(-0.113668 0.166019 0)
(-0.136722 0.167828 0)
(-0.152165 0.153728 0)
(-0.160946 0.12806 0)
(-0.164925 0.0955694 0)
(-0.166328 0.0596683 0)
(-0.16706 0.0222082 0)
(-0.168133 -0.0163105 0)
(-0.170187 -0.056498 0)
(-0.173939 -0.0996929 0)
(-0.178841 -0.147056 0)
(-0.181184 -0.19749 0)
(-0.173003 -0.241843 0)
(-0.144518 -0.254294 0)
(-0.0898063 -0.187667 0)
(-0.00703334 -0.0134915 0)
(-0.00454751 0.061456 0)
(-0.0223046 0.112818 0)
(-0.0474802 0.14627 0)
(-0.0726748 0.173507 0)
(-0.0952349 0.187717 0)
(-0.111664 0.184084 0)
(-0.121352 0.164341 0)
(-0.125878 0.134034 0)
(-0.127347 0.0984833 0)
(-0.127821 0.061116 0)
(-0.128441 0.0234117 0)
(-0.129452 -0.0144498 0)
(-0.131273 -0.0530116 0)
(-0.135 -0.093503 0)
(-0.141532 -0.138181 0)
(-0.149606 -0.189911 0)
(-0.15284 -0.246549 0)
(-0.140645 -0.287725 0)
(-0.10564 -0.257174 0)
(-0.0270672 -0.0665775 0)
(-0.00217239 0.0732725 0)
(-0.0155963 0.133066 0)
(-0.0354949 0.167692 0)
(-0.0546943 0.19295 0)
(-0.0710056 0.203336 0)
(-0.0819325 0.194998 0)
(-0.0877333 0.170823 0)
(-0.0902022 0.137216 0)
(-0.0913174 0.0998232 0)
(-0.0925793 0.0618162 0)
(-0.0942482 0.0240826 0)
(-0.0959289 -0.0136146 0)
(-0.0976851 -0.0515505 0)
(-0.100376 -0.0900393 0)
(-0.105702 -0.130924 0)
(-0.114853 -0.179248 0)
(-0.12435 -0.240137 0)
(-0.123281 -0.3034 0)
(-0.103504 -0.313359 0)
(-0.0351647 -0.146839 0)
(0.000596224 0.080203 0)
(-0.00720334 0.147708 0)
(-0.0207255 0.183394 0)
(-0.0336021 0.206672 0)
(-0.0440683 0.213919 0)
(-0.0505797 0.202143 0)
(-0.0538646 0.175026 0)
(-0.0555213 0.139537 0)
(-0.0570828 0.101439 0)
(-0.0594047 0.0634761 0)
(-0.0621989 0.0258707 0)
(-0.0648439 -0.011998 0)
(-0.0671912 -0.0501705 0)
(-0.0695962 -0.0879919 0)
(-0.0735974 -0.125981 0)
(-0.0816102 -0.169116 0)
(-0.0938305 -0.227865 0)
(-0.0998128 -0.304587 0)
(-0.0934498 -0.351796 0)
(-0.0304969 -0.224685 0)
(0.00325154 0.0813493 0)
(0.00155389 0.15564 0)
(-0.00515614 0.192807 0)
(-0.0117395 0.214473 0)
(-0.0167646 0.219493 0)
(-0.0194238 0.205796 0)
(-0.0206552 0.177447 0)
(-0.0216413 0.141547 0)
(-0.0233357 0.103708 0)
(-0.0260845 0.0662563 0)
(-0.0294286 0.0289842 0)
(-0.0328703 -0.00892378 0)
(-0.0362934 -0.0474423 0)
(-0.0396871 -0.0853647 0)
(-0.0439573 -0.121935 0)
(-0.0512146 -0.160511 0)
(-0.0648714 -0.214076 0)
(-0.0750296 -0.297639 0)
(-0.0808367 -0.376195 0)
(-0.0230718 -0.288583 0)
(0.00536239 0.0770791 0)
(0.00971038 0.156734 0)
(0.00981172 0.196135 0)
(0.00938073 0.217151 0)
(0.00966993 0.22114 0)
(0.0108789 0.206916 0)
(0.0119619 0.178671 0)
(0.0121593 0.143338 0)
(0.0110652 0.106256 0)
(0.00870068 0.0695355 0)
(0.00547963 0.0328929 0)
(0.00157325 -0.00450128 0)
(-0.0030267 -0.0426421 0)
(-0.00823465 -0.0803557 0)
(-0.0144996 -0.116122 0)
(-0.022565 -0.151291 0)
(-0.0382797 -0.198554 0)
(-0.051138 -0.283852 0)
(-0.0687583 -0.388925 0)
(-0.0150763 -0.341905 0)
(0.0063843 0.0684368 0)
(0.0160669 0.151133 0)
(0.0226159 0.192911 0)
(0.0280062 0.213727 0)
(0.0334902 0.217505 0)
(0.0389883 0.204032 0)
(0.0432944 0.17724 0)
(0.0457508 0.143502 0)
(0.0462421 0.107825 0)
(0.0449992 0.0723033 0)
(0.0423882 0.036822 0)
(0.0383432 0.000607374 0)
(0.0327241 -0.0362114 0)
(0.0254334 -0.0727772 0)
(0.0159878 -0.107388 0)
(0.00524398 -0.139968 0)
(-0.0138739 -0.181629 0)
(-0.0279626 -0.265172 0)
(-0.0575529 -0.391896 0)
(-0.00698141 -0.384708 0)
(0.00598099 0.0571335 0)
(0.0195536 0.139558 0)
(0.0321068 0.183913 0)
(0.0432905 0.205377 0)
(0.0541528 0.209775 0)
(0.0644999 0.19802 0)
(0.0729933 0.173659 0)
(0.0788195 0.142279 0)
(0.0818651 0.108502 0)
(0.0823979 0.0745572 0)
(0.0807372 0.0407402 0)
(0.0767661 0.00652495 0)
(0.0701473 -0.0279632 0)
(0.060793 -0.0622514 0)
(0.0479001 -0.0948452 0)
(0.0330803 -0.124937 0)
(0.00897868 -0.161502 0)
(-0.00496741 -0.241967 0)
(-0.0473135 -0.388667 0)
(0.0016373 -0.420789 0)
(0.00415354 0.0456318 0)
(0.0190444 0.123915 0)
(0.0359854 0.168683 0)
(0.0524302 0.189825 0)
(0.0689252 0.194663 0)
(0.0849216 0.185126 0)
(0.0988021 0.164202 0)
(0.109366 0.136433 0)
(0.116224 0.105845 0)
(0.119492 0.0746802 0)
(0.119371 0.0436725 0)
(0.115875 0.0126301 0)
(0.108272 -0.0183114 0)
(0.0969505 -0.0489291 0)
(0.080253 -0.0781492 0)
(0.0609435 -0.10581 0)
(0.0313548 -0.13847 0)
(0.0179466 -0.216099 0)
(-0.03766 -0.3823 0)
(0.0118875 -0.45155 0)
(0.00124745 0.0361304 0)
(0.0144433 0.106843 0)
(0.0343976 0.150757 0)
(0.0557259 0.171272 0)
(0.0780071 0.176046 0)
(0.100056 0.16835 0)
(0.119997 0.150971 0)
(0.136157 0.1274 0)
(0.14771 0.100909 0)
(0.154559 0.073555 0)
(0.156521 0.0463262 0)
(0.154083 0.0194183 0)
(0.145742 -0.00713354 0)
(0.132735 -0.0328844 0)
(0.112236 -0.0574483 0)
(0.0888122 -0.0818626 0)
(0.0539406 -0.112025 0)
(0.0399688 -0.188686 0)
(-0.0270305 -0.374217 0)
(0.0262359 -0.476106 0)
(-0.00287271 0.0342534 0)
(0.0030877 0.0923336 0)
(0.0214302 0.125999 0)
(0.0471424 0.142495 0)
(0.075834 0.146539 0)
(0.104942 0.140861 0)
(0.131929 0.12768 0)
(0.154769 0.109452 0)
(0.172073 0.0886752 0)
(0.183594 0.0670083 0)
(0.188548 0.0455466 0)
(0.187859 0.024579 0)
(0.179559 0.00435328 0)
(0.166135 -0.0151843 0)
(0.142869 -0.0337663 0)
(0.11729 -0.0542989 0)
(0.0783361 -0.0841101 0)
(0.0616386 -0.163492 0)
(-0.00943715 -0.361117 0)
(0.0495945 -0.485862 0)
(-0.0096571 0.0247064 0)
(-0.00820234 0.086961 0)
(0.00746946 0.111876 0)
(0.0356762 0.118979 0)
(0.0693936 0.118222 0)
(0.104277 0.112406 0)
(0.13724 0.102471 0)
(0.165644 0.0892318 0)
(0.187892 0.0744656 0)
(0.203942 0.0589943 0)
(0.212089 0.0440952 0)
(0.214749 0.0296975 0)
(0.20814 0.0167375 0)
(0.197867 0.00404083 0)
(0.17599 -0.00791862 0)
(0.155177 -0.0248572 0)
(0.115472 -0.0554785 0)
(0.0971175 -0.13685 0)
(0.0321411 -0.323705 0)
(0.090394 -0.453989 0)
(-0.103282 0.0868201 0)
(-0.076681 0.0709218 0)
(-0.052962 0.0673097 0)
(-0.0085841 0.0677855 0)
(0.0367233 0.0669779 0)
(0.0823576 0.0639229 0)
(0.124545 0.0589651 0)
(0.163693 0.0521141 0)
(0.19494 0.0447807 0)
(0.223159 0.0369198 0)
(0.240585 0.0297762 0)
(0.257433 0.0228054 0)
(0.260734 0.0171502 0)
(0.267254 0.0115275 0)
(0.255226 0.00588816 0)
(0.251202 -0.00476576 0)
(0.215922 -0.0299421 0)
(0.208584 -0.091957 0)
(0.146933 -0.229103 0)
(0.169999 -0.341228 0)
(0.1318 0.105555 0)
(0.16231 0.0791327 0)
(0.21795 0.0571315 0)
(0.275115 0.0443672 0)
(0.32412 0.0373589 0)
(0.371619 0.0325087 0)
(0.411605 0.0290983 0)
(0.453065 0.0256889 0)
(0.483862 0.023149 0)
(0.517897 0.0201001 0)
(0.537375 0.0181474 0)
(0.563853 0.0153249 0)
(0.571425 0.0140831 0)
(0.591464 0.011362 0)
(0.585253 0.0105861 0)
(0.596217 0.00615225 0)
(0.563314 0.00131726 0)
(0.546444 -0.0172675 0)
(0.437217 -0.0498588 0)
(0.337953 -0.101196 0)
)
;

boundaryField
{
    movingWall
    {
        type            fixedValue;
        value           uniform (1 0 0);
    }
    fixedWalls
    {
        type            noSlip;
    }
    frontAndBack
    {
        type            empty;
    }
}


// ************************************************************************* //
