/*--------------------------------*- C++ -*----------------------------------*\
| =========                 |                                                 |
| \\      /  F ield         | OpenFOAM: The Open Source CFD Toolbox           |
|  \\    /   O peration     | Version:  2212                                  |
|   \\  /    A nd           | Website:  www.openfoam.com                      |
|    \\/     M anipulation  |                                                 |
\*---------------------------------------------------------------------------*/
FoamFile
{
    version     2.0;
    format      ascii;
    arch        "LSB;label=32;scalar=64";
    class       volScalarField;
    location    "2.47";
    object      p;
}
// * * * * * * * * * * * * * * * * * * * * * * * * * * * * * * * * * * * * * //

dimensions      [0 2 -2 0 0 0 0];

internalField   nonuniform List<scalar> 
400
(
-3.06559e-08
-0.000141039
-0.000485877
-0.000971533
-0.00157178
-0.00225571
-0.00288296
-0.00325842
-0.00321235
-0.00259865
-0.00128587
0.000745688
0.00322171
0.00539026
0.0064434
0.00600468
0.0043111
0.00261408
0.00162051
0.00153243
0.000119635
-3.96158e-05
-0.000326486
-0.00068319
-0.00112845
-0.00170799
-0.00242603
-0.00315297
-0.00360876
-0.00345298
-0.00243102
-0.000545195
0.00181494
0.00398622
0.00516889
0.00493207
0.00350826
0.00189988
0.00114462
0.00119896
0.000485069
0.00025299
-5.03517e-05
-0.000486366
-0.0011865
-0.00226872
-0.00370741
-0.00526846
-0.00653533
-0.00702443
-0.00640336
-0.00472736
-0.00232137
0.000231866
0.0021561
0.00283242
0.00222568
0.00109684
0.000220239
0.000184732
0.00099666
0.000635865
0.000170778
-0.000659768
-0.00210841
-0.00428323
-0.00700081
-0.0098201
-0.0121835
-0.0135568
-0.0136078
-0.0123559
-0.00999946
-0.00695246
-0.00386695
-0.00145409
-0.000187031
-5.9954e-05
-0.000649958
-0.00127857
0.00127456
0.000758802
-6.14612e-05
-0.00166333
-0.00432034
-0.00799887
-0.012264
-0.0164526
-0.01993
-0.0222305
-0.0230905
-0.0223967
-0.0202487
-0.0169024
-0.0127643
-0.00841606
-0.00462881
-0.00220111
-0.00156083
-0.00330201
0.000908086
0.000196269
-0.00115091
-0.00377166
-0.00784785
-0.0130859
-0.0187406
-0.0239855
-0.0282002
-0.0310477
-0.0323922
-0.0321418
-0.0303582
-0.0271734
-0.0227124
-0.0171812
-0.0111587
-0.0059964
-0.00366981
-0.00572485
-0.000378912
-0.00130142
-0.00324062
-0.00689042
-0.012255
-0.018726
-0.0252975
-0.0310806
-0.0355447
-0.0385008
-0.0399508
-0.0399232
-0.0384829
-0.0356947
-0.0315263
-0.0258465
-0.0187548
-0.0114446
-0.00697196
-0.00703517
-0.00258418
-0.00367285
-0.00613084
-0.0105884
-0.0168658
-0.0240794
-0.0310652
-0.0369617
-0.0413683
-0.0442246
-0.0456197
-0.0456617
-0.0444419
-0.042013
-0.0383198
-0.0331071
-0.0260872
-0.017747
-0.0107633
-0.00730989
-0.00538484
-0.00655048
-0.00935637
-0.0143016
-0.0210614
-0.0285746
-0.0356184
-0.0414047
-0.0456486
-0.0483703
-0.049699
-0.0497603
-0.0486482
-0.0464329
-0.0431218
-0.0385315
-0.0322026
-0.0239355
-0.015339
-0.00911367
-0.00829146
-0.00943418
-0.0123911
-0.0175076
-0.0243769
-0.0318756
-0.0387953
-0.0444161
-0.0485215
-0.0511606
-0.0524614
-0.0525317
-0.0514563
-0.0493242
-0.0462202
-0.0421096
-0.0366222
-0.0291687
-0.0205826
-0.0130575
-0.0108456
-0.011894
-0.0148102
-0.0198304
-0.0265227
-0.0338098
-0.0405423
-0.0460332
-0.0500743
-0.0526977
-0.0540064
-0.0540847
-0.0530046
-0.0508643
-0.0478152
-0.0439689
-0.0392043
-0.0328044
-0.0251839
-0.0175426
-0.0127812
-0.0136511
-0.0163712
-0.0210529
-0.0273309
-0.034263
-0.0407948
-0.046232
-0.0503026
-0.0529844
-0.0543377
-0.0544254
-0.0533089
-0.0510912
-0.0479786
-0.0442012
-0.0399446
-0.0344393
-0.0279247
-0.02061
-0.0140548
-0.0146203
-0.0169326
-0.0210672
-0.0267426
-0.0332135
-0.0395411
-0.0449941
-0.0491881
-0.0520039
-0.053444
-0.0535461
-0.0523664
-0.0500276
-0.0467617
-0.0428667
-0.0388823
-0.0338725
-0.0282453
-0.0211692
-0.0147328
-0.0148915
-0.0165547
-0.0198793
-0.0247565
-0.0306673
-0.0367793
-0.0423007
-0.0467056
-0.0497435
-0.0513358
-0.0514859
-0.0502375
-0.0477316
-0.0442422
-0.0401515
-0.0360634
-0.0311509
-0.0264516
-0.0189238
-0.0149203
-0.0146391
-0.0154171
-0.0176452
-0.0215155
-0.0267554
-0.0326241
-0.0382501
-0.042945
-0.0462987
-0.048125
-0.0483711
-0.0470866
-0.0443908
-0.040619
-0.0361977
-0.0317551
-0.0267558
-0.023191
-0.0137067
-0.0147372
-0.0140825
-0.0137031
-0.0145314
-0.0172129
-0.021692
-0.0272944
-0.0330511
-0.0381042
-0.0418684
-0.0440343
-0.0444761
-0.0432284
-0.0403781
-0.0362943
-0.0314161
-0.026442
-0.0211741
-0.018077
-0.00407711
-0.0142763
-0.013356
-0.011557
-0.0108346
-0.0122799
-0.0160076
-0.0213688
-0.0272831
-0.0327441
-0.0369992
-0.039615
-0.0403678
-0.0392582
-0.0363501
-0.0319486
-0.026425
-0.0204471
-0.0139405
-0.00813822
0.014768
-0.0144258
-0.0126313
-0.00891974
-0.0066606
-0.00706149
-0.0102461
-0.0154917
-0.0216133
-0.0275214
-0.0323261
-0.0354971
-0.0366952
-0.035866
-0.0330143
-0.0283089
-0.0217807
-0.013607
-0.00255576
0.0140832
0.0547961
-0.0118745
-0.0121187
-0.00652595
-0.00284127
-0.00260263
-0.00561069
-0.010932
-0.0173144
-0.0236558
-0.0289723
-0.0327067
-0.0344326
-0.0340547
-0.0313231
-0.0261051
-0.0175889
-0.00453503
0.0178653
0.0574797
0.127061
-0.029586
-0.0111578
-0.00171153
0.0017209
0.00130449
-0.00207815
-0.00766743
-0.0143419
-0.0210117
-0.026675
-0.0307553
-0.0328087
-0.0327013
-0.0300277
-0.0241488
-0.0128957
0.0080358
0.0486337
0.119916
0.223488
)
;

boundaryField
{
    movingWall
    {
        type            zeroGradient;
    }
    fixedWalls
    {
        type            zeroGradient;
    }
    frontAndBack
    {
        type            empty;
    }
}


// ************************************************************************* //
