/*--------------------------------*- C++ -*----------------------------------*\
| =========                 |                                                 |
| \\      /  F ield         | OpenFOAM: The Open Source CFD Toolbox           |
|  \\    /   O peration     | Version:  2212                                  |
|   \\  /    A nd           | Website:  www.openfoam.com                      |
|    \\/     M anipulation  |                                                 |
\*---------------------------------------------------------------------------*/
FoamFile
{
    version     2.0;
    format      ascii;
    arch        "LSB;label=32;scalar=64";
    class       volScalarField;
    location    "0.67";
    object      p;
}
// * * * * * * * * * * * * * * * * * * * * * * * * * * * * * * * * * * * * * //

dimensions      [0 2 -2 0 0 0 0];

internalField   nonuniform List<scalar> 
400
(
-6.35405e-10
-3.72892e-05
-4.14228e-06
8.84527e-05
0.000238033
0.000448642
0.000728644
0.00109002
0.00154691
0.00211238
0.00279218
0.00357508
0.00442066
0.00523908
0.00590876
0.00630818
0.00639012
0.0062208
0.00594821
0.00579333
4.38238e-05
6.41872e-06
5.02161e-05
0.000150246
0.000301741
0.000509744
0.000782448
0.00113081
0.00156803
0.00210758
0.00275792
0.00351239
0.00433703
0.00515021
0.00581882
0.00620896
0.00626775
0.00607148
0.00579858
0.00564631
-1.99298e-05
-6.63034e-05
-2.25334e-05
7.46489e-05
0.000217608
0.00041119
0.000663369
0.000985388
0.0013923
0.00190256
0.00253392
0.00329252
0.00415671
0.00503732
0.00577336
0.006187
0.00620314
0.00591866
0.00555196
0.00536176
-0.000205971
-0.000261155
-0.000223903
-0.000138332
-1.40965e-05
0.000153065
0.000370755
0.000650799
0.00101099
0.0014767
0.00207915
0.00284332
0.00376342
0.00475648
0.00561276
0.00607708
0.00603638
0.0056266
0.00511136
0.00485873
-0.000529057
-0.000591231
-0.000565844
-0.000500566
-0.000406097
-0.000279069
-0.00011297
0.000103499
0.000389007
0.000772983
0.00129921
0.00201765
0.00294966
0.00406155
0.00508861
0.0056678
0.0056117
0.00508493
0.00442079
0.00400687
-0.000991886
-0.00106062
-0.00105298
-0.0010176
-0.000966005
-0.000896781
-0.000806573
-0.000688134
-0.000528262
-0.000306164
1.64355e-05
0.000515076
0.00128367
0.00236153
0.00353737
0.00438438
0.00460502
0.00422983
0.00356476
0.00267478
-0.00158552
-0.00166122
-0.00167751
-0.00168257
-0.00168934
-0.00170049
-0.00171994
-0.0017518
-0.00180124
-0.0018839
-0.00202417
-0.00217901
-0.00211952
-0.00157961
-0.000567448
0.000747925
0.00199528
0.00267131
0.00244839
0.00100093
-0.00229217
-0.00237529
-0.00242117
-0.00247699
-0.00255837
-0.00267521
-0.00284477
-0.00309417
-0.00346862
-0.00406541
-0.00506959
-0.00660554
-0.00830547
-0.00914111
-0.00894091
-0.00707088
-0.00398501
-0.00087704
0.000541814
-0.000630649
-0.00308715
-0.00317749
-0.00325653
-0.00337056
-0.00353956
-0.00378405
-0.0041413
-0.004675
-0.00549631
-0.00683013
-0.00909922
-0.0126588
-0.0170346
-0.0205439
-0.0210747
-0.0186381
-0.0136961
-0.00755914
-0.00275029
-0.000866185
-0.00394076
-0.00403675
-0.00414819
-0.00432112
-0.00458127
-0.00496205
-0.00552429
-0.00637581
-0.00770785
-0.00988055
-0.0135208
-0.0191117
-0.025954
-0.0315889
-0.0331571
-0.0305888
-0.0246762
-0.0163938
-0.00793112
-0.00179117
-0.00482109
-0.00491933
-0.00505581
-0.00527748
-0.00561662
-0.00611897
-0.00686554
-0.00800015
-0.00977786
-0.0126414
-0.017291
-0.0241527
-0.0323462
-0.0390223
-0.0411235
-0.0387347
-0.0329532
-0.0245211
-0.0147203
-0.00573684
-0.00569796
-0.0057928
-0.00593832
-0.00618503
-0.00657237
-0.00715505
-0.00802389
-0.0093344
-0.0113706
-0.0145718
-0.0195947
-0.0267174
-0.035092
-0.0418608
-0.0441472
-0.0419812
-0.0367824
-0.0293409
-0.0203845
-0.0108616
-0.00654832
-0.00663228
-0.0067618
-0.00699611
-0.00738426
-0.00798673
-0.00889249
-0.010229
-0.0122992
-0.0154263
-0.0202411
-0.0268348
-0.0344116
-0.0405123
-0.0427647
-0.0408641
-0.0363851
-0.0301444
-0.0227042
-0.0137607
-0.00736071
-0.00742167
-0.00749757
-0.00766947
-0.0080021
-0.00855958
-0.00943205
-0.010612
-0.0125403
-0.0153718
-0.0194986
-0.024971
-0.031122
-0.03609
-0.0380317
-0.0365046
-0.0327538
-0.0274939
-0.0219286
-0.0135718
-0.00814756
-0.00817027
-0.00814618
-0.0081943
-0.00840884
-0.00885014
-0.00957578
-0.0106636
-0.0122974
-0.0146483
-0.0179174
-0.0220884
-0.0266642
-0.0303611
-0.0318787
-0.0306068
-0.0274843
-0.0230255
-0.0196259
-0.0106627
-0.00894686
-0.00888933
-0.00866911
-0.00852663
-0.00858474
-0.00888573
-0.00946425
-0.0103778
-0.0117244
-0.013611
-0.0161243
-0.0192053
-0.0224931
-0.0251081
-0.0260816
-0.0249701
-0.0223402
-0.0184897
-0.0168451
-0.0045043
-0.00978828
-0.00969094
-0.00918733
-0.00875994
-0.00860749
-0.0087452
-0.00917054
-0.0099082
-0.0110148
-0.0125487
-0.014541
-0.0169065
-0.0193698
-0.0212801
-0.0219101
-0.020731
-0.0181996
-0.0143553
-0.0118581
0.00931835
-0.0116541
-0.0106507
-0.00930066
-0.00856738
-0.00830002
-0.00835199
-0.00868182
-0.00930044
-0.0102562
-0.0115816
-0.0132988
-0.0153022
-0.0173789
-0.0189712
-0.0195074
-0.0182046
-0.01501
-0.00876512
0.0028282
0.0432092
-0.0106928
-0.0123923
-0.0103345
-0.00898138
-0.00835804
-0.00822363
-0.00840691
-0.00888839
-0.00972894
-0.0109261
-0.0125355
-0.0144063
-0.0163965
-0.017897
-0.0183281
-0.0162051
-0.00992732
0.00605654
0.0410759
0.111126
-0.0283043
-0.0129295
-0.00750653
-0.00632743
-0.00617447
-0.00625451
-0.00658755
-0.0072077
-0.00820923
-0.00954865
-0.0112953
-0.013287
-0.0153852
-0.0168909
-0.0167037
-0.0120185
0.00197228
0.0357787
0.103319
0.207298
)
;

boundaryField
{
    movingWall
    {
        type            zeroGradient;
    }
    fixedWalls
    {
        type            zeroGradient;
    }
    frontAndBack
    {
        type            empty;
    }
}


// ************************************************************************* //
