/*--------------------------------*- C++ -*----------------------------------*\
| =========                 |                                                 |
| \\      /  F ield         | OpenFOAM: The Open Source CFD Toolbox           |
|  \\    /   O peration     | Version:  2212                                  |
|   \\  /    A nd           | Website:  www.openfoam.com                      |
|    \\/     M anipulation  |                                                 |
\*---------------------------------------------------------------------------*/
FoamFile
{
    version     2.0;
    format      ascii;
    arch        "LSB;label=32;scalar=64";
    class       volScalarField;
    location    "1.41";
    object      p;
}
// * * * * * * * * * * * * * * * * * * * * * * * * * * * * * * * * * * * * * //

dimensions      [0 2 -2 0 0 0 0];

internalField   nonuniform List<scalar> 
400
(
2.96698e-06
-0.00582496
-0.012963
-0.0184155
-0.0204332
-0.0182396
-0.011775
-0.00148485
0.0118362
0.0271481
0.0432435
0.0588224
0.0725781
0.0833081
0.0900524
0.0922665
0.0900253
0.0842432
0.0768799
0.0710664
0.00578114
-0.000218201
-0.00580426
-0.00954312
-0.0105997
-0.00843361
-0.0029709
0.00547313
0.0163019
0.0287107
0.0417489
0.0543852
0.0655858
0.0744094
0.0801198
0.0823153
0.0810767
0.0770542
0.0712734
0.065317
0.0133353
0.00503361
-0.000995615
-0.00442365
-0.00527367
-0.00326481
0.00160139
0.00902661
0.0185011
0.0293483
0.0407645
0.0518688
0.0617677
0.0696357
0.0748064
0.0768775
0.075841
0.0720852
0.0658047
0.0575346
0.0201395
0.00869586
0.00122557
-0.00266902
-0.00372282
-0.00188618
0.0027303
0.00978357
0.0187794
0.0290941
0.039991
0.0506531
0.0602321
0.0679151
0.0730024
0.0750008
0.0737651
0.0694554
0.0616021
0.0501015
0.024502
0.00977299
0.000589512
-0.00398733
-0.00530284
-0.00350814
0.00117378
0.00833353
0.0174609
0.0279481
0.0390841
0.050069
0.060048
0.0681642
0.0736255
0.0757969
0.0743681
0.0692889
0.0595246
0.0445361
0.0251779
0.00714986
-0.0038023
-0.00905757
-0.0105126
-0.00850065
-0.00335767
0.00442843
0.0143123
0.025678
0.0378128
0.0499024
0.0610472
0.0703022
0.0767337
0.0795159
0.0781379
0.0723326
0.0605383
0.0418889
0.0210934
-0.000262618
-0.0129348
-0.0187097
-0.0200302
-0.0174145
-0.0113191
-0.00232058
0.00898943
0.0219751
0.0359086
0.0499434
0.0631113
0.0743444
0.082521
0.0865685
0.0857197
0.0794461
0.0656193
0.0430706
0.0111426
-0.0136185
-0.0278755
-0.0338547
-0.034604
-0.030858
-0.0232134
-0.0123459
0.00110397
0.0164829
0.0330515
0.0499326
0.0660825
0.080289
0.0911998
0.0974291
0.0978693
0.0916351
0.0758953
0.0491155
-0.00596747
-0.0342669
-0.0498706
-0.0555491
-0.0550906
-0.0495151
-0.039594
-0.0261139
-0.00975783
0.00882213
0.0289
0.0495925
0.0697966
0.0881537
0.103047
0.1127
0.11555
0.110191
0.0928333
0.0614105
-0.0318576
-0.0638766
-0.0804175
-0.0850078
-0.0824207
-0.0740789
-0.0609814
-0.0440371
-0.0239521
-0.00133761
0.0231448
0.0486601
0.0740947
0.0979714
0.118395
0.133125
0.139988
0.136817
0.11844
0.081933
-0.0686679
-0.104604
-0.121345
-0.123591
-0.117516
-0.105127
-0.0877188
-0.066326
-0.0416375
-0.0141562
0.0156049
0.0469525
0.078855
0.109793
0.137623
0.159585
0.172726
0.173777
0.15552
0.11357
-0.119403
-0.159357
-0.174915
-0.172757
-0.161148
-0.142929
-0.119759
-0.0927775
-0.0625779
-0.0294481
0.00637265
0.044473
0.0840546
0.123702
0.161136
0.193085
0.215668
0.224076
0.20805
0.160632
-0.188629
-0.232242
-0.243939
-0.233948
-0.213695
-0.187155
-0.156373
-0.122501
-0.0858982
-0.0464725
-0.00401472
0.0415386
0.0898419
0.139829
0.189319
0.234689
0.271074
0.291664
0.281742
0.229776
-0.283975
-0.329305
-0.331832
-0.30828
-0.274708
-0.23644
-0.195764
-0.15361
-0.10984
-0.0637452
-0.0144378
0.0388635
0.0965544
0.158277
0.222374
0.285288
0.341397
0.381575
0.384914
0.331834
-0.419318
-0.459671
-0.44235
-0.395792
-0.342128
-0.287739
-0.234615
-0.182929
-0.131609
-0.0789845
-0.0232135
0.0374758
0.104554
0.178838
0.259862
0.344971
0.428617
0.4997
0.529675
0.485392
-0.620531
-0.636743
-0.578676
-0.494192
-0.411239
-0.335657
-0.267779
-0.205976
-0.147535
-0.0893819
-0.028425
0.0383493
0.113808
0.200473
0.299976
0.412026
0.53303
0.651776
0.732773
0.722397
-0.935923
-0.878514
-0.74174
-0.597947
-0.474391
-0.372658
-0.288867
-0.217761
-0.153952
-0.0924624
-0.0287158
0.0416971
0.123265
0.22072
0.338927
0.482156
0.651998
0.841343
1.01527
1.0975
-1.47642
-1.20663
-0.920501
-0.691386
-0.517303
-0.387542
-0.290059
-0.213335
-0.148122
-0.0872137
-0.0245759
0.0454591
0.128939
0.233073
0.367105
0.54268
0.771295
1.05932
1.40329
1.73014
-2.53965
-1.63055
-1.04444
-0.710957
-0.495748
-0.352091
-0.254529
-0.183581
-0.126167
-0.0735934
-0.0192673
0.0427885
0.119214
0.218784
0.354814
0.547985
0.826394
1.23658
1.91168
2.92419
-4.36666
-2.04463
-0.97354
-0.563179
-0.357844
-0.240145
-0.170117
-0.123781
-0.0874795
-0.0535086
-0.0166528
0.0276622
0.084609
0.161731
0.272413
0.4421
0.71822
1.22571
2.41104
4.84853
)
;

boundaryField
{
    movingWall
    {
        type            zeroGradient;
    }
    fixedWalls
    {
        type            zeroGradient;
    }
    frontAndBack
    {
        type            empty;
    }
}


// ************************************************************************* //
