/*--------------------------------*- C++ -*----------------------------------*\
| =========                 |                                                 |
| \\      /  F ield         | OpenFOAM: The Open Source CFD Toolbox           |
|  \\    /   O peration     | Version:  2212                                  |
|   \\  /    A nd           | Website:  www.openfoam.com                      |
|    \\/     M anipulation  |                                                 |
\*---------------------------------------------------------------------------*/
FoamFile
{
    version     2.0;
    format      ascii;
    arch        "LSB;label=32;scalar=64";
    class       volScalarField;
    location    "3.51";
    object      p;
}
// * * * * * * * * * * * * * * * * * * * * * * * * * * * * * * * * * * * * * //

dimensions      [0 2 -2 0 0 0 0];

internalField   nonuniform List<scalar> 
400
(
8.92443e-09
-0.000149007
-0.000524909
-0.00105182
-0.00170033
-0.00244578
-0.00312382
-0.00352896
-0.00349441
-0.00286776
-0.00149843
0.000641221
0.00324498
0.00550352
0.00655125
0.00599893
0.00413824
0.00232101
0.00128891
0.00121401
0.00011669
-5.47606e-05
-0.000366422
-0.000747549
-0.00122063
-0.00185174
-0.00264936
-0.00346378
-0.00398374
-0.00384034
-0.00276446
-0.000771179
0.00171604
0.00398033
0.0051692
0.00484013
0.00326155
0.00155814
0.000779915
0.00086077
0.000526164
0.000262727
-7.14559e-05
-0.000544774
-0.00131498
-0.00251667
-0.00411117
-0.00582845
-0.00721045
-0.00773894
-0.00707351
-0.00529961
-0.00276231
-8.70744e-05
0.00190253
0.00256669
0.00188722
0.00070079
-0.000194315
-0.000202621
0.0011199
0.000719426
0.000186978
-0.000752361
-0.00238061
-0.00479704
-0.00777162
-0.0108162
-0.0133364
-0.0147786
-0.0148116
-0.0134729
-0.0109727
-0.00775711
-0.00451758
-0.00199467
-0.000662151
-0.000500664
-0.001082
-0.00171482
0.0015168
0.000926636
-3.36572e-05
-0.00187122
-0.00485766
-0.00891018
-0.0135165
-0.0179666
-0.0216131
-0.023996
-0.0248589
-0.0240832
-0.0217857
-0.0182448
-0.0138885
-0.00931632
-0.0053184
-0.00272396
-0.00199331
-0.003797
0.00120709
0.000387726
-0.00119148
-0.00418919
-0.00873912
-0.0144437
-0.0204691
-0.0259658
-0.0303284
-0.0332435
-0.0345865
-0.0342604
-0.0323409
-0.028966
-0.0242667
-0.0184547
-0.0121226
-0.00667075
-0.00417879
-0.00627833
-0.000125316
-0.00118579
-0.00344558
-0.00758888
-0.013525
-0.0204956
-0.0274199
-0.0334201
-0.0380048
-0.0410172
-0.0424695
-0.0423854
-0.0408281
-0.0378588
-0.0334447
-0.027459
-0.0200112
-0.0123325
-0.00759094
-0.00752729
-0.00248379
-0.0037291
-0.006569
-0.0115937
-0.0184842
-0.0261858
-0.0334859
-0.0395654
-0.0440766
-0.0469893
-0.0483999
-0.0484088
-0.0470943
-0.0444973
-0.0405574
-0.0350265
-0.0276317
-0.018877
-0.0115017
-0.00777325
-0.00550225
-0.00682933
-0.0100451
-0.0155889
-0.0229649
-0.0309353
-0.0382549
-0.0441989
-0.0485395
-0.0513242
-0.0526844
-0.0527341
-0.0515496
-0.0491833
-0.0456323
-0.0407198
-0.03401
-0.0253157
-0.0162866
-0.00972406
-0.00862504
-0.00992525
-0.0132956
-0.0190124
-0.0264825
-0.034409
-0.041577
-0.0473399
-0.0515379
-0.0542443
-0.0555872
-0.0556617
-0.054534
-0.0522711
-0.0489413
-0.0445123
-0.0386428
-0.0307704
-0.0217775
-0.0139442
-0.0113376
-0.012539
-0.0158566
-0.0214608
-0.0287348
-0.0364352
-0.043407
-0.0490349
-0.0531671
-0.0558584
-0.0572135
-0.057305
-0.0561866
-0.053932
-0.0506705
-0.0465117
-0.0413633
-0.0345562
-0.0265683
-0.0186741
-0.0133515
-0.014369
-0.0174665
-0.0227022
-0.0295438
-0.0368942
-0.0436803
-0.0492642
-0.0534299
-0.0561795
-0.0575787
-0.0576806
-0.0565305
-0.0542045
-0.0508831
-0.0467903
-0.0421407
-0.0362315
-0.0293854
-0.021868
-0.0146326
-0.0153195
-0.0179757
-0.0226263
-0.0288497
-0.0357607
-0.0423803
-0.04801
-0.0523131
-0.0552003
-0.0566832
-0.0567924
-0.0555688
-0.0531095
-0.0496215
-0.0453926
-0.04099
-0.0355645
-0.0296426
-0.0223909
-0.0152725
-0.0155007
-0.0174513
-0.0212397
-0.0266473
-0.0330291
-0.0394887
-0.0452374
-0.0497825
-0.0529037
-0.0545357
-0.0546798
-0.0533609
-0.0507017
-0.0469531
-0.0424881
-0.0379362
-0.0325827
-0.0276491
-0.0199143
-0.0153972
-0.0151179
-0.0160899
-0.0187003
-0.0230651
-0.0288072
-0.0350945
-0.041021
-0.0459084
-0.04937
-0.0512352
-0.051452
-0.0500612
-0.0471592
-0.043065
-0.0382032
-0.0332382
-0.027764
-0.0239955
-0.0142503
-0.0151264
-0.014416
-0.0141047
-0.015187
-0.0182929
-0.0232916
-0.0293887
-0.0355358
-0.0408536
-0.0447665
-0.0469795
-0.0473714
-0.0459701
-0.0428465
-0.0383588
-0.0329547
-0.0273908
-0.0216124
-0.0181604
-0.00398549
-0.014548
-0.0135322
-0.0116502
-0.0110091
-0.0127822
-0.0170284
-0.0229531
-0.0293522
-0.035164
-0.0396259
-0.0423131
-0.0430087
-0.0417102
-0.0384556
-0.033562
-0.0274108
-0.02074
-0.0136
-0.0072793
0.0156083
-0.0145249
-0.0126258
-0.00869105
-0.00632786
-0.00695309
-0.0106373
-0.0164915
-0.0231755
-0.0295162
-0.0345916
-0.0378685
-0.0390097
-0.0379649
-0.0347425
-0.0294884
-0.0222325
-0.0132083
-0.00133911
0.0158757
0.056374
-0.0117937
-0.011868
-0.00588581
-0.00201776
-0.00197831
-0.0054834
-0.0114426
-0.0184419
-0.0252761
-0.0309134
-0.0347897
-0.0364832
-0.0359008
-0.0327728
-0.0269488
-0.017641
-0.00364729
0.0196594
0.0597519
0.129035
-0.0295016
-0.0107148
-0.000836548
0.00276938
0.00216036
-0.00171501
-0.00794951
-0.0152623
-0.0224546
-0.0284699
-0.0327198
-0.0347602
-0.0344594
-0.031404
-0.0249564
-0.012939
0.00895149
0.0503967
0.122023
0.225362
)
;

boundaryField
{
    movingWall
    {
        type            zeroGradient;
    }
    fixedWalls
    {
        type            zeroGradient;
    }
    frontAndBack
    {
        type            empty;
    }
}


// ************************************************************************* //
