/*--------------------------------*- C++ -*----------------------------------*\
| =========                 |                                                 |
| \\      /  F ield         | OpenFOAM: The Open Source CFD Toolbox           |
|  \\    /   O peration     | Version:  2212                                  |
|   \\  /    A nd           | Website:  www.openfoam.com                      |
|    \\/     M anipulation  |                                                 |
\*---------------------------------------------------------------------------*/
FoamFile
{
    version     2.0;
    format      ascii;
    arch        "LSB;label=32;scalar=64";
    class       surfaceScalarField;
    location    "4.935";
    object      phi;
}
// * * * * * * * * * * * * * * * * * * * * * * * * * * * * * * * * * * * * * //

dimensions      [0 3 -1 0 0 0 0];

oriented        oriented;

internalField   nonuniform List<scalar> 
760
(
1.55182e-07
-1.55185e-07
2.91655e-07
-1.36473e-07
3.07536e-07
-1.58806e-08
1.81265e-07
1.26271e-07
-1.22101e-07
3.03366e-07
-6.66137e-07
5.44036e-07
-1.48275e-06
8.16611e-07
-2.48518e-06
1.00243e-06
-3.47229e-06
9.87105e-07
-4.21156e-06
7.39275e-07
-4.53612e-06
3.24564e-07
-4.34867e-06
-1.87458e-07
-3.59275e-06
-7.55918e-07
-2.38221e-06
-1.21053e-06
-9.46749e-07
-1.43547e-06
3.39254e-07
-1.286e-06
1.0827e-06
-7.43451e-07
1.02897e-06
5.37296e-08
4.59602e-07
5.69372e-07
4.59602e-07
1.23465e-07
-2.7865e-07
7.17451e-08
-8.47527e-08
-2.99647e-07
3.55511e-07
-1.07952e-06
9.06145e-07
-2.31262e-06
1.53647e-06
-3.91883e-06
2.15024e-06
-5.64867e-06
2.54645e-06
-7.1899e-06
2.54366e-06
-8.31823e-06
2.11543e-06
-8.92379e-06
1.34484e-06
-8.95949e-06
3.60268e-07
-8.40264e-06
-7.44309e-07
-7.28444e-06
-1.87412e-06
-5.63784e-06
-2.85713e-06
-3.60648e-06
-3.46683e-06
-1.49452e-06
-3.39796e-06
1.72436e-07
-2.41041e-06
8.54275e-07
-6.28109e-07
5.23885e-07
8.99763e-07
9.83487e-07
-1.28799e-07
-1.49851e-07
-6.34988e-07
4.21437e-07
-1.62356e-06
1.34408e-06
-3.13519e-06
2.41778e-06
-5.0448e-06
3.44608e-06
-7.05443e-06
4.15986e-06
-8.84973e-06
4.34175e-06
-1.02507e-05
3.94466e-06
-1.12056e-05
3.07029e-06
-1.17066e-05
1.84584e-06
-1.17022e-05
3.55913e-07
-1.12458e-05
-1.20078e-06
-1.03169e-05
-2.80299e-06
-8.86129e-06
-4.31273e-06
-6.8589e-06
-5.46922e-06
-4.3985e-06
-5.85836e-06
-1.87884e-06
-4.93007e-06
-8.86735e-08
-2.41827e-06
2.93769e-07
5.1732e-07
1.27726e-06
-4.99992e-07
3.50141e-07
-1.55707e-06
1.47851e-06
-3.11159e-06
2.8986e-06
-5.06669e-06
4.37288e-06
-7.16357e-06
5.54296e-06
-9.09565e-06
6.09194e-06
-1.0661e-05
5.90712e-06
-1.18169e-05
5.10055e-06
-1.25913e-05
3.84468e-06
-1.3019e-05
2.27355e-06
-1.30852e-05
4.22062e-07
-1.28478e-05
-1.43818e-06
-1.22685e-05
-3.38223e-06
-1.12455e-05
-5.33574e-06
-9.6477e-06
-7.06704e-06
-7.35033e-06
-8.15572e-06
-4.39172e-06
-7.88869e-06
-1.37762e-06
-5.43237e-06
1.19784e-07
-9.80086e-07
1.39704e-06
-8.59434e-07
1.20957e-06
-2.35432e-06
2.9734e-06
-4.21874e-06
4.76302e-06
-6.25881e-06
6.41295e-06
-8.19468e-06
7.47883e-06
-9.8042e-06
7.70146e-06
-1.10104e-05
7.11335e-06
-1.18396e-05
5.92977e-06
-1.23538e-05
4.35881e-06
-1.26257e-05
2.54552e-06
-1.27463e-05
5.42641e-07
-1.27027e-05
-1.48177e-06
-1.24857e-05
-3.59926e-06
-1.20159e-05
-5.80554e-06
-1.11067e-05
-7.97619e-06
-9.47026e-06
-9.79221e-06
-6.80752e-06
-1.05514e-05
-3.21733e-06
-9.02257e-06
-2.61836e-07
-3.93558e-06
1.1352e-06
-1.08274e-06
2.29231e-06
-2.77394e-06
4.6646e-06
-4.66059e-06
6.64966e-06
-6.51179e-06
8.26416e-06
-8.104e-06
9.07104e-06
-9.30614e-06
8.9036e-06
-1.01137e-05
7.92092e-06
-1.05916e-05
6.40769e-06
-1.08303e-05
4.59751e-06
-1.093e-05
2.64523e-06
-1.10124e-05
6.25014e-07
-1.10649e-05
-1.42925e-06
-1.11031e-05
-3.56105e-06
-1.10975e-05
-5.81118e-06
-1.08938e-05
-8.1799e-06
-1.01645e-05
-1.05215e-05
-8.41558e-06
-1.23003e-05
-5.23248e-06
-1.22057e-05
-1.1568e-06
-8.01126e-06
-2.15997e-08
-1.10585e-06
3.39816e-06
-2.74718e-06
6.30593e-06
-4.43843e-06
8.34091e-06
-5.96836e-06
9.79408e-06
-7.17717e-06
1.02799e-05
-8.00212e-06
9.72856e-06
-8.48041e-06
8.3992e-06
-8.69886e-06
6.62614e-06
-8.76134e-06
4.65998e-06
-8.76547e-06
2.64936e-06
-8.79452e-06
6.54062e-07
-8.86746e-06
-1.35631e-06
-9.00403e-06
-3.42448e-06
-9.21532e-06
-5.59989e-06
-9.44393e-06
-7.95129e-06
-9.45755e-06
-1.05079e-05
-8.73676e-06
-1.30211e-05
-6.52487e-06
-1.44176e-05
-2.41846e-06
-1.21177e-05
-2.44005e-06
-9.31379e-07
4.32954e-06
-2.33741e-06
7.71196e-06
-3.71949e-06
9.72299e-06
-4.89424e-06
1.09688e-05
-5.76067e-06
1.11463e-05
-6.30144e-06
1.02693e-05
-6.57323e-06
8.67099e-06
-6.667e-06
6.71991e-06
-6.6793e-06
4.67228e-06
-6.68389e-06
2.65394e-06
-6.71729e-06
6.87462e-07
-6.79687e-06
-1.27672e-06
-6.9438e-06
-3.27754e-06
-7.18852e-06
-5.35518e-06
-7.54754e-06
-7.59227e-06
-7.92873e-06
-1.01267e-05
-7.92107e-06
-1.30288e-05
-6.70685e-06
-1.56318e-05
-3.57926e-06
-1.52453e-05
-6.01932e-06
-6.21902e-07
4.95144e-06
-1.68038e-06
8.77044e-06
-2.70992e-06
1.07525e-05
-3.54578e-06
1.18047e-05
-4.13224e-06
1.17327e-05
-4.47904e-06
1.06161e-05
-4.64474e-06
8.83669e-06
-4.70785e-06
6.78302e-06
-4.74115e-06
4.70558e-06
-4.78884e-06
2.70164e-06
-4.8614e-06
7.60015e-07
-4.96549e-06
-1.17263e-06
-5.11121e-06
-3.13183e-06
-5.32732e-06
-5.13907e-06
-5.66874e-06
-7.25084e-06
-6.14818e-06
-9.64729e-06
-6.54591e-06
-1.2631e-05
-6.12009e-06
-1.60576e-05
-3.91812e-06
-1.74472e-05
-9.93743e-06
-2.31033e-07
5.18248e-06
-8.89175e-07
9.42858e-06
-1.55844e-06
1.14218e-05
-2.08588e-06
1.23321e-05
-2.44353e-06
1.20904e-05
-2.65547e-06
1.08281e-05
-2.76979e-06
8.95101e-06
-2.83987e-06
6.85311e-06
-2.91075e-06
4.77646e-06
-3.00476e-06
2.79564e-06
-3.12478e-06
8.80038e-07
-3.27062e-06
-1.02678e-06
-3.44262e-06
-2.95983e-06
-3.65325e-06
-4.92845e-06
-3.95365e-06
-6.95043e-06
-4.42569e-06
-9.17525e-06
-5.01534e-06
-1.20414e-05
-5.11893e-06
-1.5954e-05
-3.55522e-06
-1.90109e-05
-1.34926e-05
1.6351e-07
5.01897e-06
-6.89736e-08
9.66106e-06
-4.00673e-07
1.17535e-05
-6.50502e-07
1.2582e-05
-8.04183e-07
1.22441e-05
-8.92745e-07
1.09166e-05
-9.55681e-07
9.01395e-06
-1.025e-06
6.92243e-06
-1.11745e-06
4.8689e-06
-1.24078e-06
2.91898e-06
-1.39743e-06
1.03669e-06
-1.58958e-06
-8.34638e-07
-1.816e-06
-2.73341e-06
-2.07485e-06
-4.6696e-06
-2.3941e-06
-6.63118e-06
-2.86638e-06
-8.70297e-06
-3.55518e-06
-1.13526e-05
-4.02308e-06
-1.54861e-05
-3.02428e-06
-2.00097e-05
-1.65169e-05
4.99834e-07
4.51913e-06
6.97461e-07
9.46344e-06
7.40714e-07
1.17102e-05
7.76536e-07
1.25461e-05
8.21804e-07
1.21988e-05
8.51016e-07
1.08874e-05
8.44274e-07
9.02069e-06
7.93262e-07
6.97344e-06
6.99252e-07
4.96291e-06
5.64161e-07
3.05407e-06
3.83151e-07
1.2177e-06
1.49994e-07
-6.01481e-07
-1.37206e-07
-2.44621e-06
-4.85131e-07
-4.32167e-06
-8.98373e-07
-6.21794e-06
-1.42202e-06
-8.17932e-06
-2.20331e-06
-1.05713e-05
-2.95472e-06
-1.47347e-05
-2.46138e-06
-2.05031e-05
-1.89783e-05
7.5478e-07
3.76435e-06
1.35158e-06
8.86663e-06
1.74398e-06
1.13179e-05
2.07331e-06
1.22168e-05
2.34647e-06
1.19256e-05
2.53297e-06
1.07009e-05
2.62435e-06
8.92931e-06
2.63134e-06
6.96646e-06
2.56828e-06
5.02597e-06
2.44245e-06
3.1799e-06
2.24686e-06
1.41329e-06
1.96752e-06
-3.22142e-07
1.60431e-06
-2.083e-06
1.15222e-06
-3.86958e-06
6.06432e-07
-5.67216e-06
-8.5307e-08
-7.48758e-06
-9.59314e-07
-9.69728e-06
-1.92253e-06
-1.37715e-05
-1.92682e-06
-2.04988e-05
-2.09051e-05
8.69091e-07
2.89526e-06
1.80717e-06
7.92855e-06
2.54817e-06
1.05769e-05
3.18873e-06
1.15762e-05
3.73614e-06
1.13782e-05
4.14689e-06
1.02902e-05
4.40483e-06
8.67137e-06
4.52395e-06
6.84734e-06
4.52761e-06
5.02231e-06
4.43149e-06
3.27603e-06
4.23393e-06
1.61085e-06
3.90453e-06
7.25039e-09
3.46062e-06
-1.63908e-06
2.87807e-06
-3.28703e-06
2.15726e-06
-4.95135e-06
1.31603e-06
-6.64635e-06
2.62914e-07
-8.64416e-06
-9.6242e-07
-1.25461e-05
-1.42924e-06
-2.0032e-05
-2.23344e-05
8.04981e-07
2.09028e-06
1.95099e-06
6.78254e-06
2.99265e-06
9.53519e-06
3.96546e-06
1.06034e-05
4.84216e-06
1.05015e-05
5.55653e-06
9.5758e-06
6.06921e-06
8.15868e-06
6.3832e-06
6.53336e-06
6.51979e-06
4.88572e-06
6.49767e-06
3.29815e-06
6.31593e-06
1.79258e-06
5.97063e-06
3.52555e-07
5.43135e-06
-1.0998e-06
4.70359e-06
-2.55926e-06
3.77933e-06
-4.02709e-06
2.68704e-06
-5.55406e-06
1.38533e-06
-7.34245e-06
-1.57408e-07
-1.10034e-05
-9.1533e-07
-1.9274e-05
-2.32497e-05
5.76574e-07
1.51371e-06
1.75683e-06
5.60229e-06
3.09419e-06
8.19783e-06
4.4445e-06
9.25313e-06
5.71034e-06
9.23568e-06
6.79304e-06
8.4931e-06
7.62707e-06
7.32465e-06
8.19978e-06
5.96065e-06
8.52388e-06
4.56162e-06
8.61669e-06
3.20533e-06
8.48527e-06
1.924e-06
8.12727e-06
7.10556e-07
7.49901e-06
-4.71543e-07
6.61731e-06
-1.67756e-06
5.46924e-06
-2.87903e-06
4.09566e-06
-4.18048e-06
2.56745e-06
-5.81424e-06
9.53783e-07
-9.38974e-06
-1.45922e-07
-1.81743e-05
-2.33956e-05
1.51575e-07
1.36213e-06
1.03802e-06
4.71584e-06
2.51425e-06
6.72161e-06
4.23546e-06
7.53192e-06
5.95689e-06
7.51426e-06
7.49105e-06
6.95894e-06
8.73524e-06
6.08046e-06
9.65977e-06
5.03611e-06
1.02599e-05
3.96146e-06
1.05478e-05
2.91751e-06
1.05294e-05
1.94232e-06
1.02109e-05
1.02912e-06
9.54777e-06
1.91558e-07
8.55949e-06
-6.89276e-07
7.23771e-06
-1.55725e-06
5.63352e-06
-2.57629e-06
3.90655e-06
-4.08726e-06
2.2376e-06
-7.7208e-06
6.51935e-07
-1.65887e-05
-2.27437e-05
-5.16936e-07
1.87907e-06
2.00175e-07
3.99873e-06
1.75492e-06
5.16686e-06
3.81772e-06
5.46912e-06
5.9726e-06
5.35937e-06
7.93348e-06
4.99807e-06
9.5638e-06
4.45013e-06
1.08223e-05
3.7776e-06
1.16916e-05
3.09213e-06
1.21885e-05
2.42065e-06
1.23169e-05
1.81389e-06
1.20971e-05
1.24899e-06
1.15517e-05
7.36901e-07
1.06534e-05
2.09086e-07
9.4062e-06
-3.10093e-07
7.88157e-06
-1.05167e-06
6.26519e-06
-2.47088e-06
4.45544e-06
-5.91105e-06
2.05507e-06
-1.41883e-05
-2.06886e-05
-4.17901e-06
6.05808e-06
-3.64204e-06
3.46176e-06
-1.24761e-06
2.77244e-06
1.55012e-06
2.67138e-06
4.28898e-06
2.62052e-06
6.82289e-06
2.46415e-06
9.03899e-06
2.23403e-06
1.08773e-05
1.93926e-06
1.23198e-05
1.64965e-06
1.33937e-05
1.34681e-06
1.4116e-05
1.09149e-06
1.45316e-05
8.33411e-07
1.46285e-05
6.3999e-07
1.44165e-05
4.21129e-07
1.38887e-05
2.17732e-07
1.30605e-05
-2.23505e-07
1.19212e-05
-1.33155e-06
1.01117e-05
-4.10161e-06
5.6376e-06
-9.71416e-06
-1.5051e-05
6.05808e-06
9.51984e-06
1.22923e-05
1.49637e-05
1.75842e-05
2.00483e-05
2.22824e-05
2.42216e-05
2.58713e-05
2.72181e-05
2.83096e-05
2.9143e-05
2.9783e-05
3.02041e-05
3.04218e-05
3.01983e-05
2.88668e-05
2.47652e-05
1.5051e-05
)
;

boundaryField
{
    movingWall
    {
        type            calculated;
        value           uniform 0;
    }
    fixedWalls
    {
        type            calculated;
        value           uniform 0;
    }
    frontAndBack
    {
        type            empty;
        value           nonuniform List<scalar> 0();
    }
}


// ************************************************************************* //
