/*--------------------------------*- C++ -*----------------------------------*\
| =========                 |                                                 |
| \\      /  F ield         | OpenFOAM: The Open Source CFD Toolbox           |
|  \\    /   O peration     | Version:  2212                                  |
|   \\  /    A nd           | Website:  www.openfoam.com                      |
|    \\/     M anipulation  |                                                 |
\*---------------------------------------------------------------------------*/
FoamFile
{
    version     2.0;
    format      ascii;
    arch        "LSB;label=32;scalar=64";
    class       volScalarField;
    location    "1.28";
    object      p;
}
// * * * * * * * * * * * * * * * * * * * * * * * * * * * * * * * * * * * * * //

dimensions      [0 2 -2 0 0 0 0];

internalField   nonuniform List<scalar> 
400
(
3.12206e-09
-0.000107284
-0.000256858
-0.000455991
-0.000695608
-0.000943405
-0.00114107
-0.00120268
-0.0010218
-0.000497733
0.000421588
0.00170529
0.0032227
0.00455879
0.00531359
0.0052863
0.0045034
0.00360416
0.00298408
0.00286391
0.000116042
5.35955e-06
-0.00011692
-0.000282547
-0.000489003
-0.000712749
-0.000919723
-0.00105506
-0.00102389
-0.000697513
3.67037e-05
0.00120555
0.00263029
0.00396067
0.00477086
0.00480747
0.00416322
0.00325975
0.00273564
0.00267887
0.000252844
0.000106498
-1.88127e-05
-0.000203553
-0.000470221
-0.000821912
-0.00125257
-0.00171496
-0.00208121
-0.00214148
-0.00167712
-0.000614869
0.000854901
0.00239948
0.00356567
0.00397762
0.0036046
0.00284694
0.00215258
0.00203462
0.00029184
0.000109688
-4.39523e-05
-0.000305279
-0.000738657
-0.00139944
-0.00232707
-0.00347556
-0.00464846
-0.00549446
-0.0056349
-0.00491448
-0.0034926
-0.00160993
0.000309713
0.00175474
0.0023543
0.0021399
0.00147037
0.000980606
9.484e-05
-0.000125308
-0.00034257
-0.000754765
-0.00149131
-0.00269667
-0.00447379
-0.00674056
-0.00913929
-0.0111106
-0.0121335
-0.0119854
-0.0107499
-0.00857186
-0.00578009
-0.0028897
-0.000537087
0.000712422
0.000725277
-0.000582407
-0.000458842
-0.000723736
-0.00105021
-0.00170126
-0.00289572
-0.00489042
-0.00782331
-0.0114892
-0.0152803
-0.0184312
-0.020378
-0.0208721
-0.0198733
-0.0175427
-0.0141144
-0.00991692
-0.00555133
-0.00208751
-0.000770666
-0.00258487
-0.00143239
-0.00175067
-0.00223226
-0.00319879
-0.00496243
-0.00787573
-0.0120419
-0.0170477
-0.0219919
-0.0259618
-0.0284381
-0.0292442
-0.0283856
-0.026092
-0.0225459
-0.0178158
-0.0121135
-0.0065092
-0.00339636
-0.00424468
-0.00280382
-0.00317766
-0.00384027
-0.00514967
-0.0074839
-0.0112403
-0.0164341
-0.0224394
-0.0281151
-0.0324834
-0.0351088
-0.0359262
-0.0350661
-0.0328078
-0.0293884
-0.0247899
-0.0188326
-0.0120008
-0.00668059
-0.00465473
-0.00445853
-0.00487483
-0.00570748
-0.00731748
-0.0101025
-0.014459
-0.0203205
-0.0269256
-0.0329958
-0.0375435
-0.0401983
-0.0409525
-0.0399949
-0.0376542
-0.034295
-0.0300212
-0.0245018
-0.0175246
-0.0105065
-0.00576307
-0.00622229
-0.00664456
-0.00759798
-0.00940486
-0.0124388
-0.0170785
-0.023224
-0.0300862
-0.0363428
-0.041006
-0.0437108
-0.0444337
-0.0433508
-0.04083
-0.0373781
-0.0333248
-0.0284657
-0.0221371
-0.014866
-0.0085278
-0.00791474
-0.00828951
-0.00928464
-0.0111452
-0.0141954
-0.0188006
-0.0248774
-0.0316973
-0.037972
-0.0427089
-0.0454862
-0.0462252
-0.0450322
-0.0423145
-0.0386869
-0.0347353
-0.0305141
-0.0251621
-0.018695
-0.0119812
-0.00937907
-0.00966725
-0.0106004
-0.0123506
-0.0151951
-0.0194842
-0.0251759
-0.0316464
-0.0377407
-0.0424667
-0.0452971
-0.0460765
-0.0448415
-0.0419978
-0.0382324
-0.0343555
-0.0307118
-0.0263122
-0.0209041
-0.0143662
-0.0105483
-0.0107078
-0.0114609
-0.0129418
-0.0153912
-0.0191169
-0.0241435
-0.0299904
-0.0356859
-0.0402605
-0.0430854
-0.0439031
-0.0427412
-0.0399452
-0.0362346
-0.0324475
-0.0293052
-0.0256056
-0.0211146
-0.0147332
-0.0114119
-0.011418
-0.0118768
-0.0129328
-0.0148249
-0.0178219
-0.0220026
-0.027038
-0.0321476
-0.0364253
-0.0391837
-0.0400814
-0.0391082
-0.0365412
-0.0330741
-0.0295289
-0.026652
-0.0233995
-0.0197709
-0.0130571
-0.0120062
-0.0118537
-0.011919
-0.0124317
-0.0136814
-0.0159126
-0.0192202
-0.0233918
-0.027824
-0.0317149
-0.0343698
-0.0353801
-0.034682
-0.0324726
-0.0293688
-0.0261137
-0.0234233
-0.0203555
-0.0179405
-0.00961296
-0.0124215
-0.0121074
-0.011624
-0.0115027
-0.0121126
-0.0136716
-0.0162485
-0.0196829
-0.0235062
-0.0270345
-0.029605
-0.0307562
-0.0303635
-0.0285744
-0.0258583
-0.0228472
-0.0202103
-0.0171336
-0.0159446
-0.00328246
-0.0127085
-0.0122968
-0.0111203
-0.0103413
-0.0103721
-0.0114172
-0.0134907
-0.016424
-0.0198279
-0.023115
-0.0256789
-0.0270287
-0.0269691
-0.0255504
-0.0231425
-0.0201887
-0.017273
-0.0137318
-0.0108505
0.011307
-0.0138825
-0.0125175
-0.0102369
-0.00877635
-0.0084165
-0.00919863
-0.0110495
-0.0137651
-0.0170029
-0.0202319
-0.0229097
-0.0245185
-0.0248217
-0.0237222
-0.0214648
-0.0181652
-0.0140917
-0.00732558
0.00561515
0.0468189
-0.0123194
-0.0133416
-0.0099171
-0.00760958
-0.00686061
-0.00749842
-0.00929998
-0.0119889
-0.0152574
-0.0185738
-0.0214609
-0.0233511
-0.0240078
-0.0231291
-0.0207382
-0.0161187
-0.00796755
0.00925635
0.0456139
0.116241
-0.0298598
-0.0132839
-0.0063664
-0.00428123
-0.00410893
-0.005076
-0.00709399
-0.00996198
-0.0133985
-0.0168722
-0.0199385
-0.0220572
-0.0229803
-0.0222425
-0.0192585
-0.0118942
0.00422128
0.039808
0.108523
0.212812
)
;

boundaryField
{
    movingWall
    {
        type            zeroGradient;
    }
    fixedWalls
    {
        type            zeroGradient;
    }
    frontAndBack
    {
        type            empty;
    }
}


// ************************************************************************* //
