/*--------------------------------*- C++ -*----------------------------------*\
| =========                 |                                                 |
| \\      /  F ield         | OpenFOAM: The Open Source CFD Toolbox           |
|  \\    /   O peration     | Version:  2212                                  |
|   \\  /    A nd           | Website:  www.openfoam.com                      |
|    \\/     M anipulation  |                                                 |
\*---------------------------------------------------------------------------*/
FoamFile
{
    version     2.0;
    format      ascii;
    arch        "LSB;label=32;scalar=64";
    class       surfaceScalarField;
    location    "1.585";
    object      phi;
}
// * * * * * * * * * * * * * * * * * * * * * * * * * * * * * * * * * * * * * //

dimensions      [0 3 -1 0 0 0 0];

oriented        oriented;

internalField   nonuniform List<scalar> 
760
(
5.62742e-08
-5.62739e-08
7.35172e-08
-1.72431e-08
3.41134e-08
3.94037e-08
-7.63308e-08
1.10444e-07
-2.88215e-07
2.11884e-07
-6.382e-07
3.49985e-07
-1.15023e-06
5.12028e-07
-1.80093e-06
6.50706e-07
-2.49255e-06
6.91621e-07
-3.0706e-06
5.78051e-07
-3.38342e-06
3.12813e-07
-3.34433e-06
-3.9087e-08
-2.85673e-06
-4.87598e-07
-1.99851e-06
-8.58226e-07
-9.40733e-07
-1.05777e-06
3.47511e-08
-9.75485e-07
6.57954e-07
-6.23203e-07
6.93972e-07
-3.60179e-08
3.26364e-07
3.67607e-07
3.26364e-07
-2.59562e-08
-3.03177e-08
-1.78419e-07
1.3522e-07
-4.81854e-07
3.42838e-07
-9.8693e-07
6.1552e-07
-1.74849e-06
9.73441e-07
-2.77687e-06
1.37837e-06
-3.98944e-06
1.72459e-06
-5.20575e-06
1.86702e-06
-6.21376e-06
1.69963e-06
-6.85149e-06
1.21577e-06
-7.0355e-06
4.96829e-07
-6.71012e-06
-3.64466e-07
-5.89616e-06
-1.30156e-06
-4.62133e-06
-2.13305e-06
-3.01165e-06
-2.66745e-06
-1.3212e-06
-2.66594e-06
3.1793e-09
-1.94758e-06
6.02096e-07
-6.34934e-07
3.93291e-07
5.76412e-07
7.19655e-07
-1.83673e-07
1.53355e-07
-6.0853e-07
5.60078e-07
-1.26444e-06
9.98744e-07
-2.2088e-06
1.55988e-06
-3.46268e-06
2.22732e-06
-4.9393e-06
2.855e-06
-6.44631e-06
3.2316e-06
-7.76917e-06
3.18988e-06
-8.76369e-06
2.69415e-06
-9.36545e-06
1.81753e-06
-9.53184e-06
6.63221e-07
-9.24106e-06
-6.55246e-07
-8.51148e-06
-2.03115e-06
-7.30799e-06
-3.33654e-06
-5.62833e-06
-4.34712e-06
-3.58027e-06
-4.71399e-06
-1.50692e-06
-4.02094e-06
-6.75484e-08
-2.0743e-06
2.56996e-07
2.51869e-07
9.76651e-07
-3.74852e-07
5.28206e-07
-1.09524e-06
1.28047e-06
-2.09211e-06
1.99561e-06
-3.39544e-06
2.86322e-06
-4.96006e-06
3.79195e-06
-6.62192e-06
4.51686e-06
-8.16688e-06
4.77656e-06
-9.43314e-06
4.45614e-06
-1.03568e-05
3.61783e-06
-1.09321e-05
2.39283e-06
-1.11429e-05
8.74048e-07
-1.0997e-05
-8.01207e-07
-1.05134e-05
-2.51476e-06
-9.60982e-06
-4.24009e-06
-8.18166e-06
-5.77528e-06
-6.14067e-06
-6.75498e-06
-3.58137e-06
-6.58024e-06
-1.09014e-06
-4.56553e-06
1.17725e-07
-9.55995e-07
1.09437e-06
-5.50867e-07
1.07907e-06
-1.52083e-06
2.25043e-06
-2.76881e-06
3.24359e-06
-4.27687e-06
4.37128e-06
-5.93851e-06
5.45359e-06
-7.55606e-06
6.13441e-06
-8.94242e-06
6.16292e-06
-1.00042e-05
5.51791e-06
-1.07388e-05
4.35248e-06
-1.11839e-05
2.8379e-06
-1.13868e-05
1.0769e-06
-1.13789e-05
-8.09078e-07
-1.11711e-05
-2.7225e-06
-1.06936e-05
-4.71765e-06
-9.78918e-06
-6.67969e-06
-8.21816e-06
-8.326e-06
-5.76866e-06
-9.02974e-06
-2.62478e-06
-7.7094e-06
-1.98997e-07
-3.38178e-06
8.95378e-07
-6.63397e-07
1.74247e-06
-1.77975e-06
3.36678e-06
-3.13474e-06
4.59857e-06
-4.65831e-06
5.89485e-06
-6.20667e-06
7.00195e-06
-7.59198e-06
7.51972e-06
-8.67946e-06
7.25039e-06
-9.43432e-06
6.27277e-06
-9.89708e-06
4.81524e-06
-1.01397e-05
3.08051e-06
-1.02585e-05
1.19575e-06
-1.0317e-05
-7.50579e-07
-1.03093e-05
-2.73028e-06
-1.02295e-05
-4.7974e-06
-9.94414e-06
-6.96506e-06
-9.14715e-06
-9.12299e-06
-7.40509e-06
-1.07718e-05
-4.42902e-06
-1.06855e-05
-9.31632e-07
-6.87918e-06
-3.62536e-08
-6.78545e-07
2.42102e-06
-1.80766e-06
4.49589e-06
-3.1145e-06
5.90542e-06
-4.48913e-06
7.26948e-06
-5.78624e-06
8.29906e-06
-6.85777e-06
8.59125e-06
-7.62283e-06
8.01545e-06
-8.08906e-06
6.739e-06
-8.32225e-06
5.04843e-06
-8.40849e-06
3.16676e-06
-8.43484e-06
1.2221e-06
-8.46565e-06
-7.19774e-07
-8.52324e-06
-2.67269e-06
-8.65084e-06
-4.6698e-06
-8.80758e-06
-6.80832e-06
-8.75037e-06
-9.1802e-06
-7.96346e-06
-1.15587e-05
-5.78483e-06
-1.28641e-05
-2.02478e-06
-1.06392e-05
-2.06103e-06
-5.89903e-07
3.01092e-06
-1.60211e-06
5.5081e-06
-2.73701e-06
7.04031e-06
-3.86299e-06
8.39546e-06
-4.86067e-06
9.29675e-06
-5.63278e-06
9.36336e-06
-6.14475e-06
8.52742e-06
-6.42996e-06
7.02421e-06
-6.55956e-06
5.17803e-06
-6.60584e-06
3.21304e-06
-6.61978e-06
1.23604e-06
-6.62518e-06
-7.1437e-07
-6.65979e-06
-2.63809e-06
-6.79375e-06
-4.53583e-06
-7.08461e-06
-6.51746e-06
-7.44389e-06
-8.82093e-06
-7.41394e-06
-1.15886e-05
-6.1747e-06
-1.41033e-05
-3.09318e-06
-1.37208e-05
-5.15421e-06
-4.16523e-07
3.42744e-06
-1.21186e-06
6.30344e-06
-2.09801e-06
7.92646e-06
-2.93482e-06
9.23227e-06
-3.63935e-06
1.00013e-05
-4.1641e-06
9.88811e-06
-4.50931e-06
8.87262e-06
-4.71666e-06
7.23156e-06
-4.84397e-06
5.30534e-06
-4.93494e-06
3.30401e-06
-4.99951e-06
1.30061e-06
-5.02703e-06
-6.86854e-07
-5.04023e-06
-2.62489e-06
-5.10566e-06
-4.47041e-06
-5.34474e-06
-6.27837e-06
-5.81057e-06
-8.35509e-06
-6.22938e-06
-1.11698e-05
-5.784e-06
-1.45487e-05
-3.60105e-06
-1.59037e-05
-8.75526e-06
-1.86888e-07
3.61433e-06
-7.03741e-07
6.8203e-06
-1.30317e-06
8.52589e-06
-1.84304e-06
9.77214e-06
-2.27519e-06
1.04334e-05
-2.59562e-06
1.02085e-05
-2.82543e-06
9.10244e-06
-3.00027e-06
7.4064e-06
-3.15365e-06
5.45871e-06
-3.30043e-06
3.45078e-06
-3.429e-06
1.42918e-06
-3.51497e-06
-6.00875e-07
-3.55949e-06
-2.58037e-06
-3.6014e-06
-4.4285e-06
-3.75985e-06
-6.11992e-06
-4.19948e-06
-7.91547e-06
-4.83828e-06
-1.0531e-05
-4.95784e-06
-1.44292e-05
-3.40639e-06
-1.74551e-05
-1.21617e-05
5.97851e-08
3.55454e-06
-1.49185e-07
7.02926e-06
-4.52657e-07
8.82936e-06
-7.03213e-07
1.00227e-05
-8.83011e-07
1.06132e-05
-1.01406e-06
1.03396e-05
-1.12778e-06
9.21615e-06
-1.25344e-06
7.53207e-06
-1.4031e-06
5.60837e-06
-1.57134e-06
3.61903e-06
-1.74358e-06
1.60142e-06
-1.90287e-06
-4.41584e-07
-2.03044e-06
-2.4528e-06
-2.14139e-06
-4.31754e-06
-2.31252e-06
-5.94879e-06
-2.72713e-06
-7.50086e-06
-3.46976e-06
-9.78841e-06
-3.97688e-06
-1.3922e-05
-2.97077e-06
-1.84613e-05
-1.51324e-05
2.6118e-07
3.29336e-06
3.56516e-07
6.93393e-06
3.63657e-07
8.82222e-06
4.06912e-07
9.97944e-06
4.88216e-07
1.05319e-05
5.64254e-07
1.02635e-05
5.91259e-07
9.18915e-06
5.49857e-07
7.57347e-06
4.47521e-07
5.71071e-06
3.00603e-07
3.76595e-06
1.20042e-07
1.78198e-06
-8.94061e-08
-2.32136e-07
-3.24838e-07
-2.21737e-06
-5.86676e-07
-4.0557e-06
-9.0113e-07
-5.63434e-06
-1.37406e-06
-7.02794e-06
-2.20911e-06
-8.95336e-06
-3.00577e-06
-1.31254e-05
-2.49018e-06
-1.89768e-05
-1.76226e-05
4.05282e-07
2.88808e-06
7.71473e-07
6.56774e-06
1.06056e-06
8.53314e-06
1.39238e-06
9.64762e-06
1.76502e-06
1.01593e-05
2.09228e-06
9.93629e-06
2.30785e-06
8.97358e-06
2.39761e-06
7.4837e-06
2.38234e-06
5.72598e-06
2.28436e-06
3.86392e-06
2.10766e-06
1.95868e-06
1.82644e-06
4.90806e-08
1.47678e-06
-1.86771e-06
1.04503e-06
-3.62395e-06
5.34119e-07
-5.12343e-06
-1.42332e-07
-6.35149e-06
-1.06681e-06
-8.02888e-06
-2.08996e-06
-1.21022e-05
-2.01178e-06
-1.9055e-05
-1.96344e-05
4.62246e-07
2.42584e-06
1.03868e-06
5.99131e-06
1.58455e-06
7.98726e-06
2.18561e-06
9.04656e-06
2.83727e-06
9.50761e-06
3.4385e-06
9.33506e-06
3.89826e-06
8.51383e-06
4.1838e-06
7.19816e-06
4.30765e-06
5.60213e-06
4.2902e-06
3.88137e-06
4.13102e-06
2.11786e-06
3.82112e-06
3.58981e-07
3.34496e-06
-1.39154e-06
2.72235e-06
-3.00135e-06
1.97142e-06
-4.37249e-06
1.11589e-06
-5.49595e-06
1.19353e-08
-6.92493e-06
-1.22965e-06
-1.08606e-05
-1.55682e-06
-1.87279e-05
-2.11912e-05
4.10663e-07
2.01517e-06
1.07737e-06
5.3246e-06
1.81545e-06
7.24918e-06
2.65912e-06
8.2029e-06
3.5869e-06
8.57984e-06
4.48494e-06
8.43702e-06
5.23421e-06
7.76455e-06
5.77201e-06
6.66037e-06
6.08787e-06
5.28627e-06
6.19102e-06
3.77822e-06
6.08194e-06
2.22694e-06
5.74792e-06
6.93001e-07
5.16389e-06
-8.07512e-07
4.36327e-06
-2.20073e-06
3.37325e-06
-3.38247e-06
2.2668e-06
-4.38951e-06
9.84526e-07
-5.64266e-06
-4.37231e-07
-9.43889e-06
-1.10094e-06
-1.80641e-05
-2.22921e-05
2.63136e-07
1.75204e-06
8.9512e-07
4.69261e-06
1.77603e-06
6.36828e-06
2.82866e-06
7.15026e-06
4.00225e-06
7.40624e-06
5.17785e-06
7.26142e-06
6.21639e-06
6.72601e-06
7.02491e-06
5.85186e-06
7.56294e-06
4.74824e-06
7.81942e-06
3.52175e-06
7.78905e-06
2.2573e-06
7.46877e-06
1.01329e-06
6.8093e-06
-1.48049e-07
5.86764e-06
-1.25906e-06
4.67335e-06
-2.18818e-06
3.33971e-06
-3.05587e-06
1.9229e-06
-4.22584e-06
3.97488e-07
-7.91348e-06
-4.54194e-07
-1.72125e-05
-2.27463e-05
-5.81294e-08
1.81017e-06
3.0871e-07
4.32577e-06
1.2198e-06
5.45719e-06
2.47748e-06
5.89258e-06
3.91118e-06
5.97254e-06
5.36629e-06
5.80632e-06
6.69249e-06
5.39981e-06
7.78127e-06
4.76307e-06
8.56197e-06
3.96754e-06
9.00496e-06
3.07876e-06
9.08686e-06
2.17539e-06
8.80639e-06
1.29376e-06
8.16987e-06
4.88471e-07
7.1626e-06
-2.51794e-07
5.87941e-06
-9.04989e-07
4.43407e-06
-1.61053e-06
3.01291e-06
-2.80468e-06
1.66147e-06
-6.56204e-06
4.16138e-07
-1.59671e-05
-2.23302e-05
-4.17795e-07
2.22796e-06
-2.03045e-07
4.11102e-06
6.63708e-07
4.59044e-06
2.00799e-06
4.5483e-06
3.59953e-06
4.381e-06
5.23432e-06
4.17153e-06
6.75133e-06
3.88279e-06
8.04169e-06
3.47272e-06
9.01561e-06
2.99361e-06
9.63908e-06
2.45529e-06
9.88367e-06
1.93081e-06
9.76278e-06
1.41465e-06
9.28059e-06
9.7066e-07
8.48221e-06
5.4659e-07
7.43612e-06
1.41101e-07
6.26141e-06
-4.35824e-07
5.13409e-06
-1.67736e-06
3.81968e-06
-5.24763e-06
1.79376e-06
-1.39412e-05
-2.05364e-05
-4.05184e-06
6.2798e-06
-3.66165e-06
3.72084e-06
-1.79303e-06
2.72182e-06
3.32349e-07
2.42292e-06
2.44759e-06
2.26576e-06
4.50968e-06
2.10943e-06
6.44294e-06
1.94953e-06
8.16827e-06
1.7474e-06
9.61628e-06
1.5456e-06
1.07634e-05
1.30815e-06
1.15901e-05
1.10408e-06
1.21222e-05
8.82544e-07
1.23605e-05
7.32404e-07
1.23584e-05
5.48734e-07
1.2103e-05
3.96439e-07
1.16021e-05
6.50854e-08
1.09508e-05
-1.0261e-06
9.64819e-06
-3.94498e-06
5.44801e-06
-9.74103e-06
-1.50884e-05
6.2798e-06
1.00006e-05
1.27225e-05
1.51454e-05
1.74111e-05
1.95206e-05
2.14701e-05
2.32175e-05
2.47631e-05
2.60712e-05
2.71753e-05
2.80579e-05
2.87903e-05
2.9339e-05
2.97354e-05
2.98005e-05
2.87744e-05
2.48295e-05
1.50884e-05
)
;

boundaryField
{
    movingWall
    {
        type            calculated;
        value           uniform 0;
    }
    fixedWalls
    {
        type            calculated;
        value           uniform 0;
    }
    frontAndBack
    {
        type            empty;
        value           nonuniform List<scalar> 0();
    }
}


// ************************************************************************* //
