/*--------------------------------*- C++ -*----------------------------------*\
| =========                 |                                                 |
| \\      /  F ield         | OpenFOAM: The Open Source CFD Toolbox           |
|  \\    /   O peration     | Version:  2212                                  |
|   \\  /    A nd           | Website:  www.openfoam.com                      |
|    \\/     M anipulation  |                                                 |
\*---------------------------------------------------------------------------*/
FoamFile
{
    version     2.0;
    format      ascii;
    arch        "LSB;label=32;scalar=64";
    class       volScalarField;
    location    "0.92";
    object      p;
}
// * * * * * * * * * * * * * * * * * * * * * * * * * * * * * * * * * * * * * //

dimensions      [0 2 -2 0 0 0 0];

internalField   nonuniform List<scalar> 
400
(
-7.87184e-10
-7.48707e-05
-0.000105954
-0.000113083
-0.00010059
-5.87309e-05
3.55477e-05
0.000218654
0.000537059
0.00103551
0.00173486
0.00260765
0.00354505
0.0043343
0.00477019
0.00475186
0.00432981
0.00379358
0.00340443
0.00330285
9.13188e-05
1.46544e-05
1.31566e-06
9.22592e-06
2.90958e-05
6.97992e-05
0.000149827
0.000298529
0.00055791
0.00097687
0.00158922
0.00238522
0.00327458
0.00405673
0.00450187
0.0044945
0.00411435
0.00359728
0.00325491
0.0031841
7.51784e-05
-1.59399e-05
-2.65506e-05
-2.25853e-05
-2.14464e-05
-1.91014e-05
-3.1862e-06
5.09379e-05
0.000188663
0.000478394
0.000987356
0.00173639
0.0026608
0.00353847
0.00410348
0.00418369
0.00383007
0.00329504
0.00287681
0.00277299
-9.63115e-05
-0.000202032
-0.000221659
-0.000240295
-0.00028381
-0.000356151
-0.000455023
-0.000566777
-0.000651809
-0.000624733
-0.000366275
0.000206525
0.00110454
0.00212832
0.00299862
0.00342852
0.00332535
0.00286854
0.0023232
0.00205477
-0.000478083
-0.000596528
-0.00063785
-0.000699664
-0.000815972
-0.00100264
-0.00127629
-0.00165542
-0.00214695
-0.00268766
-0.00307272
-0.00302627
-0.0024718
-0.00139114
1.74219e-06
0.00128999
0.00207272
0.00217957
0.00174308
0.000952776
-0.00109621
-0.00122762
-0.00130539
-0.0014338
-0.00165651
-0.00200945
-0.00254697
-0.00336116
-0.00457705
-0.00621692
-0.00796386
-0.00915046
-0.00929693
-0.00832551
-0.00633745
-0.00372627
-0.00114683
0.000601559
0.000945284
-0.000595751
-0.0019445
-0.00208995
-0.00221958
-0.00244005
-0.0028081
-0.00339182
-0.00430978
-0.00577655
-0.00809056
-0.0113414
-0.0149847
-0.0178467
-0.0189989
-0.0182608
-0.0157655
-0.0118192
-0.00709397
-0.00282676
-0.000852077
-0.00238856
-0.00298686
-0.00314646
-0.00334078
-0.00367604
-0.00422528
-0.00509891
-0.00649705
-0.00877039
-0.012364
-0.0173339
-0.0228284
-0.0272004
-0.0292086
-0.0286805
-0.0258899
-0.0211662
-0.0149504
-0.0083086
-0.00380574
-0.00303495
-0.00416314
-0.0043338
-0.00459693
-0.0050556
-0.00579766
-0.00697367
-0.008855
-0.0118897
-0.0165801
-0.0228616
-0.0296106
-0.0348516
-0.0372374
-0.0367805
-0.0338818
-0.0290687
-0.0225945
-0.0148104
-0.00767079
-0.003471
-0.00539847
-0.00557212
-0.0058927
-0.00645803
-0.00736298
-0.00878235
-0.0110245
-0.0145697
-0.019899
-0.026849
-0.0341978
-0.0398263
-0.0424061
-0.0418941
-0.0389401
-0.0342901
-0.0282757
-0.0207208
-0.0124868
-0.00580389
-0.00661636
-0.00678028
-0.00712904
-0.00775604
-0.00875223
-0.0102958
-0.0126905
-0.0163933
-0.0218279
-0.0288129
-0.0361936
-0.041876
-0.044513
-0.0440475
-0.0410753
-0.0365968
-0.0312454
-0.0246843
-0.0170746
-0.00960468
-0.00775309
-0.0078904
-0.00822228
-0.00884381
-0.00983316
-0.0113562
-0.0136691
-0.017208
-0.0222837
-0.0287551
-0.0355985
-0.0409967
-0.0436284
-0.0432669
-0.0403531
-0.0360939
-0.031488
-0.0261336
-0.0198178
-0.0125839
-0.00876447
-0.00885489
-0.00912865
-0.00965982
-0.0105364
-0.0119021
-0.013982
-0.017086
-0.021455
-0.0269706
-0.032838
-0.0376067
-0.0400582
-0.0398386
-0.0372874
-0.033413
-0.0295122
-0.0252235
-0.0202094
-0.0133846
-0.00963931
-0.00967038
-0.00981981
-0.0101821
-0.0108629
-0.0119845
-0.0137123
-0.0162525
-0.0197586
-0.0241418
-0.0288358
-0.0327671
-0.0349117
-0.0348538
-0.0327733
-0.0294481
-0.0261449
-0.0225783
-0.0187891
-0.0119475
-0.0103979
-0.0103578
-0.0103208
-0.010441
-0.010863
-0.0116946
-0.0130465
-0.0150386
-0.0177506
-0.0211043
-0.0247083
-0.0278017
-0.0295729
-0.0296118
-0.0279611
-0.0251939
-0.0223824
-0.019204
-0.0168895
-0.00873126
-0.0110971
-0.010953
-0.0106109
-0.0104182
-0.0105567
-0.0111102
-0.0121411
-0.0137061
-0.0158294
-0.0184286
-0.02122
-0.0236587
-0.0251155
-0.0251608
-0.023861
-0.0215281
-0.019039
-0.0160189
-0.0151118
-0.00293882
-0.0117647
-0.0115424
-0.0108278
-0.0102371
-0.010073
-0.0103796
-0.0111688
-0.0124474
-0.0142029
-0.0163428
-0.0186425
-0.0206833
-0.0219793
-0.0221094
-0.0210218
-0.0188909
-0.0163951
-0.0131627
-0.0110008
0.0105408
-0.0134185
-0.0122671
-0.0106054
-0.00961476
-0.0092723
-0.00945587
-0.0101313
-0.0112761
-0.0128681
-0.0148052
-0.0169044
-0.0188018
-0.0201141
-0.0203895
-0.0194989
-0.0172708
-0.0139816
-0.00805892
0.00360655
0.0444511
-0.0122596
-0.0136831
-0.0111611
-0.00949498
-0.00880342
-0.00883174
-0.00941291
-0.0104741
-0.0120088
-0.0138857
-0.0159717
-0.0178855
-0.0193241
-0.0197077
-0.018776
-0.0155726
-0.00885871
0.00700593
0.0421341
0.112529
-0.0297947
-0.0139918
-0.0080883
-0.00662932
-0.0064491
-0.0067366
-0.00748995
-0.00870394
-0.0104
-0.012411
-0.0146242
-0.0166761
-0.018292
-0.0187953
-0.0173458
-0.0115606
0.00304405
0.037034
0.104669
0.20875
)
;

boundaryField
{
    movingWall
    {
        type            zeroGradient;
    }
    fixedWalls
    {
        type            zeroGradient;
    }
    frontAndBack
    {
        type            empty;
    }
}


// ************************************************************************* //
