/*--------------------------------*- C++ -*----------------------------------*\
| =========                 |                                                 |
| \\      /  F ield         | OpenFOAM: The Open Source CFD Toolbox           |
|  \\    /   O peration     | Version:  2212                                  |
|   \\  /    A nd           | Website:  www.openfoam.com                      |
|    \\/     M anipulation  |                                                 |
\*---------------------------------------------------------------------------*/
FoamFile
{
    version     2.0;
    format      ascii;
    arch        "LSB;label=32;scalar=64";
    class       surfaceScalarField;
    location    "0.92";
    object      phi;
}
// * * * * * * * * * * * * * * * * * * * * * * * * * * * * * * * * * * * * * //

dimensions      [0 3 -1 0 0 0 0];

oriented        oriented;

internalField   nonuniform List<scalar> 
760
(
-3.22174e-08
3.22175e-08
-1.31971e-07
9.97533e-08
-2.60442e-07
1.28472e-07
-4.0259e-07
1.42148e-07
-5.61012e-07
1.58421e-07
-7.43185e-07
1.82173e-07
-9.5443e-07
2.11246e-07
-1.19187e-06
2.37436e-07
-1.43688e-06
2.45014e-07
-1.64915e-06
2.12266e-07
-1.76992e-06
1.20772e-07
-1.7362e-06
-3.37224e-08
-1.49793e-06
-2.3827e-07
-1.07881e-06
-4.19115e-07
-5.60946e-07
-5.17865e-07
-8.11326e-08
-4.79814e-07
2.26569e-07
-3.07702e-07
2.807e-07
-5.41307e-08
1.45456e-07
1.35244e-07
1.45456e-07
-1.36869e-07
1.69086e-07
-4.03863e-07
3.66748e-07
-7.2735e-07
4.51958e-07
-1.08438e-06
4.99177e-07
-1.47481e-06
5.48856e-07
-1.90204e-06
6.09401e-07
-2.36077e-06
6.69977e-07
-2.82786e-06
7.04521e-07
-3.25578e-06
6.72932e-07
-3.57344e-06
5.29929e-07
-3.70155e-06
2.48883e-07
-3.57229e-06
-1.6298e-07
-3.13929e-06
-6.71273e-07
-2.42426e-06
-1.13415e-06
-1.53095e-06
-1.41118e-06
-6.40004e-07
-1.37076e-06
1.49198e-08
-9.62626e-07
2.89774e-07
-3.28985e-07
1.93457e-07
2.31562e-07
3.38912e-07
-2.19513e-07
3.886e-07
-6.10765e-07
7.58e-07
-1.07245e-06
9.13647e-07
-1.57638e-06
1.00311e-06
-2.11917e-06
1.09164e-06
-2.69826e-06
1.18849e-06
-3.30015e-06
1.27186e-06
-3.89533e-06
1.29971e-06
-4.43746e-06
1.21506e-06
-4.86384e-06
9.56304e-07
-5.10042e-06
4.85467e-07
-5.07397e-06
-1.89426e-07
-4.69223e-06
-1.05301e-06
-3.93456e-06
-1.89182e-06
-2.85738e-06
-2.48835e-06
-1.62109e-06
-2.60705e-06
-5.10447e-07
-2.07327e-06
1.27036e-07
-9.66467e-07
1.8857e-07
1.70027e-07
5.27482e-07
-2.7145e-07
6.6005e-07
-7.42804e-07
1.22935e-06
-1.29253e-06
1.46338e-06
-1.88863e-06
1.5992e-06
-2.52717e-06
1.73018e-06
-3.20657e-06
1.86789e-06
-3.91939e-06
1.98468e-06
-4.65303e-06
2.03335e-06
-5.38947e-06
1.9515e-06
-6.08748e-06
1.65431e-06
-6.64629e-06
1.04428e-06
-6.94491e-06
1.09192e-07
-6.79498e-06
-1.20295e-06
-6.13824e-06
-2.54856e-06
-4.97089e-06
-3.6557e-06
-3.38326e-06
-4.19468e-06
-1.65407e-06
-3.80246e-06
-3.06697e-07
-2.31384e-06
1.53518e-07
-2.90187e-07
6.81001e-07
-2.94937e-07
9.54987e-07
-8.06099e-07
1.74052e-06
-1.40222e-06
2.0595e-06
-2.05022e-06
2.2472e-06
-2.75026e-06
2.43021e-06
-3.51172e-06
2.62936e-06
-4.34926e-06
2.82222e-06
-5.28392e-06
2.96802e-06
-6.32693e-06
2.99451e-06
-7.42602e-06
2.75341e-06
-8.41124e-06
2.02949e-06
-9.0031e-06
7.01054e-07
-9.10891e-06
-1.09714e-06
-8.64744e-06
-3.01003e-06
-7.5657e-06
-4.73745e-06
-5.8319e-06
-5.92848e-06
-3.55792e-06
-6.07643e-06
-1.24094e-06
-4.63083e-06
3.75594e-08
-1.56868e-06
7.1856e-07
-2.92717e-07
1.2477e-06
-8.08287e-07
2.25609e-06
-1.41571e-06
2.66692e-06
-2.08329e-06
2.91478e-06
-2.81883e-06
3.16575e-06
-3.64882e-06
3.45935e-06
-4.61456e-06
3.78796e-06
-5.76081e-06
4.11426e-06
-7.08802e-06
4.32172e-06
-8.47516e-06
4.14055e-06
-9.67275e-06
3.22708e-06
-1.0425e-05
1.45326e-06
-1.06527e-05
-8.69443e-07
-1.04378e-05
-3.22488e-06
-9.68138e-06
-5.49387e-06
-8.22564e-06
-7.38421e-06
-5.90018e-06
-8.40189e-06
-2.86709e-06
-7.66392e-06
-3.45761e-07
-4.09002e-06
3.72799e-07
-2.6752e-07
1.51522e-06
-7.55579e-07
2.74415e-06
-1.3416e-06
3.25294e-06
-1.99559e-06
3.56878e-06
-2.73186e-06
3.90201e-06
-3.59022e-06
4.31771e-06
-4.62464e-06
4.82239e-06
-5.86944e-06
5.35905e-06
-7.26847e-06
5.72075e-06
-8.62706e-06
5.49914e-06
-9.70417e-06
4.30419e-06
-1.03861e-05
2.13518e-06
-1.06554e-05
-6.00134e-07
-1.06569e-05
-3.22342e-06
-1.03339e-05
-5.81688e-06
-9.49992e-06
-8.21815e-06
-7.79758e-06
-1.01042e-05
-4.885e-06
-1.05765e-05
-1.26025e-06
-7.71477e-06
-8.87453e-07
-2.2246e-07
1.73768e-06
-6.53703e-07
3.17539e-06
-1.18524e-06
3.78447e-06
-1.78585e-06
4.1694e-06
-2.46848e-06
4.58464e-06
-3.27112e-06
5.12036e-06
-4.23527e-06
5.78654e-06
-5.36052e-06
6.4843e-06
-6.54821e-06
6.90844e-06
-7.6103e-06
6.56124e-06
-8.39063e-06
5.08452e-06
-8.8765e-06
2.62106e-06
-9.14591e-06
-3.30725e-07
-9.25178e-06
-3.11755e-06
-9.25777e-06
-5.81088e-06
-9.08416e-06
-8.39176e-06
-8.32851e-06
-1.08599e-05
-6.29003e-06
-1.2615e-05
-2.54124e-06
-1.14636e-05
-3.42869e-06
-1.62099e-07
1.89978e-06
-5.11172e-07
3.52446e-06
-9.56311e-07
4.22961e-06
-1.46057e-06
4.67366e-06
-2.0254e-06
5.14946e-06
-2.67252e-06
5.76748e-06
-3.41956e-06
6.53358e-06
-4.24425e-06
7.30899e-06
-5.05864e-06
7.72283e-06
-5.74514e-06
7.24774e-06
-6.24378e-06
5.58316e-06
-6.57297e-06
2.95024e-06
-6.82302e-06
-8.06752e-08
-6.96084e-06
-2.97973e-06
-7.1149e-06
-5.65682e-06
-7.33866e-06
-8.16799e-06
-7.35654e-06
-1.0842e-05
-6.37813e-06
-1.35934e-05
-3.58807e-06
-1.42536e-05
-7.01676e-06
-9.35202e-08
1.9933e-06
-3.42593e-07
3.77353e-06
-6.75885e-07
4.5629e-06
-1.04811e-06
5.04588e-06
-1.443e-06
5.54435e-06
-1.86052e-06
6.18501e-06
-2.29875e-06
6.97181e-06
-2.73722e-06
7.74746e-06
-3.14258e-06
8.12819e-06
-3.49156e-06
7.59671e-06
-3.79772e-06
5.88932e-06
-4.08168e-06
3.2342e-06
-4.35771e-06
1.95359e-07
-4.58375e-06
-2.75369e-06
-4.83635e-06
-5.40423e-06
-5.23366e-06
-7.77069e-06
-5.70408e-06
-1.03716e-05
-5.54881e-06
-1.37486e-05
-3.68633e-06
-1.61161e-05
-1.07031e-05
-2.62626e-08
2.01957e-06
-1.68674e-07
3.91594e-06
-3.77127e-07
4.77136e-06
-5.98665e-07
5.26742e-06
-7.98596e-07
5.74429e-06
-9.56057e-07
6.34247e-06
-1.05709e-06
7.07284e-06
-1.09576e-06
7.78613e-06
-1.10823e-06
8.14065e-06
-1.16175e-06
7.65023e-06
-1.29895e-06
6.02652e-06
-1.54201e-06
3.47725e-06
-1.87952e-06
5.32875e-07
-2.24535e-06
-2.38785e-06
-2.63456e-06
-5.01502e-06
-3.17867e-06
-7.22657e-06
-3.95578e-06
-9.59449e-06
-4.38629e-06
-1.33181e-05
-3.19185e-06
-1.73105e-05
-1.38949e-05
3.01756e-08
1.98939e-06
-1.19786e-08
3.9581e-06
-9.86655e-08
4.85804e-06
-1.6897e-07
5.33772e-06
-1.75891e-07
5.75121e-06
-8.34219e-08
6.25e-06
1.31427e-07
6.858e-06
4.46894e-07
7.47066e-06
8.04482e-07
7.78306e-06
1.07895e-06
7.37576e-06
1.15476e-06
5.95072e-06
9.89855e-07
3.64216e-06
6.13247e-07
9.09483e-07
1.33207e-07
-1.90781e-06
-4.81595e-07
-4.40022e-06
-1.25929e-06
-6.44888e-06
-2.30402e-06
-8.54975e-06
-3.20494e-06
-1.24172e-05
-2.62849e-06
-1.7887e-05
-1.65234e-05
6.33771e-08
1.92601e-06
9.59387e-08
3.92554e-06
1.16089e-07
4.83789e-06
1.78091e-07
5.27572e-06
3.30911e-07
5.59839e-06
6.14373e-07
5.96654e-06
1.05952e-06
6.41285e-06
1.66948e-06
6.8607e-06
2.36243e-06
7.09011e-06
2.96519e-06
6.77301e-06
3.29001e-06
5.6259e-06
3.25058e-06
3.68158e-06
2.87059e-06
1.28947e-06
2.20744e-06
-1.24466e-06
1.38818e-06
-3.58096e-06
3.75542e-07
-5.43623e-06
-9.00591e-07
-7.27362e-06
-2.13289e-06
-1.11849e-05
-2.07382e-06
-1.79461e-05
-1.85973e-05
6.53815e-08
1.86063e-06
1.38019e-07
3.8529e-06
2.36299e-07
4.73961e-06
4.0538e-07
5.10664e-06
6.86132e-07
5.31763e-06
1.1147e-06
5.53797e-06
1.71954e-06
5.80801e-06
2.50131e-06
6.07894e-06
3.38893e-06
6.20249e-06
4.21519e-06
5.94675e-06
4.76414e-06
5.07695e-06
4.89876e-06
3.54696e-06
4.60923e-06
1.57901e-06
3.89688e-06
-5.32313e-07
2.89802e-06
-2.58211e-06
1.68294e-06
-4.22116e-06
2.16237e-07
-5.80691e-06
-1.25182e-06
-9.71686e-06
-1.5957e-06
-1.76022e-05
-2.0193e-05
2.47356e-08
1.8359e-06
9.04912e-08
3.78714e-06
2.31864e-07
4.59824e-06
4.86702e-07
4.8518e-06
8.70449e-07
4.93389e-06
1.40062e-06
5.0078e-06
2.09315e-06
5.11548e-06
2.94651e-06
5.22558e-06
3.90591e-06
5.24308e-06
4.83539e-06
5.01727e-06
5.53151e-06
4.38083e-06
5.82018e-06
3.25828e-06
5.63829e-06
1.7609e-06
4.99595e-06
1.10032e-07
3.93706e-06
-1.52322e-06
2.61182e-06
-2.89591e-06
1.05973e-06
-4.25482e-06
-5.12102e-07
-8.14503e-06
-1.15997e-06
-1.69543e-05
-2.13529e-05
-6.49557e-08
1.90085e-06
-4.97099e-08
3.7719e-06
1.15481e-07
4.43305e-06
4.32871e-07
4.53441e-06
8.93837e-07
4.47292e-06
1.49188e-06
4.40975e-06
2.22691e-06
4.38045e-06
3.09045e-06
4.36204e-06
4.03962e-06
4.29391e-06
4.97328e-06
4.08361e-06
5.72576e-06
3.62835e-06
6.12299e-06
2.86105e-06
6.05553e-06
1.82836e-06
5.5117e-06
6.53865e-07
4.50521e-06
-5.16733e-07
3.19472e-06
-1.58542e-06
1.70311e-06
-2.76321e-06
9.88856e-08
-6.54081e-06
-6.27481e-07
-1.6228e-05
-2.19804e-05
-2.90321e-07
2.19117e-06
-4.76631e-07
3.95821e-06
-2.77341e-07
4.23376e-06
1.72442e-07
4.08463e-06
7.56369e-07
3.88899e-06
1.43949e-06
3.72663e-06
2.21468e-06
3.60527e-06
3.07404e-06
3.50268e-06
3.98275e-06
3.3852e-06
4.87025e-06
3.19611e-06
5.60933e-06
2.88927e-06
6.05916e-06
2.41122e-06
6.09312e-06
1.7944e-06
5.66718e-06
1.07981e-06
4.79228e-06
3.58171e-07
3.63495e-06
-4.28093e-07
2.41247e-06
-1.54072e-06
1.2331e-06
-5.36145e-06
1.9711e-07
-1.5192e-05
-2.17833e-05
-3.63272e-07
2.55445e-06
-6.30141e-07
4.22508e-06
-5.14025e-07
4.11764e-06
-1.10471e-07
3.68107e-06
4.79341e-07
3.29918e-06
1.1801e-06
3.02586e-06
1.96437e-06
2.82101e-06
2.82011e-06
2.64693e-06
3.70505e-06
2.50027e-06
4.57145e-06
2.32971e-06
5.31944e-06
2.14128e-06
5.85822e-06
1.87244e-06
6.07829e-06
1.57433e-06
5.94622e-06
1.21188e-06
5.44995e-06
8.54447e-07
4.75891e-06
2.62948e-07
4.09817e-06
-8.7999e-07
3.22095e-06
-4.48423e-06
1.54381e-06
-1.35148e-05
-2.02395e-05
-3.92464e-06
6.47909e-06
-3.65032e-06
3.95076e-06
-2.25946e-06
2.72678e-06
-8.47377e-07
2.26899e-06
4.70782e-07
1.98102e-06
1.75121e-06
1.74543e-06
3.00747e-06
1.56475e-06
4.24815e-06
1.40624e-06
5.45157e-06
1.29685e-06
6.60451e-06
1.17676e-06
7.65494e-06
1.09084e-06
8.5621e-06
9.65282e-07
9.25449e-06
8.81945e-07
9.72254e-06
7.43823e-07
9.96497e-06
6.12019e-07
9.96137e-06
2.66542e-07
9.76557e-06
-6.84183e-07
9.01241e-06
-3.73107e-06
5.19691e-06
-9.69932e-06
-1.50426e-05
6.47909e-06
1.04298e-05
1.31566e-05
1.54256e-05
1.74066e-05
1.91521e-05
2.07168e-05
2.21231e-05
2.34199e-05
2.45967e-05
2.56875e-05
2.66528e-05
2.75348e-05
2.82786e-05
2.88906e-05
2.91571e-05
2.8473e-05
2.47419e-05
1.50426e-05
)
;

boundaryField
{
    movingWall
    {
        type            calculated;
        value           uniform 0;
    }
    fixedWalls
    {
        type            calculated;
        value           uniform 0;
    }
    frontAndBack
    {
        type            empty;
        value           nonuniform List<scalar> 0();
    }
}


// ************************************************************************* //
