/*--------------------------------*- C++ -*----------------------------------*\
| =========                 |                                                 |
| \\      /  F ield         | OpenFOAM: The Open Source CFD Toolbox           |
|  \\    /   O peration     | Version:  2212                                  |
|   \\  /    A nd           | Website:  www.openfoam.com                      |
|    \\/     M anipulation  |                                                 |
\*---------------------------------------------------------------------------*/
FoamFile
{
    version     2.0;
    format      ascii;
    arch        "LSB;label=32;scalar=64";
    class       surfaceScalarField;
    location    "3.315";
    object      phi;
}
// * * * * * * * * * * * * * * * * * * * * * * * * * * * * * * * * * * * * * //

dimensions      [0 3 -1 0 0 0 0];

oriented        oriented;

internalField   nonuniform List<scalar> 
760
(
1.48921e-07
-1.48921e-07
2.78416e-07
-1.29495e-07
2.91461e-07
-1.30446e-08
1.66032e-07
1.25429e-07
-1.32654e-07
2.98686e-07
-6.66057e-07
5.33403e-07
-1.46537e-06
7.99315e-07
-2.44829e-06
9.82915e-07
-3.4202e-06
9.71916e-07
-4.15311e-06
7.32907e-07
-4.48016e-06
3.27051e-07
-4.30485e-06
-1.75306e-07
-3.5676e-06
-7.3725e-07
-2.37898e-06
-1.18863e-06
-9.64376e-07
-1.4146e-06
3.07222e-07
-1.2716e-06
1.04988e-06
-7.4266e-07
1.00751e-06
4.23759e-08
4.51646e-07
5.5586e-07
4.51646e-07
1.1327e-07
-2.62191e-07
5.40608e-08
-7.02854e-08
-3.14078e-07
3.55095e-07
-1.07913e-06
8.90486e-07
-2.28616e-06
1.50571e-06
-3.86015e-06
2.10739e-06
-5.5615e-06
2.50066e-06
-7.08499e-06
2.5064e-06
-8.20642e-06
2.09335e-06
-8.81371e-06
1.3402e-06
-8.85853e-06
3.71864e-07
-8.31652e-06
-7.17312e-07
-7.21853e-06
-1.83524e-06
-5.59598e-06
-2.81117e-06
-3.58994e-06
-3.42064e-06
-1.50031e-06
-3.36123e-06
1.5091e-07
-2.39388e-06
8.33972e-07
-6.40686e-07
5.15024e-07
8.74809e-07
9.6667e-07
-1.35085e-07
-1.27107e-07
-6.37969e-07
4.32599e-07
-1.60863e-06
1.32576e-06
-3.08858e-06
2.37044e-06
-4.96114e-06
3.37827e-06
-6.93978e-06
4.08604e-06
-8.71574e-06
4.27662e-06
-1.0107e-05
3.89768e-06
-1.10584e-05
3.04473e-06
-1.15608e-05
1.84263e-06
-1.15656e-05
3.76687e-07
-1.11199e-05
-1.16301e-06
-1.02066e-05
-2.74857e-06
-8.77154e-06
-4.24626e-06
-6.79387e-06
-5.39831e-06
-4.36137e-06
-5.79373e-06
-1.8678e-06
-4.88745e-06
-9.41832e-08
-2.4143e-06
2.90212e-07
4.90414e-07
1.25688e-06
-4.94127e-07
3.67021e-07
-1.53346e-06
1.47193e-06
-3.0565e-06
2.8488e-06
-4.97413e-06
4.28807e-06
-7.03847e-06
5.4426e-06
-8.94953e-06
5.9971e-06
-1.05044e-05
5.8315e-06
-1.16555e-05
5.04875e-06
-1.24285e-05
3.81773e-06
-1.28577e-05
2.27188e-06
-1.29303e-05
4.49279e-07
-1.27006e-05
-1.3927e-06
-1.21332e-05
-3.31603e-06
-1.11262e-05
-5.25322e-06
-9.54876e-06
-6.97576e-06
-7.27664e-06
-8.06585e-06
-4.34878e-06
-7.81531e-06
-1.36794e-06
-5.39514e-06
1.16971e-07
-9.94498e-07
1.37385e-06
-8.41822e-07
1.20884e-06
-2.30603e-06
2.93614e-06
-4.13376e-06
4.67653e-06
-6.14035e-06
6.29466e-06
-8.05359e-06
7.35584e-06
-9.65176e-06
7.59528e-06
-1.08533e-05
7.03299e-06
-1.16805e-05
5.87603e-06
-1.21942e-05
4.33144e-06
-1.24673e-05
2.54489e-06
-1.25889e-05
5.70917e-07
-1.25512e-05
-1.43036e-06
-1.23437e-05
-3.52358e-06
-1.18861e-05
-5.71078e-06
-1.09919e-05
-7.87e-06
-9.37396e-06
-9.68378e-06
-6.73749e-06
-1.04518e-05
-3.18437e-06
-8.94826e-06
-2.6179e-07
-3.91708e-06
1.11206e-06
-1.05629e-06
2.26513e-06
-2.71197e-06
4.59182e-06
-4.56416e-06
6.52871e-06
-6.38947e-06
8.11998e-06
-7.96728e-06
8.93365e-06
-9.1635e-06
8.79149e-06
-9.96829e-06
7.83779e-06
-1.04436e-05
6.3513e-06
-1.0679e-05
4.56684e-06
-1.07755e-05
2.64147e-06
-1.08554e-05
6.50797e-07
-1.09124e-05
-1.37338e-06
-1.09596e-05
-3.47639e-06
-1.09665e-05
-5.70386e-06
-1.0777e-05
-8.05952e-06
-1.00621e-05
-1.03987e-05
-8.33043e-06
-1.21834e-05
-5.17473e-06
-1.2104e-05
-1.14508e-06
-7.94672e-06
-3.30182e-08
-1.07662e-06
3.34176e-06
-2.68362e-06
6.19881e-06
-4.34635e-06
8.19144e-06
-5.85681e-06
9.63044e-06
-7.0557e-06
1.01325e-05
-7.87592e-06
9.61172e-06
-8.34965e-06
8.31151e-06
-8.56128e-06
6.56293e-06
-8.61463e-06
4.62018e-06
-8.6096e-06
2.63645e-06
-8.63301e-06
6.74206e-07
-8.70764e-06
-1.29874e-06
-8.85326e-06
-3.33077e-06
-9.08031e-06
-5.47681e-06
-9.32799e-06
-7.81184e-06
-9.35928e-06
-1.03674e-05
-8.65258e-06
-1.28901e-05
-6.45852e-06
-1.4298e-05
-2.38926e-06
-1.2016e-05
-2.42228e-06
-9.05495e-07
4.24725e-06
-2.28218e-06
7.57549e-06
-3.64176e-06
9.55103e-06
-4.80173e-06
1.07904e-05
-5.65983e-06
1.09906e-05
-6.19461e-06
1.01465e-05
-6.45874e-06
8.57564e-06
-6.54148e-06
6.64567e-06
-6.54049e-06
4.61919e-06
-6.53251e-06
2.62847e-06
-6.5579e-06
6.99591e-07
-6.63607e-06
-1.22057e-06
-6.78988e-06
-3.17696e-06
-7.05048e-06
-5.21621e-06
-7.43246e-06
-7.42986e-06
-7.83775e-06
-9.96212e-06
-7.84844e-06
-1.28794e-05
-6.64718e-06
-1.54993e-05
-3.53541e-06
-1.51278e-05
-5.95768e-06
-6.0328e-07
4.85053e-06
-1.63928e-06
8.6115e-06
-2.65199e-06
1.05637e-05
-3.47632e-06
1.16147e-05
-4.05496e-06
1.15693e-05
-4.3946e-06
1.04862e-05
-4.55117e-06
8.73221e-06
-4.60242e-06
6.69693e-06
-4.6225e-06
4.63927e-06
-4.65833e-06
2.66429e-06
-4.72243e-06
7.63696e-07
-4.82285e-06
-1.12015e-06
-4.97135e-06
-3.02846e-06
-5.19863e-06
-4.98893e-06
-5.56064e-06
-7.06785e-06
-6.06662e-06
-9.45614e-06
-6.48679e-06
-1.24593e-05
-6.07314e-06
-1.59129e-05
-3.8837e-06
-1.73172e-05
-9.84139e-06
-2.22669e-07
5.0732e-06
-8.66078e-07
9.25491e-06
-1.52383e-06
1.12215e-05
-2.04276e-06
1.21337e-05
-2.39339e-06
1.19199e-05
-2.59812e-06
1.06909e-05
-2.70408e-06
8.83817e-06
-2.76454e-06
6.75738e-06
-2.8256e-06
4.70033e-06
-2.91093e-06
2.74962e-06
-3.02385e-06
8.7662e-07
-3.16476e-06
-9.79239e-07
-3.33521e-06
-2.85801e-06
-3.54985e-06
-4.77429e-06
-3.86365e-06
-6.75405e-06
-4.35857e-06
-8.96122e-06
-4.97199e-06
-1.18458e-05
-5.08897e-06
-1.5796e-05
-3.53472e-06
-1.88714e-05
-1.33761e-05
1.60271e-07
4.91293e-06
-6.52528e-08
9.48043e-06
-3.90349e-07
1.15466e-05
-6.34855e-07
1.23782e-05
-7.83399e-07
1.20684e-05
-8.66361e-07
1.07738e-05
-9.23453e-07
8.89526e-06
-9.87259e-07
6.82119e-06
-1.0748e-06
4.78787e-06
-1.19364e-06
2.86846e-06
-1.34547e-06
1.02844e-06
-1.53235e-06
-7.9236e-07
-1.75402e-06
-2.63634e-06
-2.01035e-06
-4.51796e-06
-2.3331e-06
-6.4313e-06
-2.8199e-06
-8.47441e-06
-3.52873e-06
-1.1137e-05
-4.00842e-06
-1.53163e-05
-3.01456e-06
-1.98653e-05
-1.63907e-05
4.85321e-07
4.42761e-06
6.79248e-07
9.2865e-06
7.22738e-07
1.15031e-05
7.60676e-07
1.23402e-05
8.09596e-07
1.20195e-05
8.42694e-07
1.07407e-05
8.38632e-07
8.89933e-06
7.88593e-07
6.87123e-06
6.94884e-07
4.88158e-06
5.60554e-07
3.00279e-06
3.82187e-07
1.20681e-06
1.53757e-07
-5.6393e-07
-1.272e-07
-2.35538e-06
-4.6828e-07
-4.17688e-06
-8.76766e-07
-6.02282e-06
-1.40407e-06
-7.9471e-06
-2.19765e-06
-1.03434e-05
-2.95667e-06
-1.45572e-05
-2.46258e-06
-2.03594e-05
-1.88533e-05
7.29483e-07
3.69813e-06
1.31228e-06
8.70371e-06
1.69793e-06
1.11174e-05
2.02487e-06
1.20133e-05
2.29925e-06
1.17451e-05
2.48772e-06
1.05523e-05
2.57917e-06
8.80788e-06
2.58366e-06
6.86674e-06
2.51671e-06
4.94853e-06
2.3882e-06
3.13131e-06
2.19336e-06
1.40164e-06
1.91872e-06
-2.89289e-07
1.56264e-06
-1.9993e-06
1.12022e-06
-3.73446e-06
5.84937e-07
-5.48753e-06
-9.95342e-08
-7.26263e-06
-9.76867e-07
-9.46611e-06
-1.94245e-06
-1.35917e-05
-1.93623e-06
-2.03656e-05
-2.07895e-05
8.37163e-07
2.86096e-06
1.75019e-06
7.79068e-06
2.47616e-06
1.03915e-05
3.10836e-06
1.13811e-05
3.6523e-06
1.12012e-05
4.06165e-06
1.01429e-05
4.31715e-06
8.55238e-06
4.43157e-06
6.75231e-06
4.42936e-06
4.95074e-06
4.32815e-06
3.23252e-06
4.1281e-06
1.6017e-06
3.80557e-06
3.32416e-08
3.36852e-06
-1.56226e-06
2.79818e-06
-3.16411e-06
2.093e-06
-4.78235e-06
1.26705e-06
-6.43669e-06
2.24151e-07
-8.42321e-06
-9.96066e-07
-1.23714e-05
-1.44513e-06
-1.99165e-05
-2.22346e-05
7.73051e-07
2.08791e-06
1.88345e-06
6.68027e-06
2.90094e-06
9.37398e-06
3.85801e-06
1.0424e-05
4.72494e-06
1.03343e-05
5.43314e-06
9.43473e-06
5.94022e-06
8.0453e-06
6.24745e-06
6.44509e-06
6.37673e-06
4.82146e-06
6.34885e-06
3.2604e-06
6.16587e-06
1.78467e-06
5.82099e-06
3.78122e-07
5.29127e-06
-1.03254e-06
4.57805e-06
-2.45089e-06
3.67375e-06
-3.87805e-06
2.60605e-06
-5.36899e-06
1.32712e-06
-7.14428e-06
-1.8974e-07
-1.08546e-05
-9.3933e-07
-1.9167e-05
-2.31739e-05
5.51848e-07
1.53606e-06
1.69035e-06
5.54178e-06
2.99321e-06
8.07112e-06
4.31598e-06
9.10126e-06
5.56188e-06
9.08836e-06
6.6307e-06
8.36591e-06
7.45418e-06
7.22181e-06
8.0175e-06
5.88177e-06
8.33316e-06
4.5058e-06
8.41992e-06
3.17363e-06
8.28606e-06
1.91854e-06
7.93121e-06
7.32962e-07
7.3134e-06
-4.14724e-07
6.44914e-06
-1.58662e-06
5.3258e-06
-2.75471e-06
3.98524e-06
-4.02842e-06
2.48808e-06
-5.64712e-06
8.93849e-07
-9.26036e-06
-1.73999e-07
-1.80991e-05
-2.33479e-05
1.37062e-07
1.399e-06
9.83016e-07
4.69582e-06
2.41831e-06
6.63582e-06
4.1016e-06
7.41798e-06
5.79213e-06
7.39783e-06
7.30315e-06
6.85488e-06
8.5297e-06
5.99527e-06
9.44016e-06
4.9713e-06
1.00288e-05
3.91716e-06
1.03089e-05
2.89351e-06
1.0287e-05
1.94047e-06
9.97047e-06
1.04949e-06
9.32271e-06
2.33041e-07
8.35309e-06
-6.1701e-07
7.06171e-06
-1.46333e-06
5.49723e-06
-2.46394e-06
3.81493e-06
-3.96482e-06
2.18258e-06
-7.628e-06
6.30565e-07
-1.65471e-05
-2.27174e-05
-5.06811e-07
1.90581e-06
1.77537e-07
4.01148e-06
1.68209e-06
5.13127e-06
3.69265e-06
5.40742e-06
5.80155e-06
5.28893e-06
7.72641e-06
4.93002e-06
9.32891e-06
4.39277e-06
1.05667e-05
3.73346e-06
1.14208e-05
3.06314e-06
1.19089e-05
2.40543e-06
1.20361e-05
1.81323e-06
1.1824e-05
1.26156e-06
1.12911e-05
7.65943e-07
1.04188e-05
2.55299e-07
9.21136e-06
-2.55883e-07
7.73252e-06
-9.85105e-07
6.16863e-06
-2.40093e-06
4.40328e-06
-5.86266e-06
2.03334e-06
-1.41771e-05
-2.0684e-05
-4.16811e-06
6.07393e-06
-3.63847e-06
3.48183e-06
-1.27846e-06
2.77126e-06
1.47357e-06
2.65538e-06
4.16672e-06
2.59579e-06
6.65999e-06
2.43674e-06
8.84367e-06
2.20909e-06
1.06582e-05
1.91898e-06
1.20856e-05
1.6357e-06
1.31522e-05
1.33879e-06
1.38752e-05
1.09025e-06
1.42986e-05
8.38217e-07
1.44127e-05
6.5175e-07
1.42309e-05
4.37126e-07
1.37372e-05
2.37839e-07
1.29459e-05
-1.93814e-07
1.18532e-05
-1.30822e-06
1.00836e-05
-4.09303e-06
5.62603e-06
-9.7196e-06
-1.5058e-05
6.07393e-06
9.55576e-06
1.2327e-05
1.49824e-05
1.75782e-05
2.00149e-05
2.2224e-05
2.4143e-05
2.57787e-05
2.71175e-05
2.82077e-05
2.9046e-05
2.96977e-05
3.01348e-05
3.03727e-05
3.01789e-05
2.88706e-05
2.47776e-05
1.5058e-05
)
;

boundaryField
{
    movingWall
    {
        type            calculated;
        value           uniform 0;
    }
    fixedWalls
    {
        type            calculated;
        value           uniform 0;
    }
    frontAndBack
    {
        type            empty;
        value           nonuniform List<scalar> 0();
    }
}


// ************************************************************************* //
