/*--------------------------------*- C++ -*----------------------------------*\
| =========                 |                                                 |
| \\      /  F ield         | OpenFOAM: The Open Source CFD Toolbox           |
|  \\    /   O peration     | Version:  2212                                  |
|   \\  /    A nd           | Website:  www.openfoam.com                      |
|    \\/     M anipulation  |                                                 |
\*---------------------------------------------------------------------------*/
FoamFile
{
    version     2.0;
    format      ascii;
    arch        "LSB;label=32;scalar=64";
    class       volScalarField;
    location    "0.935";
    object      p;
}
// * * * * * * * * * * * * * * * * * * * * * * * * * * * * * * * * * * * * * //

dimensions      [0 2 -2 0 0 0 0];

internalField   nonuniform List<scalar> 
400
(
-6.86218e-10
-7.72842e-05
-0.000113809
-0.000129758
-0.000129303
-0.00010198
-2.32799e-05
0.000145409
0.00045323
0.000947259
0.00164942
0.00253157
0.00348166
0.00428041
0.00471796
0.00469326
0.0042527
0.00370728
0.00331401
0.00321492
9.4285e-05
1.4996e-05
-3.45076e-06
-3.89393e-06
4.34091e-06
3.06477e-05
9.45297e-05
0.000227006
0.000472643
0.000883272
0.00149467
0.00229744
0.00319863
0.00399173
0.00444091
0.00442857
0.00403648
0.00351094
0.00316541
0.00309775
8.35223e-05
-1.0672e-05
-2.62986e-05
-3.09515e-05
-4.25351e-05
-5.69525e-05
-6.14142e-05
-3.00402e-05
8.55066e-05
0.000358231
0.00085965
0.00161185
0.0025494
0.00344301
0.00402081
0.00410557
0.003749
0.00320986
0.0027854
0.00268161
-8.2755e-05
-0.000192054
-0.000216946
-0.000245271
-0.000304056
-0.000397972
-0.000525483
-0.000673194
-0.000799228
-0.00081129
-0.000579819
-1.54797e-05
0.000886385
0.00193304
0.00283963
0.003307
0.00323329
0.002788
0.00223563
0.00195504
-0.000463072
-0.000585619
-0.000632988
-0.000706528
-0.000842239
-0.0010581
-0.00137421
-0.00181413
-0.00238692
-0.00301958
-0.00348449
-0.00348461
-0.00293073
-0.00180822
-0.000342097
0.00104018
0.00191673
0.00208503
0.00166761
0.000836043
-0.00108619
-0.00122231
-0.00130763
-0.00145102
-0.00169936
-0.00209317
-0.00269552
-0.00361294
-0.00497865
-0.0067888
-0.00866225
-0.00988621
-0.0100098
-0.0089707
-0.00688383
-0.00414796
-0.00143031
0.000440525
0.000844723
-0.000728389
-0.0019471
-0.00209797
-0.00223744
-0.00247749
-0.00287977
-0.00352068
-0.00453511
-0.00616238
-0.00870412
-0.0121821
-0.0159434
-0.0187821
-0.0198447
-0.0189951
-0.0163764
-0.0123124
-0.00746435
-0.00307005
-0.00100777
-0.00251837
-0.00300903
-0.00317477
-0.00338182
-0.0037423
-0.00433585
-0.00528483
-0.00681173
-0.00929557
-0.0131651
-0.0183621
-0.0238931
-0.0281054
-0.029913
-0.0292145
-0.0263052
-0.0215239
-0.0152738
-0.00857599
-0.00399398
-0.00313473
-0.00420941
-0.00438663
-0.00466519
-0.00515449
-0.00594978
-0.00721525
-0.0092463
-0.012515
-0.0174822
-0.0239459
-0.0306351
-0.0356021
-0.0377166
-0.0370313
-0.0340232
-0.0291965
-0.0227595
-0.0150104
-0.00785993
-0.00361475
-0.0054699
-0.00564992
-0.0059869
-0.00658649
-0.00754988
-0.00906445
-0.0114591
-0.0152344
-0.0208117
-0.0278981
-0.0351243
-0.0404144
-0.0426469
-0.0419319
-0.0388773
-0.0342264
-0.0282725
-0.0208016
-0.0126362
-0.0059785
-0.0067106
-0.00688025
-0.00724212
-0.00790479
-0.00896006
-0.0105965
-0.0131269
-0.017039
-0.0226845
-0.0297802
-0.0370217
-0.0423633
-0.0446701
-0.0439723
-0.0408871
-0.0364058
-0.0311201
-0.0246539
-0.0171423
-0.00974254
-0.00786451
-0.00801064
-0.00834085
-0.00900006
-0.0100442
-0.011657
-0.0140678
-0.0177898
-0.0230416
-0.0296015
-0.0363232
-0.0414225
-0.043746
-0.0431501
-0.0401175
-0.0358504
-0.0313083
-0.0260406
-0.019816
-0.0126542
-0.00888251
-0.00897361
-0.00925542
-0.00981217
-0.0107308
-0.0121637
-0.0143379
-0.0175763
-0.0220817
-0.0276698
-0.0334537
-0.0379902
-0.0401765
-0.0397493
-0.0370752
-0.0331863
-0.0293383
-0.0251167
-0.0201716
-0.013403
-0.00975782
-0.00978613
-0.0099404
-0.010319
-0.0110298
-0.0122003
-0.0140007
-0.0166384
-0.0202463
-0.0246911
-0.0293424
-0.0331154
-0.0350567
-0.0348244
-0.0326255
-0.0292784
-0.0260111
-0.0224956
-0.01875
-0.0119408
-0.0105114
-0.0104668
-0.0104266
-0.0105545
-0.0109952
-0.0118607
-0.0132644
-0.0153269
-0.0181145
-0.0215214
-0.025113
-0.0281106
-0.029742
-0.0296628
-0.0278907
-0.0250935
-0.0223058
-0.0191655
-0.0168679
-0.00872124
-0.0112013
-0.0110539
-0.0106954
-0.0105029
-0.0106504
-0.011227
-0.0122965
-0.0139147
-0.016097
-0.0187427
-0.0215394
-0.0239222
-0.0252742
-0.0251948
-0.0238421
-0.0214864
-0.0190115
-0.0160169
-0.0151104
-0.00293065
-0.0118544
-0.0116244
-0.0108933
-0.0102905
-0.0101288
-0.0104519
-0.011273
-0.0125968
-0.0144033
-0.0165863
-0.0189015
-0.0209139
-0.0221416
-0.02219
-0.0210452
-0.0188878
-0.0163961
-0.0131763
-0.0110013
0.0105627
-0.0134913
-0.0123306
-0.0106465
-0.00963732
-0.00929353
-0.00948985
-0.0101955
-0.0113839
-0.0130256
-0.0150067
-0.017129
-0.0190153
-0.0202819
-0.0204936
-0.0195447
-0.0172802
-0.0139834
-0.00805548
0.0036433
0.0445114
-0.012318
-0.0137244
-0.01117
-0.00948197
-0.00878728
-0.00883122
-0.00944608
-0.0105541
-0.0121419
-0.0140671
-0.0161831
-0.0180962
-0.0195004
-0.019827
-0.0188339
-0.0155826
-0.00883689
0.00705058
0.0422136
0.112629
-0.02985
-0.0140183
-0.00808027
-0.00660096
-0.00642029
-0.0067264
-0.00751515
-0.00877703
-0.0105263
-0.0125853
-0.0148289
-0.0168829
-0.0184697
-0.0189202
-0.0174092
-0.0115688
0.00307767
0.0371047
0.104769
0.20886
)
;

boundaryField
{
    movingWall
    {
        type            zeroGradient;
    }
    fixedWalls
    {
        type            zeroGradient;
    }
    frontAndBack
    {
        type            empty;
    }
}


// ************************************************************************* //
