/*--------------------------------*- C++ -*----------------------------------*\
| =========                 |                                                 |
| \\      /  F ield         | OpenFOAM: The Open Source CFD Toolbox           |
|  \\    /   O peration     | Version:  2212                                  |
|   \\  /    A nd           | Website:  www.openfoam.com                      |
|    \\/     M anipulation  |                                                 |
\*---------------------------------------------------------------------------*/
FoamFile
{
    version     2.0;
    format      ascii;
    arch        "LSB;label=32;scalar=64";
    class       surfaceScalarField;
    location    "0.935";
    object      phi;
}
// * * * * * * * * * * * * * * * * * * * * * * * * * * * * * * * * * * * * * //

dimensions      [0 3 -1 0 0 0 0];

oriented        oriented;

internalField   nonuniform List<scalar> 
760
(
-3.08684e-08
3.08686e-08
-1.29355e-07
9.84868e-08
-2.56854e-07
1.27499e-07
-3.98513e-07
1.41658e-07
-5.57474e-07
1.58961e-07
-7.41856e-07
1.84381e-07
-9.57424e-07
2.15569e-07
-1.20114e-06
2.43719e-07
-1.4532e-06
2.52056e-07
-1.67105e-06
2.17854e-07
-1.79371e-06
1.22656e-07
-1.75651e-06
-3.72e-08
-1.50978e-06
-2.46731e-07
-1.0796e-06
-4.30182e-07
-5.51244e-07
-5.28352e-07
-6.51322e-08
-4.86112e-07
2.42778e-07
-3.0791e-07
2.91957e-07
-4.91792e-08
1.49277e-07
1.4268e-07
1.49278e-07
-1.36854e-07
1.67722e-07
-4.05143e-07
3.66776e-07
-7.30878e-07
4.53233e-07
-1.09149e-06
5.02268e-07
-1.48763e-06
5.55108e-07
-1.92328e-06
6.2003e-07
-2.39295e-06
6.85237e-07
-2.87215e-06
7.22914e-07
-3.31089e-06
6.90795e-07
-3.63535e-06
5.42312e-07
-3.76481e-06
2.52121e-07
-3.63102e-06
-1.70987e-07
-3.18733e-06
-6.90427e-07
-2.45679e-06
-1.16072e-06
-1.54508e-06
-1.44006e-06
-6.36269e-07
-1.39493e-06
3.06553e-08
-9.74834e-07
3.0445e-07
-3.22974e-07
2.00038e-07
2.47092e-07
3.49315e-07
-2.22326e-07
3.90048e-07
-6.19041e-07
7.6349e-07
-1.08763e-06
9.21825e-07
-1.60023e-06
1.01487e-06
-2.15413e-06
1.109e-06
-2.74694e-06
1.21285e-06
-3.36466e-06
1.30295e-06
-3.97681e-06
1.33507e-06
-4.53592e-06
1.2499e-06
-4.97764e-06
9.8404e-07
-5.2252e-06
4.9968e-07
-5.20244e-06
-1.93748e-07
-4.81395e-06
-1.07892e-06
-4.04053e-06
-1.93414e-06
-2.93958e-06
-2.54101e-06
-1.67372e-06
-2.66078e-06
-5.336e-07
-2.11496e-06
1.25655e-07
-9.82229e-07
1.91696e-07
1.81051e-07
5.41012e-07
-2.77096e-07
6.67144e-07
-7.57939e-07
1.24433e-06
-1.31886e-06
1.48275e-06
-1.92807e-06
1.62408e-06
-2.58229e-06
1.76321e-06
-3.28033e-06
1.91089e-06
-4.01531e-06
2.03794e-06
-4.77583e-06
2.09559e-06
-5.54411e-06
2.01817e-06
-6.27397e-06
1.7139e-06
-6.85309e-06
1.07881e-06
-7.15173e-06
1.04885e-07
-6.98839e-06
-1.24225e-06
-6.31221e-06
-2.61033e-06
-5.11956e-06
-3.73367e-06
-3.49877e-06
-4.28156e-06
-1.72635e-06
-3.88738e-06
-3.32376e-07
-2.37621e-06
1.5315e-07
-3.04475e-07
6.94162e-07
-3.02642e-07
9.69786e-07
-8.2629e-07
1.76798e-06
-1.43685e-06
2.09331e-06
-2.10146e-06
2.28869e-06
-2.82134e-06
2.48309e-06
-3.60742e-06
2.69697e-06
-4.47676e-06
2.90728e-06
-5.45224e-06
3.07106e-06
-6.54009e-06
3.10602e-06
-7.67091e-06
2.84472e-06
-8.65625e-06
2.06415e-06
-9.22112e-06
6.69756e-07
-9.29817e-06
-1.1652e-06
-8.81739e-06
-3.09111e-06
-7.72126e-06
-4.8298e-06
-5.97137e-06
-6.03146e-06
-3.6653e-06
-6.19344e-06
-1.2954e-06
-4.74611e-06
2.87268e-08
-1.6286e-06
7.22888e-07
-3.01301e-07
1.27109e-06
-8.309e-07
2.29758e-06
-1.45465e-06
2.71706e-06
-2.14119e-06
2.97523e-06
-2.89996e-06
3.24186e-06
-3.75998e-06
3.55699e-06
-4.76481e-06
3.91211e-06
-5.9562e-06
4.26245e-06
-7.31831e-06
4.46813e-06
-8.70485e-06
4.23127e-06
-9.86013e-06
3.21943e-06
-1.05545e-05
1.36414e-06
-1.07477e-05
-9.72042e-07
-1.05183e-05
-3.3205e-06
-9.76335e-06
-5.58473e-06
-8.31949e-06
-7.47532e-06
-5.99985e-06
-8.51308e-06
-2.94484e-06
-7.80111e-06
-3.6743e-07
-4.20601e-06
3.55459e-07
-2.75636e-07
1.54672e-06
-7.77583e-07
2.79953e-06
-1.38017e-06
3.31965e-06
-2.05368e-06
3.64875e-06
-2.81419e-06
4.00237e-06
-3.70344e-06
4.44624e-06
-4.7739e-06
4.98257e-06
-6.04819e-06
5.53674e-06
-7.44707e-06
5.86702e-06
-8.76102e-06
5.54521e-06
-9.76675e-06
4.22516e-06
-1.03855e-05
1.98291e-06
-1.06274e-05
-7.30167e-07
-1.06148e-05
-3.33308e-06
-1.03012e-05
-5.8983e-06
-9.49619e-06
-8.28037e-06
-7.83126e-06
-1.0178e-05
-4.94684e-06
-1.06855e-05
-1.29799e-06
-7.85486e-06
-9.42535e-07
-2.28773e-07
1.7755e-06
-6.71946e-07
3.2427e-06
-1.21822e-06
3.86592e-06
-1.83613e-06
4.26666e-06
-2.53944e-06
4.70569e-06
-3.36598e-06
5.27278e-06
-4.35179e-06
5.96838e-06
-5.48221e-06
6.66715e-06
-6.64212e-06
7.02693e-06
-7.64457e-06
6.54766e-06
-8.3572e-06
4.93779e-06
-8.79184e-06
2.41755e-06
-9.03113e-06
-4.90873e-07
-9.12312e-06
-3.2411e-06
-9.13658e-06
-5.88484e-06
-8.99036e-06
-8.42659e-06
-8.27871e-06
-1.08897e-05
-6.28889e-06
-1.26753e-05
-2.57182e-06
-1.15719e-05
-3.51436e-06
-1.65527e-07
1.94102e-06
-5.22909e-07
3.60008e-06
-9.78907e-07
4.32192e-06
-1.49547e-06
4.78322e-06
-2.07345e-06
5.28367e-06
-2.73261e-06
5.93194e-06
-3.48475e-06
6.72052e-06
-4.29816e-06
7.48057e-06
-5.07943e-06
7.80819e-06
-5.72079e-06
7.18902e-06
-6.17897e-06
5.39597e-06
-6.48086e-06
2.71945e-06
-6.70147e-06
-2.70263e-07
-6.8285e-06
-3.11407e-06
-6.98417e-06
-5.72917e-06
-7.22222e-06
-8.18854e-06
-7.26831e-06
-1.08436e-05
-6.32955e-06
-1.36141e-05
-3.58756e-06
-1.43139e-05
-7.10192e-06
-9.34985e-08
2.03452e-06
-3.46159e-07
3.85274e-06
-6.84946e-07
4.6607e-06
-1.06292e-06
5.16119e-06
-1.46202e-06
5.68277e-06
-1.87985e-06
6.34976e-06
-2.31049e-06
7.15116e-06
-2.73237e-06
7.90244e-06
-3.1144e-06
8.19023e-06
-3.44242e-06
7.51703e-06
-3.73518e-06
5.68873e-06
-4.01023e-06
2.9945e-06
-4.27252e-06
-7.98094e-09
-4.48961e-06
-2.89698e-06
-4.73908e-06
-5.4797e-06
-5.14109e-06
-7.78652e-06
-5.62687e-06
-1.03578e-05
-5.49449e-06
-1.37465e-05
-3.65876e-06
-1.61496e-05
-1.07607e-05
-2.284e-08
2.05736e-06
-1.63887e-07
3.99379e-06
-3.71757e-07
4.86857e-06
-5.92379e-07
5.38182e-06
-7.88155e-07
5.87855e-06
-9.36883e-07
6.49849e-06
-1.02107e-06
7.23535e-06
-1.04454e-06
7.92591e-06
-1.04859e-06
8.19428e-06
-1.10215e-06
7.5706e-06
-1.24313e-06
5.8297e-06
-1.48984e-06
3.24121e-06
-1.82531e-06
3.2749e-07
-2.18261e-06
-2.53967e-06
-2.56713e-06
-5.09518e-06
-3.11129e-06
-7.24236e-06
-3.89675e-06
-9.57235e-06
-4.34162e-06
-1.33016e-05
-3.1667e-06
-1.73246e-05
-1.39274e-05
3.66971e-08
2.02066e-06
2.66212e-09
4.02783e-06
-7.95911e-08
4.95083e-06
-1.431e-07
5.44532e-06
-1.38682e-07
5.87413e-06
-2.81175e-08
6.38792e-06
2.01262e-07
7.00597e-06
5.34302e-07
7.59287e-06
8.96128e-07
7.83245e-06
1.15858e-06
7.30815e-06
1.21245e-06
5.77583e-06
1.02922e-06
3.42444e-06
6.43527e-07
7.13184e-07
1.62195e-07
-2.05834e-06
-4.48522e-07
-4.48447e-06
-1.22501e-06
-6.46588e-06
-2.27094e-06
-8.52641e-06
-3.17608e-06
-1.23965e-05
-2.61124e-06
-1.78894e-05
-1.65386e-05
7.10328e-08
1.94963e-06
1.13177e-07
3.98568e-06
1.43516e-07
4.92049e-06
2.16469e-07
5.37237e-06
3.83839e-07
5.70676e-06
6.86695e-07
6.08507e-06
1.15776e-06
6.5349e-06
1.78707e-06
6.96356e-06
2.48203e-06
7.1375e-06
3.06209e-06
6.72808e-06
3.35098e-06
5.48694e-06
3.28051e-06
3.4949e-06
2.88295e-06
1.11075e-06
2.2146e-06
-1.39e-06
1.39239e-06
-3.66225e-06
3.80966e-07
-5.45445e-06
-8.91633e-07
-7.25381e-06
-2.12142e-06
-1.11667e-05
-2.06505e-06
-1.79458e-05
-1.86037e-05
7.35017e-08
1.87613e-06
1.58424e-07
3.90076e-06
2.69879e-07
4.80903e-06
4.52993e-07
5.18926e-06
7.5085e-07
5.4089e-06
1.20095e-06
5.63497e-06
1.83086e-06
5.905e-06
2.63306e-06
6.16136e-06
3.52501e-06
6.24555e-06
4.33022e-06
5.92287e-06
4.83984e-06
4.97733e-06
4.93528e-06
3.39946e-06
4.61745e-06
1.42858e-06
3.88937e-06
-6.61918e-07
2.88492e-06
-2.6578e-06
1.67216e-06
-4.24169e-06
2.10474e-07
-5.79212e-06
-1.25138e-06
-9.70484e-06
-1.59346e-06
-1.76037e-05
-2.01971e-05
3.24443e-08
1.84368e-06
1.10552e-07
3.82265e-06
2.67452e-07
4.65213e-06
5.3808e-07
4.91863e-06
9.39915e-07
5.00707e-06
1.49123e-06
5.08365e-06
2.207e-06
5.18923e-06
3.08024e-06
5.28812e-06
4.04692e-06
5.27887e-06
4.96184e-06
5.00795e-06
5.62283e-06
4.31634e-06
5.87089e-06
3.15139e-06
5.65815e-06
1.64133e-06
4.98096e-06
1.52772e-08
3.91435e-06
-1.5912e-06
2.59009e-06
-2.91743e-06
1.0457e-06
-4.24774e-06
-5.16847e-07
-8.14229e-06
-1.16098e-06
-1.69596e-05
-2.13581e-05
-5.79307e-08
1.90162e-06
-2.82583e-08
3.79298e-06
1.5009e-07
4.47378e-06
4.84415e-07
4.5843e-06
9.6344e-07
4.52804e-06
1.58126e-06
4.46583e-06
2.33681e-06
4.43369e-06
3.21816e-06
4.40677e-06
4.1759e-06
4.32113e-06
5.10145e-06
4.08241e-06
5.8266e-06
3.59118e-06
6.18521e-06
2.79278e-06
6.07859e-06
1.74795e-06
5.51127e-06
5.82599e-07
4.48662e-06
-5.66544e-07
3.17376e-06
-1.60457e-06
1.68995e-06
-2.76393e-06
9.40211e-08
-6.54636e-06
-6.29386e-07
-1.62362e-05
-2.19875e-05
-2.85587e-07
2.1872e-06
-4.61332e-07
3.96873e-06
-2.46504e-07
4.25895e-06
2.19516e-07
4.11828e-06
8.21538e-07
3.92602e-06
1.52391e-06
3.76345e-06
2.31782e-06
3.63978e-06
3.1929e-06
3.53168e-06
4.11004e-06
3.40399e-06
4.99357e-06
3.19888e-06
5.71298e-06
2.87177e-06
6.13097e-06
2.3748e-06
6.13047e-06
1.74844e-06
5.67655e-06
1.03653e-06
4.78391e-06
3.26094e-07
3.62268e-06
-4.43334e-07
2.40631e-06
-1.54757e-06
1.2316e-06
-5.37165e-06
1.97086e-07
-1.52016e-05
-2.17904e-05
-3.62731e-07
2.54993e-06
-6.19666e-07
4.22566e-06
-4.88408e-07
4.1277e-06
-6.67919e-08
3.69667e-06
5.42555e-07
3.31667e-06
1.26202e-06
3.04399e-06
2.06297e-06
2.83883e-06
2.9318e-06
2.66285e-06
3.82362e-06
2.51216e-06
4.68767e-06
2.33484e-06
5.42205e-06
2.13739e-06
5.93723e-06
1.85962e-06
6.12981e-06
1.55586e-06
5.97301e-06
1.19332e-06
5.4596e-06
8.39503e-07
4.76368e-06
2.52589e-07
4.10295e-06
-8.86829e-07
3.22523e-06
-4.49394e-06
1.54577e-06
-1.35222e-05
-2.02446e-05
-3.92561e-06
6.47554e-06
-3.6474e-06
3.94745e-06
-2.24707e-06
2.72737e-06
-8.2217e-07
2.27177e-06
5.09313e-07
1.98519e-06
1.80265e-06
1.75065e-06
3.0709e-06
1.57059e-06
4.32167e-06
1.41208e-06
5.53197e-06
1.30186e-06
6.6868e-06
1.18001e-06
7.73284e-06
1.09136e-06
8.62935e-06
9.63111e-07
9.30738e-06
8.7782e-07
9.76122e-06
7.39486e-07
9.99231e-06
6.08418e-07
9.98062e-06
2.64278e-07
9.78125e-06
-6.87466e-07
9.02193e-06
-3.73461e-06
5.20047e-06
-9.70074e-06
-1.50442e-05
6.47554e-06
1.0423e-05
1.31504e-05
1.54221e-05
1.74073e-05
1.9158e-05
2.07286e-05
2.21406e-05
2.34425e-05
2.46225e-05
2.57139e-05
2.6677e-05
2.75548e-05
2.82943e-05
2.89027e-05
2.9167e-05
2.84795e-05
2.47449e-05
1.50442e-05
)
;

boundaryField
{
    movingWall
    {
        type            calculated;
        value           uniform 0;
    }
    fixedWalls
    {
        type            calculated;
        value           uniform 0;
    }
    frontAndBack
    {
        type            empty;
        value           nonuniform List<scalar> 0();
    }
}


// ************************************************************************* //
