/*--------------------------------*- C++ -*----------------------------------*\
| =========                 |                                                 |
| \\      /  F ield         | OpenFOAM: The Open Source CFD Toolbox           |
|  \\    /   O peration     | Version:  2212                                  |
|   \\  /    A nd           | Website:  www.openfoam.com                      |
|    \\/     M anipulation  |                                                 |
\*---------------------------------------------------------------------------*/
FoamFile
{
    version     2.0;
    format      ascii;
    arch        "LSB;label=32;scalar=64";
    class       surfaceScalarField;
    location    "2.425";
    object      phi;
}
// * * * * * * * * * * * * * * * * * * * * * * * * * * * * * * * * * * * * * //

dimensions      [0 3 -1 0 0 0 0];

oriented        oriented;

internalField   nonuniform List<scalar> 
760
(
1.27354e-07
-1.27351e-07
2.32906e-07
-1.05551e-07
2.36019e-07
-3.1135e-09
1.14914e-07
1.21105e-07
-1.66145e-07
2.81059e-07
-6.6236e-07
4.96216e-07
-1.40342e-06
7.41056e-07
-2.32109e-06
9.17669e-07
-3.24049e-06
9.19407e-07
-3.94701e-06
7.06517e-07
-4.27471e-06
3.277e-07
-4.12825e-06
-1.4646e-07
-3.4415e-06
-6.86751e-07
-2.31801e-06
-1.12349e-06
-9.72507e-07
-1.3455e-06
2.42765e-07
-1.21527e-06
9.64354e-07
-7.21589e-07
9.43348e-07
2.10063e-08
4.26183e-07
5.17164e-07
4.26183e-07
7.90276e-08
-2.06379e-07
-4.85145e-09
-2.16717e-08
-3.57654e-07
3.49689e-07
-1.06843e-06
8.31878e-07
-2.18499e-06
1.39762e-06
-3.65204e-06
1.96327e-06
-5.26253e-06
2.35155e-06
-6.73256e-06
2.3877e-06
-7.83536e-06
2.02221e-06
-8.44862e-06
1.31978e-06
-8.51965e-06
3.98724e-07
-8.0182e-06
-6.47903e-07
-6.97461e-06
-1.73034e-06
-5.4195e-06
-2.67861e-06
-3.48993e-06
-3.27507e-06
-1.47634e-06
-3.22886e-06
1.14253e-07
-2.31218e-06
7.83176e-07
-6.47917e-07
4.89742e-07
8.10599e-07
9.15926e-07
-1.54118e-07
-5.22615e-08
-6.40376e-07
4.64587e-07
-1.54605e-06
1.25536e-06
-2.91777e-06
2.2036e-06
-4.67143e-06
3.15128e-06
-6.55994e-06
3.85178e-06
-8.28977e-06
4.08137e-06
-9.6684e-06
3.76633e-06
-1.06246e-05
2.97837e-06
-1.11413e-05
1.83652e-06
-1.1175e-05
4.32367e-07
-1.07569e-05
-1.06593e-06
-9.87941e-06
-2.60785e-06
-8.49169e-06
-4.06633e-06
-6.57403e-06
-5.19272e-06
-4.21803e-06
-5.58486e-06
-1.80601e-06
-4.72421e-06
-9.51702e-08
-2.35875e-06
2.82319e-07
4.3311e-07
1.19825e-06
-4.6942e-07
4.17158e-07
-1.44457e-06
1.43974e-06
-2.86164e-06
2.67244e-06
-4.66236e-06
4.00431e-06
-6.63785e-06
5.12677e-06
-8.50786e-06
5.72178e-06
-1.00611e-05
5.63463e-06
-1.12271e-05
4.93228e-06
-1.20201e-05
3.77144e-06
-1.24695e-05
2.28586e-06
-1.25632e-05
5.26128e-07
-1.23487e-05
-1.28049e-06
-1.17997e-05
-3.15684e-06
-1.08175e-05
-5.04856e-06
-9.27599e-06
-6.73418e-06
-7.05535e-06
-7.8055e-06
-4.20341e-06
-7.57615e-06
-1.32033e-06
-5.24183e-06
1.13913e-07
-1.00113e-06
1.31216e-06
-7.79624e-07
1.19678e-06
-2.14131e-06
2.80142e-06
-3.8553e-06
4.38643e-06
-5.77177e-06
5.92078e-06
-7.64337e-06
6.99838e-06
-9.24475e-06
7.32315e-06
-1.04729e-05
6.86282e-06
-1.13326e-05
5.79192e-06
-1.18757e-05
4.31455e-06
-1.21707e-05
2.58085e-06
-1.22996e-05
6.55081e-07
-1.22683e-05
-1.31178e-06
-1.20658e-05
-3.35938e-06
-1.16131e-05
-5.50126e-06
-1.07282e-05
-7.6191e-06
-9.13072e-06
-9.40297e-06
-6.54145e-06
-1.01654e-05
-3.07633e-06
-8.70696e-06
-2.52891e-07
-3.82456e-06
1.05927e-06
-9.70215e-07
2.167e-06
-2.5146e-06
4.3458e-06
-4.27024e-06
6.14206e-06
-6.04139e-06
7.69193e-06
-7.61337e-06
8.57036e-06
-8.83749e-06
8.54727e-06
-9.6815e-06
7.70683e-06
-1.01933e-05
6.30367e-06
-1.04551e-05
4.57642e-06
-1.05654e-05
2.69109e-06
-1.06442e-05
7.33964e-07
-1.07014e-05
-1.2546e-06
-1.07456e-05
-3.31525e-06
-1.07494e-05
-5.49743e-06
-1.0558e-05
-7.8105e-06
-9.84407e-06
-1.01169e-05
-8.12599e-06
-1.18835e-05
-5.01872e-06
-1.18142e-05
-1.10461e-06
-7.73867e-06
-4.5345e-08
-9.87728e-07
3.15473e-06
-2.49495e-06
5.85302e-06
-4.08792e-06
7.73503e-06
-5.56985e-06
9.17386e-06
-6.78067e-06
9.78118e-06
-7.63559e-06
9.40219e-06
-8.14692e-06
8.21816e-06
-8.38732e-06
6.54406e-06
-8.45543e-06
4.64453e-06
-8.4514e-06
2.68707e-06
-8.46608e-06
7.48643e-07
-8.53164e-06
-1.18905e-06
-8.67007e-06
-3.17681e-06
-8.89535e-06
-5.27215e-06
-9.14651e-06
-7.55934e-06
-9.18168e-06
-1.00817e-05
-8.47823e-06
-1.2587e-05
-6.30443e-06
-1.3988e-05
-2.31235e-06
-1.17307e-05
-2.35769e-06
-8.32331e-07
3.98706e-06
-2.12977e-06
7.15046e-06
-3.44129e-06
9.04656e-06
-4.58799e-06
1.03206e-05
-5.46205e-06
1.06552e-05
-6.02672e-06
9.96687e-06
-6.31938e-06
8.51081e-06
-6.42031e-06
6.64499e-06
-6.4238e-06
4.64802e-06
-6.40946e-06
2.67272e-06
-6.4227e-06
7.61887e-07
-6.486e-06
-1.12574e-06
-6.62699e-06
-3.03583e-06
-6.88303e-06
-5.01611e-06
-7.27206e-06
-7.17031e-06
-7.69224e-06
-9.66154e-06
-7.71511e-06
-1.25641e-05
-6.523e-06
-1.51801e-05
-3.43167e-06
-1.48221e-05
-5.78936e-06
-5.55127e-07
4.54218e-06
-1.53461e-06
8.12994e-06
-2.51519e-06
1.00271e-05
-3.33227e-06
1.11376e-05
-3.92289e-06
1.12459e-05
-4.28295e-06
1.03269e-05
-4.45827e-06
8.68614e-06
-4.52023e-06
6.70695e-06
-4.54171e-06
4.66951e-06
-4.5715e-06
2.70251e-06
-4.62452e-06
8.1491e-07
-4.70899e-06
-1.04127e-06
-4.84068e-06
-2.90413e-06
-5.05683e-06
-4.79997e-06
-5.42209e-06
-6.80505e-06
-5.94713e-06
-9.1365e-06
-6.38814e-06
-1.21231e-05
-5.98339e-06
-1.55849e-05
-3.81076e-06
-1.69947e-05
-9.60013e-06
-2.05322e-07
4.7475e-06
-8.13688e-07
8.73831e-06
-1.45037e-06
1.06638e-05
-1.96307e-06
1.16503e-05
-2.31814e-06
1.16009e-05
-2.53207e-06
1.05408e-05
-2.64728e-06
8.80135e-06
-2.71406e-06
6.77373e-06
-2.77658e-06
4.73204e-06
-2.85913e-06
2.78505e-06
-2.96466e-06
9.20444e-07
-3.0922e-06
-9.13741e-07
-3.24499e-06
-2.75133e-06
-3.44336e-06
-4.6016e-06
-3.75273e-06
-6.49568e-06
-4.26391e-06
-8.62532e-06
-4.90399e-06
-1.1483e-05
-5.03599e-06
-1.54529e-05
-3.49452e-06
-1.85362e-05
-1.30946e-05
1.46648e-07
4.60086e-06
-6.21351e-08
8.94709e-06
-3.73385e-07
1.09751e-05
-6.11227e-07
1.18882e-05
-7.57317e-07
1.1747e-05
-8.39685e-07
1.06232e-05
-8.97094e-07
8.85876e-06
-9.62427e-07
6.83906e-06
-1.0517e-06
4.82131e-06
-1.17075e-06
2.9041e-06
-1.31918e-06
1.06887e-06
-1.49734e-06
-7.35576e-07
-1.70515e-06
-2.54353e-06
-1.94478e-06
-4.36197e-06
-2.25709e-06
-6.18336e-06
-2.75263e-06
-8.12979e-06
-3.48695e-06
-1.07487e-05
-3.9833e-06
-1.49565e-05
-2.99572e-06
-1.95238e-05
-1.60904e-05
4.41547e-07
4.15931e-06
6.24638e-07
8.764e-06
6.7189e-07
1.09278e-05
7.19887e-07
1.18402e-05
7.82767e-07
1.16841e-05
8.29583e-07
1.05764e-05
8.34932e-07
8.85341e-06
7.89455e-07
6.88454e-06
6.95672e-07
4.9151e-06
5.60517e-07
3.03925e-06
3.83187e-07
1.2462e-06
1.59209e-07
-5.11599e-07
-1.12671e-07
-2.27165e-06
-4.43563e-07
-4.03108e-06
-8.42321e-07
-5.7846e-06
-1.37211e-06
-7.6e-06
-2.18631e-06
-9.93447e-06
-2.95979e-06
-1.4183e-05
-2.46436e-06
-2.00192e-05
-1.85547e-05
6.57808e-07
3.5015e-06
1.20414e-06
8.21766e-06
1.58067e-06
1.05513e-05
1.91653e-06
1.15043e-05
2.21383e-06
1.13869e-05
2.42851e-06
1.03617e-05
2.54015e-06
8.74176e-06
2.55576e-06
6.86893e-06
2.49276e-06
4.9781e-06
2.36387e-06
3.16813e-06
2.1681e-06
1.44198e-06
1.89242e-06
-2.3592e-07
1.53756e-06
-1.91679e-06
1.09997e-06
-3.59348e-06
5.71688e-07
-5.25632e-06
-1.10533e-07
-6.91777e-06
-1.00106e-06
-9.04395e-06
-1.97804e-06
-1.32061e-05
-1.95314e-06
-2.00441e-05
-2.05079e-05
7.48142e-07
2.75336e-06
1.59563e-06
7.37017e-06
2.29264e-06
9.85428e-06
2.92535e-06
1.08716e-05
3.49081e-06
1.08214e-05
3.93167e-06
9.92086e-06
4.21649e-06
8.45695e-06
4.35141e-06
6.73401e-06
4.36005e-06
4.96946e-06
4.26216e-06
3.26602e-06
4.06052e-06
1.64362e-06
3.7375e-06
8.70972e-08
3.29612e-06
-1.47541e-06
2.72519e-06
-3.02255e-06
2.02452e-06
-4.55566e-06
1.20558e-06
-6.09883e-06
1.61618e-07
-7.99999e-06
-1.05889e-06
-1.19856e-05
-1.47513e-06
-1.96279e-05
-2.1983e-05
6.8342e-07
2.06994e-06
1.69913e-06
6.35446e-06
2.66386e-06
8.88956e-06
3.60324e-06
9.93224e-06
4.48007e-06
9.94456e-06
5.21569e-06
9.18523e-06
5.75445e-06
7.9182e-06
6.08767e-06
6.40078e-06
6.23351e-06
4.82362e-06
6.21309e-06
3.28645e-06
6.03158e-06
1.82512e-06
5.68347e-06
4.35211e-07
5.1492e-06
-9.41143e-07
4.43434e-06
-2.30769e-06
3.53553e-06
-3.65685e-06
2.48445e-06
-5.04774e-06
1.22574e-06
-6.74128e-06
-2.55013e-07
-1.05048e-05
-9.87954e-07
-1.88949e-05
-2.2971e-05
4.79717e-07
1.59022e-06
1.50192e-06
5.33226e-06
2.71848e-06
7.673e-06
3.98736e-06
8.66336e-06
5.21496e-06
8.71696e-06
6.29323e-06
8.10696e-06
7.14052e-06
7.0709e-06
7.72933e-06
5.81198e-06
8.06515e-06
4.48781e-06
8.16462e-06
3.18697e-06
8.03669e-06
1.95305e-06
7.68397e-06
7.87934e-07
7.06643e-06
-3.23602e-07
6.20704e-06
-1.44831e-06
5.09821e-06
-2.54802e-06
3.79036e-06
-3.73989e-06
2.33294e-06
-5.28385e-06
7.66986e-07
-8.93885e-06
-2.35773e-07
-1.78922e-05
-2.32067e-05
9.32463e-08
1.49698e-06
8.19403e-07
4.6061e-06
2.14291e-06
6.34949e-06
3.73472e-06
7.07155e-06
5.36881e-06
7.08287e-06
6.85861e-06
6.61716e-06
8.08727e-06
5.84225e-06
9.01022e-06
4.88902e-06
9.6125e-06
3.88552e-06
9.90379e-06
2.89569e-06
9.88779e-06
1.96905e-06
9.57441e-06
1.10131e-06
8.94093e-06
3.09882e-07
7.9846e-06
-4.91977e-07
6.72602e-06
-1.28944e-06
5.21629e-06
-2.23016e-06
3.61089e-06
-3.67846e-06
2.05317e-06
-7.38113e-06
5.78912e-07
-1.64179e-05
-2.26278e-05
-4.82444e-07
1.97942e-06
9.62168e-08
4.02744e-06
1.44433e-06
5.00138e-06
3.30712e-06
5.20876e-06
5.30617e-06
5.08382e-06
7.16501e-06
4.75832e-06
8.73577e-06
4.27149e-06
9.96421e-06
3.66059e-06
1.08202e-05
3.02954e-06
1.13167e-05
2.39919e-06
1.14562e-05
1.82953e-06
1.12622e-05
1.29535e-06
1.07469e-05
8.251e-07
9.91105e-06
3.43919e-07
8.76911e-06
-1.47508e-07
7.37526e-06
-8.36306e-07
5.92322e-06
-2.22642e-06
4.2642e-06
-5.7221e-06
1.97438e-06
-1.41281e-05
-2.06534e-05
-4.14436e-06
6.12378e-06
-3.65439e-06
3.53747e-06
-1.40896e-06
2.75594e-06
1.20298e-06
2.59682e-06
3.76961e-06
2.51719e-06
6.16754e-06
2.36039e-06
8.29085e-06
2.14818e-06
1.00751e-05
1.87632e-06
1.14936e-05
1.61108e-06
1.25652e-05
1.3276e-06
1.33026e-05
1.09206e-06
1.37484e-05
8.49598e-07
1.38979e-05
6.75566e-07
1.37735e-05
4.68307e-07
1.33456e-05
2.80428e-07
1.26299e-05
-1.20646e-07
1.16492e-05
-1.24571e-06
9.98822e-06
-4.06109e-06
5.5862e-06
-9.72605e-06
-1.50672e-05
6.12378e-06
9.66126e-06
1.24172e-05
1.5014e-05
1.75312e-05
1.98916e-05
2.20398e-05
2.39161e-05
2.55272e-05
2.68548e-05
2.79468e-05
2.87964e-05
2.9472e-05
2.99403e-05
3.02207e-05
3.01001e-05
2.88544e-05
2.47933e-05
1.50672e-05
)
;

boundaryField
{
    movingWall
    {
        type            calculated;
        value           uniform 0;
    }
    fixedWalls
    {
        type            calculated;
        value           uniform 0;
    }
    frontAndBack
    {
        type            empty;
        value           nonuniform List<scalar> 0();
    }
}


// ************************************************************************* //
