/*--------------------------------*- C++ -*----------------------------------*\
| =========                 |                                                 |
| \\      /  F ield         | OpenFOAM: The Open Source CFD Toolbox           |
|  \\    /   O peration     | Version:  2212                                  |
|   \\  /    A nd           | Website:  www.openfoam.com                      |
|    \\/     M anipulation  |                                                 |
\*---------------------------------------------------------------------------*/
FoamFile
{
    version     2.0;
    format      ascii;
    arch        "LSB;label=32;scalar=64";
    class       volVectorField;
    location    "4.925";
    object      U;
}
// * * * * * * * * * * * * * * * * * * * * * * * * * * * * * * * * * * * * * //

dimensions      [0 1 -1 0 0 0 0];

internalField   nonuniform List<vector> 
400
(
(0.00167274 -0.00167572 0)
(0.00480903 -0.00188221 0)
(0.00654436 -0.00119501 0)
(0.00562285 -0.000571282 0)
(0.00152527 0.000187436 0)
(-0.0068546 0.00173865 0)
(-0.0205896 0.0047707 0)
(-0.0394583 0.00870143 0)
(-0.060664 0.011254 0)
(-0.0789573 0.0104904 0)
(-0.0896413 0.00677455 0)
(-0.0903348 0.00168624 0)
(-0.0801697 -0.00358651 0)
(-0.0600181 -0.00824128 0)
(-0.0336207 -0.010819 0)
(-0.00544315 -0.00978251 0)
(0.0165618 -0.00479278 0)
(0.0243457 0.0027475 0)
(0.0161241 0.00644457 0)
(0.00430762 0.00470334 0)
(0.0017034 -0.00503004 0)
(0.00311513 -0.00399461 0)
(-0.000479539 0.000604074 0)
(-0.0113744 0.00643555 0)
(-0.0314114 0.0140149 0)
(-0.0610333 0.0236961 0)
(-0.0966134 0.0329464 0)
(-0.131135 0.0369781 0)
(-0.1586 0.0334405 0)
(-0.175724 0.0233785 0)
(-0.181099 0.00914009 0)
(-0.17478 -0.00691544 0)
(-0.157339 -0.0230666 0)
(-0.129517 -0.0367963 0)
(-0.0935722 -0.0444634 0)
(-0.0522408 -0.0417816 0)
(-0.011506 -0.0263503 0)
(0.0167636 -0.00135535 0)
(0.0178007 0.0161423 0)
(0.00552973 0.0147737 0)
(-0.000256021 -0.00571408 0)
(-0.0054123 0.000859736 0)
(-0.0196212 0.014294 0)
(-0.044444 0.031155 0)
(-0.0801565 0.0492877 0)
(-0.121879 0.0641101 0)
(-0.161907 0.0703323 0)
(-0.194748 0.0658574 0)
(-0.218293 0.0520902 0)
(-0.231946 0.0315167 0)
(-0.235719 0.00648418 0)
(-0.230274 -0.020969 0)
(-0.215924 -0.048671 0)
(-0.192163 -0.0730003 0)
(-0.158725 -0.0888181 0)
(-0.115574 -0.089087 0)
(-0.0645147 -0.0669954 0)
(-0.0138786 -0.0227657 0)
(0.00943669 0.0177882 0)
(0.00415376 0.0235047 0)
(-0.00347187 0.000530708 0)
(-0.0174918 0.0172715 0)
(-0.0434256 0.0414116 0)
(-0.0794685 0.0679847 0)
(-0.122591 0.090864 0)
(-0.165345 0.103524 0)
(-0.201312 0.102611 0)
(-0.228558 0.0894502 0)
(-0.247346 0.0671983 0)
(-0.258278 0.0385605 0)
(-0.262192 0.00541394 0)
(-0.259894 -0.0309086 0)
(-0.25132 -0.0681594 0)
(-0.235423 -0.103397 0)
(-0.210211 -0.131146 0)
(-0.172984 -0.142607 0)
(-0.121182 -0.125607 0)
(-0.0567844 -0.0708706 0)
(-0.00102283 0.00342133 0)
(0.00474051 0.0281454 0)
(-0.00664511 0.0148292 0)
(-0.0286454 0.0440608 0)
(-0.0630907 0.0768817 0)
(-0.104111 0.10857 0)
(-0.146778 0.130787 0)
(-0.183958 0.137776 0)
(-0.212205 0.129139 0)
(-0.231914 0.108468 0)
(-0.244376 0.0796296 0)
(-0.251318 0.0454107 0)
(-0.254431 0.00734837 0)
(-0.25464 -0.0337477 0)
(-0.251721 -0.0767165 0)
(-0.245121 -0.120241 0)
(-0.232026 -0.160353 0)
(-0.207817 -0.188599 0)
(-0.166449 -0.189652 0)
(-0.103243 -0.142727 0)
(-0.0221813 -0.0389425 0)
(0.00735619 0.0269879 0)
(-0.00847753 0.0348449 0)
(-0.0350438 0.0764741 0)
(-0.0728173 0.114605 0)
(-0.112834 0.147219 0)
(-0.149962 0.1655 0)
(-0.178723 0.16546 0)
(-0.198163 0.149318 0)
(-0.209828 0.122155 0)
(-0.215705 0.0883192 0)
(-0.218279 0.0507977 0)
(-0.219523 0.0110578 0)
(-0.220444 -0.03048 0)
(-0.221242 -0.0742916 0)
(-0.222012 -0.120759 0)
(-0.220556 -0.168664 0)
(-0.211772 -0.212515 0)
(-0.187573 -0.238116 0)
(-0.139367 -0.218197 0)
(-0.0627026 -0.118817 0)
(0.00580363 0.0141187 0)
(-0.00825221 0.0568811 0)
(-0.0351846 0.109721 0)
(-0.071531 0.150018 0)
(-0.106629 0.180585 0)
(-0.136148 0.193246 0)
(-0.156465 0.185886 0)
(-0.168285 0.162793 0)
(-0.173724 0.130108 0)
(-0.175194 0.092598 0)
(-0.175204 0.0532839 0)
(-0.175271 0.0134051 0)
(-0.17608 -0.0269907 0)
(-0.17818 -0.0690524 0)
(-0.182107 -0.114067 0)
(-0.187203 -0.163153 0)
(-0.189822 -0.215157 0)
(-0.18206 -0.26109 0)
(-0.153919 -0.274706 0)
(-0.0991396 -0.205592 0)
(-0.00889719 -0.0146785 0)
(-0.00609897 0.0773753 0)
(-0.0296428 0.140149 0)
(-0.0611394 0.180636 0)
(-0.0894868 0.207636 0)
(-0.111398 0.214205 0)
(-0.124851 0.199918 0)
(-0.131443 0.170752 0)
(-0.133477 0.133681 0)
(-0.133414 0.0937065 0)
(-0.133208 0.0535461 0)
(-0.133553 0.0139239 0)
(-0.134639 -0.0255327 0)
(-0.136928 -0.0658542 0)
(-0.14111 -0.108277 0)
(-0.147789 -0.154792 0)
(-0.155634 -0.207761 0)
(-0.158642 -0.265213 0)
(-0.146432 -0.307564 0)
(-0.112005 -0.276758 0)
(-0.0308698 -0.0752189 0)
(-0.00270649 0.0933021 0)
(-0.0203006 0.165129 0)
(-0.0449198 0.204926 0)
(-0.0660153 0.227812 0)
(-0.0812039 0.22876 0)
(-0.0896193 0.208809 0)
(-0.0931558 0.17511 0)
(-0.0939516 0.135152 0)
(-0.0941088 0.0939467 0)
(-0.0948058 0.0537335 0)
(-0.0960965 0.0146069 0)
(-0.0978901 -0.024219 0)
(-0.100361 -0.063533 0)
(-0.104017 -0.104045 0)
(-0.110003 -0.147402 0)
(-0.119042 -0.197566 0)
(-0.127961 -0.258969 0)
(-0.126272 -0.322799 0)
(-0.107282 -0.334186 0)
(-0.0372583 -0.163044 0)
(0.00122231 0.102381 0)
(-0.00887603 0.182881 0)
(-0.0254945 0.222401 0)
(-0.0394217 0.241921 0)
(-0.0488424 0.238671 0)
(-0.0536562 0.214725 0)
(-0.0555477 0.178008 0)
(-0.0561676 0.136381 0)
(-0.0570379 0.0947717 0)
(-0.0587098 0.0548894 0)
(-0.0609588 0.016273 0)
(-0.0636394 -0.0221386 0)
(-0.0667471 -0.0610077 0)
(-0.070467 -0.100588 0)
(-0.0757377 -0.141609 0)
(-0.0841362 -0.187756 0)
(-0.0957518 -0.24738 0)
(-0.100485 -0.323588 0)
(-0.0950487 -0.371605 0)
(-0.0308778 -0.242068 0)
(0.00509533 0.103521 0)
(0.00296091 0.192424 0)
(-0.00534028 0.232842 0)
(-0.0124156 0.249902 0)
(-0.0167723 0.243799 0)
(-0.0186244 0.217604 0)
(-0.0192667 0.179574 0)
(-0.0197424 0.137564 0)
(-0.0209948 0.0962564 0)
(-0.0231993 0.0569787 0)
(-0.0260658 0.0189947 0)
(-0.0295296 -0.0188509 0)
(-0.0336082 -0.057264 0)
(-0.038251 -0.096345 0)
(-0.0440114 -0.136062 0)
(-0.0521404 -0.178874 0)
(-0.0655514 -0.234537 0)
(-0.0741476 -0.317284 0)
(-0.0811412 -0.396068 0)
(-0.0229228 -0.306559 0)
(0.00840414 0.097069 0)
(0.0141517 0.193397 0)
(0.0140407 0.236343 0)
(0.0136527 0.25266 0)
(0.0142791 0.245557 0)
(0.0154801 0.218865 0)
(0.0163473 0.180847 0)
(0.0164092 0.1392 0)
(0.0152714 0.0984109 0)
(0.0129865 0.0597444 0)
(0.00981806 0.0224981 0)
(0.00572753 -0.0144826 0)
(0.000570174 -0.0520277 0)
(-0.00551838 -0.0902808 0)
(-0.0129457 -0.128908 0)
(-0.021889 -0.168971 0)
(-0.037652 -0.219498 0)
(-0.0487649 -0.303609 0)
(-0.0679169 -0.407828 0)
(-0.0144658 -0.359435 0)
(0.0102494 0.0841657 0)
(0.0232769 0.18583 0)
(0.0309063 0.23248 0)
(0.036808 0.249214 0)
(0.0424418 0.242346 0)
(0.0473685 0.216579 0)
(0.050776 0.179855 0)
(0.0524175 0.139525 0)
(0.0522452 0.0999111 0)
(0.0504743 0.0623464 0)
(0.0473417 0.0263093 0)
(0.0427472 -0.00929506 0)
(0.0365181 -0.045392 0)
(0.0287645 -0.0821896 0)
(0.0187007 -0.119347 0)
(0.00744658 -0.157134 0)
(-0.0119131 -0.203184 0)
(-0.0243818 -0.285594 0)
(-0.0559169 -0.410365 0)
(-0.00616182 -0.401324 0)
(0.00979184 0.0670373 0)
(0.0288314 0.170103 0)
(0.044081 0.221446 0)
(0.0565597 0.240428 0)
(0.0677923 0.235463 0)
(0.077419 0.212117 0)
(0.0845772 0.177869 0)
(0.0889637 0.139611 0)
(0.0906575 0.101595 0)
(0.0899687 0.0653827 0)
(0.0872341 0.0308253 0)
(0.0821985 -0.00310664 0)
(0.0747345 -0.0370081 0)
(0.0651196 -0.0714842 0)
(0.0519939 -0.106357 0)
(0.0371829 -0.14154 0)
(0.012867 -0.183069 0)
(-0.000155751 -0.262393 0)
(-0.04492 -0.406126 0)
(0.00272448 -0.435786 0)
(0.00686631 0.0493407 0)
(0.029142 0.148515 0)
(0.05077 0.202954 0)
(0.0695508 0.223742 0)
(0.0869366 0.22084 0)
(0.102542 0.200697 0)
(0.115122 0.170155 0)
(0.123993 0.135355 0)
(0.129072 0.100295 0)
(0.130615 0.0666679 0)
(0.128898 0.0347116 0)
(0.123974 0.00359674 0)
(0.115379 -0.0270123 0)
(0.103733 -0.0579856 0)
(0.086793 -0.0893869 0)
(0.0677594 -0.121847 0)
(0.0378771 -0.159776 0)
(0.0235756 -0.236376 0)
(-0.0345942 -0.398455 0)
(0.0134126 -0.464064 0)
(0.00236249 0.0346855 0)
(0.0234477 0.123618 0)
(0.0506004 0.179407 0)
(0.0761956 0.202256 0)
(0.100736 0.201886 0)
(0.123499 0.185491 0)
(0.142834 0.159483 0)
(0.157527 0.129138 0)
(0.167164 0.09807 0)
(0.171967 0.0679749 0)
(0.171886 0.0394404 0)
(0.167645 0.0120484 0)
(0.157855 -0.0145635 0)
(0.144212 -0.0411426 0)
(0.123074 -0.0679967 0)
(0.0997131 -0.0966702 0)
(0.0640741 -0.131813 0)
(0.0466971 -0.206836 0)
(-0.0228867 -0.386739 0)
(0.0284441 -0.485324 0)
(-0.00341069 0.0287585 0)
(0.0099358 0.101395 0)
(0.036794 0.148313 0)
(0.0684987 0.168921 0)
(0.101241 0.170075 0)
(0.132813 0.157784 0)
(0.160667 0.137392 0)
(0.183076 0.113067 0)
(0.199005 0.087889 0)
(0.208827 0.0633866 0)
(0.211695 0.0403027 0)
(0.209411 0.0185026 0)
(0.199199 -0.00238691 0)
(0.184659 -0.022858 0)
(0.160013 -0.0433921 0)
(0.133596 -0.0670761 0)
(0.0923176 -0.101017 0)
(0.0695734 -0.179516 0)
(-0.00453764 -0.369839 0)
(0.0520768 -0.491528 0)
(-0.013916 0.0186581 0)
(-0.00750341 0.0882048 0)
(0.0190315 0.124011 0)
(0.0560769 0.136987 0)
(0.0970368 0.136499 0)
(0.13723 0.127296 0)
(0.173306 0.112661 0)
(0.202984 0.0949354 0)
(0.224748 0.0765433 0)
(0.239727 0.0584926 0)
(0.245712 0.0417413 0)
(0.246606 0.0261687 0)
(0.237336 0.0119388 0)
(0.225605 -0.00175302 0)
(0.20079 -0.015703 0)
(0.177035 -0.0346015 0)
(0.132948 -0.0673828 0)
(0.107532 -0.145761 0)
(0.0373339 -0.326091 0)
(0.0923114 -0.455861 0)
(-0.105951 0.0825172 0)
(-0.0776986 0.0690751 0)
(-0.0485846 0.0733062 0)
(0.00362008 0.0777316 0)
(0.0569581 0.0780093 0)
(0.109506 0.0737251 0)
(0.156503 0.0664008 0)
(0.1987 0.0570266 0)
(0.23069 0.0474009 0)
(0.258742 0.0378014 0)
(0.274435 0.0292033 0)
(0.289582 0.02128 0)
(0.29 0.0145868 0)
(0.294204 0.00824797 0)
(0.278081 0.0013237 0)
(0.271047 -0.00981664 0)
(0.23192 -0.0353977 0)
(0.217961 -0.095345 0)
(0.150176 -0.229723 0)
(0.170666 -0.341474 0)
(0.130006 0.10377 0)
(0.158399 0.0752991 0)
(0.212293 0.0533091 0)
(0.270797 0.0416873 0)
(0.323318 0.0359547 0)
(0.375664 0.0319696 0)
(0.420151 0.0289258 0)
(0.465357 0.025585 0)
(0.498361 0.0229092 0)
(0.533539 0.0197218 0)
(0.552942 0.0175678 0)
(0.57875 0.0146378 0)
(0.584921 0.013203 0)
(0.603325 0.0103911 0)
(0.594838 0.0094344 0)
(0.603446 0.00504514 0)
(0.567743 0.000125645 0)
(0.547671 -0.0182945 0)
(0.435799 -0.0504143 0)
(0.336805 -0.101396 0)
)
;

boundaryField
{
    movingWall
    {
        type            fixedValue;
        value           uniform (1 0 0);
    }
    fixedWalls
    {
        type            noSlip;
    }
    frontAndBack
    {
        type            empty;
    }
}


// ************************************************************************* //
