/*--------------------------------*- C++ -*----------------------------------*\
| =========                 |                                                 |
| \\      /  F ield         | OpenFOAM: The Open Source CFD Toolbox           |
|  \\    /   O peration     | Version:  2212                                  |
|   \\  /    A nd           | Website:  www.openfoam.com                      |
|    \\/     M anipulation  |                                                 |
\*---------------------------------------------------------------------------*/
FoamFile
{
    version     2.0;
    format      ascii;
    arch        "LSB;label=32;scalar=64";
    class       surfaceScalarField;
    location    "3.295";
    object      phi;
}
// * * * * * * * * * * * * * * * * * * * * * * * * * * * * * * * * * * * * * //

dimensions      [0 3 -1 0 0 0 0];

oriented        oriented;

internalField   nonuniform List<scalar> 
760
(
1.48691e-07
-1.48691e-07
2.77929e-07
-1.29238e-07
2.9086e-07
-1.29314e-08
1.65457e-07
1.25403e-07
-1.33061e-07
2.98517e-07
-6.66083e-07
5.33022e-07
-1.46479e-06
7.98704e-07
-2.44702e-06
9.82238e-07
-3.41842e-06
9.71395e-07
-4.1511e-06
7.32679e-07
-4.4782e-06
3.271e-07
-4.30322e-06
-1.74979e-07
-3.56649e-06
-7.36732e-07
-2.37849e-06
-1.18799e-06
-9.64537e-07
-1.41396e-06
3.06552e-07
-1.27109e-06
1.04905e-06
-7.42501e-07
1.00691e-06
4.21444e-08
4.51414e-07
5.55494e-07
4.51414e-07
1.1291e-07
-2.61601e-07
5.34357e-08
-6.97631e-08
-3.14585e-07
3.5509e-07
-1.07911e-06
8.8993e-07
-2.2852e-06
1.50461e-06
-3.85806e-06
2.10588e-06
-5.55843e-06
2.49908e-06
-7.08135e-06
2.50516e-06
-8.20261e-06
2.09265e-06
-8.81e-06
1.34007e-06
-8.85512e-06
3.72224e-07
-8.31356e-06
-7.16539e-07
-7.21614e-06
-1.83416e-06
-5.59426e-06
-2.80987e-06
-3.58897e-06
-3.41925e-06
-1.50006e-06
-3.36e-06
1.50577e-07
-2.39314e-06
8.33505e-07
-6.40783e-07
5.14793e-07
8.74207e-07
9.66207e-07
-1.35288e-07
-1.26313e-07
-6.38035e-07
4.32983e-07
-1.60805e-06
1.32511e-06
-3.08687e-06
2.36875e-06
-4.95812e-06
3.37586e-06
-6.93573e-06
4.08348e-06
-8.71112e-06
4.27447e-06
-1.01022e-05
3.89627e-06
-1.10537e-05
3.0441e-06
-1.15563e-05
1.8427e-06
-1.15615e-05
3.77436e-07
-1.11162e-05
-1.16189e-06
-1.02033e-05
-2.74707e-06
-8.76868e-06
-4.24445e-06
-6.79162e-06
-5.39631e-06
-4.35989e-06
-5.79173e-06
-1.86715e-06
-4.88588e-06
-9.41746e-08
-2.41375e-06
2.90136e-07
4.89897e-07
1.25634e-06
-4.93893e-07
3.6758e-07
-1.53257e-06
1.47166e-06
-3.05449e-06
2.84703e-06
-4.97081e-06
4.28507e-06
-7.03407e-06
5.43912e-06
-8.94456e-06
5.99397e-06
-1.04993e-05
5.82926e-06
-1.16506e-05
5.0475e-06
-1.24239e-05
3.81738e-06
-1.28534e-05
2.27226e-06
-1.29264e-05
4.50386e-07
-1.26969e-05
-1.39132e-06
-1.21297e-05
-3.31426e-06
-1.11231e-05
-5.25111e-06
-9.54601e-06
-6.97338e-06
-7.27439e-06
-8.06334e-06
-4.34728e-06
-7.813e-06
-1.36745e-06
-5.39359e-06
1.16926e-07
-9.94476e-07
1.37327e-06
-8.41181e-07
1.20876e-06
-2.3043e-06
2.93478e-06
-4.13076e-06
4.67348e-06
-6.13624e-06
6.29056e-06
-8.04886e-06
7.35173e-06
-9.64692e-06
7.59204e-06
-1.08487e-05
7.03098e-06
-1.16763e-05
5.87517e-06
-1.21904e-05
4.3315e-06
-1.24638e-05
2.54565e-06
-1.25857e-05
5.72236e-07
-1.25482e-05
-1.42876e-06
-1.23409e-05
-3.52164e-06
-1.18834e-05
-5.70854e-06
-1.09893e-05
-7.8675e-06
-9.37157e-06
-9.68108e-06
-6.73553e-06
-1.0449e-05
-3.18326e-06
-8.94586e-06
-2.61693e-07
-3.91604e-06
1.11158e-06
-1.05537e-06
2.26413e-06
-2.70982e-06
4.58924e-06
-4.56086e-06
6.52452e-06
-6.38541e-06
8.1151e-06
-7.96296e-06
8.92928e-06
-9.15935e-06
8.78843e-06
-9.96452e-06
7.83615e-06
-1.04402e-05
6.35085e-06
-1.0676e-05
4.56725e-06
-1.07728e-05
2.64249e-06
-1.08528e-05
6.52244e-07
-1.091e-05
-1.37159e-06
-1.09573e-05
-3.4743e-06
-1.09644e-05
-5.7015e-06
-1.07749e-05
-8.05696e-06
-1.006e-05
-1.0396e-05
-8.32846e-06
-1.21806e-05
-5.17317e-06
-1.21012e-05
-1.14465e-06
-7.94456e-06
-3.30734e-08
-1.07564e-06
3.33977e-06
-2.68149e-06
6.19509e-06
-4.34332e-06
8.18635e-06
-5.85327e-06
9.62506e-06
-7.05209e-06
1.01281e-05
-7.87253e-06
9.60887e-06
-8.34655e-06
8.31018e-06
-8.55842e-06
6.56272e-06
-8.6119e-06
4.62073e-06
-8.60693e-06
2.63752e-06
-8.63038e-06
6.7569e-07
-8.70514e-06
-1.29682e-06
-8.85095e-06
-3.32848e-06
-9.07824e-06
-5.47422e-06
-9.32615e-06
-7.80905e-06
-9.35759e-06
-1.03645e-05
-8.65095e-06
-1.28872e-05
-6.45704e-06
-1.42951e-05
-2.38846e-06
-1.20131e-05
-2.42153e-06
-9.04652e-07
4.24442e-06
-2.28039e-06
7.57082e-06
-3.6393e-06
9.54526e-06
-4.79891e-06
1.07847e-05
-5.65695e-06
1.09861e-05
-6.19183e-06
1.01437e-05
-6.45605e-06
8.5744e-06
-6.53878e-06
6.64546e-06
-6.5377e-06
4.61964e-06
-6.52962e-06
2.62944e-06
-6.55499e-06
7.01061e-07
-6.63326e-06
-1.21856e-06
-6.78729e-06
-3.17446e-06
-7.04821e-06
-5.2133e-06
-7.43058e-06
-7.42668e-06
-7.83623e-06
-9.95888e-06
-7.84716e-06
-1.28763e-05
-6.64601e-06
-1.54962e-05
-3.53437e-06
-1.51248e-05
-5.9559e-06
-6.02701e-07
4.84712e-06
-1.638e-06
8.60613e-06
-2.65021e-06
1.05575e-05
-3.47426e-06
1.16087e-05
-4.05276e-06
1.15646e-05
-4.39233e-06
1.04833e-05
-4.54878e-06
8.73084e-06
-4.59984e-06
6.69652e-06
-4.6197e-06
4.6395e-06
-4.65535e-06
2.6651e-06
-4.71942e-06
7.65124e-07
-4.81991e-06
-1.11806e-06
-4.96862e-06
-3.02576e-06
-5.19623e-06
-4.98569e-06
-5.55869e-06
-7.06421e-06
-6.06518e-06
-9.45239e-06
-6.48575e-06
-1.24557e-05
-6.07226e-06
-1.59097e-05
-3.88301e-06
-1.7314e-05
-9.83892e-06
-2.22442e-07
5.06956e-06
-8.65405e-07
9.24909e-06
-1.52281e-06
1.12149e-05
-2.0415e-06
1.21274e-05
-2.39192e-06
1.19151e-05
-2.59642e-06
1.06878e-05
-2.7021e-06
8.83653e-06
-2.76225e-06
6.75667e-06
-2.82302e-06
4.70028e-06
-2.90816e-06
2.75024e-06
-3.02103e-06
8.77987e-07
-3.16199e-06
-9.77093e-07
-3.33262e-06
-2.85513e-06
-3.54755e-06
-4.77076e-06
-3.86177e-06
-6.74999e-06
-4.35724e-06
-8.95693e-06
-4.97116e-06
-1.18418e-05
-5.08841e-06
-1.57924e-05
-3.53433e-06
-1.88681e-05
-1.33732e-05
1.6012e-07
4.90944e-06
-6.52202e-08
9.47443e-06
-3.90108e-07
1.15398e-05
-6.34414e-07
1.23717e-05
-7.82713e-07
1.20634e-05
-8.65357e-07
1.07705e-05
-9.22079e-07
8.89325e-06
-9.85528e-07
6.82012e-06
-1.07278e-06
4.78753e-06
-1.19143e-06
2.86888e-06
-1.34316e-06
1.02972e-06
-1.53006e-06
-7.90199e-07
-1.75186e-06
-2.63332e-06
-2.00842e-06
-4.5142e-06
-2.3315e-06
-6.42691e-06
-2.81878e-06
-8.46964e-06
-3.52812e-06
-1.11325e-05
-4.00811e-06
-1.53125e-05
-3.01436e-06
-1.98618e-05
-1.63876e-05
4.84801e-07
4.42464e-06
6.78567e-07
9.28066e-06
7.22055e-07
1.14963e-05
7.60119e-07
1.23336e-05
8.09309e-07
1.20142e-05
8.42778e-07
1.0737e-05
8.3911e-07
8.89692e-06
7.89426e-07
6.8698e-06
6.95995e-07
4.88096e-06
5.61862e-07
3.00302e-06
3.83614e-07
1.20797e-06
1.55207e-07
-5.61792e-07
-1.25779e-07
-2.35233e-06
-4.6701e-07
-4.17297e-06
-8.75717e-07
-6.0182e-06
-1.40337e-06
-7.94199e-06
-2.19739e-06
-1.03385e-05
-2.95666e-06
-1.45532e-05
-2.46259e-06
-2.03559e-05
-1.88502e-05
7.28624e-07
3.69601e-06
1.31091e-06
8.69838e-06
1.69632e-06
1.11109e-05
2.02324e-06
1.20067e-05
2.29782e-06
1.17396e-05
2.48665e-06
1.05482e-05
2.57847e-06
8.80509e-06
2.58327e-06
6.86499e-06
2.51657e-06
4.94767e-06
2.38824e-06
3.13135e-06
2.19357e-06
1.40264e-06
1.91903e-06
-2.87255e-07
1.56296e-06
-1.99626e-06
1.12051e-06
-3.73052e-06
5.85161e-07
-5.48285e-06
-9.94509e-08
-7.25738e-06
-9.77049e-07
-9.46086e-06
-1.9428e-06
-1.35874e-05
-1.9364e-06
-2.03623e-05
-2.07866e-05
8.36112e-07
2.8599e-06
1.74827e-06
7.78622e-06
2.4737e-06
1.03854e-05
3.10566e-06
1.13748e-05
3.64962e-06
1.11956e-05
4.05918e-06
1.01386e-05
4.31495e-06
8.54933e-06
4.42962e-06
6.75032e-06
4.42761e-06
4.94968e-06
4.32655e-06
3.23241e-06
4.1266e-06
1.60259e-06
3.80438e-06
3.49657e-08
3.36743e-06
-1.55932e-06
2.79723e-06
-3.16031e-06
2.09219e-06
-4.77781e-06
1.26636e-06
-6.43155e-06
2.23467e-07
-8.41797e-06
-9.96748e-07
-1.23672e-05
-1.44546e-06
-1.99136e-05
-2.22321e-05
7.72027e-07
2.08788e-06
1.88122e-06
6.67703e-06
2.89786e-06
9.36878e-06
3.8544e-06
1.04182e-05
4.72109e-06
1.03289e-05
5.42927e-06
9.43043e-06
5.93645e-06
8.04214e-06
6.2438e-06
6.44297e-06
6.37319e-06
4.82029e-06
6.34544e-06
3.26016e-06
6.16267e-06
1.78535e-06
5.81794e-06
3.79697e-07
5.28853e-06
-1.02991e-06
4.57565e-06
-2.44743e-06
3.67174e-06
-3.8739e-06
2.60447e-06
-5.36427e-06
1.32591e-06
-7.13941e-06
-1.90461e-07
-1.08508e-05
-9.39866e-07
-1.91642e-05
-2.31719e-05
5.51076e-07
1.5368e-06
1.68819e-06
5.53992e-06
2.98988e-06
8.0671e-06
4.31171e-06
9.0964e-06
5.55698e-06
9.08366e-06
6.62545e-06
8.36196e-06
7.44878e-06
7.21881e-06
8.01205e-06
5.8797e-06
8.32772e-06
4.50462e-06
8.41458e-06
3.1733e-06
8.28089e-06
1.91904e-06
7.92635e-06
7.34242e-07
7.30898e-06
-4.12545e-07
6.44527e-06
-1.58372e-06
5.32257e-06
-2.7512e-06
3.98275e-06
-4.02445e-06
2.48626e-06
-5.64292e-06
8.92444e-07
-9.25703e-06
-1.7467e-07
-1.80971e-05
-2.33466e-05
1.36622e-07
1.40018e-06
9.81286e-07
4.69525e-06
2.41522e-06
6.63316e-06
4.09725e-06
7.41438e-06
5.78676e-06
7.39414e-06
7.29708e-06
6.85164e-06
8.52317e-06
5.99272e-06
9.43336e-06
4.96951e-06
1.00219e-05
3.91612e-06
1.0302e-05
2.89317e-06
1.02802e-05
1.94083e-06
9.96396e-06
1.05049e-06
9.31686e-06
2.34554e-07
8.3479e-06
-6.1476e-07
7.0574e-06
-1.4607e-06
5.49392e-06
-2.46097e-06
3.81268e-06
-3.96168e-06
2.18121e-06
-7.62555e-06
6.30022e-07
-1.65459e-05
-2.27166e-05
-5.06481e-07
1.90666e-06
1.76867e-07
4.0119e-06
1.67984e-06
5.13019e-06
3.68872e-06
5.40549e-06
5.79614e-06
5.28672e-06
7.71987e-06
4.92791e-06
9.32156e-06
4.39103e-06
1.05589e-05
3.7322e-06
1.14126e-05
3.0624e-06
1.19006e-05
2.40515e-06
1.2028e-05
1.8134e-06
1.18164e-05
1.26211e-06
1.12841e-05
7.66916e-07
1.04126e-05
2.56674e-07
9.20632e-06
-2.54397e-07
7.72869e-06
-9.8335e-07
6.16612e-06
-2.39911e-06
4.4019e-06
-5.86133e-06
2.03276e-06
-1.41768e-05
-2.06838e-05
-4.16776e-06
6.07441e-06
-3.63831e-06
3.48245e-06
-1.27935e-06
2.77123e-06
1.47125e-06
2.65489e-06
4.16295e-06
2.59502e-06
6.65496e-06
2.43589e-06
8.83767e-06
2.20833e-06
1.06515e-05
1.91838e-06
1.20786e-05
1.63531e-06
1.31451e-05
1.3386e-06
1.38683e-05
1.09027e-06
1.4292e-05
8.38401e-07
1.44068e-05
6.52111e-07
1.42259e-05
4.37578e-07
1.37331e-05
2.38373e-07
1.29428e-05
-1.93037e-07
1.18513e-05
-1.30761e-06
1.00827e-05
-4.09277e-06
5.62568e-06
-9.7197e-06
-1.50581e-05
6.07441e-06
9.55687e-06
1.23281e-05
1.4983e-05
1.7578e-05
2.00139e-05
2.22222e-05
2.41406e-05
2.57759e-05
2.71145e-05
2.82048e-05
2.90432e-05
2.96953e-05
3.01329e-05
3.03712e-05
3.01782e-05
2.88706e-05
2.47778e-05
1.50581e-05
)
;

boundaryField
{
    movingWall
    {
        type            calculated;
        value           uniform 0;
    }
    fixedWalls
    {
        type            calculated;
        value           uniform 0;
    }
    frontAndBack
    {
        type            empty;
        value           nonuniform List<scalar> 0();
    }
}


// ************************************************************************* //
